0 1
0 4
0 6
0 7
0 9
0 13
0 16
0 17
0 19
0 21
0 22
0 24
0 25
0 26
0 30
0 35
0 36
0 37
0 40
0 44
0 45
0 49
0 50
0 51
0 52
0 54
0 56
0 64
0 68
0 71
0 73
0 74
0 75
0 79
0 82
0 86
0 87
0 89
0 90
0 94
0 96
0 97
0 101
0 103
0 104
0 106
0 108
0 110
0 111
0 113
0 114
0 115
0 116
0 119
0 129
0 131
0 134
0 135
0 137
0 138
0 140
0 141
0 145
0 147
0 149
0 158
1 2
1 6
1 9
1 12
1 13
1 19
1 21
1 25
1 30
1 31
1 36
1 37
1 38
1 39
1 40
1 43
1 45
1 49
1 50
1 52
1 53
1 54
1 55
1 56
1 58
1 59
1 62
1 63
1 64
1 65
1 67
1 68
1 72
1 73
1 74
1 79
1 80
1 83
1 85
1 88
1 91
1 93
1 96
1 97
1 101
1 102
1 103
1 105
1 106
1 107
1 108
1 112
1 114
1 115
1 125
1 126
1 131
1 133
1 134
1 137
1 138
1 139
1 140
1 142
1 143
1 145
1 146
1 147
1 150
1 151
1 153
1 157
1 158
2 7
2 9
2 11
2 14
2 18
2 22
2 23
2 24
2 25
2 26
2 30
2 31
2 35
2 36
2 39
2 41
2 43
2 44
2 46
2 49
2 50
2 51
2 52
2 53
2 54
2 55
2 56
2 57
2 59
2 61
2 64
2 65
2 67
2 68
2 70
2 74
2 76
2 77
2 89
2 101
2 103
2 108
2 116
2 123
2 125
2 129
2 131
2 134
2 142
2 145
2 146
2 147
2 150
2 151
2 152
2 153
2 154
2 156
2 157
2 159
2 161
3 4
3 7
3 11
3 14
3 19
3 22
3 24
3 25
3 26
3 35
3 36
3 40
3 45
3 46
3 49
3 52
3 53
3 54
3 55
3 58
3 61
3 62
3 63
3 64
3 67
3 68
3 69
3 70
3 72
3 73
3 88
3 97
3 101
3 103
3 104
3 105
3 108
3 109
3 125
3 126
3 131
3 133
3 137
3 138
3 141
3 142
3 147
3 149
3 152
3 154
3 156
3 159
4 5
4 6
4 7
4 11
4 14
4 16
4 17
4 19
4 21
4 26
4 27
4 31
4 32
4 33
4 34
4 35
4 37
4 38
4 39
4 40
4 41
4 44
4 45
4 49
4 50
4 51
4 54
4 55
4 56
4 58
4 59
4 60
4 62
4 63
4 64
4 65
4 68
4 69
4 70
4 71
4 72
4 74
4 75
4 76
4 77
4 79
4 80
4 83
4 84
4 85
4 86
4 88
4 89
4 91
4 93
4 94
4 97
4 98
4 99
4 100
4 101
4 102
4 103
4 105
4 106
4 107
4 108
4 109
4 111
4 112
4 113
4 114
4 115
4 116
4 117
4 118
4 125
4 126
4 127
4 129
4 131
4 134
4 137
4 140
4 141
4 142
4 143
4 145
4 147
4 148
4 149
4 150
4 151
4 152
4 153
4 154
4 157
4 159
4 161
5 14
5 30
5 36
5 38
5 40
5 45
5 46
5 52
5 56
5 58
5 64
5 70
5 74
5 78
5 84
5 86
5 87
5 89
5 94
5 95
5 101
5 107
5 125
5 133
5 138
5 140
5 142
5 154
5 157
5 161
6 7
6 9
6 10
6 11
6 12
6 13
6 14
6 15
6 17
6 18
6 19
6 20
6 21
6 22
6 24
6 25
6 26
6 28
6 30
6 31
6 32
6 33
6 35
6 36
6 37
6 39
6 40
6 42
6 44
6 45
6 47
6 49
6 50
6 51
6 52
6 53
6 55
6 56
6 57
6 58
6 59
6 61
6 62
6 63
6 64
6 65
6 66
6 68
6 69
6 70
6 71
6 72
6 74
6 76
6 78
6 79
6 80
6 83
6 84
6 86
6 87
6 88
6 89
6 91
6 92
6 94
6 95
6 97
6 99
6 101
6 102
6 104
6 105
6 106
6 107
6 108
6 109
6 111
6 112
6 113
6 114
6 116
6 117
6 118
6 119
6 125
6 126
6 127
6 128
6 129
6 130
6 131
6 133
6 134
6 135
6 136
6 137
6 138
6 139
6 142
6 143
6 144
6 147
6 148
6 149
6 151
6 152
6 153
6 154
6 155
6 157
6 158
6 159
6 160
6 161
7 8
7 9
7 10
7 11
7 12
7 13
7 14
7 15
7 16
7 17
7 18
7 19
7 20
7 21
7 22
7 24
7 25
7 26
7 28
7 29
7 30
7 32
7 34
7 37
7 38
7 39
7 40
7 42
7 43
7 44
7 45
7 47
7 48
7 49
7 50
7 51
7 54
7 55
7 56
7 57
7 58
7 60
7 62
7 63
7 64
7 65
7 66
7 67
7 69
7 70
7 71
7 72
7 73
7 74
7 76
7 79
7 80
7 81
7 84
7 85
7 86
7 87
7 88
7 89
7 91
7 92
7 94
7 97
7 98
7 99
7 101
7 102
7 104
7 105
7 106
7 108
7 109
7 110
7 112
7 113
7 114
7 115
7 116
7 117
7 119
7 120
7 121
7 123
7 126
7 127
7 128
7 129
7 130
7 131
7 134
7 135
7 136
7 137
7 139
7 141
7 142
7 143
7 144
7 145
7 147
7 148
7 149
7 150
7 152
7 153
7 154
7 155
7 156
7 157
7 158
7 159
7 160
7 161
8 10
8 13
8 14
8 25
8 26
8 28
8 30
8 31
8 32
8 38
8 39
8 42
8 49
8 54
8 56
8 59
8 61
8 64
8 67
8 70
8 79
8 84
8 85
8 89
8 93
8 95
8 97
8 99
8 102
8 106
8 108
8 112
8 114
8 118
8 120
8 125
8 129
8 133
8 134
8 137
8 138
8 139
8 140
8 142
8 145
8 147
8 154
8 157
8 159
9 11
9 13
9 14
9 17
9 19
9 21
9 28
9 31
9 32
9 33
9 36
9 37
9 43
9 44
9 45
9 48
9 49
9 50
9 51
9 54
9 55
9 56
9 57
9 58
9 62
9 64
9 66
9 67
9 68
9 69
9 70
9 72
9 74
9 75
9 81
9 83
9 85
9 87
9 88
9 93
9 94
9 97
9 98
9 100
9 101
9 102
9 103
9 105
9 106
9 107
9 108
9 111
9 112
9 114
9 115
9 117
9 119
9 129
9 134
9 137
9 138
9 142
9 143
9 146
9 147
9 151
9 152
9 153
9 154
9 157
9 158
9 159
9 160
9 161
10 14
10 16
10 20
10 23
10 25
10 28
10 36
10 37
10 38
10 40
10 42
10 45
10 49
10 50
10 51
10 54
10 56
10 58
10 59
10 60
10 63
10 64
10 66
10 67
10 69
10 70
10 71
10 72
10 73
10 77
10 80
10 82
10 83
10 86
10 87
10 88
10 89
10 91
10 93
10 94
10 95
10 99
10 100
10 101
10 104
10 105
10 106
10 108
10 110
10 112
10 115
10 116
10 118
10 119
10 120
10 125
10 129
10 131
10 133
10 134
10 138
10 140
10 142
10 146
10 151
10 152
10 159
11 12
11 14
11 19
11 21
11 23
11 26
11 27
11 28
11 30
11 31
11 32
11 36
11 38
11 40
11 41
11 45
11 46
11 48
11 49
11 51
11 53
11 54
11 55
11 59
11 62
11 63
11 64
11 67
11 70
11 71
11 74
11 75
11 77
11 80
11 84
11 85
11 87
11 88
11 89
11 90
11 92
11 94
11 95
11 96
11 97
11 99
11 100
11 101
11 103
11 105
11 106
11 108
11 109
11 111
11 112
11 113
11 114
11 115
11 116
11 117
11 118
11 120
11 124
11 125
11 127
11 129
11 131
11 133
11 135
11 137
11 138
11 139
11 140
11 142
11 145
11 149
11 150
11 151
11 152
11 154
11 157
11 158
11 160
11 161
12 21
12 30
12 31
12 33
12 36
12 43
12 45
12 46
12 49
12 51
12 52
12 54
12 58
12 59
12 63
12 65
12 66
12 67
12 69
12 70
12 72
12 73
12 74
12 76
12 77
12 79
12 83
12 86
12 88
12 89
12 90
12 94
12 96
12 100
12 101
12 102
12 105
12 106
12 107
12 108
12 109
12 112
12 113
12 115
12 118
12 126
12 128
12 129
12 130
12 131
12 133
12 135
12 137
12 139
12 142
12 151
12 152
12 154
12 155
12 158
12 159
12 160
13 18
13 19
13 21
13 26
13 30
13 31
13 35
13 36
13 38
13 43
13 44
13 47
13 48
13 49
13 50
13 53
13 54
13 58
13 65
13 69
13 70
13 71
13 72
13 73
13 74
13 75
13 76
13 77
13 83
13 84
13 87
13 88
13 89
13 90
13 94
13 95
13 97
13 99
13 100
13 102
13 106
13 107
13 108
13 112
13 113
13 115
13 117
13 120
13 129
13 130
13 131
13 133
13 137
13 138
13 139
13 144
13 145
13 146
13 147
13 148
13 151
13 153
13 154
13 158
14 15
14 17
14 18
14 19
14 20
14 21
14 22
14 23
14 25
14 26
14 27
14 28
14 30
14 31
14 32
14 35
14 36
14 37
14 38
14 39
14 40
14 41
14 44
14 45
14 46
14 48
14 49
14 50
14 51
14 53
14 54
14 55
14 56
14 58
14 61
14 62
14 63
14 64
14 65
14 66
14 67
14 68
14 69
14 71
14 72
14 73
14 74
14 75
14 76
14 77
14 79
14 80
14 82
14 83
14 84
14 85
14 86
14 87
14 88
14 89
14 94
14 95
14 97
14 99
14 101
14 102
14 103
14 104
14 106
14 107
14 108
14 109
14 110
14 111
14 112
14 113
14 114
14 115
14 117
14 122
14 125
14 126
14 127
14 129
14 130
14 131
14 132
14 133
14 134
14 135
14 136
14 137
14 138
14 139
14 141
14 142
14 143
14 145
14 146
14 147
14 149
14 150
14 152
14 153
14 154
14 155
14 156
14 157
14 158
14 159
14 160
14 161
15 16
15 21
15 22
15 26
15 29
15 31
15 32
15 34
15 40
15 44
15 45
15 50
15 51
15 52
15 54
15 58
15 61
15 67
15 68
15 71
15 78
15 84
15 85
15 86
15 89
15 91
15 98
15 102
15 109
15 115
15 117
15 118
15 121
15 133
15 142
15 147
15 148
15 151
15 155
15 158
15 160
16 19
16 21
16 25
16 26
16 36
16 37
16 39
16 40
16 41
16 44
16 50
16 56
16 58
16 61
16 64
16 66
16 67
16 68
16 70
16 72
16 79
16 80
16 88
16 95
16 99
16 100
16 102
16 105
16 108
16 111
16 112
16 114
16 126
16 129
16 131
16 133
16 136
16 137
16 140
16 141
16 145
16 147
16 148
16 152
16 153
16 154
17 20
17 24
17 26
17 28
17 42
17 43
17 49
17 50
17 53
17 54
17 55
17 58
17 64
17 72
17 74
17 85
17 89
17 92
17 95
17 100
17 105
17 106
17 109
17 112
17 113
17 115
17 117
17 118
17 122
17 135
17 137
17 142
17 144
17 147
17 152
17 156
17 158
17 161
18 19
18 21
18 26
18 29
18 30
18 32
18 35
18 37
18 40
18 44
18 53
18 56
18 64
18 65
18 66
18 67
18 68
18 69
18 70
18 71
18 72
18 82
18 88
18 89
18 94
18 97
18 99
18 101
18 105
18 107
18 108
18 110
18 111
18 113
18 117
18 118
18 123
18 124
18 125
18 128
18 129
18 131
18 133
18 134
18 137
18 141
18 143
18 146
18 147
18 148
18 150
18 151
18 152
18 158
18 160
18 161
19 21
19 22
19 24
19 25
19 26
19 31
19 32
19 33
19 34
19 35
19 36
19 37
19 38
19 42
19 44
19 45
19 46
19 49
19 51
19 55
19 56
19 58
19 61
19 62
19 64
19 65
19 66
19 67
19 68
19 70
19 71
19 73
19 74
19 75
19 77
19 79
19 82
19 84
19 86
19 87
19 88
19 89
19 92
19 93
19 94
19 97
19 98
19 99
19 101
19 102
19 104
19 105
19 106
19 108
19 109
19 112
19 114
19 116
19 117
19 118
19 119
19 120
19 122
19 124
19 125
19 128
19 129
19 130
19 131
19 133
19 134
19 135
19 137
19 138
19 139
19 140
19 141
19 142
19 143
19 146
19 147
19 149
19 150
19 151
19 152
19 153
19 154
19 157
19 158
19 159
19 160
19 161
20 21
20 22
20 24
20 26
20 31
20 32
20 39
20 44
20 49
20 51
20 52
20 54
20 56
20 57
20 58
20 63
20 64
20 68
20 70
20 73
20 74
20 89
20 91
20 92
20 97
20 98
20 102
20 105
20 108
20 113
20 114
20 118
20 128
20 130
20 133
20 134
20 137
20 138
20 139
20 147
20 151
20 152
20 154
20 159
20 161
21 22
21 23
21 25
21 26
21 28
21 32
21 35
21 37
21 39
21 40
21 41
21 42
21 43
21 44
21 45
21 46
21 48
21 51
21 52
21 53
21 54
21 56
21 57
21 58
21 59
21 60
21 61
21 62
21 65
21 66
21 67
21 68
21 69
21 70
21 71
21 72
21 73
21 74
21 75
21 76
21 79
21 80
21 81
21 89
21 92
21 93
21 94
21 97
21 98
21 99
21 100
21 101
21 103
21 104
21 106
21 107
21 108
21 113
21 114
21 115
21 117
21 118
21 121
21 122
21 124
21 126
21 130
21 132
21 134
21 135
21 137
21 139
21 140
21 142
21 144
21 145
21 146
21 147
21 148
21 150
21 151
21 152
21 153
21 154
21 155
21 157
21 158
21 159
21 160
22 27
22 29
22 30
22 31
22 32
22 35
22 37
22 38
22 40
22 44
22 49
22 51
22 54
22 56
22 57
22 59
22 63
22 67
22 68
22 70
22 74
22 75
22 76
22 77
22 81
22 84
22 85
22 89
22 91
22 92
22 101
22 103
22 104
22 105
22 106
22 109
22 113
22 115
22 131
22 134
22 135
22 145
22 146
22 147
22 152
22 154
22 155
22 158
22 160
22 161
23 25
23 26
23 30
23 32
23 35
23 38
23 40
23 46
23 48
23 49
23 54
23 56
23 58
23 59
23 61
23 63
23 67
23 69
23 77
23 79
23 84
23 87
23 91
23 93
23 94
23 95
23 100
23 101
23 104
23 106
23 108
23 111
23 114
23 115
23 116
23 117
23 118
23 120
23 128
23 129
23 137
23 138
23 147
23 148
23 152
23 154
23 161
24 25
24 26
24 30
24 31
24 32
24 35
24 38
24 40
24 42
24 44
24 46
24 48
24 50
24 54
24 56
24 57
24 65
24 66
24 67
24 68
24 71
24 72
24 74
24 76
24 79
24 82
24 83
24 84
24 85
24 87
24 89
24 91
24 92
24 94
24 96
24 97
24 101
24 102
24 104
24 105
24 106
24 109
24 112
24 113
24 115
24 116
24 117
24 118
24 119
24 123
24 139
24 140
24 142
24 145
24 146
24 147
24 149
24 150
24 151
24 152
24 153
24 157
24 158
24 159
24 161
25 26
25 30
25 31
25 32
25 35
25 36
25 37
25 38
25 40
25 44
25 45
25 46
25 47
25 49
25 51
25 52
25 54
25 55
25 56
25 58
25 59
25 60
25 61
25 63
25 64
25 65
25 66
25 67
25 68
25 72
25 73
25 74
25 75
25 87
25 88
25 94
25 95
25 96
25 100
25 101
25 103
25 105
25 106
25 107
25 108
25 110
25 111
25 112
25 113
25 114
25 117
25 118
25 128
25 129
25 130
25 131
25 133
25 135
25 137
25 139
25 147
25 149
25 151
25 152
25 153
25 157
25 158
26 28
26 30
26 31
26 32
26 34
26 35
26 36
26 38
26 39
26 40
26 42
26 44
26 45
26 46
26 48
26 49
26 51
26 52
26 53
26 54
26 55
26 56
26 57
26 58
26 59
26 60
26 62
26 63
26 65
26 66
26 67
26 68
26 69
26 70
26 71
26 72
26 73
26 74
26 75
26 76
26 77
26 78
26 79
26 81
26 82
26 83
26 89
26 91
26 92
26 94
26 99
26 101
26 102
26 103
26 106
26 107
26 108
26 109
26 110
26 111
26 113
26 114
26 115
26 116
26 117
26 118
26 119
26 120
26 124
26 125
26 126
26 127
26 130
26 131
26 132
26 133
26 135
26 136
26 137
26 138
26 139
26 140
26 142
26 147
26 150
26 151
26 153
26 154
26 155
26 156
26 157
26 158
26 159
26 160
26 161
27 46
27 51
27 52
27 56
27 60
27 64
27 70
27 72
27 73
27 74
27 85
27 87
27 88
27 91
27 92
27 94
27 97
27 98
27 101
27 103
27 106
27 113
27 127
27 129
27 133
27 134
27 139
27 142
27 143
27 151
27 152
27 161
28 30
28 31
28 32
28 33
28 34
28 35
28 38
28 39
28 40
28 43
28 44
28 45
28 46
28 49
28 55
28 61
28 64
28 65
28 66
28 68
28 70
28 72
28 73
28 75
28 77
28 80
28 81
28 87
28 89
28 93
28 97
28 106
28 108
28 109
28 112
28 116
28 118
28 123
28 125
28 131
28 133
28 136
28 138
28 145
28 146
28 147
28 150
28 152
28 154
28 157
28 158
28 159
29 30
29 31
29 32
29 39
29 45
29 49
29 51
29 54
29 58
29 62
29 65
29 67
29 68
29 69
29 71
29 72
29 73
29 77
29 84
29 89
29 95
29 101
29 104
29 105
29 106
29 107
29 112
29 113
29 117
29 118
29 129
29 131
29 133
29 136
29 138
29 140
29 141
29 142
29 143
29 157
29 160
30 31
30 32
30 34
30 35
30 38
30 39
30 40
30 42
30 45
30 46
30 47
30 50
30 52
30 54
30 55
30 56
30 62
30 64
30 65
30 68
30 69
30 70
30 71
30 72
30 73
30 74
30 75
30 77
30 78
30 79
30 82
30 83
30 84
30 87
30 89
30 90
30 91
30 93
30 94
30 97
30 98
30 101
30 102
30 103
30 104
30 105
30 106
30 108
30 111
30 112
30 113
30 114
30 115
30 116
30 117
30 118
30 119
30 125
30 128
30 129
30 131
30 132
30 136
30 137
30 141
30 142
30 143
30 145
30 146
30 147
30 148
30 150
30 151
30 152
30 153
30 154
30 155
30 156
30 157
30 158
30 159
30 161
31 32
31 33
31 34
31 36
31 38
31 42
31 43
31 44
31 46
31 49
31 50
31 51
31 52
31 53
31 54
31 57
31 58
31 59
31 62
31 63
31 64
31 65
31 69
31 70
31 72
31 74
31 75
31 76
31 77
31 79
31 80
31 81
31 82
31 84
31 86
31 87
31 88
31 89
31 92
31 93
31 94
31 96
31 97
31 100
31 101
31 103
31 104
31 106
31 107
31 108
31 110
31 111
31 112
31 114
31 115
31 116
31 117
31 118
31 119
31 121
31 122
31 124
31 125
31 127
31 128
31 129
31 131
31 133
31 135
31 137
31 138
31 142
31 143
31 144
31 145
31 146
31 147
31 148
31 150
31 151
31 153
31 154
31 157
31 158
31 159
31 160
31 161
32 34
32 36
32 37
32 39
32 40
32 41
32 42
32 43
32 45
32 46
32 49
32 50
32 51
32 52
32 55
32 56
32 61
32 62
32 63
32 64
32 65
32 66
32 67
32 69
32 70
32 71
32 72
32 74
32 75
32 76
32 77
32 79
32 80
32 86
32 87
32 89
32 94
32 95
32 97
32 98
32 99
32 101
32 102
32 105
32 106
32 108
32 111
32 113
32 115
32 116
32 117
32 118
32 119
32 122
32 126
32 127
32 128
32 129
32 130
32 134
32 135
32 136
32 137
32 138
32 139
32 140
32 141
32 142
32 144
32 146
32 147
32 150
32 151
32 153
32 154
32 157
32 160
32 161
33 40
33 45
33 49
33 64
33 67
33 79
33 91
33 92
33 93
33 94
33 100
33 105
33 106
33 109
33 112
33 113
33 114
33 115
33 118
33 119
33 134
33 138
33 143
33 146
33 147
33 151
33 152
33 157
33 158
34 35
34 37
34 39
34 40
34 42
34 45
34 46
34 49
34 50
34 51
34 54
34 55
34 56
34 57
34 58
34 61
34 63
34 64
34 65
34 66
34 67
34 68
34 69
34 73
34 79
34 80
34 81
34 87
34 89
34 92
34 93
34 94
34 96
34 97
34 99
34 102
34 104
34 105
34 106
34 108
34 109
34 111
34 114
34 117
34 118
34 128
34 129
34 131
34 133
34 134
34 137
34 138
34 139
34 140
34 141
34 142
34 143
34 146
34 147
34 149
34 150
34 151
34 152
34 153
34 154
34 155
34 157
35 36
35 38
35 39
35 40
35 41
35 42
35 43
35 44
35 45
35 46
35 49
35 50
35 51
35 52
35 53
35 54
35 55
35 57
35 58
35 59
35 60
35 61
35 62
35 63
35 64
35 65
35 66
35 67
35 68
35 69
35 70
35 71
35 72
35 73
35 75
35 76
35 77
35 79
35 80
35 81
35 82
35 84
35 85
35 86
35 87
35 89
35 90
35 92
35 97
35 98
35 101
35 103
35 105
35 106
35 107
35 108
35 111
35 113
35 115
35 116
35 117
35 118
35 120
35 122
35 128
35 129
35 130
35 131
35 133
35 134
35 135
35 137
35 138
35 139
35 142
35 145
35 147
35 150
35 151
35 152
35 153
35 154
35 155
35 157
35 158
35 159
36 38
36 39
36 40
36 42
36 43
36 45
36 49
36 50
36 54
36 61
36 65
36 67
36 68
36 69
36 70
36 71
36 72
36 73
36 74
36 75
36 80
36 82
36 83
36 85
36 86
36 87
36 89
36 90
36 94
36 97
36 99
36 103
36 105
36 106
36 108
36 111
36 112
36 114
36 115
36 117
36 120
36 125
36 126
36 128
36 131
36 134
36 139
36 141
36 142
36 145
36 146
36 147
36 149
36 150
36 151
36 155
36 156
36 157
36 160
36 161
37 39
37 43
37 45
37 49
37 50
37 53
37 54
37 55
37 56
37 57
37 58
37 59
37 61
37 63
37 64
37 65
37 66
37 67
37 71
37 72
37 73
37 74
37 77
37 79
37 84
37 86
37 87
37 88
37 89
37 91
37 93
37 95
37 97
37 98
37 100
37 101
37 105
37 108
37 109
37 114
37 117
37 118
37 125
37 128
37 129
37 130
37 131
37 133
37 134
37 135
37 137
37 138
37 140
37 141
37 142
37 143
37 145
37 147
37 148
37 151
37 152
37 154
37 157
37 158
37 161
38 39
38 43
38 44
38 45
38 46
38 48
38 49
38 50
38 51
38 53
38 55
38 56
38 58
38 59
38 61
38 62
38 63
38 64
38 66
38 68
38 69
38 70
38 72
38 74
38 75
38 77
38 79
38 80
38 82
38 83
38 84
38 87
38 88
38 89
38 90
38 92
38 94
38 95
38 96
38 97
38 98
38 99
38 101
38 102
38 103
38 104
38 106
38 107
38 108
38 109
38 110
38 113
38 114
38 115
38 117
38 118
38 119
38 124
38 125
38 126
38 129
38 130
38 131
38 132
38 133
38 135
38 136
38 137
38 138
38 139
38 142
38 144
38 145
38 146
38 147
38 148
38 149
38 150
38 151
38 152
38 154
38 157
38 158
38 159
38 161
39 40
39 42
39 44
39 45
39 46
39 54
39 55
39 56
39 61
39 64
39 65
39 66
39 67
39 68
39 71
39 72
39 73
39 74
39 75
39 82
39 83
39 85
39 94
39 100
39 101
39 102
39 106
39 112
39 114
39 116
39 117
39 118
39 129
39 131
39 133
39 135
39 137
39 139
39 142
39 144
39 150
39 155
39 158
39 160
39 161
40 41
40 43
40 44
40 45
40 48
40 49
40 50
40 51
40 52
40 53
40 54
40 55
40 56
40 57
40 58
40 59
40 60
40 61
40 64
40 65
40 66
40 67
40 68
40 69
40 71
40 72
40 74
40 75
40 77
40 80
40 82
40 83
40 84
40 85
40 86
40 87
40 88
40 89
40 90
40 91
40 92
40 93
40 94
40 96
40 97
40 98
40 99
40 101
40 102
40 103
40 105
40 106
40 108
40 109
40 110
40 111
40 112
40 113
40 114
40 115
40 117
40 118
40 119
40 122
40 125
40 126
40 129
40 130
40 131
40 132
40 133
40 134
40 135
40 137
40 138
40 139
40 141
40 142
40 145
40 146
40 147
40 148
40 150
40 151
40 152
40 153
40 154
40 155
40 157
40 158
40 160
40 161
41 46
41 49
41 54
41 61
41 64
41 67
41 71
41 73
41 75
41 77
41 79
41 89
41 94
41 97
41 101
41 105
41 106
41 108
41 111
41 112
41 113
41 117
41 118
41 124
41 129
41 130
41 133
41 134
41 135
41 137
41 138
41 142
41 147
41 148
41 150
41 154
41 157
42 44
42 49
42 51
42 58
42 61
42 64
42 65
42 66
42 67
42 70
42 72
42 73
42 79
42 80
42 81
42 83
42 84
42 89
42 94
42 95
42 96
42 99
42 101
42 102
42 103
42 105
42 106
42 109
42 110
42 114
42 115
42 117
42 119
42 125
42 129
42 131
42 133
42 137
42 138
42 141
42 142
42 145
42 146
42 150
42 152
42 153
42 154
42 155
42 160
43 44
43 48
43 49
43 50
43 51
43 55
43 56
43 57
43 58
43 59
43 60
43 61
43 64
43 65
43 68
43 70
43 74
43 75
43 77
43 80
43 82
43 83
43 84
43 85
43 86
43 98
43 99
43 100
43 101
43 103
43 104
43 105
43 106
43 108
43 111
43 113
43 114
43 116
43 117
43 118
43 125
43 126
43 127
43 128
43 129
43 130
43 134
43 136
43 139
43 141
43 142
43 143
43 146
43 147
43 149
43 153
43 154
43 158
43 161
44 45
44 46
44 49
44 51
44 53
44 55
44 56
44 58
44 59
44 60
44 64
44 67
44 69
44 70
44 71
44 72
44 73
44 74
44 76
44 79
44 86
44 88
44 89
44 92
44 93
44 94
44 97
44 100
44 101
44 103
44 105
44 106
44 108
44 109
44 112
44 113
44 114
44 115
44 117
44 118
44 119
44 125
44 126
44 128
44 130
44 132
44 138
44 140
44 141
44 142
44 145
44 146
44 147
44 148
44 152
44 153
44 154
44 156
44 157
44 158
45 47
45 48
45 49
45 50
45 51
45 53
45 54
45 55
45 57
45 58
45 59
45 61
45 62
45 64
45 65
45 66
45 67
45 68
45 69
45 70
45 71
45 72
45 73
45 77
45 79
45 80
45 81
45 84
45 85
45 86
45 87
45 89
45 91
45 92
45 94
45 95
45 96
45 98
45 100
45 101
45 106
45 108
45 109
45 110
45 112
45 113
45 114
45 115
45 117
45 118
45 124
45 126
45 127
45 128
45 129
45 131
45 134
45 136
45 137
45 138
45 139
45 141
45 142
45 143
45 144
45 146
45 147
45 148
45 149
45 150
45 152
45 153
45 154
45 156
45 157
45 158
45 159
45 160
45 161
46 51
46 52
46 53
46 54
46 56
46 61
46 62
46 64
46 67
46 69
46 70
46 71
46 72
46 73
46 74
46 76
46 77
46 79
46 87
46 89
46 92
46 94
46 101
46 102
46 106
46 108
46 110
46 111
46 112
46 116
46 118
46 121
46 123
46 126
46 131
46 132
46 136
46 137
46 138
46 139
46 142
46 146
46 147
46 150
46 151
46 154
46 157
46 158
46 159
46 161
47 49
47 51
47 55
47 64
47 73
47 82
47 85
47 102
47 105
47 106
47 115
47 129
47 131
47 136
47 137
47 138
47 142
47 153
47 160
48 49
48 51
48 53
48 54
48 56
48 63
48 65
48 68
48 70
48 71
48 74
48 77
48 79
48 89
48 99
48 105
48 106
48 108
48 111
48 113
48 117
48 122
48 126
48 127
48 129
48 130
48 131
48 138
48 139
48 142
48 146
48 147
48 150
48 154
48 156
48 157
48 158
48 159
48 161
49 50
49 52
49 53
49 54
49 55
49 56
49 58
49 59
49 60
49 64
49 66
49 67
49 69
49 70
49 71
49 72
49 73
49 74
49 75
49 76
49 77
49 78
49 79
49 80
49 84
49 85
49 87
49 88
49 89
49 90
49 91
49 93
49 95
49 96
49 97
49 98
49 101
49 102
49 103
49 107
49 108
49 109
49 110
49 111
49 112
49 113
49 114
49 115
49 116
49 117
49 118
49 119
49 120
49 124
49 125
49 126
49 127
49 128
49 129
49 130
49 131
49 132
49 133
49 134
49 135
49 137
49 138
49 139
49 140
49 141
49 142
49 145
49 146
49 147
49 150
49 151
49 152
49 153
49 154
49 155
49 157
49 158
49 159
49 161
50 51
50 53
50 54
50 55
50 56
50 58
50 64
50 65
50 67
50 68
50 70
50 71
50 72
50 74
50 77
50 82
50 87
50 89
50 97
50 98
50 99
50 101
50 107
50 109
50 111
50 112
50 114
50 115
50 116
50 118
50 129
50 130
50 131
50 133
50 134
50 137
50 138
50 142
50 147
50 151
50 153
50 154
50 157
50 159
51 52
51 53
51 54
51 55
51 56
51 57
51 58
51 62
51 63
51 66
51 67
51 68
51 69
51 71
51 72
51 73
51 74
51 75
51 76
51 77
51 78
51 79
51 81
51 82
51 83
51 84
51 85
51 86
51 87
51 88
51 89
51 93
51 94
51 96
51 97
51 98
51 99
51 100
51 101
51 102
51 105
51 106
51 108
51 109
51 110
51 113
51 115
51 116
51 117
51 118
51 122
51 123
51 124
51 125
51 127
51 129
51 130
51 131
51 133
51 134
51 135
51 136
51 137
51 138
51 139
51 141
51 142
51 143
51 144
51 145
51 146
51 147
51 151
51 152
51 153
51 154
51 155
51 157
51 158
51 159
51 160
51 161
52 53
52 57
52 59
52 60
52 62
52 64
52 65
52 67
52 68
52 69
52 70
52 71
52 73
52 74
52 77
52 79
52 80
52 86
52 92
52 94
52 96
52 97
52 98
52 100
52 101
52 104
52 105
52 108
52 109
52 111
52 112
52 115
52 118
52 119
52 127
52 128
52 129
52 133
52 134
52 135
52 142
52 146
52 147
52 151
52 153
52 154
52 159
52 161
53 54
53 56
53 63
53 64
53 65
53 68
53 71
53 72
53 73
53 74
53 76
53 79
53 81
53 83
53 84
53 85
53 87
53 89
53 93
53 94
53 97
53 100
53 101
53 105
53 113
53 114
53 115
53 117
53 118
53 120
53 123
53 124
53 126
53 129
53 130
53 134
53 136
53 137
53 138
53 140
53 142
53 145
53 146
53 147
53 151
53 153
53 154
53 155
53 157
53 159
54 56
54 58
54 59
54 60
54 63
54 64
54 65
54 66
54 67
54 68
54 69
54 70
54 72
54 73
54 74
54 75
54 77
54 78
54 80
54 82
54 83
54 84
54 85
54 87
54 92
54 93
54 94
54 95
54 96
54 97
54 98
54 99
54 101
54 102
54 103
54 104
54 105
54 106
54 111
54 112
54 115
54 116
54 117
54 118
54 119
54 123
54 129
54 130
54 131
54 132
54 133
54 134
54 138
54 139
54 141
54 142
54 143
54 144
54 145
54 146
54 150
54 151
54 152
54 153
54 154
54 155
54 157
54 158
54 159
54 160
54 161
55 57
55 58
55 63
55 65
55 67
55 68
55 69
55 70
55 71
55 72
55 74
55 75
55 77
55 84
55 89
55 94
55 96
55 99
55 101
55 102
55 104
55 106
55 107
55 108
55 109
55 111
55 113
55 114
55 117
55 118
55 120
55 124
55 125
55 127
55 128
55 129
55 131
55 133
55 134
55 135
55 136
55 137
55 138
55 139
55 141
55 144
55 146
55 147
55 148
55 149
55 150
55 151
55 153
55 154
55 155
55 157
55 158
55 160
55 161
56 58
56 61
56 62
56 63
56 64
56 67
56 68
56 69
56 70
56 71
56 72
56 73
56 74
56 76
56 77
56 79
56 80
56 83
56 84
56 86
56 88
56 91
56 93
56 97
56 98
56 99
56 101
56 102
56 103
56 105
56 106
56 107
56 109
56 111
56 113
56 114
56 115
56 116
56 117
56 118
56 119
56 121
56 125
56 129
56 130
56 131
56 133
56 134
56 135
56 136
56 137
56 138
56 139
56 141
56 142
56 143
56 145
56 146
56 147
56 150
56 151
56 152
56 154
56 155
56 157
56 158
56 159
56 160
56 161
57 61
57 63
57 64
57 65
57 68
57 70
57 71
57 72
57 73
57 74
57 76
57 77
57 78
57 80
57 89
57 94
57 96
57 97
57 102
57 106
57 108
57 117
57 125
57 127
57 131
57 134
57 137
57 138
57 139
57 140
57 145
57 146
57 149
57 152
57 153
57 154
58 60
58 61
58 62
58 63
58 64
58 66
58 69
58 70
58 71
58 72
58 73
58 77
58 79
58 80
58 81
58 83
58 84
58 85
58 89
58 90
58 91
58 92
58 93
58 94
58 95
58 96
58 98
58 99
58 100
58 101
58 102
58 103
58 105
58 106
58 108
58 110
58 112
58 113
58 114
58 115
58 116
58 117
58 118
58 119
58 123
58 124
58 127
58 128
58 131
58 133
58 135
58 138
58 139
58 146
58 147
58 149
58 150
58 151
58 153
58 155
58 157
58 158
58 161
59 64
59 65
59 70
59 71
59 73
59 74
59 75
59 77
59 80
59 82
59 86
59 87
59 88
59 89
59 92
59 97
59 100
59 101
59 103
59 105
59 108
59 109
59 111
59 113
59 114
59 115
59 117
59 118
59 127
59 129
59 130
59 131
59 132
59 133
59 135
59 137
59 139
59 142
59 147
59 148
59 151
59 154
59 157
59 158
59 159
59 160
60 65
60 67
60 70
60 75
60 86
60 95
60 97
60 100
60 101
60 105
60 106
60 111
60 117
60 118
60 125
60 127
60 133
60 134
60 138
60 145
60 147
60 152
60 155
61 64
61 66
61 68
61 71
61 73
61 77
61 79
61 80
61 82
61 87
61 88
61 89
61 91
61 92
61 94
61 99
61 101
61 102
61 103
61 105
61 106
61 107
61 108
61 109
61 110
61 114
61 115
61 117
61 118
61 119
61 123
61 128
61 129
61 131
61 133
61 137
61 138
61 141
61 142
61 148
61 150
61 151
61 153
61 154
61 160
61 161
62 63
62 64
62 65
62 67
62 68
62 70
62 72
62 74
62 75
62 82
62 83
62 84
62 85
62 87
62 93
62 94
62 98
62 99
62 100
62 102
62 103
62 105
62 106
62 107
62 108
62 109
62 110
62 111
62 113
62 114
62 116
62 117
62 118
62 123
62 129
62 134
62 137
62 138
62 140
62 151
62 152
62 156
62 158
62 161
63 65
63 66
63 73
63 74
63 77
63 78
63 79
63 80
63 82
63 83
63 85
63 86
63 88
63 89
63 91
63 93
63 94
63 95
63 96
63 97
63 98
63 99
63 101
63 102
63 105
63 106
63 107
63 108
63 110
63 111
63 112
63 113
63 114
63 115
63 116
63 117
63 119
63 128
63 131
63 133
63 134
63 135
63 136
63 137
63 138
63 139
63 140
63 142
63 146
63 147
63 150
63 151
63 152
63 154
63 156
63 158
63 160
64 65
64 66
64 68
64 69
64 70
64 71
64 72
64 73
64 74
64 75
64 76
64 77
64 79
64 80
64 82
64 83
64 87
64 90
64 91
64 92
64 93
64 94
64 96
64 98
64 99
64 101
64 102
64 104
64 106
64 109
64 111
64 112
64 113
64 114
64 117
64 118
64 121
64 123
64 125
64 126
64 127
64 128
64 129
64 130
64 131
64 135
64 137
64 138
64 139
64 140
64 142
64 143
64 144
64 145
64 146
64 147
64 149
64 150
64 151
64 152
64 153
64 154
64 157
64 158
64 159
64 160
64 161
65 66
65 67
65 68
65 69
65 70
65 71
65 72
65 73
65 74
65 75
65 76
65 77
65 78
65 79
65 80
65 81
65 84
65 87
65 88
65 89
65 90
65 91
65 94
65 97
65 99
65 100
65 101
65 102
65 104
65 106
65 107
65 108
65 110
65 111
65 112
65 113
65 115
65 116
65 117
65 118
65 119
65 120
65 125
65 126
65 128
65 129
65 131
65 133
65 134
65 135
65 136
65 137
65 138
65 139
65 140
65 141
65 145
65 146
65 147
65 149
65 150
65 151
65 152
65 154
65 158
65 159
65 160
65 161
66 67
66 70
66 71
66 72
66 73
66 74
66 76
66 77
66 79
66 80
66 84
66 85
66 87
66 89
66 90
66 91
66 93
66 95
66 96
66 97
66 99
66 100
66 101
66 103
66 104
66 105
66 109
66 114
66 115
66 117
66 118
66 120
66 124
66 127
66 129
66 131
66 132
66 133
66 136
66 137
66 138
66 139
66 141
66 142
66 146
66 147
66 148
66 149
66 150
66 151
66 152
66 154
66 155
66 157
66 159
67 68
67 69
67 70
67 71
67 73
67 74
67 75
67 76
67 77
67 79
67 80
67 81
67 82
67 84
67 86
67 88
67 89
67 90
67 91
67 93
67 94
67 96
67 97
67 98
67 99
67 101
67 102
67 106
67 107
67 108
67 109
67 110
67 112
67 113
67 114
67 115
67 116
67 117
67 118
67 119
67 124
67 125
67 127
67 128
67 129
67 130
67 132
67 133
67 134
67 135
67 136
67 137
67 138
67 139
67 141
67 142
67 143
67 146
67 147
67 148
67 149
67 151
67 152
67 154
67 157
67 158
67 161
68 69
68 70
68 71
68 72
68 73
68 74
68 75
68 76
68 77
68 79
68 80
68 81
68 82
68 83
68 84
68 86
68 87
68 88
68 89
68 90
68 91
68 92
68 93
68 94
68 95
68 97
68 99
68 100
68 101
68 102
68 103
68 106
68 108
68 109
68 112
68 113
68 114
68 115
68 116
68 117
68 121
68 122
68 126
68 128
68 129
68 130
68 131
68 132
68 133
68 134
68 136
68 138
68 139
68 142
68 144
68 145
68 147
68 148
68 151
68 152
68 153
68 154
68 155
68 156
68 157
68 158
68 159
68 160
68 161
69 70
69 71
69 72
69 73
69 74
69 75
69 77
69 79
69 80
69 83
69 86
69 87
69 88
69 89
69 91
69 92
69 94
69 97
69 99
69 100
69 101
69 102
69 103
69 104
69 106
69 109
69 112
69 113
69 115
69 116
69 117
69 120
69 121
69 122
69 125
69 127
69 129
69 133
69 135
69 136
69 137
69 138
69 139
69 140
69 142
69 145
69 146
69 150
69 151
69 152
69 153
69 154
69 156
69 157
69 158
69 161
70 71
70 72
70 73
70 74
70 76
70 79
70 81
70 82
70 83
70 84
70 85
70 89
70 90
70 91
70 92
70 93
70 94
70 97
70 99
70 100
70 101
70 102
70 103
70 106
70 107
70 108
70 109
70 110
70 111
70 114
70 115
70 116
70 118
70 120
70 124
70 125
70 126
70 127
70 128
70 129
70 131
70 132
70 134
70 135
70 136
70 137
70 138
70 141
70 142
70 147
70 148
70 150
70 151
70 152
70 154
70 157
70 158
70 161
71 72
71 73
71 74
71 75
71 76
71 77
71 79
71 80
71 81
71 82
71 83
71 84
71 88
71 89
71 90
71 91
71 93
71 94
71 97
71 98
71 99
71 101
71 102
71 103
71 106
71 108
71 110
71 111
71 113
71 114
71 116
71 117
71 118
71 119
71 120
71 122
71 125
71 127
71 128
71 129
71 131
71 132
71 135
71 137
71 138
71 139
71 140
71 142
71 145
71 146
71 147
71 148
71 150
71 151
71 152
71 153
71 154
71 155
71 157
71 158
71 160
72 73
72 74
72 75
72 77
72 79
72 80
72 82
72 83
72 84
72 86
72 87
72 88
72 89
72 91
72 93
72 95
72 97
72 99
72 100
72 101
72 102
72 104
72 105
72 106
72 107
72 108
72 109
72 112
72 113
72 114
72 115
72 117
72 118
72 119
72 120
72 121
72 122
72 123
72 125
72 126
72 128
72 129
72 130
72 133
72 135
72 136
72 137
72 138
72 139
72 140
72 142
72 147
72 149
72 150
72 151
72 152
72 153
72 154
72 155
72 157
72 158
72 159
72 161
73 74
73 75
73 77
73 78
73 79
73 80
73 83
73 84
73 87
73 88
73 90
73 91
73 92
73 93
73 94
73 95
73 98
73 101
73 102
73 105
73 106
73 109
73 111
73 112
73 113
73 114
73 115
73 116
73 118
73 121
73 122
73 126
73 129
73 130
73 131
73 133
73 134
73 137
73 139
73 140
73 141
73 146
73 147
73 150
73 152
73 154
73 157
73 158
73 159
73 160
73 161
74 76
74 78
74 79
74 80
74 83
74 84
74 87
74 88
74 89
74 91
74 92
74 93
74 96
74 97
74 98
74 99
74 100
74 101
74 102
74 103
74 105
74 106
74 107
74 108
74 110
74 111
74 112
74 113
74 114
74 115
74 118
74 123
74 124
74 126
74 129
74 131
74 132
74 133
74 134
74 136
74 137
74 138
74 139
74 140
74 142
74 146
74 147
74 148
74 149
74 150
74 151
74 152
74 153
74 154
74 155
74 156
74 157
74 158
74 160
74 161
75 76
75 79
75 80
75 81
75 83
75 84
75 86
75 88
75 91
75 92
75 94
75 97
75 98
75 100
75 101
75 102
75 103
75 105
75 106
75 107
75 109
75 114
75 115
75 117
75 123
75 125
75 126
75 127
75 132
75 133
75 135
75 136
75 137
75 138
75 141
75 142
75 143
75 146
75 147
75 149
75 151
75 152
75 153
75 154
75 157
75 158
75 159
75 161
76 79
76 80
76 81
76 84
76 85
76 88
76 93
76 94
76 97
76 103
76 104
76 106
76 108
76 110
76 113
76 115
76 117
76 118
76 125
76 129
76 130
76 133
76 134
76 137
76 138
76 142
76 150
76 153
76 157
76 160
77 79
77 80
77 83
77 84
77 85
77 93
77 97
77 100
77 101
77 102
77 106
77 107
77 108
77 109
77 110
77 111
77 113
77 114
77 115
77 122
77 131
77 133
77 135
77 137
77 138
77 140
77 141
77 142
77 143
77 147
77 149
77 150
77 152
77 153
77 154
77 155
77 157
78 89
78 94
78 100
78 105
78 108
78 109
78 117
78 118
78 126
78 129
78 135
78 136
78 147
78 152
78 158
79 80
79 81
79 83
79 84
79 85
79 86
79 87
79 88
79 89
79 90
79 91
79 92
79 94
79 95
79 96
79 97
79 100
79 101
79 102
79 103
79 105
79 106
79 107
79 108
79 109
79 111
79 113
79 114
79 116
79 117
79 118
79 119
79 124
79 125
79 126
79 127
79 128
79 129
79 130
79 131
79 132
79 133
79 134
79 135
79 136
79 138
79 140
79 141
79 142
79 143
79 145
79 146
79 147
79 148
79 149
79 150
79 151
79 152
79 154
79 156
79 157
79 158
79 160
79 161
80 82
80 84
80 85
80 87
80 89
80 94
80 101
80 102
80 103
80 105
80 106
80 108
80 109
80 111
80 112
80 114
80 115
80 117
80 118
80 119
80 125
80 130
80 133
80 134
80 135
80 137
80 138
80 139
80 141
80 142
80 143
80 145
80 147
80 150
80 151
80 153
80 154
80 155
80 158
80 160
80 161
81 86
81 89
81 91
81 93
81 94
81 95
81 99
81 104
81 108
81 110
81 112
81 125
81 126
81 127
81 129
81 130
81 132
81 133
81 138
81 152
81 155
82 83
82 84
82 89
82 91
82 99
82 102
82 104
82 106
82 112
82 114
82 115
82 117
82 118
82 125
82 129
82 132
82 133
82 137
82 138
82 139
82 147
82 150
82 152
82 153
82 154
82 157
83 86
83 89
83 92
83 94
83 97
83 100
83 102
83 104
83 105
83 106
83 108
83 109
83 111
83 113
83 114
83 115
83 117
83 125
83 129
83 131
83 133
83 136
83 138
83 139
83 142
83 151
83 152
83 155
83 157
83 159
84 87
84 90
84 92
84 95
84 97
84 98
84 103
84 104
84 105
84 106
84 107
84 109
84 110
84 111
84 112
84 114
84 116
84 117
84 118
84 119
84 122
84 123
84 125
84 126
84 127
84 129
84 131
84 132
84 133
84 134
84 135
84 137
84 138
84 139
84 140
84 142
84 143
84 145
84 146
84 149
84 150
84 151
84 152
84 153
84 154
84 155
84 158
84 159
85 86
85 88
85 92
85 94
85 97
85 102
85 106
85 108
85 109
85 112
85 113
85 115
85 124
85 125
85 128
85 131
85 133
85 138
85 141
85 142
85 143
85 144
85 154
85 158
86 87
86 92
86 94
86 97
86 101
86 102
86 103
86 105
86 107
86 108
86 109
86 112
86 114
86 115
86 117
86 118
86 129
86 133
86 134
86 136
86 137
86 138
86 139
86 140
86 141
86 144
86 147
86 150
86 151
86 153
86 155
86 157
86 158
86 161
87 88
87 92
87 94
87 99
87 100
87 101
87 105
87 106
87 107
87 108
87 109
87 111
87 113
87 114
87 115
87 116
87 117
87 118
87 120
87 122
87 125
87 126
87 129
87 131
87 133
87 134
87 135
87 137
87 139
87 140
87 142
87 144
87 146
87 147
87 150
87 152
87 154
87 155
87 157
87 158
87 159
88 89
88 92
88 93
88 94
88 97
88 98
88 101
88 102
88 107
88 109
88 114
88 115
88 117
88 118
88 126
88 128
88 129
88 131
88 132
88 133
88 134
88 138
88 142
88 145
88 147
88 150
88 151
88 152
88 154
88 157
88 158
88 159
89 91
89 92
89 93
89 94
89 95
89 96
89 98
89 99
89 100
89 101
89 102
89 103
89 104
89 105
89 106
89 108
89 109
89 110
89 111
89 112
89 113
89 114
89 115
89 116
89 117
89 118
89 119
89 121
89 125
89 126
89 127
89 128
89 129
89 131
89 133
89 134
89 135
89 136
89 137
89 138
89 139
89 140
89 141
89 142
89 143
89 146
89 148
89 149
89 150
89 151
89 152
89 154
89 155
89 156
89 157
89 158
89 159
89 160
89 161
90 97
90 101
90 114
90 117
90 131
90 134
90 137
90 138
90 139
90 142
90 143
90 145
90 151
90 158
91 92
91 94
91 97
91 99
91 100
91 101
91 105
91 106
91 108
91 112
91 114
91 117
91 118
91 121
91 125
91 126
91 129
91 133
91 134
91 139
91 140
91 142
91 150
91 152
91 153
91 154
91 156
91 157
91 158
91 159
91 160
92 93
92 94
92 101
92 102
92 103
92 107
92 108
92 114
92 115
92 117
92 118
92 119
92 125
92 126
92 129
92 131
92 134
92 135
92 137
92 138
92 145
92 147
92 152
92 153
92 154
92 161
93 95
93 97
93 98
93 99
93 101
93 103
93 106
93 110
93 111
93 113
93 114
93 115
93 119
93 121
93 128
93 129
93 130
93 131
93 133
93 134
93 137
93 138
93 139
93 142
93 145
93 147
93 148
93 151
93 154
93 155
93 158
93 161
94 95
94 98
94 99
94 100
94 101
94 102
94 104
94 105
94 106
94 107
94 108
94 109
94 111
94 112
94 113
94 114
94 115
94 117
94 118
94 119
94 120
94 123
94 126
94 128
94 129
94 130
94 133
94 134
94 135
94 137
94 138
94 139
94 141
94 142
94 143
94 144
94 145
94 147
94 148
94 150
94 151
94 152
94 153
94 154
94 157
94 158
94 159
94 160
95 100
95 101
95 102
95 105
95 106
95 108
95 110
95 111
95 115
95 116
95 117
95 118
95 119
95 120
95 125
95 129
95 131
95 134
95 137
95 138
95 139
95 142
95 145
95 147
95 151
95 152
95 154
95 158
95 161
96 101
96 102
96 108
96 112
96 114
96 115
96 119
96 120
96 125
96 128
96 131
96 133
96 136
96 137
96 145
96 146
96 147
96 149
96 153
96 154
96 157
97 98
97 99
97 100
97 101
97 103
97 104
97 105
97 107
97 110
97 112
97 113
97 114
97 116
97 117
97 118
97 119
97 121
97 122
97 126
97 127
97 128
97 131
97 132
97 133
97 135
97 136
97 137
97 138
97 139
97 142
97 145
97 146
97 147
97 148
97 149
97 150
97 152
97 153
97 154
97 155
97 157
97 158
97 159
97 160
97 161
98 100
98 101
98 103
98 105
98 108
98 109
98 113
98 114
98 115
98 117
98 118
98 125
98 126
98 129
98 131
98 133
98 134
98 136
98 138
98 143
98 146
98 149
98 150
98 151
98 152
98 154
98 155
98 157
98 159
98 160
99 102
99 105
99 106
99 108
99 112
99 113
99 115
99 117
99 118
99 129
99 130
99 131
99 134
99 135
99 138
99 142
99 143
99 144
99 147
99 149
99 150
99 153
99 154
99 159
100 101
100 102
100 103
100 104
100 106
100 107
100 108
100 111
100 113
100 114
100 125
100 126
100 130
100 131
100 137
100 138
100 141
100 142
100 145
100 149
100 152
100 153
100 154
100 158
100 160
100 161
101 103
101 106
101 107
101 108
101 110
101 112
101 113
101 114
101 115
101 116
101 117
101 118
101 119
101 123
101 125
101 126
101 127
101 128
101 129
101 130
101 131
101 133
101 134
101 136
101 137
101 138
101 139
101 141
101 143
101 146
101 147
101 148
101 150
101 151
101 152
101 153
101 154
101 155
101 156
101 157
101 158
101 159
101 160
101 161
102 103
102 105
102 106
102 108
102 109
102 112
102 114
102 115
102 116
102 117
102 118
102 120
102 121
102 125
102 131
102 134
102 138
102 139
102 142
102 143
102 144
102 145
102 147
102 149
102 150
102 151
102 152
102 153
102 154
102 157
102 158
102 159
102 160
102 161
103 104
103 106
103 109
103 112
103 113
103 114
103 115
103 116
103 118
103 126
103 131
103 135
103 136
103 137
103 138
103 139
103 142
103 143
103 147
103 150
103 152
103 153
103 154
103 155
103 156
103 157
103 158
103 159
103 161
104 105
104 106
104 107
104 110
104 112
104 114
104 115
104 116
104 118
104 125
104 126
104 137
104 142
104 150
104 151
104 152
104 154
104 161
105 106
105 107
105 108
105 111
105 112
105 114
105 115
105 116
105 118
105 131
105 133
105 134
105 137
105 138
105 139
105 141
105 142
105 145
105 147
105 149
105 150
105 152
105 153
105 158
105 159
106 107
106 108
106 111
106 112
106 113
106 114
106 115
106 116
106 117
106 118
106 119
106 121
106 122
106 123
106 125
106 126
106 127
106 128
106 129
106 131
106 132
106 133
106 134
106 136
106 137
106 139
106 140
106 141
106 142
106 146
106 147
106 152
106 153
106 154
106 156
106 157
106 158
106 159
106 160
106 161
107 109
107 110
107 112
107 113
107 114
107 115
107 117
107 129
107 134
107 137
107 138
107 139
107 146
107 150
107 151
107 153
107 154
107 157
107 158
107 161
108 110
108 111
108 113
108 114
108 115
108 116
108 117
108 118
108 120
108 123
108 125
108 127
108 128
108 131
108 132
108 134
108 136
108 137
108 138
108 141
108 142
108 143
108 145
108 147
108 149
108 150
108 151
108 152
108 154
108 155
108 157
108 159
108 161
109 110
109 112
109 113
109 114
109 115
109 116
109 117
109 118
109 120
109 124
109 125
109 126
109 129
109 134
109 135
109 137
109 138
109 140
109 141
109 142
109 147
109 151
109 154
109 158
109 161
110 111
110 116
110 118
110 125
110 129
110 133
110 134
110 136
110 137
110 139
110 142
110 147
110 150
110 153
110 154
110 158
110 161
111 112
111 114
111 115
111 117
111 129
111 131
111 136
111 139
111 140
111 141
111 142
111 147
111 152
111 153
111 154
111 158
111 159
112 114
112 115
112 116
112 117
112 118
112 119
112 122
112 123
112 124
112 125
112 127
112 128
112 129
112 130
112 131
112 133
112 134
112 138
112 139
112 141
112 142
112 146
112 149
112 150
112 151
112 152
112 153
112 154
112 157
112 158
112 160
113 114
113 115
113 117
113 119
113 128
113 129
113 130
113 131
113 133
113 134
113 136
113 137
113 138
113 139
113 140
113 142
113 143
113 144
113 145
113 146
113 147
113 149
113 150
113 151
113 152
113 153
113 155
113 158
113 161
114 115
114 116
114 117
114 118
114 120
114 121
114 122
114 124
114 125
114 126
114 127
114 129
114 130
114 131
114 133
114 135
114 137
114 138
114 139
114 140
114 141
114 142
114 143
114 145
114 146
114 147
114 148
114 149
114 150
114 152
114 154
114 155
114 157
114 158
114 159
114 160
114 161
115 116
115 118
115 122
115 124
115 125
115 127
115 129
115 130
115 131
115 133
115 134
115 137
115 138
115 139
115 141
115 142
115 143
115 144
115 146
115 147
115 149
115 150
115 152
115 153
115 154
115 156
115 157
115 158
115 159
115 160
115 161
116 118
116 129
116 131
116 132
116 133
116 134
116 136
116 138
116 139
116 141
116 142
116 143
116 145
116 148
116 149
116 151
116 156
116 158
116 161
117 118
117 120
117 125
117 126
117 127
117 129
117 130
117 131
117 132
117 134
117 138
117 139
117 141
117 142
117 143
117 146
117 147
117 149
117 150
117 151
117 153
117 154
117 155
117 157
117 158
117 160
117 161
118 119
118 122
118 123
118 125
118 126
118 127
118 131
118 133
118 134
118 135
118 136
118 137
118 138
118 139
118 141
118 142
118 143
118 146
118 147
118 148
118 149
118 150
118 151
118 152
118 154
118 157
118 158
119 122
119 125
119 128
119 132
119 133
119 134
119 137
119 146
119 148
119 152
119 154
119 157
119 158
120 124
120 125
120 128
120 129
120 130
120 134
120 137
120 138
120 141
120 144
120 146
120 148
120 152
121 139
121 142
121 147
121 151
121 154
121 155
121 158
122 125
122 131
122 133
122 134
122 137
122 138
122 142
122 147
122 150
122 152
122 153
122 158
122 159
122 161
123 133
123 139
123 141
123 142
123 146
123 147
123 152
123 153
123 154
123 156
123 159
123 160
124 134
124 135
124 140
124 141
124 154
125 126
125 128
125 129
125 131
125 132
125 133
125 137
125 141
125 142
125 143
125 145
125 146
125 147
125 150
125 151
125 152
125 154
125 157
125 158
125 159
125 161
126 128
126 131
126 132
126 133
126 134
126 135
126 136
126 137
126 138
126 139
126 141
126 142
126 145
126 146
126 147
126 149
126 150
126 151
126 152
126 153
126 155
126 156
126 158
127 133
127 134
127 135
127 138
127 141
127 143
127 147
127 148
127 154
127 155
127 157
127 158
127 159
127 160
128 131
128 132
128 133
128 136
128 140
128 141
128 147
128 149
128 150
128 152
128 154
128 155
128 158
128 161
129 131
129 134
129 135
129 136
129 137
129 138
129 139
129 140
129 141
129 142
129 143
129 144
129 145
129 147
129 148
129 149
129 151
129 152
129 153
129 154
129 155
129 156
129 157
129 158
129 159
130 131
130 133
130 134
130 135
130 137
130 138
130 139
130 140
130 145
130 146
130 147
130 148
130 152
130 153
130 154
130 156
130 157
130 158
131 133
131 134
131 135
131 137
131 139
131 141
131 142
131 143
131 144
131 145
131 146
131 147
131 148
131 151
131 152
131 153
131 154
131 155
131 156
132 135
132 137
132 142
132 153
132 154
132 158
133 134
133 135
133 136
133 137
133 138
133 139
133 141
133 142
133 145
133 147
133 149
133 150
133 151
133 152
133 153
133 154
133 156
133 157
133 158
133 159
133 160
134 135
134 136
134 137
134 138
134 141
134 142
134 146
134 147
134 149
134 150
134 151
134 152
134 153
134 154
134 157
134 158
134 160
134 161
135 137
135 141
135 142
135 146
135 147
135 149
135 151
135 152
135 154
135 158
136 137
136 138
136 142
136 143
136 147
136 150
136 153
136 158
136 160
137 138
137 139
137 140
137 141
137 142
137 143
137 146
137 147
137 150
137 151
137 152
137 153
137 154
137 155
137 157
137 158
137 159
137 160
137 161
138 139
138 140
138 142
138 143
138 147
138 148
138 150
138 151
138 152
138 154
138 158
138 161
139 141
139 142
139 144
139 145
139 148
139 149
139 150
139 151
139 152
139 153
139 154
139 158
139 160
140 141
140 142
140 145
140 146
140 155
140 157
140 158
140 161
141 142
141 143
141 146
141 149
141 152
141 154
142 145
142 146
142 147
142 148
142 149
142 150
142 151
142 152
142 154
142 156
142 157
142 161
143 150
143 152
143 153
143 158
143 160
143 161
144 151
144 152
144 153
144 154
145 147
145 150
145 151
145 153
145 154
145 159
145 161
146 147
146 148
146 150
146 152
146 157
146 158
147 148
147 149
147 150
147 151
147 152
147 153
147 154
147 155
147 157
147 158
147 159
147 160
148 152
148 153
148 154
148 160
148 161
149 151
149 152
149 155
149 156
149 157
149 159
150 151
150 153
150 154
150 156
150 157
150 158
150 161
151 154
151 158
151 159
151 161
152 153
152 154
152 155
152 157
152 158
152 159
152 161
153 154
153 156
153 157
153 158
153 161
154 155
154 157
154 158
154 160
154 161
155 157
155 158
155 161
156 158
156 161
157 158
157 161
158 161
159 161
160 161
