0 6
0 7
0 10
0 12
0 13
0 14
0 15
0 21
0 24
0 25
0 26
0 30
0 31
0 35
0 38
0 40
0 42
0 43
0 44
0 46
0 49
0 50
0 51
0 54
0 55
0 64
0 67
0 68
0 70
0 71
0 74
0 84
0 89
0 92
0 95
0 102
0 103
0 104
0 105
0 106
0 109
0 110
0 112
0 114
0 118
0 128
0 131
0 135
0 136
0 137
0 138
0 142
0 147
0 148
0 151
0 154
0 158
0 161
1 4
1 6
1 8
1 9
1 11
1 12
1 14
1 16
1 17
1 18
1 19
1 21
1 23
1 26
1 29
1 30
1 31
1 34
1 36
1 38
1 39
1 42
1 44
1 45
1 49
1 52
1 56
1 62
1 65
1 67
1 68
1 69
1 70
1 71
1 72
1 73
1 74
1 77
1 78
1 79
1 80
1 84
1 85
1 86
1 87
1 91
1 94
1 95
1 101
1 102
1 105
1 108
1 110
1 112
1 113
1 114
1 115
1 116
1 118
1 121
1 125
1 127
1 128
1 129
1 134
1 135
1 138
1 142
1 145
1 147
1 152
1 153
1 154
1 157
1 158
2 4
2 6
2 8
2 12
2 19
2 21
2 32
2 46
2 51
2 54
2 56
2 57
2 59
2 65
2 66
2 70
2 71
2 72
2 75
2 79
2 82
2 84
2 97
2 101
2 102
2 106
2 108
2 109
2 112
2 114
2 115
2 117
2 118
2 119
2 123
2 131
2 134
2 137
2 138
2 146
2 147
2 150
2 151
2 152
2 153
2 154
2 161
3 4
3 5
3 6
3 7
3 9
3 11
3 12
3 14
3 15
3 17
3 18
3 19
3 21
3 23
3 25
3 26
3 32
3 34
3 35
3 36
3 40
3 42
3 43
3 44
3 46
3 49
3 51
3 52
3 54
3 55
3 56
3 59
3 63
3 64
3 65
3 67
3 69
3 72
3 73
3 74
3 75
3 77
3 79
3 80
3 84
3 87
3 89
3 91
3 97
3 100
3 101
3 102
3 106
3 108
3 110
3 114
3 117
3 118
3 125
3 126
3 128
3 129
3 131
3 133
3 134
3 135
3 138
3 147
3 149
3 150
3 152
3 154
3 157
3 158
3 159
3 160
4 5
4 6
4 7
4 8
4 9
4 11
4 12
4 14
4 15
4 19
4 21
4 22
4 23
4 24
4 25
4 26
4 28
4 29
4 30
4 31
4 34
4 35
4 36
4 37
4 38
4 39
4 40
4 42
4 44
4 45
4 46
4 47
4 48
4 49
4 50
4 51
4 52
4 53
4 54
4 55
4 58
4 59
4 61
4 62
4 63
4 64
4 65
4 66
4 67
4 68
4 69
4 70
4 71
4 73
4 74
4 75
4 77
4 79
4 80
4 82
4 84
4 86
4 87
4 89
4 90
4 91
4 93
4 94
4 97
4 98
4 100
4 101
4 103
4 105
4 106
4 107
4 108
4 109
4 111
4 112
4 113
4 114
4 115
4 116
4 118
4 120
4 121
4 123
4 124
4 125
4 129
4 131
4 135
4 137
4 138
4 139
4 142
4 143
4 146
4 147
4 149
4 152
4 154
4 156
4 158
4 159
4 160
4 161
5 9
5 15
5 26
5 28
5 31
5 34
5 40
5 43
5 45
5 47
5 52
5 54
5 55
5 56
5 61
5 67
5 69
5 74
5 75
5 78
5 86
5 94
5 101
5 106
5 108
5 113
5 114
5 117
5 118
5 123
5 125
5 127
5 130
5 133
5 139
5 142
5 146
5 150
5 152
5 154
5 157
5 158
6 7
6 9
6 11
6 14
6 15
6 19
6 21
6 23
6 24
6 25
6 26
6 27
6 30
6 31
6 32
6 35
6 36
6 37
6 38
6 39
6 40
6 41
6 42
6 43
6 44
6 46
6 49
6 50
6 51
6 54
6 55
6 56
6 58
6 59
6 61
6 63
6 64
6 65
6 66
6 67
6 68
6 69
6 70
6 71
6 72
6 73
6 75
6 76
6 77
6 79
6 80
6 82
6 84
6 86
6 88
6 89
6 92
6 93
6 94
6 95
6 96
6 97
6 100
6 101
6 102
6 103
6 106
6 109
6 111
6 112
6 113
6 115
6 116
6 117
6 118
6 119
6 121
6 125
6 126
6 127
6 128
6 129
6 130
6 131
6 132
6 133
6 134
6 135
6 136
6 137
6 138
6 139
6 141
6 143
6 146
6 147
6 148
6 150
6 152
6 153
6 154
6 158
6 159
6 160
6 161
7 8
7 9
7 11
7 12
7 13
7 14
7 18
7 21
7 24
7 25
7 26
7 27
7 28
7 29
7 30
7 31
7 33
7 39
7 40
7 42
7 43
7 44
7 45
7 48
7 49
7 51
7 52
7 54
7 55
7 56
7 58
7 59
7 61
7 63
7 64
7 65
7 66
7 67
7 68
7 70
7 71
7 73
7 74
7 75
7 76
7 79
7 80
7 81
7 82
7 84
7 85
7 86
7 87
7 88
7 89
7 91
7 93
7 94
7 96
7 97
7 98
7 99
7 101
7 102
7 103
7 104
7 105
7 106
7 107
7 108
7 109
7 111
7 112
7 113
7 114
7 115
7 117
7 118
7 120
7 122
7 126
7 127
7 129
7 130
7 133
7 134
7 135
7 136
7 137
7 138
7 139
7 142
7 145
7 146
7 147
7 148
7 149
7 152
7 153
7 154
7 157
7 158
7 159
7 160
7 161
8 11
8 13
8 14
8 19
8 20
8 21
8 22
8 25
8 26
8 27
8 28
8 31
8 34
8 37
8 40
8 43
8 44
8 45
8 51
8 54
8 55
8 57
8 63
8 65
8 66
8 67
8 76
8 77
8 79
8 97
8 101
8 102
8 105
8 107
8 113
8 114
8 115
8 120
8 122
8 126
8 129
8 131
8 132
8 133
8 137
8 141
8 142
8 143
8 146
8 147
8 152
8 154
9 10
9 11
9 12
9 16
9 21
9 24
9 26
9 30
9 31
9 32
9 35
9 36
9 37
9 40
9 42
9 44
9 49
9 50
9 54
9 56
9 59
9 61
9 63
9 64
9 65
9 66
9 67
9 68
9 70
9 71
9 72
9 73
9 74
9 79
9 82
9 83
9 87
9 88
9 91
9 94
9 97
9 98
9 99
9 101
9 102
9 104
9 105
9 106
9 107
9 108
9 109
9 111
9 112
9 113
9 114
9 115
9 117
9 118
9 119
9 121
9 125
9 129
9 130
9 131
9 132
9 133
9 134
9 138
9 141
9 143
9 148
9 150
9 152
9 153
9 154
9 158
9 160
9 161
10 11
10 12
10 14
10 15
10 17
10 18
10 19
10 21
10 25
10 26
10 31
10 32
10 35
10 36
10 37
10 38
10 40
10 45
10 46
10 49
10 51
10 55
10 59
10 61
10 64
10 65
10 66
10 68
10 70
10 72
10 73
10 74
10 75
10 76
10 78
10 79
10 80
10 83
10 85
10 86
10 89
10 92
10 95
10 97
10 100
10 101
10 102
10 104
10 105
10 110
10 111
10 113
10 114
10 115
10 117
10 118
10 119
10 121
10 125
10 129
10 133
10 134
10 137
10 138
10 139
10 141
10 142
10 145
10 154
10 158
10 160
11 13
11 14
11 15
11 18
11 21
11 22
11 24
11 25
11 27
11 29
11 30
11 31
11 32
11 33
11 34
11 35
11 36
11 37
11 38
11 40
11 42
11 44
11 45
11 46
11 51
11 53
11 54
11 55
11 56
11 58
11 62
11 64
11 65
11 66
11 68
11 70
11 71
11 72
11 73
11 74
11 75
11 77
11 79
11 82
11 84
11 89
11 91
11 92
11 93
11 96
11 97
11 98
11 99
11 100
11 104
11 105
11 106
11 109
11 110
11 111
11 112
11 115
11 117
11 118
11 122
11 127
11 129
11 130
11 133
11 146
11 147
11 151
11 152
11 153
11 154
11 159
11 160
11 161
12 13
12 14
12 17
12 21
12 22
12 29
12 31
12 40
12 42
12 45
12 49
12 50
12 51
12 53
12 54
12 56
12 59
12 65
12 66
12 67
12 70
12 71
12 72
12 73
12 74
12 75
12 76
12 77
12 79
12 80
12 84
12 85
12 89
12 91
12 92
12 100
12 102
12 106
12 107
12 111
12 112
12 118
12 119
12 125
12 130
12 131
12 133
12 134
12 138
12 139
12 140
12 142
12 148
12 150
12 151
12 153
12 154
12 157
12 158
12 160
13 19
13 21
13 23
13 25
13 28
13 29
13 30
13 32
13 34
13 38
13 39
13 40
13 43
13 44
13 45
13 49
13 53
13 54
13 56
13 58
13 59
13 60
13 61
13 63
13 64
13 67
13 68
13 69
13 71
13 72
13 73
13 74
13 75
13 76
13 79
13 83
13 84
13 87
13 89
13 91
13 92
13 93
13 95
13 97
13 100
13 101
13 107
13 108
13 109
13 111
13 112
13 115
13 117
13 121
13 127
13 129
13 130
13 131
13 134
13 135
13 136
13 137
13 138
13 140
13 142
13 145
13 147
13 152
13 154
13 157
13 158
13 161
14 16
14 19
14 20
14 21
14 22
14 24
14 25
14 26
14 27
14 28
14 29
14 30
14 31
14 32
14 34
14 35
14 36
14 37
14 38
14 40
14 43
14 44
14 45
14 48
14 49
14 50
14 51
14 52
14 53
14 54
14 55
14 56
14 57
14 58
14 61
14 62
14 63
14 64
14 65
14 66
14 67
14 68
14 70
14 71
14 72
14 73
14 74
14 75
14 77
14 78
14 79
14 81
14 82
14 84
14 85
14 86
14 87
14 88
14 91
14 94
14 95
14 97
14 98
14 99
14 100
14 101
14 102
14 103
14 105
14 106
14 107
14 108
14 109
14 111
14 112
14 113
14 115
14 117
14 118
14 120
14 123
14 125
14 129
14 131
14 133
14 134
14 138
14 139
14 142
14 145
14 147
14 150
14 151
14 152
14 154
14 156
14 157
14 158
14 161
15 21
15 25
15 26
15 31
15 40
15 41
15 42
15 46
15 49
15 51
15 54
15 55
15 59
15 61
15 64
15 67
15 69
15 70
15 71
15 73
15 75
15 76
15 77
15 80
15 87
15 88
15 91
15 94
15 100
15 101
15 102
15 105
15 106
15 108
15 111
15 112
15 114
15 116
15 118
15 125
15 126
15 129
15 131
15 133
15 137
15 139
15 146
15 147
15 152
15 159
15 160
15 161
16 19
16 20
16 21
16 22
16 24
16 26
16 30
16 31
16 33
16 35
16 40
16 42
16 44
16 45
16 49
16 51
16 53
16 54
16 55
16 56
16 61
16 65
16 67
16 68
16 70
16 71
16 77
16 83
16 84
16 89
16 92
16 93
16 94
16 102
16 103
16 104
16 105
16 106
16 113
16 114
16 117
16 118
16 129
16 130
16 131
16 133
16 137
16 138
16 139
16 141
16 143
16 146
16 147
16 151
16 157
16 158
17 24
17 25
17 26
17 31
17 38
17 55
17 56
17 57
17 63
17 64
17 66
17 67
17 71
17 72
17 74
17 77
17 79
17 88
17 89
17 97
17 102
17 105
17 106
17 112
17 113
17 115
17 118
17 124
17 125
17 131
17 133
17 134
17 138
17 157
17 160
18 19
18 25
18 37
18 38
18 39
18 40
18 43
18 44
18 49
18 54
18 56
18 61
18 64
18 65
18 67
18 68
18 69
18 71
18 72
18 73
18 74
18 77
18 79
18 83
18 85
18 88
18 89
18 94
18 96
18 99
18 101
18 103
18 106
18 109
18 114
18 116
18 117
18 125
18 126
18 130
18 133
18 134
18 138
18 139
18 147
18 151
18 152
18 153
18 154
18 157
18 159
19 20
19 21
19 23
19 24
19 25
19 26
19 28
19 30
19 31
19 33
19 34
19 35
19 36
19 37
19 38
19 40
19 42
19 45
19 47
19 49
19 51
19 52
19 53
19 54
19 55
19 56
19 58
19 59
19 61
19 64
19 65
19 66
19 67
19 68
19 70
19 71
19 72
19 74
19 75
19 76
19 77
19 78
19 79
19 80
19 81
19 82
19 84
19 86
19 87
19 88
19 89
19 90
19 92
19 94
19 95
19 96
19 97
19 100
19 101
19 102
19 103
19 104
19 105
19 106
19 107
19 108
19 109
19 111
19 112
19 113
19 114
19 115
19 116
19 117
19 118
19 120
19 121
19 122
19 123
19 125
19 126
19 127
19 128
19 129
19 130
19 131
19 133
19 134
19 135
19 136
19 137
19 138
19 140
19 141
19 142
19 143
19 146
19 147
19 148
19 149
19 150
19 151
19 154
19 156
19 157
19 158
19 159
19 160
20 22
20 29
20 33
20 36
20 46
20 49
20 51
20 53
20 54
20 56
20 59
20 63
20 64
20 65
20 67
20 68
20 70
20 71
20 73
20 79
20 85
20 87
20 89
20 94
20 102
20 104
20 113
20 115
20 126
20 133
20 137
20 138
20 139
20 142
20 146
20 149
20 151
20 157
20 158
21 24
21 25
21 27
21 29
21 30
21 31
21 32
21 34
21 35
21 38
21 39
21 40
21 43
21 44
21 45
21 46
21 48
21 49
21 52
21 54
21 55
21 62
21 63
21 64
21 65
21 67
21 68
21 69
21 72
21 73
21 74
21 75
21 79
21 80
21 81
21 83
21 84
21 86
21 89
21 91
21 92
21 93
21 94
21 95
21 97
21 98
21 99
21 101
21 102
21 104
21 105
21 106
21 108
21 109
21 112
21 113
21 114
21 116
21 117
21 118
21 121
21 122
21 126
21 128
21 129
21 130
21 131
21 133
21 135
21 138
21 139
21 145
21 147
21 149
21 150
21 152
21 154
21 157
21 158
21 159
22 26
22 30
22 31
22 32
22 33
22 34
22 35
22 37
22 40
22 42
22 44
22 45
22 46
22 49
22 53
22 57
22 59
22 64
22 65
22 66
22 67
22 68
22 70
22 71
22 74
22 76
22 89
22 90
22 92
22 94
22 97
22 98
22 99
22 100
22 101
22 103
22 108
22 109
22 110
22 114
22 119
22 129
22 133
22 134
22 136
22 139
22 140
22 141
22 142
22 145
22 153
22 154
22 155
22 160
22 161
23 31
23 34
23 35
23 37
23 44
23 46
23 49
23 51
23 53
23 60
23 62
23 63
23 64
23 65
23 68
23 69
23 71
23 72
23 73
23 75
23 76
23 79
23 85
23 89
23 92
23 95
23 96
23 97
23 103
23 105
23 107
23 114
23 117
23 118
23 129
23 130
23 133
23 136
23 150
23 152
23 153
23 158
23 159
23 160
23 161
24 25
24 26
24 28
24 31
24 36
24 40
24 49
24 50
24 54
24 56
24 64
24 70
24 71
24 72
24 73
24 74
24 75
24 77
24 81
24 84
24 89
24 92
24 94
24 96
24 97
24 100
24 102
24 104
24 105
24 106
24 107
24 108
24 109
24 111
24 113
24 115
24 118
24 119
24 129
24 131
24 134
24 138
24 139
24 141
24 142
24 147
24 148
24 151
24 152
24 158
24 160
25 26
25 27
25 29
25 30
25 34
25 36
25 37
25 40
25 45
25 48
25 49
25 51
25 52
25 53
25 54
25 58
25 64
25 65
25 66
25 67
25 68
25 69
25 70
25 71
25 72
25 73
25 75
25 76
25 77
25 79
25 80
25 83
25 86
25 87
25 89
25 91
25 92
25 93
25 94
25 97
25 99
25 101
25 102
25 103
25 104
25 106
25 107
25 108
25 109
25 112
25 114
25 117
25 118
25 119
25 122
25 123
25 124
25 125
25 127
25 128
25 129
25 131
25 133
25 134
25 135
25 137
25 138
25 139
25 140
25 141
25 142
25 143
25 147
25 149
25 150
25 152
25 155
25 157
25 158
25 160
25 161
26 27
26 28
26 29
26 31
26 32
26 33
26 34
26 35
26 37
26 38
26 39
26 40
26 42
26 43
26 45
26 46
26 49
26 50
26 51
26 52
26 53
26 55
26 56
26 57
26 58
26 60
26 61
26 63
26 64
26 65
26 66
26 67
26 69
26 70
26 71
26 72
26 73
26 74
26 76
26 77
26 79
26 80
26 81
26 83
26 84
26 85
26 86
26 87
26 88
26 89
26 91
26 92
26 94
26 95
26 99
26 100
26 102
26 103
26 105
26 106
26 109
26 111
26 112
26 113
26 114
26 115
26 116
26 117
26 118
26 119
26 120
26 121
26 122
26 125
26 126
26 127
26 128
26 129
26 131
26 132
26 134
26 136
26 137
26 138
26 142
26 143
26 147
26 148
26 149
26 150
26 151
26 152
26 154
26 155
26 158
26 159
26 160
26 161
27 31
27 32
27 40
27 42
27 43
27 49
27 54
27 56
27 65
27 66
27 67
27 70
27 72
27 79
27 80
27 81
27 85
27 89
27 97
27 101
27 102
27 104
27 105
27 109
27 114
27 118
27 122
27 125
27 126
27 130
27 131
27 135
27 138
27 142
27 149
27 150
27 154
27 158
27 161
28 30
28 31
28 32
28 36
28 38
28 45
28 49
28 55
28 64
28 65
28 66
28 72
28 73
28 79
28 80
28 84
28 91
28 92
28 95
28 101
28 104
28 105
28 106
28 107
28 108
28 110
28 111
28 117
28 129
28 131
28 133
28 137
28 141
28 146
28 147
28 150
28 151
28 152
28 155
29 30
29 35
29 37
29 38
29 39
29 40
29 44
29 54
29 58
29 64
29 66
29 70
29 71
29 72
29 77
29 79
29 87
29 92
29 94
29 96
29 102
29 103
29 106
29 107
29 108
29 112
29 117
29 127
29 128
29 133
29 134
29 136
29 141
29 145
29 146
29 147
29 151
29 159
30 31
30 32
30 33
30 35
30 38
30 39
30 40
30 43
30 45
30 48
30 49
30 50
30 52
30 53
30 55
30 56
30 57
30 58
30 61
30 62
30 63
30 64
30 65
30 67
30 68
30 69
30 70
30 71
30 72
30 73
30 74
30 76
30 77
30 79
30 80
30 82
30 83
30 84
30 85
30 89
30 91
30 92
30 93
30 94
30 97
30 99
30 100
30 102
30 103
30 104
30 106
30 107
30 108
30 109
30 110
30 112
30 114
30 116
30 117
30 118
30 119
30 124
30 126
30 127
30 130
30 131
30 132
30 133
30 134
30 137
30 138
30 139
30 142
30 143
30 145
30 147
30 151
30 152
30 153
30 157
30 158
30 159
30 161
31 32
31 36
31 37
31 38
31 40
31 42
31 43
31 45
31 46
31 48
31 49
31 51
31 52
31 53
31 55
31 56
31 57
31 59
31 61
31 62
31 64
31 65
31 66
31 67
31 68
31 69
31 70
31 71
31 72
31 73
31 74
31 75
31 76
31 77
31 79
31 81
31 82
31 83
31 84
31 86
31 87
31 88
31 90
31 91
31 94
31 95
31 97
31 99
31 100
31 101
31 102
31 104
31 105
31 107
31 108
31 109
31 110
31 111
31 113
31 115
31 117
31 118
31 119
31 122
31 123
31 124
31 126
31 128
31 129
31 130
31 131
31 133
31 134
31 135
31 137
31 138
31 140
31 141
31 142
31 145
31 147
31 149
31 150
31 151
31 152
31 154
31 155
31 157
31 158
31 159
31 160
31 161
32 35
32 36
32 37
32 38
32 39
32 40
32 41
32 43
32 45
32 50
32 51
32 52
32 54
32 55
32 56
32 57
32 60
32 61
32 62
32 64
32 65
32 66
32 67
32 69
32 70
32 72
32 73
32 74
32 75
32 76
32 77
32 79
32 82
32 84
32 88
32 92
32 93
32 94
32 95
32 96
32 97
32 99
32 101
32 102
32 103
32 105
32 106
32 107
32 108
32 109
32 112
32 113
32 114
32 115
32 116
32 117
32 121
32 123
32 125
32 126
32 128
32 129
32 130
32 131
32 132
32 133
32 134
32 136
32 137
32 138
32 139
32 141
32 142
32 143
32 145
32 146
32 147
32 149
32 150
32 151
32 154
32 156
32 158
32 160
32 161
33 34
33 40
33 44
33 55
33 62
33 65
33 67
33 70
33 72
33 73
33 75
33 80
33 84
33 89
33 96
33 97
33 98
33 101
33 102
33 106
33 107
33 129
33 136
33 138
33 139
33 150
33 154
33 158
34 35
34 36
34 37
34 38
34 39
34 40
34 43
34 44
34 45
34 49
34 50
34 51
34 54
34 55
34 56
34 61
34 62
34 64
34 65
34 66
34 67
34 68
34 69
34 70
34 73
34 74
34 80
34 85
34 86
34 87
34 92
34 93
34 94
34 101
34 102
34 103
34 107
34 108
34 112
34 113
34 114
34 115
34 129
34 130
34 131
34 136
34 137
34 139
34 142
34 144
34 145
34 146
34 147
34 152
34 153
34 156
34 157
35 36
35 38
35 40
35 46
35 49
35 50
35 51
35 53
35 54
35 55
35 56
35 59
35 61
35 63
35 65
35 66
35 67
35 68
35 70
35 72
35 74
35 75
35 77
35 79
35 82
35 83
35 86
35 87
35 89
35 91
35 94
35 96
35 98
35 99
35 101
35 102
35 103
35 104
35 105
35 107
35 108
35 109
35 110
35 111
35 113
35 114
35 115
35 116
35 117
35 118
35 125
35 127
35 129
35 131
35 133
35 134
35 135
35 137
35 138
35 139
35 141
35 142
35 145
35 147
35 149
35 150
35 151
35 153
35 157
35 158
35 159
35 160
35 161
36 37
36 40
36 42
36 45
36 46
36 51
36 52
36 54
36 55
36 56
36 66
36 67
36 68
36 69
36 70
36 71
36 73
36 74
36 75
36 76
36 81
36 84
36 86
36 87
36 92
36 93
36 98
36 101
36 105
36 106
36 107
36 108
36 112
36 113
36 114
36 115
36 116
36 117
36 119
36 121
36 125
36 128
36 129
36 130
36 131
36 134
36 137
36 138
36 142
36 144
36 145
36 146
36 155
36 158
37 38
37 39
37 40
37 42
37 45
37 47
37 49
37 50
37 51
37 52
37 56
37 58
37 59
37 64
37 65
37 68
37 69
37 71
37 73
37 77
37 80
37 85
37 86
37 87
37 89
37 90
37 96
37 98
37 99
37 105
37 106
37 107
37 108
37 109
37 111
37 112
37 113
37 114
37 115
37 117
37 118
37 122
37 125
37 126
37 128
37 129
37 131
37 133
37 134
37 137
37 138
37 142
37 143
37 146
37 147
37 150
37 151
37 152
37 153
37 154
37 157
37 158
37 161
38 39
38 40
38 42
38 44
38 46
38 50
38 51
38 54
38 55
38 56
38 59
38 64
38 65
38 67
38 69
38 71
38 72
38 73
38 74
38 75
38 77
38 78
38 80
38 82
38 88
38 89
38 91
38 94
38 95
38 97
38 99
38 100
38 101
38 103
38 105
38 106
38 107
38 108
38 109
38 110
38 112
38 113
38 114
38 116
38 117
38 120
38 121
38 124
38 125
38 128
38 130
38 131
38 136
38 137
38 138
38 139
38 142
38 146
38 147
38 148
38 149
38 150
38 151
38 152
38 153
38 155
38 157
38 159
38 160
38 161
39 40
39 42
39 43
39 44
39 45
39 46
39 48
39 49
39 50
39 51
39 54
39 55
39 56
39 59
39 62
39 63
39 64
39 65
39 68
39 73
39 74
39 75
39 76
39 77
39 84
39 85
39 89
39 91
39 92
39 93
39 94
39 95
39 98
39 101
39 103
39 106
39 108
39 115
39 117
39 118
39 126
39 128
39 130
39 131
39 133
39 138
39 139
39 141
39 142
39 143
39 149
39 151
39 152
39 154
39 157
39 158
39 159
39 161
40 43
40 44
40 45
40 46
40 48
40 49
40 50
40 51
40 52
40 53
40 54
40 55
40 56
40 57
40 58
40 59
40 61
40 62
40 63
40 64
40 65
40 67
40 68
40 69
40 70
40 71
40 72
40 73
40 74
40 77
40 79
40 80
40 83
40 84
40 85
40 87
40 88
40 89
40 92
40 93
40 94
40 95
40 97
40 98
40 100
40 101
40 102
40 103
40 104
40 105
40 106
40 107
40 108
40 110
40 112
40 113
40 114
40 115
40 116
40 117
40 118
40 120
40 126
40 128
40 129
40 130
40 131
40 132
40 133
40 135
40 137
40 138
40 139
40 140
40 141
40 142
40 143
40 144
40 145
40 147
40 148
40 149
40 150
40 152
40 153
40 154
40 155
40 156
40 157
40 158
40 161
41 42
41 43
41 46
41 48
41 49
41 50
41 56
41 75
41 79
41 89
41 97
41 100
41 101
41 106
41 108
41 109
41 119
41 128
41 131
41 137
41 138
41 141
41 142
41 147
41 150
41 151
41 154
41 157
41 161
42 45
42 49
42 51
42 52
42 54
42 56
42 61
42 63
42 64
42 65
42 69
42 70
42 73
42 74
42 75
42 79
42 84
42 94
42 98
42 101
42 102
42 104
42 105
42 106
42 111
42 113
42 114
42 118
42 124
42 125
42 129
42 131
42 133
42 134
42 136
42 138
42 140
42 142
42 147
42 154
42 161
43 44
43 49
43 50
43 53
43 54
43 55
43 56
43 58
43 59
43 61
43 62
43 63
43 64
43 65
43 66
43 67
43 68
43 69
43 71
43 73
43 74
43 76
43 80
43 83
43 85
43 87
43 88
43 90
43 92
43 96
43 97
43 101
43 105
43 106
43 109
43 112
43 114
43 116
43 118
43 122
43 125
43 129
43 131
43 134
43 135
43 137
43 143
43 146
43 147
43 150
43 151
43 152
43 154
43 155
43 157
43 159
43 160
43 161
44 48
44 49
44 52
44 53
44 54
44 56
44 58
44 59
44 62
44 63
44 64
44 65
44 66
44 67
44 68
44 69
44 70
44 72
44 77
44 80
44 82
44 88
44 89
44 94
44 95
44 98
44 99
44 101
44 104
44 105
44 106
44 107
44 108
44 109
44 110
44 112
44 113
44 115
44 117
44 119
44 123
44 125
44 126
44 128
44 129
44 134
44 136
44 137
44 138
44 139
44 142
44 143
44 144
44 145
44 146
44 147
44 151
44 153
44 154
44 157
44 160
45 47
45 49
45 50
45 56
45 58
45 59
45 61
45 63
45 64
45 66
45 67
45 68
45 70
45 72
45 73
45 74
45 75
45 76
45 79
45 80
45 81
45 83
45 84
45 85
45 86
45 89
45 90
45 91
45 92
45 93
45 94
45 95
45 96
45 98
45 101
45 102
45 106
45 107
45 108
45 109
45 112
45 113
45 114
45 115
45 117
45 118
45 120
45 126
45 128
45 129
45 131
45 133
45 134
45 136
45 137
45 138
45 139
45 140
45 141
45 142
45 145
45 146
45 148
45 151
45 152
45 153
45 154
45 155
45 157
45 158
45 161
46 47
46 49
46 51
46 52
46 53
46 56
46 57
46 59
46 60
46 62
46 63
46 64
46 66
46 67
46 69
46 70
46 71
46 73
46 74
46 75
46 79
46 80
46 83
46 84
46 85
46 87
46 89
46 90
46 92
46 94
46 95
46 96
46 97
46 98
46 100
46 102
46 104
46 106
46 108
46 109
46 111
46 113
46 114
46 117
46 122
46 125
46 128
46 129
46 131
46 132
46 133
46 134
46 138
46 142
46 148
46 149
46 154
46 155
46 156
46 158
46 159
47 49
47 54
47 66
47 70
47 77
47 79
47 87
47 88
47 96
47 99
47 100
47 101
47 111
47 114
47 117
47 125
47 133
47 140
47 142
47 146
47 147
48 49
48 50
48 52
48 56
48 64
48 66
48 67
48 71
48 76
48 80
48 83
48 94
48 100
48 101
48 105
48 106
48 108
48 112
48 113
48 114
48 115
48 117
48 126
48 130
48 131
48 133
48 139
48 141
48 145
48 147
48 148
48 152
48 153
48 154
48 161
49 51
49 53
49 54
49 55
49 56
49 58
49 59
49 61
49 62
49 63
49 64
49 65
49 66
49 67
49 68
49 69
49 70
49 71
49 72
49 73
49 74
49 75
49 80
49 81
49 82
49 83
49 84
49 85
49 88
49 89
49 90
49 91
49 93
49 96
49 97
49 98
49 99
49 102
49 103
49 104
49 105
49 106
49 109
49 110
49 111
49 112
49 113
49 115
49 116
49 118
49 121
49 122
49 125
49 126
49 127
49 128
49 129
49 131
49 133
49 135
49 136
49 137
49 138
49 139
49 140
49 141
49 142
49 143
49 144
49 145
49 146
49 147
49 148
49 149
49 151
49 152
49 153
49 154
49 155
49 157
49 159
49 161
50 54
50 56
50 58
50 59
50 61
50 62
50 63
50 64
50 65
50 66
50 67
50 68
50 70
50 71
50 72
50 73
50 74
50 75
50 77
50 79
50 80
50 84
50 87
50 89
50 91
50 92
50 93
50 94
50 99
50 100
50 101
50 104
50 105
50 106
50 109
50 112
50 113
50 114
50 115
50 117
50 118
50 119
50 120
50 122
50 126
50 127
50 129
50 131
50 133
50 134
50 136
50 137
50 138
50 140
50 141
50 142
50 147
50 151
50 152
50 153
50 154
50 155
50 157
50 158
50 159
50 161
51 52
51 54
51 55
51 56
51 61
51 62
51 63
51 64
51 65
51 67
51 69
51 70
51 71
51 72
51 73
51 74
51 76
51 77
51 78
51 79
51 80
51 82
51 83
51 84
51 85
51 86
51 87
51 88
51 89
51 90
51 91
51 92
51 93
51 94
51 95
51 97
51 98
51 99
51 101
51 102
51 103
51 104
51 105
51 106
51 107
51 108
51 109
51 110
51 111
51 112
51 113
51 115
51 116
51 117
51 118
51 120
51 121
51 122
51 124
51 125
51 127
51 128
51 129
51 133
51 134
51 135
51 136
51 138
51 139
51 140
51 141
51 142
51 144
51 146
51 147
51 148
51 149
51 150
51 151
51 152
51 153
51 154
51 155
51 157
51 159
51 161
52 53
52 54
52 58
52 59
52 61
52 64
52 68
52 71
52 72
52 74
52 75
52 79
52 80
52 82
52 84
52 85
52 86
52 88
52 89
52 90
52 93
52 94
52 97
52 101
52 102
52 105
52 106
52 108
52 109
52 111
52 114
52 116
52 118
52 123
52 124
52 125
52 129
52 135
52 137
52 138
52 141
52 142
52 143
52 147
52 148
52 151
52 152
52 155
52 156
52 157
52 161
53 54
53 56
53 58
53 59
53 69
53 70
53 71
53 72
53 74
53 75
53 79
53 84
53 85
53 88
53 92
53 94
53 97
53 101
53 103
53 106
53 108
53 109
53 111
53 112
53 114
53 115
53 118
53 119
53 120
53 129
53 130
53 133
53 134
53 135
53 137
53 142
53 143
53 147
53 155
53 157
53 160
54 55
54 56
54 57
54 58
54 59
54 61
54 62
54 63
54 65
54 66
54 67
54 68
54 69
54 70
54 71
54 72
54 73
54 74
54 75
54 76
54 77
54 79
54 81
54 83
54 84
54 86
54 87
54 89
54 91
54 92
54 93
54 94
54 96
54 97
54 98
54 99
54 100
54 101
54 102
54 104
54 105
54 106
54 108
54 109
54 110
54 111
54 112
54 115
54 116
54 118
54 125
54 126
54 127
54 128
54 129
54 130
54 131
54 132
54 133
54 134
54 135
54 137
54 138
54 139
54 140
54 143
54 144
54 145
54 146
54 147
54 148
54 149
54 150
54 152
54 153
54 157
54 158
54 159
54 160
54 161
55 56
55 59
55 60
55 61
55 63
55 65
55 66
55 67
55 68
55 69
55 70
55 72
55 73
55 74
55 79
55 81
55 82
55 83
55 84
55 86
55 88
55 89
55 90
55 91
55 93
55 97
55 98
55 99
55 100
55 101
55 102
55 106
55 108
55 109
55 111
55 112
55 113
55 114
55 115
55 116
55 121
55 128
55 129
55 131
55 133
55 135
55 137
55 138
55 141
55 142
55 145
55 147
55 150
55 151
55 152
55 154
55 155
55 158
55 159
55 161
56 57
56 58
56 59
56 61
56 64
56 65
56 66
56 67
56 68
56 69
56 70
56 71
56 72
56 73
56 74
56 75
56 77
56 79
56 81
56 82
56 83
56 84
56 85
56 87
56 88
56 89
56 90
56 92
56 93
56 94
56 95
56 97
56 100
56 102
56 103
56 104
56 105
56 106
56 107
56 108
56 109
56 110
56 111
56 112
56 113
56 117
56 118
56 119
56 120
56 121
56 125
56 126
56 127
56 129
56 130
56 131
56 132
56 133
56 134
56 135
56 136
56 137
56 140
56 142
56 143
56 144
56 145
56 147
56 148
56 152
56 153
56 154
56 155
56 157
56 158
56 160
56 161
57 64
57 65
57 70
57 74
57 75
57 77
57 79
57 83
57 84
57 88
57 97
57 100
57 102
57 107
57 111
57 113
57 115
57 118
57 120
57 122
57 126
57 129
57 131
57 139
57 141
57 149
57 150
57 151
57 153
57 154
57 156
57 157
57 158
57 160
58 61
58 62
58 65
58 67
58 70
58 71
58 73
58 74
58 75
58 79
58 82
58 83
58 86
58 89
58 91
58 92
58 93
58 94
58 95
58 96
58 97
58 98
58 102
58 106
58 107
58 109
58 110
58 111
58 113
58 114
58 115
58 116
58 117
58 121
58 122
58 125
58 128
58 131
58 132
58 133
58 135
58 137
58 138
58 139
58 141
58 142
58 147
58 149
58 151
58 152
58 153
58 154
58 155
58 157
58 158
59 61
59 63
59 69
59 70
59 71
59 72
59 73
59 74
59 77
59 79
59 80
59 81
59 84
59 87
59 88
59 93
59 94
59 97
59 98
59 99
59 102
59 103
59 108
59 111
59 112
59 113
59 114
59 115
59 117
59 118
59 125
59 129
59 130
59 131
59 132
59 133
59 134
59 137
59 141
59 142
59 146
59 147
59 148
59 149
59 152
59 153
59 154
59 157
59 158
59 159
59 161
60 64
60 69
60 70
60 84
60 89
60 92
60 96
60 111
60 115
60 116
60 118
60 125
60 131
60 134
60 137
60 142
60 146
60 147
60 153
61 62
61 63
61 64
61 65
61 68
61 69
61 70
61 72
61 74
61 79
61 80
61 82
61 84
61 85
61 90
61 92
61 94
61 96
61 98
61 100
61 106
61 107
61 112
61 113
61 114
61 115
61 120
61 122
61 128
61 129
61 130
61 131
61 137
61 138
61 139
61 142
61 145
61 147
61 148
61 150
61 151
61 152
61 154
61 155
61 157
61 158
61 159
62 63
62 64
62 65
62 66
62 67
62 69
62 70
62 71
62 72
62 75
62 77
62 79
62 82
62 83
62 84
62 87
62 88
62 89
62 93
62 96
62 97
62 98
62 110
62 114
62 115
62 116
62 117
62 118
62 119
62 127
62 128
62 131
62 133
62 136
62 141
62 145
62 147
62 152
62 153
62 154
62 157
62 158
62 161
63 64
63 65
63 66
63 67
63 68
63 69
63 70
63 72
63 73
63 74
63 75
63 78
63 79
63 80
63 83
63 87
63 88
63 89
63 91
63 92
63 93
63 94
63 96
63 97
63 98
63 99
63 101
63 105
63 106
63 109
63 115
63 117
63 118
63 127
63 128
63 129
63 130
63 131
63 133
63 134
63 135
63 137
63 138
63 139
63 141
63 147
63 151
63 152
63 153
63 154
63 155
63 158
63 160
64 65
64 66
64 67
64 68
64 70
64 72
64 73
64 74
64 75
64 76
64 77
64 78
64 79
64 80
64 81
64 82
64 84
64 85
64 87
64 88
64 89
64 93
64 94
64 96
64 98
64 99
64 101
64 102
64 103
64 105
64 106
64 107
64 109
64 110
64 113
64 114
64 115
64 116
64 117
64 118
64 119
64 120
64 122
64 123
64 124
64 126
64 128
64 129
64 130
64 131
64 133
64 134
64 135
64 137
64 138
64 139
64 141
64 143
64 144
64 146
64 147
64 148
64 150
64 151
64 152
64 153
64 154
64 155
64 156
64 157
64 158
64 159
64 160
64 161
65 66
65 67
65 70
65 72
65 73
65 74
65 75
65 76
65 77
65 78
65 79
65 80
65 83
65 84
65 85
65 87
65 88
65 89
65 91
65 93
65 94
65 95
65 96
65 97
65 98
65 99
65 101
65 102
65 103
65 105
65 106
65 107
65 108
65 112
65 113
65 114
65 115
65 116
65 120
65 123
65 124
65 125
65 126
65 129
65 131
65 133
65 134
65 138
65 139
65 141
65 142
65 143
65 145
65 146
65 147
65 149
65 150
65 151
65 153
65 154
65 155
65 156
65 157
65 158
65 160
65 161
66 67
66 69
66 70
66 72
66 73
66 74
66 75
66 76
66 77
66 80
66 81
66 82
66 87
66 89
66 91
66 92
66 94
66 97
66 99
66 100
66 101
66 102
66 104
66 105
66 106
66 107
66 108
66 110
66 112
66 115
66 120
66 125
66 126
66 129
66 131
66 133
66 135
66 138
66 139
66 141
66 143
66 144
66 145
66 146
66 147
66 149
66 150
66 151
66 153
66 154
66 155
66 160
66 161
67 68
67 69
67 70
67 72
67 73
67 74
67 75
67 76
67 77
67 79
67 80
67 81
67 82
67 84
67 86
67 87
67 88
67 89
67 90
67 91
67 92
67 93
67 94
67 96
67 98
67 100
67 101
67 102
67 104
67 105
67 106
67 109
67 111
67 112
67 114
67 115
67 116
67 118
67 119
67 120
67 121
67 122
67 125
67 128
67 129
67 131
67 132
67 133
67 134
67 137
67 139
67 140
67 141
67 142
67 143
67 144
67 145
67 147
67 149
67 150
67 151
67 152
67 153
67 154
67 155
67 157
67 160
68 69
68 70
68 71
68 72
68 73
68 74
68 75
68 76
68 77
68 78
68 79
68 81
68 83
68 84
68 88
68 89
68 92
68 93
68 96
68 97
68 99
68 100
68 101
68 106
68 107
68 108
68 109
68 110
68 113
68 114
68 115
68 116
68 117
68 118
68 123
68 126
68 130
68 131
68 132
68 133
68 134
68 135
68 137
68 139
68 140
68 142
68 146
68 147
68 148
68 149
68 150
68 151
68 152
68 153
68 154
68 155
68 157
68 158
68 159
68 160
69 73
69 74
69 75
69 77
69 79
69 80
69 81
69 82
69 83
69 85
69 86
69 87
69 88
69 89
69 91
69 92
69 93
69 94
69 95
69 97
69 99
69 101
69 103
69 105
69 106
69 108
69 109
69 110
69 112
69 114
69 115
69 116
69 118
69 122
69 129
69 130
69 132
69 133
69 134
69 136
69 137
69 138
69 139
69 142
69 143
69 145
69 146
69 147
69 148
69 149
69 150
69 151
69 152
69 153
69 156
69 158
70 71
70 72
70 73
70 75
70 76
70 79
70 80
70 81
70 82
70 83
70 84
70 86
70 87
70 88
70 89
70 90
70 91
70 93
70 95
70 96
70 98
70 101
70 102
70 104
70 105
70 106
70 107
70 108
70 111
70 112
70 113
70 114
70 115
70 116
70 117
70 118
70 120
70 121
70 122
70 123
70 124
70 125
70 126
70 128
70 129
70 130
70 131
70 133
70 134
70 135
70 136
70 137
70 138
70 140
70 141
70 142
70 143
70 146
70 147
70 148
70 149
70 150
70 151
70 152
70 153
70 154
70 155
70 157
70 158
70 159
70 161
71 72
71 73
71 74
71 75
71 76
71 77
71 79
71 83
71 85
71 86
71 87
71 88
71 89
71 90
71 91
71 92
71 94
71 95
71 96
71 97
71 98
71 99
71 101
71 102
71 103
71 104
71 105
71 106
71 107
71 108
71 109
71 111
71 112
71 113
71 114
71 115
71 116
71 117
71 118
71 119
71 120
71 123
71 125
71 126
71 127
71 128
71 129
71 131
71 133
71 134
71 136
71 137
71 138
71 139
71 142
71 147
71 149
71 150
71 151
71 152
71 154
71 157
71 159
71 160
72 73
72 74
72 76
72 77
72 78
72 79
72 80
72 82
72 83
72 84
72 85
72 86
72 87
72 88
72 89
72 90
72 92
72 93
72 94
72 95
72 97
72 98
72 101
72 102
72 103
72 105
72 106
72 107
72 108
72 111
72 112
72 113
72 114
72 115
72 116
72 117
72 118
72 119
72 120
72 121
72 124
72 125
72 126
72 127
72 128
72 129
72 130
72 131
72 132
72 133
72 135
72 136
72 137
72 139
72 140
72 142
72 143
72 146
72 147
72 148
72 150
72 151
72 152
72 153
72 154
72 155
72 157
72 158
72 159
72 161
73 74
73 75
73 79
73 81
73 84
73 85
73 89
73 90
73 93
73 94
73 95
73 97
73 100
73 101
73 102
73 103
73 104
73 106
73 108
73 109
73 112
73 113
73 115
73 116
73 117
73 121
73 125
73 126
73 127
73 128
73 129
73 131
73 133
73 134
73 135
73 137
73 139
73 142
73 145
73 149
73 150
73 151
73 152
73 153
73 154
73 155
73 157
73 158
73 160
73 161
74 75
74 76
74 77
74 79
74 80
74 82
74 83
74 84
74 86
74 87
74 88
74 89
74 91
74 92
74 93
74 94
74 97
74 99
74 100
74 101
74 102
74 103
74 104
74 105
74 106
74 107
74 108
74 109
74 110
74 111
74 112
74 113
74 115
74 117
74 118
74 120
74 121
74 122
74 125
74 126
74 127
74 128
74 129
74 130
74 131
74 132
74 134
74 135
74 136
74 137
74 139
74 142
74 143
74 146
74 147
74 148
74 151
74 154
74 155
74 157
74 158
74 160
74 161
75 76
75 77
75 79
75 80
75 82
75 84
75 85
75 88
75 93
75 94
75 97
75 99
75 101
75 102
75 106
75 108
75 111
75 114
75 115
75 117
75 118
75 119
75 127
75 130
75 131
75 133
75 135
75 139
75 140
75 142
75 147
75 150
75 152
75 154
75 157
75 158
75 159
75 161
76 82
76 83
76 86
76 90
76 92
76 94
76 101
76 102
76 106
76 108
76 109
76 111
76 112
76 114
76 115
76 116
76 117
76 118
76 125
76 126
76 127
76 131
76 138
76 142
76 143
76 145
76 146
76 149
76 151
76 152
76 153
76 157
76 161
77 79
77 82
77 84
77 85
77 86
77 87
77 89
77 90
77 91
77 94
77 95
77 97
77 99
77 100
77 101
77 102
77 105
77 106
77 108
77 109
77 112
77 113
77 114
77 118
77 120
77 123
77 127
77 129
77 131
77 133
77 134
77 136
77 137
77 138
77 139
77 140
77 141
77 145
77 146
77 147
77 150
77 151
77 152
77 153
77 154
77 155
77 156
77 157
77 158
77 159
77 160
77 161
78 89
78 105
78 106
78 108
78 116
78 125
78 131
78 145
78 153
78 158
78 160
79 80
79 82
79 83
79 84
79 85
79 86
79 87
79 88
79 89
79 90
79 91
79 93
79 94
79 96
79 97
79 99
79 100
79 101
79 102
79 105
79 106
79 108
79 110
79 111
79 112
79 113
79 114
79 115
79 118
79 119
79 120
79 122
79 124
79 125
79 128
79 130
79 131
79 133
79 135
79 137
79 138
79 139
79 141
79 142
79 143
79 144
79 146
79 147
79 149
79 151
79 152
79 153
79 154
79 155
79 157
79 158
79 160
79 161
80 83
80 84
80 89
80 90
80 91
80 92
80 95
80 97
80 101
80 102
80 108
80 109
80 111
80 113
80 114
80 115
80 117
80 118
80 126
80 129
80 134
80 136
80 138
80 141
80 145
80 147
80 149
80 151
80 153
80 156
80 157
80 158
80 161
81 83
81 95
81 102
81 103
81 104
81 107
81 114
81 115
81 117
81 118
81 129
81 130
81 132
81 133
81 134
81 137
81 141
81 142
81 143
81 146
81 149
81 152
81 158
81 161
82 85
82 87
82 94
82 99
82 105
82 106
82 108
82 111
82 112
82 113
82 114
82 115
82 117
82 118
82 125
82 129
82 131
82 133
82 137
82 138
82 140
82 146
82 148
82 151
82 152
82 154
82 157
82 160
83 85
83 86
83 87
83 89
83 94
83 95
83 97
83 99
83 101
83 106
83 107
83 108
83 109
83 110
83 112
83 113
83 114
83 119
83 120
83 129
83 130
83 134
83 135
83 138
83 142
83 144
83 151
83 152
83 154
83 155
83 158
83 161
84 86
84 87
84 89
84 91
84 95
84 97
84 98
84 99
84 100
84 101
84 104
84 107
84 108
84 109
84 114
84 115
84 118
84 123
84 125
84 129
84 131
84 133
84 134
84 137
84 141
84 145
84 147
84 149
84 150
84 151
84 152
84 153
84 154
84 155
84 158
84 160
85 87
85 91
85 92
85 96
85 99
85 101
85 102
85 105
85 107
85 108
85 113
85 116
85 118
85 123
85 125
85 131
85 135
85 137
85 138
85 139
85 142
85 143
85 149
85 151
85 152
85 153
85 154
85 157
86 87
86 89
86 90
86 94
86 95
86 101
86 103
86 104
86 106
86 107
86 108
86 109
86 111
86 113
86 115
86 118
86 119
86 125
86 128
86 129
86 135
86 137
86 138
86 139
86 140
86 143
86 146
86 147
86 150
86 154
86 159
86 160
87 88
87 89
87 95
87 97
87 101
87 106
87 107
87 108
87 109
87 112
87 113
87 115
87 116
87 118
87 124
87 129
87 130
87 131
87 133
87 134
87 135
87 136
87 137
87 139
87 140
87 142
87 147
87 150
87 151
87 152
87 153
87 157
87 159
87 160
87 161
88 91
88 93
88 95
88 99
88 101
88 102
88 106
88 107
88 109
88 112
88 113
88 115
88 116
88 117
88 118
88 119
88 125
88 127
88 129
88 130
88 131
88 133
88 135
88 137
88 138
88 139
88 141
88 142
88 143
88 146
88 149
88 150
88 151
88 152
88 154
88 158
88 159
88 160
89 91
89 92
89 93
89 94
89 96
89 99
89 101
89 102
89 103
89 104
89 105
89 106
89 107
89 109
89 110
89 111
89 113
89 115
89 117
89 118
89 121
89 125
89 126
89 129
89 130
89 131
89 132
89 133
89 134
89 135
89 137
89 140
89 142
89 143
89 146
89 147
89 148
89 149
89 150
89 151
89 152
89 153
89 154
89 156
89 157
89 158
89 159
89 161
90 91
90 92
90 93
90 100
90 101
90 105
90 108
90 114
90 117
90 118
90 119
90 130
90 133
90 134
90 135
90 137
90 148
90 154
90 158
91 92
91 94
91 95
91 98
91 101
91 103
91 104
91 105
91 108
91 111
91 113
91 115
91 117
91 118
91 119
91 126
91 129
91 130
91 133
91 135
91 136
91 138
91 139
91 141
91 143
91 146
91 147
91 150
91 151
91 152
91 154
91 157
91 160
91 161
92 94
92 96
92 102
92 108
92 109
92 112
92 115
92 125
92 128
92 129
92 131
92 133
92 134
92 135
92 138
92 140
92 141
92 142
92 146
92 147
92 149
92 151
92 152
92 157
93 97
93 102
93 103
93 104
93 105
93 108
93 109
93 111
93 112
93 114
93 115
93 116
93 117
93 122
93 124
93 125
93 127
93 129
93 131
93 133
93 138
93 140
93 141
93 142
93 144
93 146
93 147
93 149
93 150
93 151
93 157
93 158
93 161
94 95
94 97
94 102
94 103
94 104
94 106
94 108
94 109
94 111
94 112
94 113
94 114
94 115
94 117
94 118
94 119
94 120
94 121
94 122
94 125
94 126
94 127
94 129
94 130
94 131
94 132
94 133
94 134
94 135
94 136
94 137
94 138
94 140
94 141
94 142
94 145
94 146
94 147
94 150
94 151
94 152
94 154
94 156
94 157
94 158
94 159
94 160
94 161
95 97
95 99
95 101
95 106
95 108
95 110
95 112
95 116
95 118
95 126
95 131
95 133
95 134
95 137
95 141
95 142
95 144
95 151
95 152
95 153
95 154
95 158
95 161
96 101
96 103
96 104
96 107
96 108
96 111
96 113
96 119
96 125
96 126
96 131
96 132
96 133
96 137
96 143
96 147
96 148
96 156
96 157
96 159
97 101
97 102
97 104
97 105
97 106
97 109
97 110
97 111
97 112
97 113
97 115
97 116
97 117
97 118
97 119
97 126
97 129
97 130
97 131
97 132
97 133
97 134
97 137
97 140
97 142
97 147
97 152
97 153
97 154
97 155
97 157
97 158
97 159
97 161
98 101
98 102
98 105
98 106
98 108
98 112
98 113
98 114
98 115
98 118
98 127
98 130
98 133
98 134
98 136
98 137
98 138
98 139
98 141
98 146
98 152
98 154
98 158
98 160
99 102
99 103
99 105
99 106
99 107
99 109
99 110
99 113
99 114
99 118
99 125
99 129
99 130
99 134
99 136
99 137
99 138
99 139
99 141
99 147
99 151
99 155
99 157
99 158
99 159
99 161
100 101
100 103
100 106
100 112
100 114
100 115
100 117
100 118
100 119
100 121
100 125
100 129
100 131
100 132
100 134
100 135
100 137
100 138
100 142
100 146
100 147
100 151
100 154
100 156
100 157
100 159
100 161
101 102
101 103
101 104
101 105
101 106
101 107
101 108
101 109
101 110
101 111
101 113
101 114
101 115
101 116
101 117
101 118
101 122
101 125
101 126
101 128
101 130
101 131
101 132
101 134
101 135
101 136
101 138
101 140
101 141
101 142
101 145
101 148
101 150
101 151
101 152
101 153
101 154
101 156
101 157
101 158
101 159
102 103
102 105
102 106
102 107
102 108
102 109
102 111
102 112
102 114
102 116
102 117
102 119
102 120
102 122
102 124
102 125
102 126
102 128
102 129
102 130
102 131
102 132
102 133
102 134
102 135
102 137
102 138
102 139
102 140
102 141
102 142
102 143
102 145
102 147
102 149
102 150
102 152
102 154
102 155
102 159
102 161
103 105
103 106
103 107
103 108
103 109
103 112
103 113
103 114
103 115
103 116
103 118
103 131
103 133
103 135
103 139
103 140
103 143
103 146
103 151
103 152
103 153
103 154
103 158
104 106
104 107
104 108
104 110
104 114
104 115
104 116
104 120
104 122
104 131
104 133
104 135
104 137
104 138
104 146
104 147
104 151
104 152
104 153
104 154
104 158
104 160
104 161
105 106
105 108
105 109
105 111
105 112
105 113
105 115
105 116
105 117
105 118
105 119
105 120
105 125
105 129
105 130
105 134
105 135
105 137
105 138
105 145
105 146
105 147
105 149
105 150
105 152
105 154
105 157
105 158
105 161
106 107
106 108
106 109
106 110
106 111
106 112
106 115
106 117
106 118
106 119
106 120
106 124
106 125
106 127
106 129
106 131
106 132
106 133
106 134
106 135
106 136
106 137
106 138
106 142
106 143
106 145
106 146
106 147
106 148
106 149
106 150
106 152
106 153
106 154
106 155
106 157
106 158
106 159
106 160
106 161
107 112
107 115
107 117
107 118
107 119
107 121
107 125
107 129
107 131
107 133
107 137
107 138
107 142
107 143
107 144
107 145
107 150
107 151
107 152
107 153
107 155
107 159
107 160
107 161
108 109
108 110
108 111
108 112
108 113
108 114
108 115
108 117
108 118
108 119
108 121
108 122
108 125
108 126
108 128
108 129
108 130
108 131
108 132
108 133
108 134
108 135
108 136
108 137
108 138
108 141
108 142
108 143
108 145
108 146
108 147
108 148
108 150
108 151
108 152
108 153
108 154
108 157
108 159
108 160
108 161
109 112
109 113
109 114
109 118
109 125
109 127
109 134
109 135
109 137
109 138
109 139
109 140
109 142
109 143
109 146
109 147
109 148
109 150
109 151
109 152
109 153
109 154
109 158
110 114
110 116
110 118
110 123
110 124
110 129
110 130
110 133
110 138
110 139
110 141
110 145
110 147
110 149
110 151
110 152
110 157
111 112
111 113
111 115
111 118
111 119
111 128
111 131
111 133
111 136
111 137
111 141
111 142
111 143
111 145
111 146
111 147
111 150
111 151
111 152
111 156
111 157
111 161
112 114
112 115
112 116
112 117
112 118
112 123
112 125
112 127
112 129
112 130
112 131
112 133
112 137
112 138
112 142
112 143
112 145
112 147
112 148
112 150
112 152
112 153
112 158
112 159
112 161
113 114
113 115
113 116
113 117
113 118
113 119
113 121
113 122
113 123
113 125
113 129
113 131
113 133
113 134
113 136
113 137
113 138
113 139
113 140
113 141
113 142
113 143
113 144
113 145
113 147
113 150
113 154
113 155
113 157
113 158
113 159
113 160
113 161
114 115
114 116
114 117
114 118
114 119
114 122
114 123
114 124
114 125
114 126
114 127
114 128
114 129
114 130
114 133
114 134
114 135
114 137
114 138
114 139
114 140
114 141
114 142
114 143
114 145
114 146
114 148
114 151
114 153
114 154
114 155
114 156
114 158
114 159
114 161
115 116
115 117
115 118
115 119
115 121
115 122
115 124
115 126
115 127
115 128
115 129
115 133
115 136
115 137
115 138
115 139
115 140
115 141
115 142
115 143
115 144
115 145
115 146
115 147
115 149
115 150
115 151
115 152
115 153
115 154
115 155
115 158
115 160
116 117
116 118
116 124
116 127
116 129
116 130
116 131
116 132
116 135
116 137
116 138
116 139
116 140
116 142
116 145
116 148
116 149
116 150
116 151
116 154
116 157
116 158
116 159
117 118
117 120
117 122
117 125
117 131
117 133
117 134
117 136
117 137
117 138
117 139
117 142
117 145
117 146
117 147
117 148
117 151
117 152
117 153
117 154
117 155
117 157
117 158
117 161
118 120
118 122
118 125
118 129
118 130
118 131
118 133
118 134
118 136
118 138
118 139
118 141
118 142
118 143
118 146
118 147
118 149
118 151
118 152
118 153
118 154
118 156
118 157
118 158
118 159
118 160
119 128
119 131
119 133
119 136
119 137
119 138
119 139
119 147
119 149
119 154
119 159
119 161
120 129
120 133
120 134
120 135
120 138
120 139
120 142
120 152
120 154
120 159
121 128
121 130
121 133
121 139
121 141
121 143
121 146
121 149
121 154
121 158
121 160
122 129
122 131
122 134
122 137
122 139
122 147
122 152
122 154
122 158
123 134
123 137
123 138
123 147
123 151
123 155
123 160
124 125
124 133
124 134
124 138
124 143
124 154
125 126
125 127
125 129
125 131
125 134
125 137
125 139
125 140
125 141
125 146
125 147
125 150
125 152
125 153
125 154
125 157
125 158
125 160
125 161
126 131
126 132
126 134
126 137
126 138
126 139
126 141
126 142
126 147
126 150
126 152
126 153
126 154
126 157
126 158
126 159
126 160
126 161
127 128
127 129
127 135
127 136
127 137
127 138
127 143
127 144
127 145
127 146
127 152
127 158
127 161
128 130
128 133
128 134
128 137
128 138
128 142
128 146
128 147
128 148
128 150
128 151
128 154
128 158
128 161
129 130
129 131
129 133
129 134
129 136
129 137
129 138
129 139
129 141
129 142
129 144
129 145
129 146
129 147
129 149
129 150
129 151
129 152
129 154
129 155
129 156
129 157
129 159
129 160
129 161
130 131
130 132
130 133
130 134
130 135
130 136
130 138
130 141
130 145
130 147
130 148
130 149
130 151
130 152
130 155
130 157
130 160
130 161
131 132
131 133
131 134
131 136
131 137
131 138
131 139
131 140
131 142
131 147
131 149
131 150
131 152
131 153
131 154
131 157
131 158
131 159
131 160
131 161
132 136
132 137
132 138
132 149
132 157
132 158
132 160
133 134
133 137
133 138
133 139
133 141
133 142
133 143
133 147
133 148
133 150
133 151
133 152
133 154
133 156
133 157
133 158
133 159
133 160
133 161
134 135
134 136
134 137
134 138
134 145
134 146
134 147
134 149
134 150
134 151
134 152
134 153
134 154
134 155
134 157
134 158
134 161
135 136
135 137
135 139
135 141
135 142
135 143
135 150
135 152
135 153
135 154
135 156
135 158
135 160
135 161
136 137
136 138
136 144
136 145
136 146
136 147
136 157
136 159
137 138
137 141
137 142
137 146
137 147
137 150
137 151
137 152
137 153
137 156
137 157
137 158
137 159
137 161
138 139
138 140
138 141
138 142
138 143
138 144
138 146
138 147
138 151
138 152
138 153
138 154
138 155
138 157
138 158
138 159
138 160
138 161
139 140
139 142
139 143
139 147
139 151
139 152
139 153
139 154
139 155
139 157
139 158
139 160
139 161
140 147
140 149
140 151
140 152
140 154
140 157
141 142
141 144
141 145
141 147
141 150
141 151
141 152
141 154
141 157
141 160
142 144
142 145
142 146
142 147
142 148
142 150
142 151
142 152
142 154
142 155
142 157
142 158
142 159
142 160
142 161
143 147
143 148
143 149
143 150
143 154
143 160
144 146
144 147
144 158
144 160
145 147
145 149
145 151
145 152
145 153
145 154
145 158
145 160
145 161
146 147
146 148
146 150
146 151
146 152
146 154
146 160
146 161
147 150
147 151
147 152
147 153
147 154
147 157
147 158
147 159
147 160
147 161
148 150
148 151
148 152
148 153
148 154
148 157
148 158
149 151
149 153
149 155
149 157
150 154
150 155
150 157
150 158
150 159
150 160
150 161
151 152
151 154
151 155
151 157
151 158
151 159
152 153
152 154
152 155
152 157
152 158
152 161
153 154
153 155
154 155
154 156
154 158
154 159
155 156
155 158
155 160
156 158
157 158
157 159
157 161
158 159
158 160
158 161
160 161
