0 6
0 7
0 11
0 12
0 13
0 24
0 26
0 28
0 31
0 32
0 38
0 41
0 44
0 49
0 50
0 51
0 53
0 54
0 55
0 57
0 62
0 66
0 67
0 72
0 74
0 77
0 81
0 83
0 84
0 87
0 88
0 89
0 93
0 96
0 99
0 100
0 102
0 105
0 106
0 108
0 109
0 110
0 113
0 114
0 115
0 125
0 126
0 129
0 130
0 133
0 134
0 138
0 139
0 140
0 145
0 147
0 154
0 156
0 158
0 159
1 2
1 4
1 5
1 6
1 7
1 8
1 10
1 11
1 16
1 21
1 22
1 25
1 26
1 30
1 32
1 33
1 35
1 37
1 38
1 40
1 42
1 44
1 45
1 46
1 47
1 49
1 51
1 54
1 55
1 56
1 58
1 59
1 61
1 63
1 64
1 65
1 67
1 68
1 69
1 70
1 71
1 73
1 77
1 79
1 82
1 84
1 85
1 89
1 94
1 95
1 96
1 97
1 99
1 100
1 101
1 104
1 105
1 106
1 108
1 110
1 112
1 113
1 114
1 115
1 116
1 118
1 125
1 129
1 134
1 138
1 139
1 141
1 142
1 146
1 147
1 148
1 152
1 154
1 157
1 158
1 161
2 4
2 7
2 8
2 9
2 11
2 13
2 14
2 19
2 21
2 22
2 28
2 31
2 32
2 34
2 35
2 37
2 44
2 45
2 46
2 49
2 52
2 53
2 54
2 64
2 65
2 66
2 67
2 68
2 70
2 73
2 74
2 75
2 76
2 79
2 80
2 85
2 86
2 89
2 90
2 91
2 94
2 96
2 101
2 102
2 103
2 106
2 108
2 112
2 114
2 116
2 117
2 125
2 126
2 129
2 130
2 133
2 137
2 139
2 141
2 144
2 147
2 151
2 152
2 158
2 161
3 6
3 7
3 9
3 10
3 11
3 13
3 14
3 18
3 19
3 24
3 26
3 30
3 31
3 34
3 39
3 40
3 43
3 46
3 48
3 49
3 54
3 55
3 56
3 58
3 66
3 68
3 70
3 71
3 72
3 73
3 74
3 79
3 80
3 81
3 85
3 89
3 94
3 95
3 99
3 102
3 106
3 108
3 109
3 111
3 114
3 115
3 116
3 125
3 126
3 129
3 131
3 138
3 139
3 142
3 147
3 148
3 150
3 152
3 153
3 154
3 161
4 5
4 6
4 9
4 11
4 13
4 14
4 16
4 17
4 19
4 20
4 21
4 25
4 26
4 27
4 30
4 31
4 32
4 33
4 34
4 37
4 38
4 41
4 42
4 43
4 44
4 45
4 46
4 49
4 50
4 51
4 54
4 55
4 56
4 57
4 59
4 61
4 62
4 63
4 64
4 65
4 66
4 67
4 68
4 70
4 71
4 74
4 75
4 76
4 77
4 79
4 81
4 84
4 85
4 87
4 88
4 89
4 91
4 94
4 97
4 101
4 102
4 103
4 104
4 105
4 106
4 108
4 109
4 111
4 112
4 113
4 117
4 118
4 119
4 120
4 122
4 123
4 125
4 126
4 127
4 128
4 129
4 130
4 133
4 134
4 137
4 138
4 139
4 140
4 143
4 145
4 146
4 147
4 148
4 149
4 150
4 151
4 152
4 153
4 154
4 157
4 158
4 161
5 6
5 7
5 8
5 10
5 13
5 19
5 25
5 40
5 44
5 54
5 65
5 67
5 68
5 70
5 71
5 72
5 74
5 82
5 84
5 88
5 90
5 91
5 93
5 99
5 102
5 104
5 113
5 116
5 133
5 137
5 139
5 141
5 152
5 154
5 159
6 7
6 8
6 9
6 10
6 11
6 13
6 14
6 16
6 19
6 21
6 22
6 24
6 26
6 27
6 28
6 29
6 30
6 31
6 32
6 34
6 36
6 37
6 38
6 39
6 42
6 44
6 45
6 46
6 48
6 49
6 51
6 53
6 54
6 55
6 56
6 58
6 61
6 63
6 64
6 65
6 67
6 69
6 70
6 72
6 73
6 74
6 75
6 76
6 77
6 78
6 79
6 80
6 81
6 83
6 84
6 86
6 88
6 91
6 92
6 93
6 94
6 96
6 97
6 100
6 101
6 103
6 105
6 106
6 107
6 108
6 110
6 111
6 113
6 114
6 115
6 116
6 117
6 118
6 120
6 122
6 124
6 125
6 126
6 128
6 129
6 131
6 133
6 134
6 136
6 137
6 138
6 139
6 140
6 141
6 142
6 143
6 144
6 149
6 150
6 152
6 154
6 155
6 157
6 158
6 160
6 161
7 8
7 9
7 10
7 14
7 16
7 18
7 20
7 21
7 22
7 24
7 27
7 29
7 30
7 31
7 32
7 33
7 35
7 36
7 37
7 38
7 40
7 42
7 43
7 44
7 45
7 48
7 49
7 51
7 52
7 53
7 54
7 55
7 56
7 57
7 58
7 59
7 61
7 62
7 64
7 65
7 66
7 68
7 69
7 71
7 72
7 73
7 74
7 75
7 76
7 79
7 81
7 82
7 83
7 88
7 89
7 90
7 92
7 93
7 94
7 96
7 97
7 99
7 100
7 101
7 102
7 103
7 105
7 106
7 107
7 108
7 109
7 110
7 112
7 114
7 115
7 116
7 117
7 118
7 119
7 121
7 125
7 126
7 128
7 129
7 130
7 131
7 132
7 133
7 134
7 135
7 136
7 137
7 139
7 141
7 142
7 145
7 146
7 148
7 149
7 150
7 151
7 152
7 153
7 154
7 155
7 156
7 157
7 158
7 160
7 161
8 11
8 14
8 15
8 19
8 21
8 30
8 31
8 32
8 39
8 40
8 44
8 49
8 52
8 54
8 55
8 56
8 64
8 66
8 67
8 68
8 70
8 72
8 73
8 78
8 79
8 80
8 82
8 83
8 86
8 87
8 89
8 92
8 93
8 95
8 96
8 101
8 105
8 106
8 108
8 109
8 114
8 117
8 131
8 134
8 135
8 137
8 138
8 140
8 145
8 147
8 151
8 152
8 154
8 157
8 158
8 160
9 10
9 12
9 19
9 21
9 24
9 25
9 26
9 28
9 31
9 32
9 33
9 35
9 36
9 38
9 39
9 43
9 45
9 48
9 49
9 52
9 54
9 55
9 57
9 58
9 62
9 64
9 65
9 66
9 67
9 70
9 71
9 72
9 73
9 75
9 76
9 77
9 79
9 80
9 87
9 89
9 91
9 92
9 93
9 94
9 97
9 99
9 100
9 101
9 102
9 103
9 105
9 106
9 107
9 108
9 109
9 112
9 113
9 114
9 115
9 117
9 125
9 129
9 130
9 131
9 133
9 134
9 135
9 137
9 139
9 141
9 146
9 147
9 149
9 150
9 151
9 152
9 153
9 155
9 161
10 13
10 14
10 16
10 19
10 21
10 23
10 25
10 30
10 32
10 35
10 36
10 38
10 41
10 42
10 45
10 49
10 50
10 51
10 53
10 54
10 55
10 56
10 61
10 63
10 64
10 65
10 67
10 68
10 72
10 73
10 74
10 75
10 77
10 79
10 80
10 83
10 84
10 85
10 87
10 89
10 95
10 97
10 98
10 99
10 100
10 101
10 103
10 105
10 108
10 109
10 113
10 117
10 118
10 125
10 128
10 129
10 132
10 134
10 135
10 136
10 137
10 138
10 139
10 141
10 144
10 145
10 147
10 148
10 149
10 150
10 151
10 152
10 153
10 154
10 155
10 158
10 161
11 12
11 13
11 14
11 19
11 20
11 21
11 25
11 26
11 29
11 30
11 31
11 32
11 38
11 39
11 40
11 41
11 44
11 48
11 49
11 50
11 51
11 52
11 53
11 54
11 55
11 56
11 59
11 60
11 62
11 66
11 68
11 69
11 70
11 71
11 72
11 73
11 75
11 76
11 77
11 79
11 87
11 89
11 91
11 92
11 93
11 94
11 98
11 100
11 105
11 106
11 107
11 108
11 109
11 113
11 114
11 115
11 117
11 118
11 120
11 122
11 123
11 126
11 128
11 129
11 130
11 131
11 132
11 133
11 134
11 135
11 137
11 138
11 141
11 142
11 143
11 146
11 149
11 150
11 152
11 155
11 157
11 158
11 159
11 161
12 14
12 15
12 17
12 21
12 29
12 31
12 33
12 34
12 39
12 40
12 42
12 44
12 45
12 49
12 51
12 52
12 55
12 57
12 58
12 59
12 61
12 62
12 63
12 64
12 65
12 66
12 67
12 68
12 69
12 70
12 71
12 72
12 74
12 80
12 83
12 84
12 90
12 91
12 97
12 98
12 99
12 100
12 102
12 107
12 109
12 111
12 112
12 115
12 118
12 119
12 125
12 126
12 127
12 131
12 133
12 136
12 137
12 140
12 141
12 147
12 151
12 152
12 153
12 154
12 157
12 158
12 160
13 14
13 22
13 24
13 26
13 34
13 35
13 36
13 37
13 38
13 40
13 41
13 43
13 44
13 45
13 47
13 49
13 50
13 51
13 52
13 53
13 54
13 56
13 58
13 61
13 63
13 64
13 65
13 67
13 68
13 71
13 73
13 74
13 79
13 85
13 87
13 89
13 90
13 91
13 100
13 101
13 102
13 104
13 105
13 106
13 108
13 109
13 113
13 114
13 117
13 118
13 125
13 129
13 130
13 133
13 134
13 136
13 137
13 138
13 141
13 143
13 146
13 147
13 149
13 150
13 153
13 154
13 157
13 159
13 160
13 161
14 15
14 18
14 19
14 21
14 22
14 24
14 25
14 26
14 29
14 30
14 31
14 32
14 33
14 34
14 36
14 37
14 38
14 39
14 40
14 43
14 45
14 46
14 50
14 51
14 52
14 54
14 55
14 56
14 57
14 58
14 59
14 61
14 62
14 64
14 65
14 66
14 67
14 68
14 69
14 70
14 71
14 72
14 74
14 76
14 77
14 79
14 80
14 81
14 82
14 83
14 84
14 86
14 87
14 89
14 90
14 94
14 95
14 98
14 99
14 101
14 102
14 104
14 105
14 106
14 108
14 109
14 110
14 112
14 113
14 114
14 115
14 117
14 118
14 119
14 122
14 123
14 125
14 126
14 127
14 128
14 129
14 130
14 131
14 132
14 133
14 134
14 136
14 137
14 138
14 139
14 140
14 141
14 142
14 144
14 145
14 146
14 147
14 148
14 149
14 151
14 152
14 153
14 155
14 157
14 158
14 159
15 21
15 23
15 25
15 26
15 30
15 31
15 32
15 35
15 36
15 38
15 40
15 44
15 51
15 52
15 54
15 55
15 58
15 59
15 64
15 65
15 66
15 68
15 70
15 71
15 74
15 76
15 77
15 81
15 82
15 84
15 87
15 89
15 95
15 102
15 103
15 105
15 107
15 108
15 109
15 113
15 117
15 118
15 121
15 123
15 126
15 127
15 128
15 129
15 131
15 134
15 136
15 140
15 147
15 151
15 154
16 21
16 22
16 26
16 27
16 30
16 32
16 34
16 37
16 38
16 44
16 49
16 51
16 58
16 64
16 65
16 66
16 69
16 70
16 72
16 73
16 80
16 84
16 86
16 89
16 94
16 95
16 101
16 104
16 105
16 113
16 117
16 118
16 127
16 131
16 133
16 134
16 142
16 147
16 150
16 152
16 154
16 158
17 29
17 30
17 31
17 35
17 36
17 38
17 39
17 44
17 50
17 52
17 56
17 59
17 63
17 64
17 70
17 74
17 79
17 84
17 88
17 89
17 91
17 101
17 106
17 108
17 109
17 111
17 114
17 117
17 118
17 119
17 129
17 130
17 131
17 136
17 137
17 138
17 139
17 141
17 142
17 150
17 155
17 156
17 158
18 19
18 24
18 25
18 26
18 32
18 35
18 36
18 40
18 43
18 45
18 47
18 49
18 51
18 53
18 54
18 56
18 58
18 64
18 65
18 66
18 68
18 70
18 71
18 72
18 74
18 77
18 80
18 89
18 93
18 94
18 106
18 108
18 111
18 112
18 113
18 115
18 119
18 122
18 125
18 126
18 127
18 130
18 134
18 135
18 137
18 138
18 139
18 151
18 152
18 153
18 154
18 157
18 158
18 161
19 25
19 26
19 28
19 29
19 30
19 31
19 34
19 35
19 37
19 38
19 39
19 42
19 43
19 44
19 45
19 46
19 48
19 49
19 50
19 51
19 52
19 53
19 54
19 56
19 58
19 59
19 61
19 62
19 63
19 64
19 66
19 67
19 69
19 70
19 71
19 72
19 74
19 75
19 76
19 77
19 78
19 82
19 83
19 84
19 86
19 87
19 88
19 89
19 90
19 91
19 92
19 94
19 97
19 98
19 101
19 102
19 104
19 105
19 106
19 107
19 108
19 109
19 111
19 112
19 113
19 114
19 115
19 116
19 117
19 118
19 122
19 125
19 126
19 127
19 128
19 129
19 133
19 135
19 136
19 137
19 138
19 139
19 140
19 143
19 145
19 147
19 148
19 149
19 151
19 152
19 153
19 154
19 155
19 157
19 158
19 160
20 21
20 22
20 23
20 24
20 28
20 29
20 32
20 34
20 35
20 38
20 40
20 43
20 46
20 49
20 52
20 54
20 59
20 64
20 65
20 66
20 68
20 69
20 70
20 71
20 72
20 74
20 80
20 84
20 87
20 89
20 93
20 94
20 105
20 108
20 116
20 117
20 124
20 129
20 136
20 137
20 139
20 140
20 142
20 147
20 150
20 151
20 152
20 154
20 159
21 22
21 23
21 26
21 27
21 28
21 30
21 32
21 33
21 34
21 35
21 37
21 38
21 39
21 40
21 41
21 42
21 43
21 44
21 49
21 50
21 51
21 53
21 55
21 56
21 57
21 63
21 64
21 66
21 67
21 68
21 69
21 70
21 71
21 74
21 77
21 79
21 80
21 81
21 83
21 84
21 87
21 88
21 89
21 91
21 92
21 94
21 95
21 96
21 97
21 99
21 100
21 101
21 103
21 104
21 105
21 107
21 109
21 111
21 114
21 117
21 118
21 119
21 120
21 127
21 128
21 129
21 131
21 133
21 134
21 137
21 138
21 139
21 140
21 141
21 142
21 143
21 144
21 145
21 147
21 148
21 149
21 150
21 151
21 152
21 153
21 154
21 156
21 157
21 158
21 159
21 160
21 161
22 23
22 26
22 30
22 32
22 34
22 36
22 39
22 40
22 45
22 50
22 52
22 54
22 63
22 64
22 65
22 71
22 72
22 73
22 74
22 75
22 82
22 84
22 86
22 89
22 95
22 98
22 106
22 107
22 112
22 114
22 115
22 117
22 119
22 121
22 125
22 126
22 131
22 132
22 133
22 134
22 136
22 139
22 140
22 143
22 145
22 147
22 151
22 157
22 159
22 161
23 24
23 26
23 28
23 30
23 38
23 40
23 42
23 46
23 51
23 54
23 55
23 56
23 58
23 67
23 68
23 69
23 71
23 75
23 87
23 89
23 94
23 106
23 108
23 109
23 117
23 120
23 125
23 129
23 131
23 134
23 136
23 140
23 150
23 151
23 152
23 156
23 158
24 29
24 31
24 40
24 44
24 45
24 46
24 49
24 54
24 57
24 58
24 59
24 62
24 64
24 65
24 67
24 70
24 73
24 74
24 79
24 80
24 81
24 82
24 84
24 86
24 87
24 89
24 94
24 97
24 99
24 101
24 102
24 103
24 106
24 107
24 109
24 112
24 113
24 114
24 115
24 117
24 118
24 119
24 123
24 127
24 129
24 133
24 134
24 142
24 146
24 151
24 152
24 154
24 158
24 160
25 26
25 30
25 31
25 32
25 36
25 37
25 38
25 39
25 43
25 44
25 46
25 47
25 49
25 51
25 53
25 61
25 62
25 63
25 64
25 66
25 67
25 68
25 69
25 70
25 72
25 73
25 74
25 77
25 78
25 79
25 80
25 83
25 85
25 87
25 88
25 89
25 90
25 91
25 92
25 95
25 97
25 98
25 100
25 101
25 103
25 105
25 106
25 107
25 108
25 109
25 110
25 113
25 115
25 117
25 118
25 119
25 124
25 125
25 131
25 134
25 135
25 137
25 138
25 139
25 142
25 143
25 146
25 147
25 149
25 150
25 151
25 153
25 154
25 158
25 159
25 160
26 27
26 28
26 29
26 30
26 32
26 33
26 35
26 36
26 38
26 39
26 40
26 43
26 45
26 46
26 48
26 49
26 50
26 52
26 53
26 54
26 56
26 58
26 59
26 60
26 61
26 64
26 65
26 66
26 67
26 69
26 70
26 72
26 74
26 75
26 77
26 79
26 80
26 83
26 84
26 86
26 87
26 89
26 92
26 94
26 95
26 96
26 97
26 98
26 99
26 100
26 102
26 103
26 106
26 108
26 109
26 111
26 112
26 114
26 115
26 117
26 118
26 120
26 123
26 124
26 125
26 126
26 128
26 129
26 130
26 131
26 133
26 134
26 135
26 136
26 137
26 139
26 140
26 141
26 142
26 143
26 145
26 146
26 147
26 149
26 150
26 151
26 152
26 153
26 154
26 158
26 159
26 161
27 31
27 35
27 43
27 45
27 49
27 53
27 56
27 61
27 64
27 67
27 71
27 72
27 74
27 77
27 97
27 98
27 105
27 107
27 109
27 115
27 116
27 117
27 125
27 130
27 131
27 136
27 138
27 142
27 147
27 149
27 150
27 151
27 152
27 153
27 154
27 160
28 29
28 30
28 35
28 36
28 40
28 43
28 45
28 49
28 50
28 51
28 63
28 67
28 70
28 71
28 72
28 74
28 84
28 87
28 89
28 90
28 94
28 97
28 101
28 102
28 103
28 108
28 109
28 115
28 117
28 118
28 120
28 128
28 129
28 131
28 135
28 137
28 138
28 142
28 144
28 146
28 147
28 149
28 151
28 152
28 154
28 155
28 158
28 160
28 161
29 30
29 35
29 37
29 40
29 45
29 52
29 54
29 56
29 63
29 65
29 66
29 67
29 69
29 70
29 71
29 72
29 79
29 80
29 86
29 91
29 92
29 101
29 102
29 106
29 109
29 111
29 112
29 114
29 116
29 117
29 118
29 129
29 131
29 134
29 137
29 139
29 140
29 141
29 142
29 144
29 145
29 146
29 149
29 150
29 151
29 157
29 158
29 160
30 31
30 32
30 33
30 34
30 35
30 39
30 40
30 42
30 43
30 44
30 45
30 46
30 48
30 49
30 50
30 51
30 53
30 54
30 55
30 56
30 58
30 59
30 60
30 61
30 63
30 64
30 65
30 66
30 67
30 68
30 69
30 70
30 71
30 72
30 73
30 74
30 76
30 79
30 80
30 82
30 84
30 87
30 89
30 90
30 94
30 96
30 99
30 100
30 102
30 104
30 105
30 106
30 107
30 108
30 109
30 110
30 111
30 112
30 113
30 114
30 115
30 117
30 118
30 125
30 126
30 128
30 131
30 132
30 133
30 134
30 136
30 137
30 138
30 139
30 142
30 145
30 146
30 147
30 150
30 151
30 152
30 153
30 154
30 157
30 160
31 32
31 34
31 35
31 36
31 38
31 39
31 40
31 42
31 43
31 46
31 49
31 50
31 51
31 52
31 53
31 54
31 56
31 58
31 59
31 62
31 63
31 64
31 66
31 68
31 69
31 70
31 71
31 72
31 73
31 74
31 75
31 76
31 77
31 79
31 81
31 82
31 83
31 84
31 85
31 86
31 87
31 88
31 89
31 91
31 92
31 94
31 96
31 97
31 98
31 99
31 101
31 102
31 104
31 105
31 106
31 107
31 108
31 109
31 110
31 111
31 113
31 114
31 115
31 118
31 121
31 122
31 123
31 125
31 126
31 127
31 129
31 130
31 131
31 132
31 133
31 134
31 135
31 137
31 138
31 139
31 143
31 145
31 146
31 147
31 149
31 150
31 152
31 153
31 155
31 157
31 159
31 160
31 161
32 33
32 34
32 35
32 37
32 38
32 39
32 40
32 41
32 42
32 44
32 49
32 50
32 51
32 53
32 54
32 55
32 56
32 57
32 58
32 61
32 62
32 64
32 65
32 66
32 68
32 69
32 70
32 72
32 73
32 74
32 75
32 80
32 82
32 84
32 85
32 87
32 90
32 91
32 92
32 94
32 97
32 100
32 101
32 102
32 103
32 105
32 106
32 108
32 109
32 110
32 111
32 112
32 113
32 114
32 115
32 116
32 117
32 118
32 123
32 124
32 125
32 129
32 130
32 132
32 137
32 138
32 139
32 140
32 142
32 143
32 145
32 147
32 148
32 151
32 152
32 153
32 154
32 156
32 158
32 161
33 34
33 35
33 36
33 38
33 40
33 42
33 54
33 55
33 56
33 64
33 66
33 71
33 73
33 74
33 75
33 79
33 83
33 88
33 89
33 91
33 94
33 101
33 105
33 109
33 111
33 114
33 125
33 133
33 140
33 141
33 142
33 148
33 152
33 153
33 157
33 161
34 35
34 38
34 39
34 40
34 41
34 44
34 46
34 49
34 51
34 54
34 55
34 56
34 58
34 62
34 64
34 67
34 68
34 69
34 70
34 71
34 73
34 74
34 77
34 82
34 84
34 89
34 91
34 93
34 94
34 95
34 101
34 103
34 104
34 109
34 111
34 112
34 113
34 115
34 117
34 118
34 120
34 123
34 128
34 133
34 135
34 137
34 138
34 139
34 142
34 151
34 152
34 153
34 154
34 155
34 158
34 159
34 160
35 36
35 39
35 40
35 41
35 43
35 44
35 46
35 47
35 48
35 49
35 50
35 51
35 54
35 55
35 56
35 58
35 59
35 61
35 63
35 66
35 67
35 69
35 70
35 71
35 72
35 73
35 74
35 75
35 77
35 79
35 80
35 83
35 85
35 87
35 88
35 89
35 92
35 93
35 95
35 96
35 97
35 98
35 100
35 101
35 102
35 103
35 106
35 108
35 109
35 111
35 115
35 116
35 117
35 118
35 121
35 122
35 123
35 125
35 126
35 129
35 131
35 134
35 135
35 137
35 138
35 139
35 142
35 143
35 144
35 146
35 147
35 149
35 150
35 152
35 153
35 154
35 155
35 157
35 158
35 161
36 37
36 39
36 41
36 44
36 46
36 49
36 52
36 55
36 56
36 58
36 61
36 64
36 65
36 66
36 67
36 68
36 69
36 70
36 72
36 74
36 79
36 80
36 83
36 84
36 86
36 91
36 93
36 96
36 97
36 98
36 101
36 103
36 105
36 106
36 107
36 108
36 112
36 113
36 114
36 115
36 116
36 117
36 118
36 119
36 120
36 123
36 125
36 126
36 127
36 129
36 133
36 134
36 139
36 141
36 142
36 147
36 151
36 152
36 154
36 155
36 157
36 159
36 161
37 39
37 40
37 43
37 45
37 49
37 51
37 53
37 54
37 55
37 56
37 58
37 59
37 63
37 67
37 68
37 70
37 71
37 72
37 73
37 74
37 75
37 77
37 82
37 83
37 84
37 86
37 87
37 88
37 89
37 90
37 94
37 97
37 99
37 102
37 106
37 108
37 110
37 112
37 117
37 118
37 127
37 129
37 131
37 133
37 134
37 135
37 137
37 138
37 141
37 142
37 145
37 151
37 152
37 157
37 159
37 161
38 39
38 40
38 41
38 42
38 43
38 45
38 48
38 51
38 54
38 55
38 58
38 61
38 64
38 65
38 67
38 68
38 69
38 71
38 72
38 73
38 74
38 75
38 76
38 78
38 79
38 80
38 84
38 85
38 86
38 88
38 92
38 94
38 95
38 96
38 97
38 99
38 100
38 101
38 103
38 105
38 106
38 107
38 108
38 109
38 112
38 113
38 115
38 116
38 118
38 119
38 125
38 128
38 133
38 135
38 136
38 137
38 138
38 139
38 142
38 143
38 145
38 146
38 147
38 148
38 151
38 152
38 153
38 155
38 157
38 158
38 160
38 161
39 40
39 45
39 51
39 53
39 54
39 55
39 56
39 57
39 58
39 60
39 62
39 63
39 65
39 67
39 68
39 69
39 71
39 72
39 74
39 83
39 89
39 92
39 93
39 94
39 96
39 101
39 104
39 105
39 106
39 108
39 110
39 113
39 114
39 118
39 130
39 131
39 133
39 134
39 136
39 137
39 138
39 141
39 142
39 147
39 151
39 152
39 154
39 159
39 160
40 41
40 42
40 43
40 46
40 49
40 50
40 51
40 52
40 53
40 54
40 56
40 58
40 59
40 61
40 62
40 63
40 64
40 65
40 66
40 67
40 68
40 70
40 71
40 72
40 73
40 74
40 75
40 76
40 77
40 78
40 80
40 81
40 83
40 84
40 85
40 86
40 88
40 89
40 92
40 93
40 94
40 95
40 97
40 98
40 99
40 100
40 102
40 104
40 105
40 106
40 108
40 109
40 110
40 111
40 112
40 113
40 114
40 116
40 117
40 118
40 119
40 120
40 122
40 123
40 125
40 126
40 127
40 128
40 129
40 130
40 131
40 132
40 133
40 134
40 135
40 136
40 138
40 140
40 141
40 142
40 143
40 146
40 147
40 150
40 151
40 153
40 154
40 155
40 157
40 158
40 159
40 160
40 161
41 45
41 48
41 50
41 51
41 53
41 54
41 61
41 63
41 64
41 67
41 68
41 69
41 70
41 72
41 73
41 74
41 75
41 76
41 77
41 82
41 85
41 87
41 91
41 97
41 99
41 101
41 104
41 105
41 114
41 129
41 130
41 137
41 138
41 142
41 146
41 147
41 153
42 46
42 47
42 48
42 52
42 54
42 55
42 56
42 59
42 63
42 64
42 65
42 66
42 67
42 68
42 69
42 70
42 73
42 74
42 75
42 84
42 93
42 94
42 98
42 100
42 101
42 104
42 105
42 106
42 108
42 109
42 110
42 114
42 115
42 116
42 118
42 129
42 130
42 132
42 137
42 138
42 139
42 143
42 145
42 146
42 147
42 149
42 150
42 152
42 154
42 160
43 45
43 46
43 48
43 49
43 50
43 51
43 54
43 58
43 63
43 65
43 66
43 67
43 68
43 70
43 71
43 73
43 75
43 76
43 77
43 79
43 80
43 81
43 84
43 86
43 87
43 88
43 89
43 93
43 94
43 96
43 101
43 102
43 103
43 105
43 107
43 108
43 114
43 115
43 117
43 118
43 123
43 125
43 128
43 131
43 134
43 138
43 141
43 142
43 148
43 149
43 150
43 151
43 152
43 153
43 154
43 156
43 157
43 158
43 160
44 46
44 48
44 49
44 51
44 52
44 53
44 54
44 56
44 59
44 63
44 64
44 65
44 67
44 68
44 69
44 70
44 74
44 75
44 76
44 77
44 78
44 79
44 83
44 84
44 87
44 89
44 91
44 92
44 95
44 96
44 97
44 99
44 101
44 102
44 103
44 104
44 105
44 106
44 107
44 109
44 112
44 113
44 115
44 117
44 118
44 119
44 122
44 126
44 129
44 131
44 133
44 134
44 135
44 138
44 141
44 142
44 143
44 146
44 147
44 150
44 151
44 152
44 154
44 157
44 158
44 159
44 160
44 161
45 48
45 49
45 51
45 52
45 54
45 55
45 57
45 58
45 59
45 61
45 64
45 65
45 66
45 67
45 68
45 69
45 70
45 71
45 72
45 74
45 75
45 76
45 79
45 80
45 84
45 85
45 86
45 87
45 88
45 89
45 90
45 93
45 94
45 97
45 100
45 101
45 102
45 103
45 105
45 107
45 108
45 109
45 111
45 112
45 113
45 114
45 115
45 116
45 117
45 119
45 123
45 125
45 126
45 127
45 129
45 130
45 133
45 134
45 135
45 136
45 137
45 138
45 139
45 141
45 143
45 146
45 147
45 148
45 151
45 152
45 153
45 154
45 157
46 49
46 50
46 51
46 54
46 56
46 57
46 58
46 59
46 62
46 63
46 64
46 69
46 70
46 71
46 74
46 79
46 83
46 88
46 89
46 93
46 94
46 95
46 96
46 99
46 101
46 105
46 106
46 107
46 108
46 110
46 111
46 113
46 114
46 115
46 116
46 118
46 125
46 128
46 129
46 130
46 131
46 133
46 134
46 139
46 142
46 145
46 148
46 150
46 152
46 153
46 158
46 161
47 53
47 56
47 72
47 91
47 95
47 96
47 98
47 102
47 106
47 110
47 118
47 122
47 125
47 134
47 137
47 138
47 141
47 142
47 152
47 155
47 156
47 158
48 51
48 55
48 56
48 59
48 61
48 68
48 72
48 74
48 82
48 83
48 84
48 85
48 89
48 92
48 94
48 97
48 104
48 105
48 106
48 107
48 108
48 109
48 115
48 125
48 126
48 129
48 130
48 133
48 137
48 138
48 142
48 146
48 149
48 153
48 155
48 159
49 51
49 52
49 53
49 54
49 55
49 56
49 58
49 59
49 60
49 61
49 62
49 63
49 64
49 65
49 66
49 67
49 68
49 69
49 71
49 72
49 73
49 75
49 77
49 79
49 80
49 81
49 82
49 83
49 84
49 85
49 86
49 87
49 89
49 91
49 93
49 94
49 96
49 97
49 98
49 101
49 102
49 103
49 105
49 106
49 107
49 109
49 111
49 112
49 113
49 114
49 115
49 116
49 117
49 118
49 120
49 123
49 125
49 126
49 127
49 129
49 131
49 132
49 133
49 134
49 135
49 136
49 137
49 138
49 139
49 140
49 142
49 144
49 145
49 146
49 147
49 148
49 149
49 151
49 152
49 153
49 154
49 155
49 156
49 157
49 160
49 161
50 51
50 53
50 54
50 57
50 59
50 64
50 69
50 70
50 71
50 72
50 73
50 74
50 75
50 77
50 79
50 80
50 83
50 84
50 85
50 87
50 88
50 91
50 92
50 94
50 95
50 97
50 99
50 102
50 104
50 106
50 108
50 111
50 114
50 116
50 117
50 118
50 125
50 128
50 129
50 130
50 134
50 135
50 136
50 137
50 138
50 142
50 150
50 151
50 152
50 153
50 154
50 156
50 157
50 158
51 53
51 54
51 55
51 58
51 60
51 61
51 62
51 63
51 64
51 65
51 66
51 67
51 68
51 69
51 70
51 71
51 72
51 73
51 74
51 75
51 76
51 77
51 79
51 80
51 81
51 82
51 84
51 85
51 86
51 87
51 89
51 91
51 92
51 93
51 94
51 95
51 97
51 101
51 102
51 103
51 104
51 105
51 106
51 108
51 110
51 111
51 112
51 113
51 114
51 115
51 116
51 117
51 118
51 119
51 121
51 125
51 126
51 127
51 128
51 129
51 130
51 131
51 133
51 134
51 136
51 137
51 138
51 139
51 142
51 144
51 145
51 146
51 147
51 148
51 149
51 150
51 151
51 152
51 153
51 154
51 155
51 156
51 157
51 158
51 159
51 160
52 53
52 54
52 55
52 56
52 60
52 63
52 64
52 65
52 67
52 69
52 70
52 71
52 76
52 77
52 79
52 81
52 83
52 84
52 86
52 93
52 94
52 101
52 104
52 105
52 109
52 112
52 113
52 117
52 118
52 125
52 126
52 127
52 129
52 130
52 132
52 133
52 135
52 137
52 138
52 142
52 143
52 146
52 147
52 150
52 152
52 153
52 155
52 158
53 54
53 56
53 61
53 62
53 63
53 65
53 67
53 69
53 70
53 73
53 74
53 77
53 84
53 87
53 94
53 99
53 101
53 102
53 109
53 112
53 114
53 115
53 117
53 125
53 129
53 137
53 138
53 142
53 143
53 145
53 152
53 157
53 158
53 159
53 160
54 55
54 57
54 58
54 60
54 61
54 62
54 63
54 64
54 66
54 67
54 68
54 69
54 70
54 71
54 74
54 75
54 76
54 77
54 79
54 80
54 82
54 83
54 84
54 86
54 87
54 88
54 90
54 91
54 92
54 93
54 94
54 95
54 96
54 99
54 100
54 101
54 102
54 106
54 107
54 109
54 110
54 111
54 112
54 113
54 114
54 115
54 116
54 118
54 119
54 120
54 121
54 124
54 125
54 127
54 128
54 129
54 130
54 131
54 133
54 134
54 135
54 136
54 137
54 138
54 139
54 141
54 142
54 145
54 146
54 147
54 148
54 149
54 150
54 151
54 152
54 154
54 155
54 157
54 158
54 159
54 160
54 161
55 56
55 58
55 59
55 62
55 63
55 64
55 65
55 67
55 68
55 69
55 71
55 72
55 73
55 74
55 77
55 79
55 80
55 82
55 84
55 85
55 87
55 89
55 93
55 95
55 98
55 100
55 104
55 105
55 106
55 107
55 108
55 109
55 111
55 112
55 113
55 117
55 118
55 120
55 126
55 127
55 129
55 130
55 131
55 133
55 137
55 138
55 142
55 143
55 144
55 146
55 147
55 151
55 152
55 154
55 159
56 57
56 59
56 60
56 61
56 63
56 64
56 65
56 66
56 67
56 68
56 69
56 70
56 72
56 74
56 75
56 76
56 77
56 79
56 81
56 82
56 84
56 86
56 87
56 88
56 89
56 90
56 94
56 96
56 97
56 101
56 102
56 104
56 108
56 109
56 110
56 112
56 113
56 114
56 115
56 117
56 118
56 119
56 122
56 124
56 125
56 126
56 127
56 129
56 130
56 131
56 133
56 134
56 135
56 137
56 138
56 139
56 141
56 142
56 146
56 147
56 150
56 151
56 152
56 154
56 157
56 158
56 161
57 61
57 65
57 70
57 71
57 72
57 73
57 74
57 79
57 88
57 96
57 97
57 100
57 101
57 102
57 103
57 105
57 106
57 113
57 117
57 118
57 123
57 125
57 131
57 133
57 134
57 137
57 138
57 139
57 142
57 145
57 152
57 154
57 157
57 159
57 160
57 161
58 63
58 64
58 65
58 67
58 69
58 70
58 72
58 73
58 74
58 79
58 86
58 88
58 89
58 92
58 94
58 95
58 97
58 99
58 101
58 103
58 106
58 108
58 110
58 111
58 113
58 114
58 115
58 118
58 123
58 125
58 127
58 129
58 133
58 135
58 138
58 139
58 140
58 142
58 145
58 149
58 150
58 151
58 152
58 154
58 155
58 157
58 158
58 159
59 61
59 64
59 65
59 66
59 68
59 70
59 72
59 73
59 74
59 83
59 88
59 89
59 90
59 91
59 92
59 94
59 99
59 100
59 101
59 102
59 103
59 104
59 105
59 106
59 108
59 112
59 113
59 114
59 116
59 118
59 119
59 120
59 127
59 129
59 130
59 131
59 133
59 134
59 135
59 137
59 138
59 139
59 142
59 143
59 146
59 147
59 150
59 152
59 154
59 158
59 160
60 67
60 70
60 71
60 72
60 77
60 87
60 89
60 92
60 93
60 98
60 105
60 107
60 111
60 115
60 118
60 130
60 137
60 142
60 152
60 153
60 159
61 62
61 63
61 65
61 68
61 71
61 74
61 76
61 77
61 80
61 85
61 87
61 89
61 91
61 94
61 95
61 96
61 97
61 101
61 105
61 108
61 112
61 114
61 115
61 117
61 123
61 125
61 129
61 130
61 131
61 133
61 137
61 141
61 146
61 147
61 157
61 158
61 161
62 64
62 66
62 70
62 71
62 73
62 74
62 79
62 82
62 84
62 87
62 89
62 93
62 97
62 99
62 100
62 103
62 105
62 106
62 108
62 109
62 112
62 114
62 115
62 117
62 118
62 125
62 129
62 130
62 131
62 134
62 135
62 138
62 139
62 146
62 147
62 148
62 149
62 150
62 154
62 155
62 158
62 161
63 64
63 65
63 66
63 67
63 68
63 69
63 70
63 71
63 72
63 74
63 76
63 77
63 79
63 80
63 81
63 85
63 87
63 89
63 93
63 94
63 95
63 100
63 101
63 102
63 103
63 105
63 108
63 109
63 111
63 112
63 114
63 115
63 116
63 118
63 125
63 126
63 127
63 128
63 129
63 130
63 131
63 132
63 133
63 134
63 135
63 137
63 138
63 140
63 142
63 145
63 147
63 149
63 151
63 152
63 153
63 158
63 160
63 161
64 65
64 66
64 67
64 68
64 69
64 70
64 71
64 72
64 73
64 75
64 76
64 77
64 79
64 80
64 81
64 82
64 83
64 84
64 85
64 86
64 87
64 88
64 89
64 91
64 92
64 93
64 94
64 95
64 97
64 99
64 100
64 101
64 102
64 103
64 104
64 105
64 106
64 107
64 109
64 111
64 112
64 113
64 114
64 115
64 116
64 117
64 118
64 119
64 124
64 125
64 126
64 129
64 130
64 131
64 132
64 133
64 134
64 135
64 136
64 137
64 138
64 140
64 141
64 142
64 143
64 145
64 146
64 147
64 148
64 149
64 150
64 151
64 152
64 153
64 154
64 155
64 157
64 158
64 159
64 161
65 66
65 67
65 68
65 69
65 71
65 73
65 74
65 77
65 79
65 80
65 83
65 85
65 87
65 90
65 92
65 94
65 95
65 96
65 97
65 99
65 101
65 102
65 103
65 105
65 106
65 107
65 109
65 111
65 112
65 113
65 114
65 115
65 116
65 117
65 123
65 125
65 126
65 129
65 130
65 131
65 133
65 134
65 135
65 137
65 138
65 139
65 141
65 142
65 145
65 147
65 149
65 150
65 152
65 153
65 154
65 157
65 158
65 159
65 160
65 161
66 67
66 68
66 69
66 70
66 72
66 73
66 74
66 79
66 80
66 83
66 84
66 85
66 86
66 87
66 93
66 94
66 95
66 97
66 99
66 100
66 101
66 102
66 105
66 106
66 108
66 111
66 113
66 114
66 116
66 117
66 118
66 119
66 126
66 128
66 129
66 130
66 132
66 133
66 135
66 136
66 137
66 138
66 139
66 142
66 143
66 145
66 146
66 147
66 149
66 151
66 152
66 157
66 158
66 160
66 161
67 68
67 70
67 71
67 72
67 73
67 74
67 77
67 79
67 80
67 81
67 82
67 83
67 84
67 85
67 86
67 87
67 88
67 89
67 93
67 94
67 95
67 96
67 97
67 98
67 99
67 100
67 101
67 102
67 104
67 106
67 107
67 108
67 109
67 110
67 115
67 116
67 117
67 118
67 121
67 122
67 124
67 125
67 126
67 129
67 130
67 131
67 132
67 133
67 134
67 137
67 138
67 140
67 141
67 142
67 143
67 144
67 147
67 148
67 149
67 150
67 151
67 152
67 153
67 154
67 155
67 156
67 157
67 158
68 69
68 70
68 71
68 72
68 74
68 75
68 77
68 79
68 80
68 81
68 82
68 84
68 86
68 87
68 88
68 89
68 91
68 92
68 93
68 94
68 95
68 101
68 102
68 105
68 106
68 107
68 108
68 109
68 111
68 112
68 113
68 114
68 115
68 116
68 117
68 118
68 119
68 122
68 125
68 126
68 127
68 128
68 129
68 130
68 131
68 133
68 135
68 136
68 137
68 138
68 141
68 142
68 143
68 145
68 147
68 149
68 150
68 151
68 152
68 153
68 154
68 155
68 157
68 159
68 160
69 70
69 71
69 72
69 73
69 74
69 75
69 77
69 79
69 80
69 81
69 83
69 84
69 86
69 87
69 88
69 89
69 90
69 91
69 93
69 94
69 95
69 96
69 97
69 99
69 100
69 101
69 102
69 103
69 105
69 106
69 107
69 108
69 109
69 111
69 112
69 114
69 115
69 116
69 118
69 122
69 126
69 129
69 130
69 131
69 133
69 134
69 136
69 138
69 139
69 141
69 143
69 145
69 147
69 148
69 149
69 150
69 152
69 154
69 155
69 158
69 159
69 160
70 71
70 72
70 73
70 74
70 76
70 77
70 79
70 80
70 81
70 82
70 83
70 84
70 86
70 88
70 89
70 90
70 91
70 92
70 93
70 94
70 95
70 96
70 97
70 98
70 99
70 101
70 102
70 103
70 105
70 106
70 107
70 109
70 110
70 111
70 112
70 113
70 114
70 115
70 116
70 117
70 118
70 125
70 126
70 128
70 129
70 131
70 133
70 135
70 136
70 137
70 138
70 139
70 140
70 142
70 143
70 144
70 147
70 148
70 149
70 151
70 152
70 153
70 154
70 156
70 157
70 158
70 160
70 161
71 72
71 73
71 74
71 75
71 76
71 77
71 80
71 81
71 83
71 84
71 87
71 89
71 91
71 92
71 93
71 94
71 95
71 96
71 97
71 99
71 102
71 103
71 106
71 107
71 109
71 110
71 111
71 112
71 113
71 114
71 115
71 117
71 118
71 121
71 124
71 125
71 129
71 131
71 133
71 135
71 137
71 141
71 142
71 143
71 145
71 146
71 147
71 148
71 150
71 151
71 152
71 153
71 154
71 155
71 156
71 157
71 158
71 161
72 73
72 74
72 76
72 79
72 80
72 82
72 83
72 84
72 87
72 88
72 89
72 91
72 94
72 97
72 99
72 100
72 101
72 102
72 103
72 104
72 105
72 106
72 107
72 108
72 109
72 111
72 112
72 113
72 114
72 115
72 116
72 118
72 119
72 120
72 121
72 122
72 123
72 125
72 126
72 128
72 129
72 131
72 132
72 133
72 134
72 135
72 136
72 137
72 138
72 139
72 140
72 141
72 142
72 145
72 146
72 147
72 148
72 150
72 151
72 154
72 155
72 158
72 160
72 161
73 74
73 76
73 77
73 79
73 80
73 83
73 84
73 86
73 88
73 89
73 91
73 92
73 95
73 96
73 97
73 98
73 102
73 105
73 106
73 107
73 108
73 109
73 114
73 115
73 116
73 117
73 118
73 119
73 120
73 122
73 125
73 126
73 128
73 130
73 132
73 133
73 134
73 135
73 137
73 138
73 142
73 143
73 148
73 149
73 150
73 152
73 154
73 157
73 158
73 161
74 75
74 76
74 77
74 79
74 80
74 82
74 85
74 86
74 87
74 89
74 91
74 93
74 95
74 97
74 98
74 99
74 101
74 102
74 103
74 104
74 108
74 109
74 110
74 112
74 114
74 115
74 116
74 117
74 118
74 119
74 121
74 122
74 123
74 124
74 125
74 126
74 127
74 128
74 129
74 130
74 131
74 133
74 134
74 135
74 136
74 137
74 138
74 139
74 140
74 142
74 143
74 144
74 145
74 146
74 147
74 149
74 150
74 151
74 152
74 153
74 154
74 155
74 157
74 158
74 159
74 160
74 161
75 76
75 77
75 79
75 81
75 82
75 86
75 88
75 89
75 90
75 91
75 94
75 96
75 97
75 100
75 101
75 102
75 105
75 106
75 108
75 109
75 112
75 114
75 115
75 116
75 117
75 118
75 123
75 126
75 129
75 130
75 134
75 136
75 138
75 139
75 140
75 142
75 143
75 144
75 145
75 147
75 150
75 151
75 152
75 154
75 155
75 157
75 158
75 160
75 161
76 77
76 80
76 83
76 86
76 87
76 90
76 99
76 101
76 106
76 107
76 111
76 112
76 113
76 114
76 115
76 118
76 131
76 132
76 133
76 134
76 135
76 137
76 138
76 142
76 145
76 147
76 148
76 150
76 151
76 152
76 158
76 160
76 161
77 80
77 82
77 83
77 84
77 87
77 90
77 92
77 93
77 94
77 95
77 97
77 99
77 100
77 102
77 106
77 108
77 109
77 112
77 114
77 115
77 116
77 117
77 118
77 119
77 120
77 126
77 127
77 128
77 130
77 131
77 132
77 134
77 135
77 137
77 138
77 139
77 141
77 142
77 143
77 145
77 146
77 147
77 152
77 153
77 154
77 155
77 160
78 80
78 95
78 107
78 108
78 119
78 131
78 134
78 142
78 145
78 157
78 161
79 80
79 82
79 84
79 85
79 86
79 89
79 91
79 92
79 93
79 95
79 97
79 98
79 99
79 100
79 101
79 103
79 106
79 107
79 108
79 110
79 113
79 114
79 115
79 116
79 117
79 118
79 120
79 121
79 122
79 123
79 125
79 127
79 128
79 129
79 130
79 131
79 133
79 134
79 136
79 137
79 138
79 140
79 145
79 146
79 147
79 148
79 150
79 151
79 152
79 154
79 157
79 158
79 159
79 160
79 161
80 86
80 87
80 89
80 94
80 96
80 100
80 101
80 105
80 106
80 107
80 108
80 111
80 112
80 114
80 115
80 116
80 117
80 118
80 119
80 121
80 125
80 133
80 134
80 136
80 137
80 138
80 139
80 141
80 143
80 149
80 150
80 151
80 152
80 153
80 154
80 155
80 157
80 158
80 161
81 84
81 87
81 89
81 94
81 99
81 100
81 101
81 103
81 117
81 118
81 125
81 129
81 130
81 133
81 134
81 139
81 147
81 149
81 150
81 151
81 152
81 153
81 154
81 157
82 86
82 87
82 89
82 94
82 97
82 98
82 101
82 102
82 104
82 105
82 107
82 108
82 112
82 113
82 114
82 115
82 117
82 129
82 131
82 134
82 138
82 142
82 146
82 150
82 152
82 153
82 154
82 157
83 86
83 92
83 94
83 95
83 97
83 99
83 100
83 101
83 102
83 106
83 108
83 111
83 112
83 113
83 117
83 118
83 122
83 127
83 129
83 130
83 133
83 134
83 136
83 137
83 138
83 140
83 141
83 142
83 145
83 146
83 157
83 158
84 85
84 87
84 88
84 89
84 90
84 92
84 93
84 94
84 95
84 97
84 98
84 99
84 100
84 101
84 102
84 105
84 106
84 107
84 108
84 109
84 113
84 114
84 118
84 120
84 121
84 125
84 129
84 134
84 135
84 137
84 138
84 139
84 141
84 142
84 145
84 146
84 147
84 149
84 150
84 151
84 153
84 154
84 157
84 158
84 159
84 160
85 86
85 87
85 88
85 90
85 92
85 93
85 94
85 97
85 99
85 101
85 103
85 104
85 105
85 106
85 108
85 114
85 115
85 118
85 122
85 129
85 131
85 132
85 133
85 134
85 137
85 138
85 139
85 141
85 142
85 147
85 150
85 151
85 154
85 161
86 89
86 93
86 94
86 98
86 99
86 101
86 102
86 104
86 106
86 107
86 114
86 115
86 117
86 118
86 120
86 125
86 129
86 130
86 133
86 134
86 138
86 140
86 142
86 150
86 154
86 156
86 157
86 159
86 160
86 161
87 88
87 89
87 99
87 100
87 101
87 102
87 103
87 104
87 108
87 109
87 116
87 117
87 118
87 125
87 130
87 131
87 133
87 135
87 136
87 137
87 138
87 139
87 142
87 143
87 145
87 146
87 147
87 148
87 150
87 151
87 152
87 153
87 154
87 157
87 158
87 159
87 161
88 89
88 92
88 93
88 96
88 97
88 99
88 101
88 102
88 105
88 106
88 107
88 109
88 111
88 112
88 113
88 115
88 116
88 118
88 120
88 123
88 125
88 126
88 128
88 131
88 133
88 134
88 135
88 136
88 137
88 138
88 139
88 142
88 145
88 150
88 151
88 152
88 154
88 157
88 158
88 161
89 92
89 94
89 95
89 96
89 97
89 99
89 100
89 101
89 102
89 103
89 104
89 106
89 107
89 108
89 109
89 110
89 111
89 112
89 113
89 114
89 115
89 118
89 120
89 122
89 124
89 125
89 126
89 127
89 130
89 131
89 133
89 134
89 135
89 137
89 138
89 139
89 140
89 142
89 143
89 147
89 148
89 149
89 151
89 152
89 153
89 154
89 155
89 156
89 157
89 158
89 160
89 161
90 100
90 102
90 105
90 106
90 107
90 108
90 111
90 114
90 117
90 141
90 143
90 145
90 149
90 151
90 152
90 158
91 95
91 99
91 100
91 102
91 103
91 104
91 106
91 108
91 110
91 113
91 116
91 118
91 125
91 126
91 128
91 134
91 135
91 136
91 137
91 139
91 140
91 141
91 142
91 147
91 150
91 151
91 153
91 154
91 156
91 158
91 160
91 161
92 93
92 94
92 95
92 97
92 98
92 99
92 101
92 102
92 103
92 104
92 106
92 108
92 109
92 110
92 111
92 113
92 117
92 120
92 130
92 133
92 134
92 138
92 139
92 141
92 142
92 145
92 146
92 154
92 157
93 97
93 101
93 103
93 104
93 105
93 106
93 107
93 108
93 112
93 113
93 114
93 115
93 116
93 117
93 130
93 133
93 134
93 136
93 137
93 138
93 139
93 141
93 142
93 143
93 145
93 152
93 153
93 157
93 158
93 160
93 161
94 97
94 98
94 99
94 100
94 101
94 102
94 104
94 105
94 106
94 107
94 108
94 111
94 112
94 113
94 114
94 115
94 117
94 118
94 125
94 126
94 127
94 128
94 129
94 130
94 131
94 134
94 138
94 139
94 142
94 146
94 147
94 149
94 151
94 152
94 156
94 157
94 158
94 159
94 160
94 161
95 97
95 100
95 102
95 104
95 106
95 108
95 109
95 111
95 115
95 122
95 129
95 131
95 133
95 137
95 139
95 142
95 143
95 145
95 146
95 147
95 148
95 149
95 150
95 153
95 154
95 157
95 158
96 99
96 100
96 102
96 103
96 106
96 108
96 113
96 114
96 118
96 120
96 125
96 131
96 135
96 137
96 138
96 139
96 142
96 144
96 152
96 153
96 157
96 158
96 159
97 98
97 99
97 103
97 104
97 105
97 107
97 108
97 110
97 112
97 113
97 114
97 115
97 116
97 117
97 118
97 125
97 126
97 129
97 130
97 131
97 133
97 134
97 136
97 137
97 138
97 139
97 141
97 142
97 145
97 146
97 147
97 148
97 149
97 150
97 151
97 152
97 153
97 154
97 156
97 157
97 158
97 160
97 161
98 101
98 106
98 108
98 109
98 110
98 112
98 113
98 116
98 118
98 119
98 125
98 128
98 129
98 131
98 133
98 134
98 137
98 142
98 147
98 150
98 153
98 154
98 160
99 101
99 103
99 104
99 105
99 106
99 110
99 111
99 113
99 114
99 117
99 119
99 122
99 129
99 130
99 133
99 134
99 138
99 139
99 143
99 146
99 148
99 153
99 154
99 155
99 157
99 158
99 159
99 161
100 101
100 104
100 106
100 108
100 110
100 112
100 113
100 114
100 115
100 125
100 126
100 131
100 133
100 134
100 135
100 136
100 137
100 138
100 143
100 145
100 146
100 149
100 152
100 154
100 161
101 102
101 103
101 105
101 106
101 107
101 108
101 109
101 110
101 111
101 112
101 114
101 115
101 117
101 120
101 123
101 125
101 126
101 128
101 129
101 130
101 131
101 132
101 133
101 134
101 135
101 136
101 138
101 140
101 141
101 142
101 143
101 147
101 148
101 150
101 151
101 152
101 153
101 154
101 155
101 157
101 158
101 159
101 160
101 161
102 103
102 104
102 105
102 106
102 109
102 110
102 111
102 112
102 113
102 114
102 115
102 116
102 117
102 118
102 123
102 127
102 129
102 130
102 134
102 135
102 136
102 137
102 138
102 139
102 141
102 142
102 143
102 149
102 150
102 151
102 152
102 153
102 157
102 158
102 160
102 161
103 106
103 108
103 111
103 112
103 114
103 115
103 116
103 117
103 118
103 125
103 126
103 129
103 130
103 131
103 135
103 136
103 138
103 139
103 140
103 141
103 142
103 145
103 146
103 150
103 151
103 152
103 153
103 154
103 158
103 159
103 160
104 108
104 111
104 112
104 114
104 116
104 123
104 125
104 129
104 131
104 134
104 137
104 138
104 143
104 146
104 149
104 151
104 152
104 154
104 159
104 160
105 106
105 108
105 110
105 111
105 114
105 115
105 116
105 118
105 119
105 126
105 128
105 129
105 131
105 132
105 134
105 135
105 136
105 137
105 138
105 139
105 141
105 142
105 147
105 149
105 150
105 151
105 152
105 153
105 154
105 156
105 157
105 158
105 160
105 161
106 107
106 108
106 109
106 110
106 112
106 114
106 116
106 117
106 118
106 119
106 121
106 122
106 125
106 126
106 127
106 128
106 133
106 134
106 136
106 138
106 139
106 140
106 142
106 145
106 146
106 147
106 148
106 150
106 151
106 152
106 153
106 154
106 157
106 159
106 160
106 161
107 108
107 109
107 110
107 114
107 115
107 116
107 118
107 120
107 124
107 125
107 126
107 128
107 129
107 131
107 133
107 134
107 137
107 138
107 139
107 141
107 142
107 145
107 146
107 148
107 149
107 154
107 156
107 158
108 109
108 110
108 112
108 113
108 114
108 115
108 118
108 119
108 125
108 126
108 129
108 131
108 133
108 134
108 135
108 136
108 138
108 139
108 141
108 142
108 144
108 145
108 147
108 148
108 150
108 151
108 152
108 153
108 154
108 155
108 157
108 160
108 161
109 113
109 117
109 118
109 119
109 122
109 126
109 127
109 128
109 131
109 133
109 134
109 136
109 137
109 138
109 139
109 140
109 141
109 145
109 146
109 147
109 148
109 150
109 152
109 154
109 155
109 159
110 116
110 118
110 119
110 128
110 131
110 135
110 136
110 142
110 146
110 149
110 150
110 152
110 154
110 157
110 161
111 112
111 113
111 115
111 116
111 117
111 118
111 119
111 125
111 131
111 133
111 134
111 136
111 138
111 139
111 142
111 147
111 150
111 152
111 154
111 157
111 160
111 161
112 113
112 115
112 118
112 124
112 125
112 126
112 127
112 129
112 131
112 133
112 134
112 137
112 138
112 140
112 142
112 145
112 149
112 152
112 153
112 155
112 156
112 157
113 114
113 115
113 118
113 119
113 125
113 127
113 129
113 131
113 132
113 134
113 135
113 136
113 139
113 140
113 141
113 142
113 143
113 145
113 146
113 147
113 149
113 150
113 151
113 154
113 155
113 157
113 158
113 161
114 115
114 117
114 118
114 120
114 125
114 126
114 130
114 131
114 133
114 135
114 137
114 138
114 141
114 142
114 145
114 147
114 148
114 149
114 150
114 151
114 152
114 154
114 155
114 156
114 157
114 158
114 159
114 160
115 117
115 118
115 125
115 127
115 128
115 129
115 130
115 131
115 133
115 134
115 135
115 137
115 138
115 139
115 140
115 141
115 142
115 143
115 145
115 146
115 147
115 148
115 149
115 150
115 151
115 154
115 155
115 156
115 157
115 159
115 160
116 125
116 126
116 127
116 129
116 133
116 135
116 137
116 138
116 142
116 143
116 145
116 146
116 147
116 149
116 151
116 152
116 153
116 156
116 157
116 159
117 124
117 125
117 126
117 128
117 129
117 131
117 133
117 134
117 136
117 137
117 138
117 140
117 142
117 143
117 144
117 145
117 147
117 150
117 151
117 152
117 154
117 155
117 157
117 158
117 159
117 160
118 120
118 124
118 125
118 126
118 128
118 129
118 130
118 131
118 133
118 135
118 137
118 138
118 139
118 141
118 142
118 143
118 147
118 149
118 150
118 151
118 152
118 154
118 155
118 157
118 158
118 160
118 161
119 121
119 133
119 134
119 138
119 139
119 142
119 147
119 150
119 151
119 153
120 130
120 136
120 137
120 138
120 142
120 152
120 155
120 157
120 158
121 134
121 143
121 147
121 148
121 150
121 152
121 153
121 157
121 158
121 161
122 125
122 126
122 129
122 130
122 138
122 142
122 146
122 147
122 151
122 152
123 129
123 130
123 146
123 147
123 152
123 154
124 125
124 133
124 138
124 146
124 154
125 126
125 128
125 129
125 131
125 133
125 134
125 135
125 137
125 140
125 142
125 143
125 146
125 147
125 150
125 152
125 153
125 154
125 155
125 158
125 159
125 161
126 127
126 129
126 133
126 134
126 138
126 139
126 142
126 146
126 147
126 150
126 151
126 152
126 154
126 155
126 157
126 158
126 159
127 128
127 133
127 134
127 135
127 137
127 141
127 143
127 145
127 147
127 150
127 153
127 154
128 131
128 133
128 134
128 137
128 138
128 139
128 140
128 142
128 145
128 147
128 149
128 150
128 152
128 154
128 155
128 157
129 130
129 131
129 134
129 135
129 137
129 138
129 139
129 140
129 141
129 142
129 146
129 147
129 149
129 150
129 153
129 154
129 157
129 158
129 159
129 161
130 131
130 134
130 137
130 138
130 139
130 141
130 145
130 146
130 147
130 148
130 149
130 151
130 152
130 153
130 154
131 133
131 134
131 137
131 138
131 140
131 141
131 142
131 143
131 145
131 146
131 147
131 149
131 150
131 151
131 152
131 153
131 154
131 157
131 158
131 159
131 160
131 161
132 135
132 137
132 138
132 139
132 146
132 147
132 154
133 134
133 135
133 136
133 137
133 138
133 139
133 140
133 141
133 142
133 145
133 146
133 147
133 148
133 150
133 151
133 152
133 154
133 155
133 156
133 157
133 158
133 160
133 161
134 135
134 136
134 137
134 138
134 139
134 142
134 143
134 145
134 147
134 149
134 150
134 151
134 152
134 154
134 158
134 160
134 161
135 137
135 140
135 142
135 145
135 146
135 147
135 149
135 152
135 154
135 156
135 159
135 160
135 161
136 137
136 138
136 139
136 142
136 147
136 150
136 152
136 160
136 161
137 138
137 141
137 142
137 143
137 145
137 146
137 147
137 149
137 150
137 151
137 152
137 153
137 155
137 158
137 159
137 161
138 140
138 142
138 143
138 144
138 145
138 146
138 147
138 150
138 151
138 152
138 153
138 154
138 158
138 159
138 161
139 141
139 142
139 145
139 150
139 151
139 152
139 153
139 154
139 155
139 160
140 145
140 157
140 160
141 143
141 145
141 148
141 149
141 151
141 152
141 153
141 158
141 159
142 144
142 146
142 147
142 148
142 150
142 151
142 152
142 153
142 154
142 155
142 158
142 159
142 161
143 145
143 146
143 152
143 153
143 154
143 157
143 158
144 145
144 150
145 148
145 151
145 152
145 154
145 156
145 157
145 158
145 159
146 147
146 150
146 151
146 152
146 154
146 155
146 158
146 161
147 150
147 151
147 152
147 154
147 155
147 158
147 159
147 160
147 161
148 151
148 159
149 152
149 153
149 158
150 151
150 152
150 153
150 157
150 158
150 159
150 161
151 152
151 153
151 154
151 155
152 153
152 154
152 157
152 158
152 159
152 160
152 161
153 154
153 157
153 158
153 159
153 161
154 155
154 157
154 158
154 159
155 160
155 161
158 159
158 160
158 161
159 161
160 161
