0 4
0 7
0 9
0 13
0 14
0 18
0 21
0 26
0 28
0 30
0 35
0 36
0 39
0 40
0 42
0 45
0 46
0 47
0 54
0 55
0 56
0 59
0 60
0 62
0 63
0 64
0 65
0 67
0 68
0 70
0 73
0 74
0 75
0 77
0 79
0 80
0 89
0 90
0 91
0 94
0 99
0 100
0 102
0 103
0 108
0 112
0 115
0 117
0 118
0 128
0 131
0 134
0 135
0 137
0 138
0 146
0 147
0 151
0 154
0 156
0 158
1 4
1 7
1 8
1 12
1 19
1 21
1 24
1 25
1 26
1 28
1 29
1 30
1 31
1 34
1 35
1 37
1 38
1 40
1 42
1 43
1 44
1 45
1 46
1 48
1 50
1 51
1 54
1 55
1 56
1 59
1 63
1 65
1 68
1 69
1 71
1 72
1 75
1 80
1 81
1 82
1 83
1 84
1 85
1 89
1 90
1 91
1 93
1 94
1 97
1 101
1 102
1 106
1 107
1 108
1 111
1 112
1 113
1 115
1 117
1 118
1 125
1 127
1 128
1 129
1 130
1 131
1 133
1 134
1 135
1 136
1 141
1 143
1 146
1 147
1 150
1 152
1 153
1 155
1 158
2 6
2 7
2 12
2 14
2 15
2 18
2 21
2 25
2 26
2 31
2 32
2 38
2 49
2 51
2 56
2 62
2 64
2 65
2 68
2 71
2 73
2 77
2 78
2 80
2 82
2 87
2 89
2 90
2 93
2 94
2 98
2 100
2 102
2 106
2 109
2 114
2 116
2 122
2 125
2 127
2 128
2 133
2 135
2 136
2 139
2 140
2 143
2 149
2 155
2 157
2 161
3 4
3 5
3 6
3 7
3 12
3 18
3 20
3 21
3 25
3 26
3 27
3 30
3 32
3 33
3 37
3 38
3 40
3 41
3 42
3 48
3 49
3 50
3 51
3 63
3 65
3 66
3 67
3 68
3 70
3 73
3 74
3 79
3 80
3 82
3 84
3 87
3 89
3 90
3 94
3 101
3 103
3 104
3 106
3 108
3 111
3 112
3 115
3 118
3 125
3 126
3 128
3 129
3 131
3 133
3 137
3 138
3 139
3 140
3 142
3 143
3 144
3 146
3 151
3 152
3 154
3 158
4 6
4 7
4 10
4 11
4 13
4 14
4 18
4 19
4 20
4 21
4 25
4 26
4 28
4 29
4 30
4 31
4 32
4 34
4 35
4 37
4 38
4 43
4 44
4 45
4 48
4 49
4 50
4 51
4 52
4 54
4 56
4 57
4 59
4 60
4 61
4 64
4 65
4 66
4 67
4 68
4 70
4 71
4 73
4 74
4 75
4 76
4 79
4 80
4 84
4 86
4 87
4 88
4 89
4 90
4 92
4 94
4 97
4 99
4 100
4 101
4 102
4 103
4 104
4 105
4 107
4 108
4 109
4 112
4 113
4 114
4 115
4 117
4 118
4 120
4 123
4 125
4 126
4 128
4 129
4 131
4 132
4 133
4 134
4 135
4 137
4 138
4 139
4 140
4 141
4 142
4 143
4 145
4 146
4 147
4 148
4 150
4 151
4 152
4 153
4 154
4 155
4 157
4 158
4 159
4 161
5 6
5 7
5 19
5 25
5 26
5 29
5 30
5 31
5 32
5 35
5 38
5 39
5 42
5 44
5 45
5 49
5 51
5 54
5 58
5 59
5 65
5 66
5 67
5 69
5 70
5 71
5 72
5 73
5 74
5 76
5 79
5 80
5 91
5 101
5 108
5 125
5 129
5 131
5 133
5 135
5 139
5 148
5 152
5 161
6 7
6 8
6 9
6 11
6 13
6 14
6 17
6 18
6 22
6 24
6 25
6 26
6 27
6 28
6 29
6 30
6 31
6 32
6 34
6 35
6 37
6 38
6 39
6 40
6 41
6 42
6 43
6 45
6 47
6 48
6 49
6 50
6 51
6 53
6 54
6 56
6 57
6 58
6 60
6 61
6 62
6 63
6 64
6 65
6 67
6 69
6 70
6 71
6 72
6 73
6 74
6 76
6 78
6 79
6 80
6 82
6 83
6 84
6 86
6 87
6 89
6 90
6 92
6 93
6 94
6 95
6 97
6 98
6 99
6 101
6 102
6 103
6 105
6 106
6 108
6 109
6 110
6 112
6 115
6 118
6 119
6 125
6 129
6 130
6 131
6 133
6 134
6 135
6 136
6 137
6 138
6 139
6 142
6 143
6 145
6 147
6 148
6 150
6 151
6 152
6 153
6 154
6 155
6 156
6 158
6 159
6 160
6 161
7 8
7 9
7 11
7 12
7 13
7 14
7 15
7 16
7 18
7 19
7 21
7 23
7 24
7 25
7 26
7 27
7 29
7 30
7 31
7 34
7 35
7 37
7 38
7 39
7 40
7 41
7 42
7 43
7 44
7 45
7 47
7 49
7 50
7 51
7 53
7 54
7 56
7 58
7 59
7 60
7 61
7 62
7 63
7 64
7 65
7 66
7 67
7 68
7 69
7 70
7 71
7 72
7 74
7 75
7 77
7 79
7 81
7 83
7 86
7 88
7 89
7 90
7 91
7 92
7 94
7 95
7 96
7 97
7 98
7 99
7 102
7 104
7 105
7 106
7 107
7 109
7 111
7 112
7 113
7 114
7 115
7 116
7 117
7 118
7 119
7 120
7 121
7 124
7 125
7 126
7 128
7 129
7 130
7 131
7 133
7 134
7 135
7 137
7 138
7 140
7 141
7 145
7 146
7 147
7 150
7 151
7 152
7 153
7 154
7 155
7 156
7 158
7 159
7 160
7 161
8 14
8 19
8 21
8 27
8 28
8 35
8 36
8 39
8 40
8 41
8 43
8 45
8 48
8 52
8 54
8 56
8 64
8 66
8 67
8 69
8 72
8 73
8 74
8 79
8 84
8 87
8 89
8 91
8 101
8 105
8 106
8 108
8 110
8 114
8 116
8 117
8 121
8 125
8 127
8 131
8 133
8 134
8 136
8 142
8 155
8 158
9 11
9 12
9 14
9 19
9 21
9 25
9 30
9 32
9 33
9 34
9 35
9 36
9 40
9 42
9 44
9 46
9 49
9 52
9 54
9 55
9 56
9 62
9 64
9 66
9 67
9 68
9 69
9 70
9 72
9 73
9 75
9 77
9 83
9 84
9 87
9 89
9 93
9 94
9 95
9 97
9 100
9 101
9 105
9 106
9 107
9 108
9 109
9 111
9 114
9 116
9 117
9 118
9 121
9 125
9 126
9 127
9 128
9 129
9 130
9 133
9 134
9 136
9 137
9 138
9 139
9 141
9 142
9 146
9 147
9 149
9 151
9 154
9 157
9 159
9 161
10 12
10 14
10 16
10 19
10 20
10 21
10 22
10 24
10 26
10 32
10 33
10 35
10 36
10 38
10 39
10 41
10 44
10 46
10 49
10 50
10 51
10 52
10 54
10 55
10 56
10 60
10 62
10 63
10 64
10 65
10 66
10 67
10 70
10 71
10 72
10 74
10 77
10 82
10 85
10 87
10 88
10 89
10 93
10 95
10 97
10 98
10 99
10 102
10 109
10 113
10 114
10 115
10 116
10 117
10 120
10 123
10 125
10 126
10 127
10 128
10 131
10 133
10 134
10 138
10 139
10 141
10 142
10 147
10 152
10 158
11 12
11 14
11 15
11 19
11 21
11 23
11 26
11 29
11 30
11 31
11 32
11 34
11 35
11 37
11 41
11 42
11 45
11 48
11 49
11 54
11 55
11 56
11 58
11 59
11 61
11 63
11 64
11 65
11 67
11 68
11 71
11 72
11 73
11 75
11 77
11 78
11 79
11 80
11 82
11 86
11 87
11 89
11 91
11 92
11 96
11 97
11 98
11 99
11 100
11 101
11 102
11 106
11 108
11 109
11 110
11 111
11 112
11 113
11 114
11 116
11 117
11 118
11 122
11 124
11 125
11 127
11 129
11 130
11 131
11 132
11 133
11 134
11 135
11 136
11 137
11 139
11 140
11 141
11 146
11 147
11 149
11 150
11 151
11 152
11 153
11 154
11 157
11 159
11 161
12 14
12 19
12 20
12 22
12 31
12 37
12 38
12 40
12 47
12 48
12 51
12 52
12 56
12 61
12 62
12 64
12 65
12 66
12 67
12 68
12 70
12 71
12 72
12 74
12 79
12 80
12 88
12 90
12 93
12 94
12 102
12 105
12 107
12 108
12 109
12 113
12 114
12 117
12 118
12 122
12 128
12 129
12 130
12 134
12 136
12 137
12 138
12 139
12 140
12 141
12 142
12 145
12 150
12 151
12 153
12 154
12 157
12 161
13 14
13 16
13 19
13 21
13 24
13 25
13 26
13 30
13 33
13 36
13 37
13 39
13 40
13 42
13 43
13 45
13 49
13 50
13 54
13 56
13 63
13 65
13 67
13 68
13 69
13 70
13 72
13 74
13 79
13 80
13 84
13 87
13 89
13 91
13 93
13 99
13 101
13 103
13 105
13 109
13 110
13 112
13 114
13 116
13 117
13 118
13 125
13 126
13 127
13 129
13 131
13 132
13 134
13 137
13 138
13 145
13 146
13 147
13 148
13 149
13 152
13 154
13 156
13 157
13 158
13 159
13 160
14 16
14 19
14 21
14 22
14 23
14 26
14 27
14 29
14 30
14 31
14 32
14 35
14 37
14 38
14 39
14 40
14 41
14 42
14 43
14 44
14 45
14 46
14 48
14 49
14 50
14 51
14 53
14 54
14 55
14 57
14 58
14 61
14 62
14 63
14 64
14 65
14 66
14 67
14 69
14 70
14 71
14 72
14 73
14 74
14 79
14 80
14 81
14 82
14 83
14 84
14 86
14 87
14 89
14 91
14 92
14 93
14 94
14 97
14 98
14 99
14 100
14 102
14 105
14 107
14 108
14 112
14 113
14 116
14 117
14 118
14 119
14 120
14 121
14 122
14 124
14 125
14 126
14 127
14 129
14 131
14 133
14 134
14 135
14 136
14 137
14 139
14 142
14 143
14 144
14 145
14 146
14 147
14 148
14 149
14 150
14 151
14 153
14 154
14 156
14 157
14 158
14 159
14 160
15 19
15 21
15 23
15 26
15 28
15 35
15 39
15 40
15 44
15 46
15 49
15 51
15 54
15 56
15 57
15 59
15 60
15 64
15 65
15 66
15 71
15 72
15 74
15 77
15 79
15 82
15 83
15 85
15 89
15 91
15 92
15 94
15 102
15 106
15 108
15 109
15 112
15 113
15 114
15 117
15 118
15 124
15 125
15 129
15 133
15 135
15 137
15 142
15 146
15 147
15 148
15 150
15 153
15 157
15 158
15 159
15 161
16 19
16 21
16 35
16 38
16 39
16 44
16 45
16 49
16 51
16 52
16 53
16 54
16 57
16 58
16 61
16 63
16 65
16 67
16 68
16 72
16 74
16 75
16 79
16 84
16 87
16 94
16 97
16 100
16 104
16 105
16 106
16 107
16 109
16 112
16 122
16 125
16 126
16 127
16 133
16 139
16 141
16 143
16 147
16 148
16 151
16 152
16 154
16 156
16 158
16 159
17 21
17 23
17 30
17 44
17 49
17 51
17 52
17 54
17 59
17 63
17 67
17 69
17 70
17 71
17 77
17 80
17 87
17 88
17 94
17 98
17 101
17 102
17 105
17 106
17 111
17 117
17 125
17 133
17 134
17 137
17 138
17 139
17 142
17 145
17 147
17 153
17 155
17 161
18 19
18 21
18 23
18 25
18 28
18 32
18 34
18 36
18 39
18 40
18 42
18 45
18 46
18 49
18 50
18 51
18 53
18 54
18 55
18 58
18 61
18 62
18 63
18 66
18 67
18 68
18 70
18 71
18 72
18 74
18 75
18 77
18 79
18 80
18 84
18 87
18 88
18 89
18 92
18 94
18 97
18 99
18 101
18 103
18 105
18 106
18 107
18 112
18 114
18 115
18 118
18 124
18 125
18 129
18 130
18 131
18 132
18 133
18 134
18 135
18 138
18 139
18 142
18 145
18 146
18 147
18 150
18 151
18 158
18 161
19 21
19 23
19 24
19 25
19 26
19 27
19 29
19 30
19 31
19 32
19 33
19 34
19 35
19 36
19 37
19 38
19 39
19 42
19 44
19 45
19 46
19 49
19 50
19 51
19 52
19 53
19 54
19 56
19 57
19 60
19 61
19 62
19 63
19 64
19 65
19 66
19 67
19 68
19 69
19 70
19 71
19 72
19 73
19 74
19 75
19 76
19 78
19 79
19 80
19 84
19 85
19 86
19 87
19 88
19 89
19 90
19 91
19 92
19 93
19 95
19 97
19 98
19 99
19 100
19 101
19 102
19 103
19 104
19 105
19 106
19 107
19 108
19 109
19 111
19 112
19 113
19 114
19 115
19 116
19 117
19 118
19 119
19 121
19 125
19 126
19 128
19 129
19 131
19 132
19 133
19 135
19 136
19 137
19 138
19 139
19 141
19 142
19 143
19 145
19 146
19 147
19 149
19 151
19 152
19 153
19 154
19 155
19 157
19 158
19 159
19 161
20 21
20 26
20 33
20 35
20 44
20 45
20 51
20 53
20 54
20 55
20 62
20 65
20 67
20 69
20 70
20 71
20 73
20 93
20 94
20 96
20 100
20 102
20 105
20 109
20 111
20 114
20 115
20 117
20 118
20 119
20 126
20 129
20 130
20 131
20 133
20 134
20 136
20 138
20 141
20 145
20 146
20 147
20 149
20 150
20 154
20 157
20 158
20 160
21 22
21 23
21 24
21 25
21 26
21 30
21 31
21 32
21 33
21 34
21 35
21 37
21 38
21 39
21 40
21 45
21 49
21 51
21 52
21 53
21 54
21 55
21 56
21 61
21 62
21 63
21 64
21 65
21 66
21 67
21 68
21 69
21 70
21 71
21 72
21 73
21 74
21 75
21 77
21 79
21 80
21 82
21 83
21 85
21 88
21 89
21 90
21 91
21 92
21 93
21 94
21 95
21 96
21 97
21 98
21 101
21 103
21 104
21 105
21 106
21 107
21 108
21 109
21 110
21 111
21 112
21 113
21 115
21 116
21 117
21 120
21 124
21 125
21 129
21 133
21 135
21 137
21 138
21 139
21 141
21 142
21 144
21 147
21 150
21 151
21 152
21 154
21 155
21 156
21 157
21 158
21 159
21 160
21 161
22 26
22 30
22 31
22 34
22 35
22 36
22 38
22 39
22 43
22 50
22 54
22 55
22 56
22 58
22 63
22 64
22 69
22 72
22 74
22 75
22 77
22 79
22 87
22 94
22 97
22 103
22 105
22 109
22 110
22 114
22 115
22 116
22 117
22 118
22 125
22 130
22 133
22 137
22 141
22 146
22 154
22 157
22 159
22 160
22 161
23 24
23 28
23 32
23 36
23 38
23 39
23 40
23 50
23 53
23 63
23 64
23 65
23 67
23 68
23 70
23 71
23 72
23 74
23 77
23 88
23 90
23 91
23 97
23 99
23 106
23 107
23 108
23 114
23 125
23 129
23 130
23 131
23 135
23 136
23 137
23 145
23 150
23 158
23 159
24 25
24 26
24 27
24 30
24 31
24 32
24 35
24 39
24 42
24 44
24 45
24 49
24 52
24 58
24 59
24 62
24 64
24 65
24 66
24 67
24 68
24 69
24 72
24 74
24 75
24 79
24 82
24 83
24 87
24 88
24 91
24 95
24 99
24 101
24 102
24 104
24 105
24 108
24 111
24 113
24 117
24 118
24 130
24 131
24 133
24 137
24 138
24 139
24 141
24 142
24 144
24 147
24 148
24 151
24 152
24 154
24 157
24 158
24 159
25 26
25 30
25 31
25 32
25 35
25 36
25 38
25 39
25 40
25 42
25 44
25 45
25 49
25 52
25 53
25 54
25 55
25 56
25 57
25 58
25 59
25 60
25 63
25 64
25 65
25 66
25 67
25 68
25 70
25 71
25 72
25 74
25 77
25 79
25 80
25 82
25 85
25 89
25 92
25 93
25 94
25 95
25 97
25 98
25 100
25 102
25 104
25 106
25 107
25 108
25 109
25 112
25 113
25 114
25 115
25 116
25 117
25 118
25 119
25 121
25 125
25 129
25 131
25 132
25 133
25 137
25 138
25 139
25 140
25 141
25 144
25 145
25 146
25 150
25 151
25 152
25 153
25 154
25 157
25 158
25 159
25 161
26 29
26 30
26 31
26 35
26 36
26 37
26 38
26 39
26 40
26 42
26 44
26 45
26 46
26 47
26 48
26 49
26 50
26 51
26 52
26 53
26 54
26 55
26 56
26 57
26 58
26 59
26 63
26 64
26 65
26 66
26 67
26 68
26 69
26 70
26 71
26 72
26 73
26 75
26 77
26 78
26 79
26 80
26 81
26 83
26 85
26 86
26 87
26 88
26 89
26 90
26 91
26 92
26 93
26 94
26 96
26 97
26 98
26 99
26 101
26 102
26 103
26 105
26 106
26 108
26 109
26 110
26 112
26 113
26 114
26 115
26 117
26 118
26 119
26 122
26 123
26 125
26 126
26 127
26 128
26 129
26 130
26 131
26 133
26 134
26 135
26 137
26 138
26 139
26 142
26 144
26 147
26 148
26 149
26 150
26 151
26 152
26 154
26 155
26 156
26 157
26 158
26 159
26 160
27 30
27 32
27 34
27 35
27 38
27 43
27 49
27 51
27 54
27 64
27 66
27 69
27 71
27 72
27 73
27 86
27 88
27 94
27 97
27 99
27 101
27 103
27 107
27 112
27 114
27 118
27 125
27 126
27 129
27 133
27 139
27 141
27 142
27 146
27 147
27 160
28 30
28 31
28 32
28 37
28 38
28 40
28 42
28 44
28 49
28 51
28 53
28 54
28 58
28 60
28 63
28 66
28 68
28 71
28 73
28 74
28 77
28 86
28 87
28 89
28 94
28 97
28 99
28 100
28 101
28 103
28 106
28 109
28 111
28 114
28 117
28 118
28 126
28 129
28 137
28 138
28 142
28 143
28 147
28 148
28 150
28 151
28 152
28 153
28 154
28 157
29 30
29 31
29 34
29 39
29 41
29 46
29 49
29 51
29 52
29 53
29 54
29 65
29 67
29 68
29 70
29 73
29 74
29 75
29 84
29 86
29 87
29 89
29 91
29 94
29 97
29 99
29 105
29 106
29 108
29 112
29 115
29 125
29 126
29 131
29 134
29 135
29 137
29 138
29 139
29 141
29 144
29 146
29 151
29 152
29 153
29 154
29 159
30 31
30 32
30 33
30 34
30 36
30 40
30 43
30 45
30 46
30 47
30 49
30 51
30 53
30 54
30 55
30 56
30 61
30 62
30 63
30 65
30 66
30 67
30 69
30 70
30 72
30 75
30 76
30 77
30 78
30 79
30 80
30 82
30 84
30 87
30 89
30 91
30 93
30 94
30 95
30 96
30 97
30 98
30 100
30 101
30 102
30 103
30 104
30 105
30 106
30 108
30 110
30 111
30 112
30 114
30 115
30 118
30 119
30 121
30 125
30 126
30 128
30 129
30 130
30 133
30 134
30 135
30 137
30 138
30 139
30 141
30 142
30 143
30 144
30 145
30 146
30 149
30 150
30 152
30 153
30 154
30 155
30 157
30 159
30 160
31 32
31 33
31 34
31 36
31 37
31 38
31 39
31 40
31 42
31 44
31 45
31 49
31 51
31 52
31 53
31 54
31 56
31 60
31 61
31 62
31 63
31 64
31 65
31 66
31 67
31 68
31 69
31 70
31 71
31 73
31 74
31 75
31 76
31 77
31 78
31 79
31 80
31 81
31 82
31 85
31 86
31 87
31 88
31 89
31 91
31 92
31 94
31 97
31 98
31 99
31 101
31 103
31 105
31 106
31 107
31 108
31 109
31 111
31 112
31 114
31 115
31 117
31 118
31 120
31 122
31 123
31 124
31 125
31 126
31 128
31 129
31 131
31 133
31 134
31 136
31 137
31 138
31 139
31 141
31 142
31 144
31 145
31 146
31 149
31 150
31 151
31 152
31 153
31 154
31 158
31 159
31 160
31 161
32 34
32 36
32 38
32 39
32 40
32 41
32 44
32 46
32 49
32 50
32 51
32 52
32 53
32 55
32 56
32 58
32 59
32 61
32 63
32 64
32 65
32 67
32 68
32 69
32 70
32 71
32 73
32 74
32 75
32 79
32 80
32 83
32 85
32 86
32 89
32 90
32 91
32 92
32 93
32 94
32 99
32 100
32 101
32 102
32 103
32 104
32 105
32 106
32 107
32 108
32 110
32 111
32 112
32 113
32 115
32 118
32 119
32 121
32 122
32 125
32 128
32 129
32 131
32 132
32 133
32 134
32 135
32 136
32 140
32 142
32 144
32 145
32 147
32 148
32 151
32 153
32 155
32 157
32 158
33 40
33 51
33 54
33 56
33 67
33 75
33 77
33 79
33 84
33 89
33 100
33 102
33 105
33 106
33 114
33 117
33 118
33 122
33 126
33 127
33 130
33 131
33 133
33 138
33 145
33 151
33 153
33 161
34 36
34 38
34 40
34 43
34 45
34 49
34 50
34 51
34 52
34 54
34 55
34 56
34 58
34 59
34 63
34 65
34 66
34 67
34 68
34 71
34 73
34 75
34 78
34 79
34 80
34 87
34 88
34 94
34 99
34 101
34 103
34 106
34 108
34 112
34 114
34 116
34 117
34 118
34 122
34 125
34 126
34 133
34 134
34 139
34 141
34 142
34 150
34 151
34 152
34 155
34 158
35 36
35 37
35 40
35 41
35 44
35 45
35 49
35 51
35 54
35 55
35 58
35 61
35 64
35 65
35 66
35 68
35 69
35 70
35 71
35 72
35 73
35 74
35 76
35 77
35 79
35 80
35 81
35 84
35 85
35 86
35 88
35 89
35 97
35 98
35 101
35 102
35 103
35 105
35 106
35 108
35 109
35 112
35 114
35 115
35 116
35 117
35 118
35 124
35 126
35 129
35 131
35 133
35 134
35 135
35 137
35 138
35 139
35 142
35 143
35 144
35 146
35 147
35 151
35 152
35 153
35 154
35 155
35 157
35 158
35 159
35 161
36 40
36 42
36 45
36 46
36 47
36 49
36 50
36 51
36 54
36 55
36 57
36 58
36 59
36 60
36 61
36 62
36 63
36 64
36 65
36 67
36 68
36 69
36 70
36 71
36 73
36 74
36 75
36 76
36 79
36 80
36 87
36 91
36 93
36 95
36 101
36 102
36 105
36 106
36 108
36 109
36 111
36 113
36 114
36 116
36 117
36 123
36 125
36 126
36 129
36 131
36 133
36 134
36 136
36 138
36 139
36 142
36 145
36 146
36 147
36 152
36 156
36 158
36 160
36 161
37 38
37 39
37 40
37 41
37 42
37 43
37 44
37 45
37 49
37 50
37 51
37 53
37 54
37 56
37 57
37 60
37 62
37 64
37 65
37 68
37 69
37 70
37 72
37 74
37 75
37 80
37 82
37 84
37 86
37 87
37 89
37 93
37 94
37 97
37 100
37 101
37 102
37 103
37 105
37 106
37 108
37 111
37 112
37 113
37 114
37 117
37 125
37 126
37 129
37 130
37 138
37 140
37 141
37 143
37 145
37 146
37 147
37 148
37 149
37 150
37 151
37 154
37 155
37 157
37 158
37 159
38 39
38 40
38 43
38 45
38 46
38 47
38 51
38 53
38 54
38 55
38 56
38 58
38 59
38 62
38 64
38 65
38 66
38 67
38 68
38 69
38 71
38 72
38 73
38 74
38 75
38 77
38 78
38 79
38 80
38 81
38 82
38 83
38 87
38 88
38 89
38 92
38 93
38 94
38 95
38 96
38 97
38 101
38 102
38 103
38 105
38 106
38 107
38 108
38 109
38 113
38 114
38 115
38 116
38 117
38 118
38 122
38 123
38 125
38 129
38 130
38 131
38 133
38 134
38 135
38 136
38 137
38 138
38 139
38 142
38 146
38 147
38 148
38 149
38 150
38 151
38 152
38 153
38 156
38 157
38 158
38 159
38 160
38 161
39 40
39 41
39 43
39 44
39 45
39 46
39 49
39 51
39 53
39 54
39 55
39 57
39 59
39 63
39 65
39 67
39 68
39 71
39 72
39 74
39 77
39 78
39 83
39 86
39 89
39 93
39 94
39 101
39 103
39 107
39 112
39 113
39 115
39 117
39 118
39 119
39 120
39 125
39 129
39 131
39 133
39 134
39 135
39 137
39 138
39 139
39 142
39 147
39 148
39 149
39 150
39 154
39 157
39 158
39 161
40 41
40 43
40 44
40 45
40 49
40 50
40 51
40 52
40 54
40 55
40 56
40 58
40 59
40 60
40 61
40 62
40 64
40 65
40 66
40 67
40 68
40 70
40 71
40 72
40 73
40 74
40 75
40 76
40 77
40 78
40 79
40 80
40 81
40 84
40 85
40 86
40 87
40 88
40 89
40 90
40 92
40 93
40 94
40 95
40 97
40 98
40 99
40 100
40 101
40 102
40 104
40 105
40 106
40 107
40 108
40 109
40 110
40 111
40 112
40 113
40 117
40 118
40 119
40 120
40 122
40 124
40 125
40 126
40 127
40 128
40 129
40 130
40 131
40 132
40 133
40 135
40 137
40 138
40 139
40 141
40 142
40 145
40 146
40 147
40 148
40 150
40 151
40 152
40 154
40 155
40 158
40 159
41 44
41 49
41 51
41 54
41 63
41 64
41 65
41 67
41 69
41 72
41 73
41 76
41 79
41 80
41 89
41 101
41 104
41 105
41 108
41 109
41 115
41 125
41 129
41 145
41 146
41 152
41 153
41 158
42 44
42 45
42 46
42 47
42 49
42 51
42 54
42 63
42 66
42 68
42 70
42 71
42 72
42 74
42 75
42 80
42 82
42 84
42 87
42 89
42 93
42 95
42 97
42 101
42 103
42 105
42 106
42 110
42 111
42 112
42 113
42 114
42 115
42 116
42 118
42 120
42 124
42 126
42 130
42 131
42 133
42 137
42 138
42 141
42 142
42 143
42 145
42 150
42 151
42 153
42 154
42 157
42 158
42 161
43 45
43 50
43 51
43 54
43 56
43 62
43 64
43 65
43 67
43 69
43 70
43 72
43 77
43 80
43 82
43 84
43 86
43 94
43 96
43 100
43 102
43 104
43 106
43 108
43 110
43 113
43 114
43 115
43 116
43 117
43 118
43 120
43 123
43 125
43 127
43 130
43 131
43 132
43 134
43 137
43 138
43 147
43 151
43 152
43 153
43 154
43 156
43 157
44 45
44 49
44 50
44 53
44 54
44 55
44 56
44 57
44 58
44 61
44 62
44 64
44 65
44 66
44 67
44 68
44 70
44 72
44 77
44 79
44 80
44 81
44 82
44 83
44 84
44 85
44 87
44 88
44 89
44 92
44 94
44 95
44 96
44 99
44 101
44 102
44 103
44 106
44 107
44 108
44 109
44 114
44 115
44 116
44 117
44 122
44 125
44 126
44 128
44 129
44 130
44 131
44 132
44 133
44 134
44 135
44 136
44 137
44 139
44 140
44 141
44 143
44 145
44 146
44 151
44 154
44 158
44 159
44 160
44 161
45 48
45 49
45 50
45 51
45 52
45 53
45 54
45 56
45 57
45 58
45 59
45 62
45 63
45 64
45 65
45 66
45 67
45 68
45 69
45 70
45 71
45 72
45 73
45 74
45 75
45 76
45 79
45 80
45 83
45 84
45 86
45 87
45 88
45 89
45 90
45 91
45 92
45 98
45 99
45 102
45 103
45 104
45 105
45 106
45 108
45 111
45 112
45 113
45 114
45 116
45 117
45 118
45 120
45 122
45 125
45 126
45 127
45 128
45 129
45 131
45 132
45 133
45 134
45 136
45 137
45 138
45 139
45 140
45 142
45 143
45 145
45 149
45 152
45 154
45 155
45 156
45 157
45 158
45 159
46 51
46 54
46 55
46 58
46 61
46 64
46 65
46 67
46 69
46 73
46 75
46 76
46 77
46 82
46 83
46 84
46 85
46 88
46 89
46 91
46 94
46 95
46 97
46 101
46 102
46 105
46 106
46 107
46 108
46 110
46 111
46 112
46 113
46 115
46 118
46 126
46 129
46 131
46 132
46 133
46 137
46 138
46 143
46 145
46 147
46 148
46 149
46 151
46 152
46 155
46 161
47 51
47 71
47 72
47 75
47 80
47 84
47 98
47 101
47 109
47 113
47 115
47 118
47 137
47 155
47 160
48 50
48 51
48 54
48 55
48 63
48 64
48 66
48 68
48 69
48 70
48 75
48 77
48 86
48 89
48 90
48 93
48 94
48 97
48 101
48 102
48 106
48 110
48 115
48 117
48 124
48 125
48 126
48 129
48 138
48 145
48 148
48 156
48 158
48 159
49 50
49 51
49 52
49 53
49 54
49 55
49 56
49 58
49 59
49 61
49 63
49 64
49 65
49 67
49 69
49 70
49 71
49 73
49 74
49 75
49 77
49 78
49 79
49 80
49 82
49 84
49 85
49 86
49 87
49 89
49 91
49 92
49 93
49 95
49 97
49 101
49 102
49 105
49 106
49 107
49 108
49 109
49 112
49 114
49 115
49 116
49 117
49 118
49 120
49 121
49 122
49 125
49 127
49 128
49 130
49 131
49 132
49 133
49 134
49 135
49 136
49 137
49 138
49 140
49 141
49 142
49 146
49 147
49 150
49 151
49 155
49 158
49 159
49 160
49 161
50 51
50 52
50 53
50 54
50 55
50 56
50 58
50 62
50 63
50 64
50 65
50 66
50 69
50 70
50 71
50 72
50 73
50 74
50 78
50 79
50 83
50 84
50 87
50 88
50 89
50 91
50 92
50 93
50 97
50 98
50 99
50 101
50 102
50 105
50 106
50 107
50 109
50 111
50 116
50 118
50 124
50 125
50 131
50 133
50 134
50 136
50 137
50 138
50 142
50 147
50 148
50 149
50 151
50 152
50 154
50 158
50 160
50 161
51 52
51 54
51 56
51 58
51 59
51 61
51 62
51 63
51 64
51 65
51 66
51 67
51 68
51 69
51 70
51 71
51 72
51 73
51 74
51 75
51 76
51 78
51 79
51 80
51 85
51 86
51 87
51 88
51 89
51 93
51 94
51 95
51 97
51 101
51 103
51 105
51 107
51 111
51 112
51 113
51 114
51 115
51 117
51 118
51 119
51 120
51 121
51 122
51 125
51 126
51 128
51 129
51 131
51 132
51 133
51 135
51 136
51 138
51 141
51 142
51 143
51 145
51 147
51 149
51 150
51 151
51 152
51 153
51 154
51 155
51 157
51 160
51 161
52 54
52 55
52 56
52 58
52 61
52 63
52 64
52 65
52 67
52 71
52 72
52 74
52 75
52 78
52 80
52 83
52 84
52 87
52 89
52 91
52 92
52 95
52 100
52 101
52 105
52 106
52 107
52 108
52 110
52 111
52 112
52 114
52 115
52 116
52 117
52 119
52 120
52 124
52 125
52 126
52 129
52 130
52 133
52 134
52 140
52 144
52 150
52 151
52 152
52 153
52 154
52 157
52 160
52 161
53 64
53 65
53 67
53 68
53 69
53 70
53 71
53 72
53 73
53 75
53 77
53 80
53 82
53 94
53 101
53 102
53 104
53 105
53 106
53 107
53 109
53 111
53 113
53 118
53 125
53 126
53 129
53 131
53 133
53 134
53 137
53 142
53 143
53 150
53 154
53 155
54 55
54 58
54 59
54 61
54 62
54 63
54 64
54 65
54 66
54 67
54 69
54 70
54 71
54 72
54 73
54 74
54 75
54 77
54 79
54 80
54 82
54 83
54 85
54 87
54 88
54 90
54 91
54 92
54 95
54 96
54 98
54 99
54 100
54 101
54 102
54 103
54 104
54 105
54 106
54 108
54 109
54 110
54 112
54 113
54 115
54 116
54 117
54 118
54 119
54 121
54 125
54 128
54 129
54 131
54 132
54 133
54 134
54 135
54 136
54 137
54 138
54 139
54 140
54 141
54 142
54 143
54 146
54 147
54 149
54 150
54 151
54 152
54 153
54 154
54 156
54 157
54 158
54 159
54 160
54 161
55 56
55 59
55 60
55 61
55 64
55 65
55 66
55 67
55 68
55 70
55 71
55 72
55 73
55 74
55 75
55 77
55 79
55 83
55 85
55 87
55 91
55 92
55 94
55 96
55 98
55 99
55 105
55 108
55 109
55 112
55 113
55 114
55 115
55 116
55 117
55 118
55 121
55 123
55 126
55 127
55 130
55 131
55 133
55 134
55 136
55 138
55 139
55 140
55 141
55 142
55 145
55 146
55 149
55 150
55 151
55 152
55 153
55 155
55 156
55 157
55 158
55 159
55 161
56 57
56 58
56 59
56 60
56 61
56 62
56 63
56 64
56 65
56 66
56 68
56 69
56 71
56 73
56 74
56 76
56 79
56 80
56 82
56 83
56 86
56 87
56 88
56 89
56 94
56 95
56 97
56 98
56 100
56 102
56 103
56 104
56 105
56 106
56 107
56 108
56 111
56 112
56 113
56 114
56 115
56 116
56 117
56 118
56 120
56 122
56 125
56 126
56 127
56 128
56 129
56 130
56 131
56 132
56 133
56 134
56 136
56 137
56 138
56 139
56 141
56 142
56 143
56 144
56 147
56 151
56 152
56 153
56 154
56 155
56 157
56 158
56 159
56 160
56 161
57 59
57 65
57 66
57 67
57 68
57 70
57 73
57 74
57 83
57 87
57 88
57 96
57 99
57 106
57 107
57 108
57 111
57 112
57 115
57 119
57 122
57 125
57 127
57 137
57 146
57 149
57 151
57 154
57 158
58 59
58 62
58 64
58 66
58 67
58 68
58 70
58 71
58 74
58 75
58 78
58 79
58 80
58 82
58 83
58 84
58 87
58 88
58 89
58 92
58 94
58 96
58 99
58 100
58 104
58 106
58 108
58 112
58 115
58 116
58 118
58 121
58 124
58 125
58 126
58 129
58 130
58 131
58 133
58 134
58 135
58 137
58 138
58 139
58 147
58 151
58 152
58 153
58 157
58 158
59 61
59 64
59 65
59 66
59 70
59 73
59 74
59 80
59 82
59 83
59 84
59 87
59 88
59 89
59 91
59 92
59 93
59 95
59 97
59 102
59 105
59 107
59 109
59 112
59 114
59 115
59 117
59 118
59 125
59 126
59 128
59 131
59 133
59 134
59 136
59 137
59 138
59 142
59 143
59 145
59 147
59 148
59 151
59 154
59 155
59 156
59 157
59 160
60 61
60 68
60 69
60 79
60 92
60 101
60 115
60 125
60 128
60 134
60 138
60 139
60 149
60 150
60 153
60 158
60 160
60 161
61 62
61 65
61 66
61 69
61 70
61 71
61 79
61 80
61 83
61 84
61 87
61 88
61 89
61 91
61 94
61 97
61 98
61 102
61 103
61 106
61 113
61 116
61 120
61 131
61 137
61 138
61 139
61 142
61 144
61 147
61 150
61 151
61 152
61 154
61 155
61 157
61 158
61 159
61 161
62 63
62 72
62 73
62 74
62 77
62 79
62 80
62 82
62 87
62 88
62 89
62 97
62 99
62 100
62 103
62 108
62 109
62 113
62 114
62 115
62 116
62 117
62 118
62 119
62 127
62 129
62 133
62 135
62 137
62 138
62 142
62 145
62 146
62 147
62 148
62 149
62 150
62 151
62 152
62 153
62 156
62 157
62 159
62 160
63 64
63 66
63 67
63 68
63 69
63 70
63 71
63 72
63 73
63 74
63 77
63 80
63 81
63 83
63 84
63 88
63 92
63 93
63 94
63 96
63 97
63 99
63 101
63 102
63 103
63 106
63 107
63 108
63 109
63 112
63 114
63 115
63 118
63 120
63 129
63 130
63 131
63 133
63 134
63 135
63 136
63 137
63 142
63 143
63 145
63 146
63 147
63 149
63 150
63 151
63 152
63 154
63 155
63 157
63 158
63 160
64 65
64 66
64 67
64 68
64 69
64 70
64 72
64 73
64 74
64 75
64 77
64 78
64 79
64 81
64 83
64 84
64 88
64 89
64 90
64 91
64 92
64 94
64 96
64 98
64 99
64 100
64 101
64 103
64 105
64 106
64 107
64 108
64 109
64 110
64 111
64 112
64 114
64 115
64 116
64 117
64 118
64 119
64 120
64 121
64 124
64 125
64 126
64 127
64 128
64 129
64 130
64 133
64 134
64 136
64 137
64 138
64 139
64 140
64 141
64 142
64 143
64 146
64 147
64 148
64 149
64 150
64 151
64 152
64 153
64 154
64 156
64 157
64 158
64 160
64 161
65 66
65 67
65 68
65 69
65 70
65 72
65 73
65 74
65 75
65 77
65 79
65 81
65 83
65 86
65 87
65 89
65 90
65 91
65 92
65 93
65 96
65 99
65 100
65 102
65 103
65 106
65 108
65 109
65 110
65 112
65 113
65 114
65 115
65 116
65 117
65 119
65 122
65 125
65 126
65 128
65 129
65 130
65 133
65 134
65 135
65 137
65 138
65 141
65 142
65 145
65 147
65 150
65 151
65 153
65 154
65 155
65 156
65 157
65 158
65 159
66 67
66 68
66 69
66 70
66 71
66 72
66 73
66 74
66 75
66 76
66 77
66 79
66 83
66 84
66 85
66 86
66 87
66 88
66 89
66 90
66 91
66 92
66 94
66 96
66 98
66 102
66 103
66 104
66 105
66 106
66 108
66 109
66 110
66 111
66 112
66 113
66 114
66 115
66 116
66 117
66 118
66 123
66 124
66 125
66 126
66 127
66 129
66 131
66 134
66 136
66 137
66 138
66 139
66 142
66 143
66 145
66 147
66 149
66 150
66 151
66 152
66 154
66 157
66 158
66 159
66 160
67 68
67 69
67 70
67 71
67 72
67 73
67 74
67 75
67 76
67 77
67 79
67 80
67 82
67 83
67 84
67 86
67 87
67 91
67 92
67 93
67 94
67 96
67 97
67 98
67 100
67 101
67 102
67 103
67 104
67 105
67 106
67 108
67 109
67 112
67 113
67 114
67 115
67 116
67 117
67 118
67 119
67 120
67 121
67 122
67 124
67 125
67 126
67 127
67 128
67 129
67 130
67 131
67 133
67 134
67 136
67 137
67 138
67 139
67 141
67 142
67 143
67 145
67 146
67 147
67 150
67 151
67 153
67 154
67 157
67 158
67 159
67 160
67 161
68 69
68 70
68 71
68 72
68 73
68 75
68 77
68 79
68 80
68 81
68 82
68 83
68 85
68 86
68 89
68 90
68 94
68 97
68 98
68 101
68 102
68 104
68 105
68 106
68 108
68 112
68 114
68 115
68 116
68 117
68 118
68 120
68 128
68 129
68 131
68 132
68 133
68 134
68 136
68 137
68 140
68 141
68 142
68 143
68 145
68 146
68 147
68 148
68 150
68 151
68 152
68 153
68 154
68 155
68 156
68 157
68 158
68 159
68 160
69 70
69 71
69 72
69 73
69 74
69 75
69 76
69 77
69 81
69 82
69 84
69 85
69 87
69 88
69 89
69 94
69 96
69 97
69 98
69 100
69 101
69 105
69 106
69 108
69 109
69 111
69 112
69 113
69 114
69 116
69 117
69 118
69 124
69 126
69 127
69 132
69 133
69 134
69 137
69 139
69 140
69 141
69 142
69 143
69 145
69 146
69 148
69 149
69 150
69 151
69 153
69 154
69 155
69 160
69 161
70 71
70 72
70 73
70 74
70 75
70 79
70 82
70 83
70 84
70 85
70 86
70 88
70 89
70 91
70 92
70 93
70 94
70 95
70 96
70 97
70 98
70 99
70 101
70 102
70 105
70 106
70 107
70 108
70 109
70 111
70 112
70 113
70 114
70 115
70 116
70 117
70 118
70 120
70 121
70 122
70 124
70 125
70 126
70 127
70 128
70 129
70 130
70 133
70 134
70 135
70 137
70 138
70 139
70 142
70 143
70 145
70 146
70 147
70 148
70 150
70 151
70 152
70 154
70 155
70 157
70 158
70 159
70 160
70 161
71 72
71 73
71 75
71 76
71 79
71 81
71 82
71 83
71 84
71 90
71 91
71 93
71 94
71 95
71 96
71 97
71 100
71 102
71 103
71 105
71 106
71 107
71 108
71 109
71 113
71 114
71 115
71 116
71 117
71 118
71 121
71 122
71 124
71 125
71 126
71 128
71 129
71 131
71 132
71 133
71 134
71 135
71 137
71 138
71 139
71 140
71 144
71 145
71 147
71 150
71 151
71 152
71 153
71 154
71 155
71 157
71 160
71 161
72 73
72 74
72 75
72 76
72 78
72 79
72 80
72 81
72 83
72 84
72 85
72 91
72 92
72 93
72 94
72 96
72 97
72 100
72 101
72 102
72 105
72 106
72 107
72 108
72 109
72 112
72 113
72 114
72 115
72 117
72 118
72 119
72 123
72 124
72 125
72 127
72 129
72 130
72 131
72 133
72 134
72 137
72 138
72 139
72 140
72 142
72 143
72 146
72 147
72 148
72 149
72 150
72 151
72 152
72 154
72 158
72 160
72 161
73 74
73 76
73 77
73 78
73 80
73 81
73 82
73 83
73 84
73 86
73 88
73 89
73 90
73 93
73 94
73 98
73 99
73 100
73 101
73 102
73 104
73 106
73 108
73 110
73 114
73 115
73 116
73 117
73 118
73 122
73 126
73 128
73 130
73 131
73 132
73 134
73 137
73 138
73 140
73 141
73 142
73 143
73 146
73 147
73 150
73 151
73 154
73 155
73 157
73 158
73 159
73 161
74 75
74 77
74 79
74 85
74 86
74 88
74 90
74 91
74 92
74 93
74 94
74 95
74 97
74 98
74 101
74 102
74 105
74 106
74 107
74 108
74 111
74 112
74 113
74 114
74 115
74 116
74 117
74 118
74 119
74 120
74 121
74 122
74 123
74 125
74 126
74 127
74 128
74 130
74 131
74 132
74 133
74 135
74 136
74 138
74 139
74 140
74 141
74 142
74 143
74 145
74 149
74 150
74 151
74 152
74 153
74 154
74 156
74 157
74 158
74 160
74 161
75 77
75 78
75 84
75 85
75 87
75 89
75 90
75 93
75 94
75 98
75 99
75 100
75 101
75 103
75 105
75 106
75 107
75 108
75 113
75 114
75 124
75 127
75 128
75 129
75 130
75 131
75 134
75 136
75 137
75 138
75 142
75 143
75 145
75 146
75 148
75 149
75 152
75 153
75 154
75 155
75 156
75 157
75 159
75 161
76 85
76 88
76 89
76 91
76 93
76 95
76 100
76 101
76 102
76 103
76 107
76 109
76 112
76 113
76 114
76 118
76 119
76 125
76 126
76 131
76 134
76 135
76 136
76 137
76 138
76 141
76 142
76 143
76 146
76 150
76 154
76 157
76 158
77 79
77 80
77 81
77 83
77 84
77 85
77 87
77 88
77 89
77 92
77 93
77 95
77 97
77 99
77 101
77 102
77 106
77 108
77 109
77 110
77 112
77 113
77 114
77 115
77 116
77 117
77 118
77 125
77 128
77 129
77 131
77 133
77 135
77 136
77 146
77 147
77 148
77 149
77 151
77 153
77 154
77 155
77 158
77 159
78 79
78 80
78 91
78 94
78 97
78 106
78 108
78 109
78 111
78 113
78 129
78 134
78 138
78 139
78 146
78 153
78 154
79 80
79 82
79 83
79 84
79 85
79 86
79 91
79 93
79 94
79 95
79 96
79 97
79 98
79 99
79 100
79 101
79 104
79 105
79 106
79 107
79 108
79 109
79 110
79 111
79 112
79 113
79 114
79 115
79 117
79 118
79 120
79 121
79 122
79 123
79 125
79 126
79 127
79 128
79 131
79 133
79 134
79 135
79 137
79 138
79 139
79 140
79 141
79 143
79 145
79 147
79 148
79 151
79 152
79 153
79 154
79 155
79 156
79 158
79 160
79 161
80 81
80 85
80 87
80 89
80 92
80 94
80 97
80 98
80 99
80 100
80 101
80 102
80 103
80 104
80 105
80 106
80 108
80 109
80 112
80 114
80 115
80 117
80 119
80 121
80 126
80 130
80 131
80 133
80 134
80 137
80 138
80 139
80 142
80 145
80 146
80 151
80 154
80 155
80 157
81 83
81 84
81 95
81 105
81 106
81 108
81 109
81 111
81 114
81 118
81 127
81 129
81 130
81 131
81 132
81 141
81 145
81 147
81 149
81 155
82 83
82 87
82 89
82 90
82 94
82 97
82 100
82 106
82 107
82 108
82 113
82 114
82 129
82 133
82 134
82 135
82 137
82 138
82 139
82 143
82 147
82 150
82 151
82 152
82 154
82 156
82 157
83 84
83 85
83 88
83 101
83 102
83 104
83 106
83 107
83 108
83 110
83 114
83 116
83 117
83 125
83 126
83 128
83 129
83 131
83 135
83 137
83 139
83 142
83 147
83 150
83 151
83 152
83 157
83 158
83 161
84 87
84 93
84 95
84 96
84 98
84 99
84 100
84 101
84 103
84 104
84 106
84 108
84 109
84 111
84 112
84 113
84 114
84 115
84 117
84 118
84 120
84 125
84 127
84 128
84 129
84 130
84 131
84 133
84 134
84 135
84 137
84 138
84 141
84 142
84 143
84 145
84 146
84 147
84 150
84 152
84 153
84 154
84 155
84 156
84 157
84 158
85 87
85 88
85 89
85 91
85 93
85 100
85 101
85 105
85 107
85 112
85 114
85 115
85 117
85 118
85 121
85 130
85 131
85 134
85 136
85 137
85 139
85 145
85 147
85 150
85 152
85 154
85 161
86 89
86 90
86 91
86 93
86 94
86 96
86 97
86 99
86 101
86 105
86 106
86 107
86 109
86 111
86 114
86 115
86 116
86 117
86 125
86 126
86 129
86 130
86 131
86 133
86 135
86 137
86 139
86 142
86 146
86 147
86 150
86 151
86 152
86 154
86 158
87 89
87 91
87 92
87 93
87 94
87 96
87 100
87 102
87 106
87 108
87 109
87 110
87 111
87 112
87 114
87 115
87 116
87 118
87 121
87 124
87 126
87 129
87 131
87 134
87 137
87 138
87 139
87 142
87 144
87 146
87 152
87 153
87 154
87 157
87 158
87 159
87 161
88 89
88 90
88 94
88 97
88 98
88 102
88 103
88 104
88 105
88 106
88 107
88 108
88 112
88 114
88 115
88 117
88 119
88 121
88 123
88 127
88 129
88 131
88 133
88 134
88 136
88 137
88 138
88 141
88 142
88 146
88 147
88 150
88 151
88 154
88 157
88 161
89 91
89 93
89 94
89 95
89 97
89 98
89 100
89 101
89 103
89 106
89 107
89 108
89 109
89 110
89 111
89 112
89 113
89 114
89 117
89 118
89 120
89 121
89 122
89 126
89 127
89 129
89 131
89 132
89 133
89 134
89 135
89 137
89 138
89 140
89 141
89 142
89 146
89 147
89 150
89 152
89 154
89 156
89 157
89 159
89 160
89 161
90 97
90 101
90 102
90 105
90 106
90 109
90 113
90 115
90 117
90 128
90 129
90 131
90 136
90 138
90 139
90 141
90 142
90 146
90 151
90 154
91 94
91 95
91 97
91 98
91 99
91 101
91 103
91 105
91 108
91 109
91 111
91 112
91 113
91 114
91 115
91 116
91 117
91 118
91 121
91 127
91 128
91 130
91 136
91 138
91 139
91 140
91 142
91 147
91 149
91 150
91 151
91 152
91 153
91 154
91 155
91 157
91 158
91 161
92 94
92 99
92 100
92 102
92 105
92 106
92 108
92 110
92 112
92 113
92 114
92 115
92 120
92 122
92 129
92 131
92 133
92 134
92 136
92 137
92 138
92 139
92 141
92 142
92 143
92 145
92 146
92 147
92 152
92 153
92 154
92 158
92 159
93 96
93 97
93 98
93 99
93 101
93 102
93 103
93 105
93 106
93 109
93 110
93 112
93 113
93 114
93 115
93 118
93 119
93 120
93 125
93 129
93 130
93 131
93 133
93 134
93 137
93 138
93 141
93 142
93 145
93 148
93 150
93 152
93 153
93 154
93 157
93 158
93 160
93 161
94 97
94 98
94 99
94 101
94 102
94 105
94 106
94 107
94 108
94 109
94 111
94 112
94 113
94 114
94 115
94 116
94 119
94 123
94 125
94 126
94 128
94 129
94 130
94 131
94 133
94 134
94 136
94 138
94 139
94 141
94 142
94 143
94 145
94 146
94 147
94 149
94 151
94 152
94 153
94 154
94 158
94 159
94 160
94 161
95 96
95 97
95 101
95 105
95 106
95 108
95 115
95 116
95 118
95 122
95 125
95 128
95 129
95 133
95 135
95 139
95 142
95 146
95 147
95 148
95 150
95 157
95 158
96 97
96 101
96 102
96 104
96 105
96 107
96 110
96 115
96 117
96 121
96 129
96 133
96 135
96 137
96 138
96 142
96 149
96 151
96 152
96 153
96 154
96 158
97 100
97 101
97 102
97 103
97 105
97 106
97 108
97 109
97 111
97 112
97 117
97 125
97 129
97 130
97 131
97 132
97 134
97 135
97 136
97 137
97 138
97 139
97 141
97 142
97 145
97 146
97 148
97 150
97 152
97 154
97 155
97 157
97 158
97 159
97 160
98 102
98 107
98 111
98 113
98 114
98 115
98 117
98 121
98 125
98 126
98 127
98 133
98 134
98 137
98 142
98 146
98 150
98 151
98 152
98 154
98 156
98 157
98 158
98 160
98 161
99 101
99 103
99 105
99 106
99 112
99 113
99 115
99 117
99 119
99 127
99 130
99 131
99 133
99 135
99 137
99 139
99 145
99 146
99 147
99 149
99 152
99 154
99 157
99 158
100 101
100 102
100 105
100 106
100 108
100 109
100 110
100 111
100 112
100 115
100 116
100 117
100 118
100 124
100 125
100 126
100 128
100 129
100 130
100 133
100 137
100 139
100 141
100 145
100 146
100 147
100 148
100 150
100 151
100 153
100 158
101 102
101 103
101 104
101 105
101 106
101 108
101 109
101 112
101 114
101 115
101 116
101 117
101 118
101 119
101 121
101 122
101 123
101 124
101 126
101 128
101 131
101 134
101 135
101 136
101 137
101 138
101 139
101 141
101 142
101 146
101 147
101 149
101 152
101 153
101 156
101 157
101 158
101 159
101 160
101 161
102 105
102 106
102 108
102 109
102 114
102 115
102 117
102 118
102 121
102 123
102 125
102 126
102 127
102 128
102 129
102 130
102 131
102 133
102 134
102 139
102 141
102 142
102 143
102 145
102 146
102 148
102 150
102 151
102 152
102 154
102 155
102 157
102 158
102 161
103 105
103 107
103 110
103 112
103 113
103 115
103 117
103 118
103 120
103 124
103 125
103 126
103 128
103 131
103 133
103 134
103 135
103 136
103 138
103 140
103 142
103 145
103 151
103 154
103 156
103 157
103 158
104 107
104 108
104 109
104 113
104 115
104 117
104 125
104 127
104 131
104 135
104 137
104 138
104 142
104 144
104 146
104 147
104 149
104 151
104 152
104 153
104 156
104 157
104 158
105 107
105 108
105 109
105 111
105 112
105 113
105 116
105 118
105 122
105 124
105 125
105 128
105 130
105 131
105 136
105 137
105 138
105 139
105 140
105 142
105 146
105 147
105 149
105 150
105 151
105 153
105 154
105 155
105 157
105 160
105 161
106 107
106 108
106 112
106 113
106 114
106 115
106 116
106 117
106 118
106 119
106 120
106 121
106 122
106 126
106 127
106 128
106 129
106 130
106 132
106 133
106 134
106 136
106 137
106 138
106 139
106 140
106 141
106 142
106 144
106 147
106 149
106 150
106 151
106 152
106 154
106 156
106 157
106 158
106 159
106 160
106 161
107 108
107 110
107 111
107 113
107 114
107 115
107 117
107 118
107 126
107 127
107 129
107 131
107 135
107 136
107 137
107 139
107 140
107 142
107 146
107 152
107 155
107 157
107 159
107 161
108 109
108 112
108 113
108 114
108 115
108 116
108 117
108 118
108 119
108 120
108 121
108 123
108 125
108 127
108 128
108 132
108 133
108 134
108 137
108 138
108 139
108 140
108 141
108 142
108 143
108 146
108 147
108 148
108 149
108 150
108 151
108 152
108 153
108 154
108 155
108 156
108 157
108 158
108 159
108 160
108 161
109 112
109 113
109 114
109 115
109 117
109 122
109 125
109 126
109 128
109 129
109 130
109 131
109 134
109 135
109 137
109 138
109 140
109 142
109 145
109 150
109 151
109 152
109 155
109 156
109 158
109 161
110 114
110 115
110 117
110 118
110 125
110 130
110 134
110 137
110 139
110 141
110 146
110 149
110 151
110 152
110 154
110 157
110 158
111 114
111 116
111 117
111 118
111 125
111 129
111 130
111 131
111 133
111 134
111 142
111 143
111 144
111 146
111 147
111 149
111 150
111 151
111 152
111 153
111 156
111 159
111 160
112 113
112 116
112 118
112 129
112 130
112 131
112 132
112 133
112 134
112 135
112 138
112 139
112 140
112 143
112 147
112 149
112 150
112 151
112 152
112 154
112 155
112 157
112 158
112 159
112 160
112 161
113 114
113 115
113 117
113 118
113 119
113 125
113 126
113 127
113 128
113 129
113 130
113 131
113 132
113 133
113 135
113 137
113 138
113 139
113 140
113 141
113 142
113 145
113 147
113 149
113 150
113 151
113 152
113 153
113 154
113 158
113 159
113 160
113 161
114 115
114 116
114 117
114 118
114 122
114 125
114 127
114 128
114 129
114 130
114 131
114 133
114 134
114 137
114 138
114 139
114 141
114 142
114 143
114 145
114 146
114 147
114 148
114 150
114 152
114 153
114 154
114 155
114 158
114 159
115 116
115 117
115 118
115 119
115 120
115 122
115 123
115 124
115 125
115 126
115 127
115 129
115 132
115 133
115 135
115 136
115 138
115 140
115 141
115 142
115 143
115 145
115 148
115 149
115 150
115 151
115 152
115 153
115 154
115 155
115 156
115 157
115 158
115 159
116 118
116 129
116 131
116 133
116 134
116 135
116 137
116 140
116 142
116 145
116 146
116 147
116 150
116 151
116 152
116 153
117 118
117 120
117 121
117 122
117 123
117 124
117 125
117 127
117 129
117 130
117 131
117 132
117 133
117 134
117 135
117 137
117 139
117 140
117 142
117 143
117 146
117 147
117 149
117 151
117 152
117 153
117 154
117 158
117 161
118 121
118 125
118 126
118 127
118 128
118 131
118 135
118 136
118 137
118 138
118 139
118 140
118 141
118 145
118 146
118 147
118 148
118 149
118 150
118 151
118 152
118 153
118 155
118 157
118 158
118 161
119 124
119 128
119 129
119 131
119 133
119 137
119 141
119 145
119 152
119 154
119 159
119 160
120 125
120 128
120 131
120 137
120 142
120 147
120 148
120 151
120 152
120 161
121 131
121 133
121 134
121 139
121 142
121 157
121 160
121 161
122 126
122 129
122 131
122 133
122 135
122 139
122 142
122 148
122 154
122 161
123 136
123 137
123 138
123 146
123 154
123 157
123 158
124 129
124 131
124 136
124 137
124 141
124 145
125 126
125 127
125 129
125 131
125 132
125 134
125 136
125 137
125 140
125 141
125 142
125 146
125 147
125 148
125 149
125 150
125 153
125 154
125 156
125 157
125 158
125 161
126 128
126 132
126 133
126 134
126 137
126 141
126 145
126 147
126 149
126 150
126 151
126 154
126 158
126 161
127 132
127 133
127 134
127 137
127 138
127 141
127 142
127 146
127 147
127 149
127 151
127 152
127 153
127 154
127 159
127 160
127 161
128 129
128 132
128 133
128 134
128 136
128 137
128 138
128 140
128 143
128 146
128 147
128 148
128 151
128 154
128 158
128 161
129 130
129 131
129 133
129 134
129 136
129 137
129 139
129 141
129 142
129 143
129 145
129 146
129 147
129 148
129 151
129 152
129 153
129 154
129 156
129 158
129 159
129 161
130 131
130 133
130 136
130 138
130 142
130 143
130 144
130 145
130 146
130 147
130 151
130 156
130 158
131 132
131 134
131 135
131 136
131 137
131 138
131 140
131 141
131 142
131 143
131 146
131 147
131 148
131 149
131 150
131 152
131 153
131 154
131 155
131 158
131 159
131 161
132 137
132 138
132 142
132 152
132 154
132 160
133 134
133 138
133 139
133 142
133 144
133 145
133 146
133 147
133 149
133 150
133 151
133 152
133 153
133 155
133 157
133 158
133 159
133 160
133 161
134 135
134 136
134 138
134 139
134 140
134 142
134 143
134 145
134 146
134 147
134 149
134 150
134 151
134 152
134 154
134 155
134 157
134 159
134 160
135 138
135 139
135 142
135 146
135 149
135 150
135 151
135 153
135 154
136 137
136 138
136 139
136 142
136 144
136 146
136 150
136 151
136 153
136 154
136 155
136 158
136 160
137 138
137 139
137 140
137 143
137 146
137 149
137 150
137 151
137 152
137 153
137 154
137 156
137 157
138 139
138 141
138 143
138 144
138 145
138 146
138 147
138 150
138 151
138 152
138 153
138 154
138 157
138 158
138 160
139 140
139 141
139 142
139 144
139 145
139 149
139 150
139 152
139 155
140 143
140 147
140 154
140 155
141 142
141 145
141 146
141 148
141 149
141 151
141 154
141 155
141 156
141 159
141 161
142 143
142 145
142 146
142 147
142 148
142 150
142 151
142 152
142 153
142 154
142 155
142 157
142 160
142 161
143 147
143 150
143 151
143 154
143 157
143 158
144 151
145 147
145 153
145 154
145 161
146 147
146 150
146 151
146 158
146 159
146 160
146 161
147 149
147 150
147 151
147 152
147 153
147 154
147 157
147 158
147 159
147 160
147 161
148 151
149 158
149 160
150 151
150 152
150 154
150 156
150 157
150 160
150 161
151 152
151 154
151 158
151 161
152 153
152 154
152 159
152 160
152 161
153 154
153 158
153 160
153 161
154 155
154 156
154 157
154 158
156 159
157 158
157 159
157 160
157 161
158 160
159 160
159 161
