0 4
0 7
0 9
0 16
0 18
0 19
0 21
0 25
0 30
0 31
0 32
0 33
0 38
0 39
0 40
0 42
0 44
0 45
0 46
0 52
0 54
0 55
0 56
0 60
0 61
0 62
0 64
0 65
0 66
0 67
0 68
0 69
0 71
0 72
0 74
0 75
0 78
0 79
0 80
0 88
0 89
0 101
0 102
0 105
0 106
0 108
0 109
0 114
0 115
0 125
0 127
0 128
0 129
0 130
0 131
0 134
0 137
0 138
0 139
0 142
0 143
0 147
0 153
0 154
0 158
1 7
1 10
1 12
1 13
1 14
1 16
1 18
1 19
1 21
1 30
1 31
1 32
1 36
1 38
1 39
1 43
1 49
1 50
1 54
1 56
1 58
1 63
1 64
1 68
1 69
1 71
1 74
1 75
1 78
1 79
1 80
1 84
1 89
1 91
1 93
1 94
1 97
1 100
1 101
1 104
1 108
1 112
1 113
1 114
1 117
1 118
1 119
1 123
1 129
1 130
1 131
1 133
1 135
1 137
1 138
1 142
1 144
1 145
1 146
1 147
1 149
1 150
1 155
1 157
1 158
1 160
1 161
2 3
2 10
2 11
2 19
2 26
2 35
2 36
2 37
2 38
2 39
2 40
2 42
2 49
2 50
2 51
2 52
2 55
2 56
2 58
2 64
2 67
2 68
2 72
2 73
2 74
2 75
2 77
2 79
2 82
2 83
2 86
2 89
2 93
2 96
2 97
2 100
2 102
2 103
2 105
2 114
2 117
2 119
2 120
2 122
2 125
2 126
2 127
2 129
2 131
2 133
2 134
2 142
2 145
2 149
2 151
2 154
2 156
2 157
2 161
3 7
3 11
3 15
3 19
3 20
3 22
3 25
3 30
3 32
3 34
3 35
3 40
3 44
3 46
3 56
3 59
3 62
3 63
3 64
3 65
3 67
3 70
3 71
3 72
3 74
3 75
3 77
3 79
3 82
3 83
3 84
3 85
3 91
3 94
3 97
3 99
3 101
3 102
3 107
3 108
3 112
3 115
3 116
3 117
3 118
3 121
3 128
3 129
3 134
3 135
3 137
3 138
3 139
3 140
3 145
3 149
3 150
3 152
3 154
3 157
3 161
4 6
4 7
4 8
4 9
4 10
4 12
4 13
4 14
4 17
4 18
4 19
4 20
4 21
4 25
4 26
4 27
4 29
4 30
4 31
4 32
4 33
4 34
4 35
4 36
4 37
4 38
4 39
4 40
4 42
4 43
4 45
4 46
4 51
4 52
4 53
4 54
4 55
4 56
4 61
4 62
4 63
4 64
4 66
4 67
4 68
4 69
4 71
4 72
4 73
4 74
4 75
4 79
4 80
4 82
4 86
4 87
4 88
4 89
4 91
4 92
4 94
4 96
4 99
4 101
4 102
4 103
4 104
4 105
4 106
4 107
4 108
4 109
4 112
4 113
4 114
4 115
4 116
4 117
4 118
4 125
4 126
4 128
4 129
4 130
4 131
4 133
4 134
4 135
4 137
4 139
4 140
4 141
4 146
4 147
4 149
4 150
4 151
4 153
4 154
4 155
4 157
4 158
4 161
5 7
5 9
5 11
5 13
5 16
5 22
5 25
5 26
5 30
5 32
5 35
5 37
5 39
5 40
5 43
5 44
5 45
5 51
5 58
5 64
5 70
5 71
5 72
5 73
5 86
5 91
5 92
5 108
5 114
5 115
5 117
5 121
5 125
5 127
5 131
5 134
5 137
5 142
5 152
5 153
5 157
5 161
6 7
6 9
6 10
6 11
6 12
6 13
6 14
6 15
6 16
6 17
6 18
6 19
6 21
6 22
6 23
6 26
6 28
6 30
6 31
6 32
6 35
6 36
6 38
6 40
6 42
6 44
6 45
6 46
6 50
6 53
6 54
6 55
6 56
6 57
6 58
6 61
6 62
6 64
6 65
6 66
6 67
6 68
6 69
6 70
6 71
6 73
6 74
6 79
6 83
6 84
6 86
6 87
6 92
6 93
6 94
6 96
6 97
6 99
6 101
6 102
6 103
6 106
6 108
6 109
6 110
6 111
6 112
6 113
6 114
6 115
6 117
6 118
6 119
6 123
6 125
6 126
6 128
6 129
6 130
6 131
6 133
6 134
6 136
6 137
6 138
6 139
6 141
6 142
6 143
6 144
6 146
6 147
6 149
6 150
6 151
6 152
6 154
6 155
6 156
6 157
6 158
6 159
6 161
7 8
7 9
7 10
7 11
7 12
7 13
7 14
7 15
7 16
7 20
7 21
7 23
7 24
7 26
7 29
7 30
7 31
7 32
7 33
7 34
7 35
7 36
7 38
7 39
7 40
7 43
7 44
7 45
7 46
7 48
7 50
7 52
7 53
7 54
7 55
7 56
7 57
7 58
7 59
7 61
7 64
7 65
7 66
7 67
7 68
7 70
7 71
7 72
7 73
7 76
7 77
7 78
7 79
7 80
7 81
7 82
7 84
7 85
7 89
7 90
7 91
7 92
7 94
7 95
7 96
7 97
7 98
7 99
7 100
7 101
7 102
7 103
7 104
7 105
7 106
7 107
7 108
7 109
7 112
7 113
7 114
7 115
7 116
7 117
7 118
7 122
7 125
7 126
7 127
7 128
7 129
7 130
7 131
7 133
7 136
7 137
7 138
7 139
7 140
7 141
7 142
7 143
7 146
7 147
7 149
7 151
7 152
7 154
7 157
7 158
7 159
7 160
7 161
8 9
8 10
8 25
8 30
8 31
8 38
8 40
8 46
8 49
8 50
8 51
8 55
8 59
8 60
8 66
8 71
8 72
8 74
8 77
8 80
8 84
8 85
8 87
8 88
8 98
8 101
8 102
8 107
8 108
8 109
8 111
8 112
8 114
8 116
8 122
8 125
8 128
8 129
8 131
8 137
8 146
8 150
8 151
8 159
9 14
9 16
9 17
9 20
9 25
9 26
9 31
9 32
9 38
9 40
9 43
9 44
9 45
9 49
9 50
9 53
9 54
9 55
9 56
9 59
9 62
9 65
9 66
9 67
9 72
9 76
9 79
9 86
9 87
9 88
9 91
9 94
9 96
9 97
9 101
9 102
9 104
9 106
9 110
9 112
9 113
9 114
9 115
9 116
9 117
9 118
9 119
9 120
9 129
9 130
9 133
9 134
9 136
9 137
9 138
9 140
9 141
9 142
9 143
9 145
9 146
9 150
9 151
9 152
9 155
9 157
9 158
9 160
10 11
10 16
10 21
10 22
10 28
10 33
10 35
10 39
10 40
10 41
10 42
10 43
10 44
10 45
10 49
10 50
10 51
10 52
10 54
10 55
10 56
10 63
10 64
10 65
10 67
10 69
10 71
10 73
10 76
10 77
10 78
10 79
10 83
10 85
10 89
10 90
10 93
10 94
10 97
10 101
10 105
10 106
10 107
10 108
10 111
10 114
10 115
10 116
10 117
10 118
10 121
10 122
10 124
10 126
10 129
10 131
10 133
10 136
10 137
10 138
10 142
10 146
10 147
10 152
10 154
10 158
10 159
10 160
11 12
11 13
11 14
11 15
11 17
11 18
11 19
11 21
11 22
11 25
11 26
11 30
11 31
11 32
11 34
11 35
11 36
11 37
11 40
11 41
11 42
11 45
11 48
11 49
11 50
11 51
11 53
11 54
11 56
11 57
11 61
11 63
11 66
11 68
11 70
11 71
11 72
11 73
11 74
11 79
11 80
11 81
11 84
11 86
11 88
11 89
11 93
11 95
11 97
11 101
11 103
11 104
11 107
11 108
11 109
11 111
11 112
11 113
11 114
11 116
11 117
11 118
11 120
11 122
11 123
11 125
11 126
11 128
11 129
11 131
11 134
11 135
11 137
11 139
11 140
11 142
11 145
11 146
11 147
11 149
11 150
11 151
11 152
11 154
11 156
11 157
11 158
11 159
11 160
11 161
12 14
12 15
12 21
12 22
12 26
12 30
12 31
12 35
12 37
12 39
12 40
12 41
12 43
12 44
12 46
12 50
12 52
12 54
12 55
12 56
12 57
12 58
12 65
12 66
12 67
12 69
12 71
12 72
12 74
12 76
12 77
12 78
12 79
12 84
12 89
12 91
12 92
12 93
12 96
12 97
12 102
12 105
12 106
12 108
12 111
12 113
12 114
12 117
12 118
12 125
12 126
12 130
12 134
12 135
12 136
12 138
12 147
12 150
12 157
12 158
12 160
13 14
13 21
13 22
13 23
13 24
13 26
13 29
13 31
13 33
13 35
13 36
13 38
13 39
13 41
13 42
13 45
13 47
13 53
13 54
13 55
13 57
13 60
13 64
13 67
13 68
13 69
13 72
13 74
13 75
13 79
13 80
13 83
13 85
13 87
13 88
13 90
13 92
13 93
13 98
13 101
13 102
13 103
13 105
13 108
13 111
13 112
13 114
13 115
13 116
13 117
13 118
13 122
13 125
13 131
13 132
13 133
13 134
13 135
13 136
13 137
13 138
13 139
13 142
13 145
13 146
13 147
13 149
13 150
13 151
13 154
13 161
14 15
14 16
14 18
14 19
14 21
14 23
14 24
14 25
14 26
14 28
14 29
14 30
14 31
14 32
14 35
14 36
14 38
14 39
14 44
14 45
14 49
14 50
14 51
14 52
14 54
14 55
14 56
14 59
14 61
14 62
14 63
14 64
14 65
14 66
14 67
14 68
14 69
14 70
14 71
14 72
14 73
14 74
14 75
14 76
14 79
14 80
14 82
14 83
14 85
14 86
14 87
14 88
14 90
14 91
14 93
14 95
14 96
14 97
14 98
14 99
14 100
14 101
14 102
14 103
14 107
14 109
14 110
14 111
14 112
14 113
14 114
14 115
14 116
14 117
14 118
14 119
14 121
14 123
14 125
14 126
14 128
14 129
14 132
14 133
14 134
14 136
14 137
14 138
14 139
14 140
14 141
14 142
14 143
14 145
14 146
14 147
14 148
14 149
14 150
14 151
14 154
14 155
14 156
14 157
14 158
14 160
14 161
15 20
15 24
15 26
15 30
15 32
15 33
15 35
15 38
15 40
15 44
15 49
15 51
15 52
15 53
15 59
15 61
15 64
15 65
15 66
15 68
15 70
15 71
15 76
15 77
15 79
15 80
15 85
15 87
15 88
15 97
15 102
15 105
15 110
15 111
15 114
15 115
15 116
15 118
15 120
15 127
15 133
15 136
15 139
15 141
15 146
15 149
15 151
15 153
15 159
15 160
16 19
16 26
16 28
16 35
16 36
16 38
16 43
16 49
16 50
16 52
16 57
16 58
16 65
16 67
16 70
16 71
16 73
16 74
16 75
16 81
16 87
16 89
16 93
16 96
16 101
16 105
16 106
16 111
16 112
16 113
16 114
16 115
16 117
16 118
16 124
16 125
16 126
16 129
16 134
16 135
16 136
16 141
16 152
16 153
16 154
16 158
16 159
16 160
17 21
17 24
17 31
17 32
17 34
17 38
17 41
17 45
17 52
17 54
17 62
17 64
17 66
17 67
17 68
17 70
17 74
17 97
17 101
17 105
17 109
17 117
17 125
17 129
17 133
17 137
17 138
17 142
17 150
17 151
17 152
17 158
17 161
18 19
18 25
18 26
18 30
18 31
18 32
18 37
18 40
18 42
18 49
18 50
18 54
18 56
18 58
18 61
18 62
18 66
18 69
18 71
18 72
18 74
18 75
18 79
18 83
18 84
18 89
18 92
18 94
18 97
18 99
18 105
18 109
18 111
18 112
18 113
18 114
18 116
18 117
18 118
18 120
18 125
18 128
18 133
18 134
18 136
18 137
18 141
18 147
18 150
18 153
18 154
18 159
18 161
19 20
19 21
19 22
19 25
19 26
19 30
19 32
19 33
19 35
19 38
19 40
19 42
19 43
19 44
19 45
19 46
19 47
19 48
19 49
19 50
19 51
19 53
19 54
19 56
19 57
19 58
19 59
19 61
19 65
19 66
19 67
19 68
19 69
19 70
19 71
19 72
19 73
19 75
19 76
19 79
19 80
19 82
19 83
19 84
19 85
19 87
19 89
19 91
19 93
19 94
19 97
19 99
19 100
19 101
19 102
19 104
19 105
19 106
19 107
19 108
19 109
19 110
19 111
19 112
19 115
19 116
19 117
19 118
19 119
19 120
19 123
19 125
19 128
19 129
19 130
19 131
19 133
19 134
19 136
19 137
19 138
19 140
19 141
19 142
19 143
19 145
19 146
19 147
19 148
19 149
19 151
19 153
19 154
19 155
19 157
19 158
19 159
19 161
20 21
20 22
20 26
20 31
20 34
20 39
20 45
20 46
20 54
20 55
20 56
20 61
20 62
20 64
20 68
20 70
20 80
20 88
20 89
20 94
20 98
20 101
20 102
20 104
20 109
20 112
20 114
20 116
20 117
20 121
20 125
20 126
20 127
20 128
20 130
20 131
20 133
20 135
20 138
20 139
20 142
20 147
20 153
20 157
21 24
21 25
21 26
21 28
21 31
21 32
21 35
21 36
21 38
21 40
21 41
21 43
21 44
21 45
21 46
21 49
21 51
21 54
21 56
21 58
21 61
21 63
21 64
21 66
21 67
21 68
21 69
21 70
21 71
21 72
21 73
21 74
21 76
21 77
21 79
21 80
21 82
21 83
21 85
21 86
21 88
21 89
21 91
21 93
21 94
21 95
21 98
21 101
21 104
21 106
21 108
21 109
21 110
21 111
21 112
21 113
21 114
21 115
21 116
21 117
21 118
21 122
21 125
21 126
21 127
21 130
21 131
21 132
21 133
21 134
21 135
21 136
21 137
21 138
21 139
21 140
21 141
21 142
21 144
21 146
21 147
21 149
21 150
21 151
21 152
21 153
21 157
21 158
21 159
21 160
21 161
22 27
22 28
22 30
22 34
22 38
22 39
22 40
22 43
22 44
22 49
22 50
22 51
22 58
22 62
22 64
22 66
22 67
22 69
22 70
22 71
22 72
22 74
22 79
22 80
22 86
22 93
22 94
22 97
22 100
22 101
22 102
22 104
22 106
22 111
22 114
22 116
22 126
22 129
22 133
22 134
22 136
22 139
22 140
22 142
22 153
22 156
22 158
22 159
22 161
23 24
23 26
23 42
23 43
23 44
23 54
23 56
23 57
23 66
23 67
23 69
23 70
23 71
23 72
23 74
23 79
23 83
23 84
23 87
23 89
23 91
23 93
23 98
23 101
23 105
23 106
23 109
23 111
23 112
23 114
23 115
23 116
23 118
23 123
23 130
23 131
23 133
23 135
23 138
23 139
23 146
23 147
23 150
23 153
23 157
24 26
24 31
24 34
24 35
24 40
24 44
24 49
24 51
24 54
24 58
24 61
24 67
24 68
24 69
24 72
24 74
24 77
24 80
24 87
24 89
24 93
24 94
24 95
24 97
24 101
24 104
24 106
24 108
24 109
24 112
24 122
24 129
24 131
24 134
24 137
24 139
24 142
24 147
24 151
24 152
24 153
24 158
25 26
25 27
25 28
25 30
25 31
25 32
25 35
25 38
25 39
25 45
25 49
25 54
25 56
25 60
25 61
25 62
25 64
25 65
25 67
25 69
25 70
25 71
25 72
25 74
25 76
25 77
25 79
25 80
25 81
25 83
25 84
25 85
25 87
25 88
25 89
25 90
25 93
25 94
25 95
25 99
25 100
25 101
25 103
25 106
25 108
25 112
25 115
25 117
25 118
25 126
25 128
25 129
25 130
25 133
25 134
25 137
25 138
25 139
25 140
25 143
25 145
25 146
25 147
25 151
25 152
25 154
25 157
25 161
26 28
26 29
26 30
26 31
26 32
26 33
26 34
26 35
26 36
26 37
26 38
26 39
26 40
26 41
26 43
26 44
26 45
26 46
26 49
26 50
26 51
26 53
26 54
26 55
26 56
26 58
26 59
26 60
26 61
26 64
26 65
26 66
26 67
26 68
26 69
26 70
26 72
26 73
26 74
26 75
26 79
26 83
26 84
26 86
26 87
26 89
26 90
26 91
26 92
26 93
26 94
26 96
26 97
26 98
26 99
26 100
26 101
26 102
26 104
26 105
26 106
26 107
26 108
26 109
26 112
26 115
26 116
26 117
26 118
26 123
26 124
26 125
26 127
26 129
26 131
26 132
26 133
26 134
26 136
26 137
26 139
26 140
26 141
26 142
26 143
26 146
26 147
26 149
26 150
26 151
26 152
26 153
26 154
26 155
26 157
26 158
26 159
26 160
26 161
27 30
27 32
27 36
27 43
27 45
27 49
27 51
27 52
27 54
27 55
27 57
27 64
27 67
27 68
27 69
27 70
27 71
27 73
27 74
27 80
27 85
27 92
27 94
27 95
27 101
27 105
27 106
27 107
27 108
27 114
27 118
27 120
27 130
27 133
27 137
27 157
28 34
28 39
28 40
28 49
28 54
28 55
28 56
28 63
28 64
28 65
28 67
28 71
28 72
28 74
28 75
28 79
28 81
28 83
28 87
28 88
28 89
28 92
28 94
28 99
28 101
28 108
28 109
28 113
28 115
28 118
28 131
28 134
28 135
28 137
28 138
28 145
28 147
28 148
28 150
28 153
28 157
28 158
29 30
29 32
29 36
29 39
29 40
29 43
29 46
29 54
29 58
29 63
29 64
29 65
29 70
29 71
29 74
29 75
29 77
29 78
29 80
29 84
29 93
29 94
29 96
29 102
29 107
29 110
29 113
29 114
29 115
29 117
29 118
29 125
29 129
29 131
29 133
29 134
29 135
29 137
29 138
29 142
29 149
29 154
29 155
29 158
29 159
30 31
30 32
30 34
30 36
30 37
30 39
30 40
30 43
30 44
30 45
30 46
30 48
30 49
30 51
30 53
30 54
30 56
30 58
30 59
30 61
30 63
30 65
30 66
30 67
30 68
30 69
30 71
30 72
30 73
30 74
30 76
30 77
30 79
30 81
30 84
30 85
30 87
30 88
30 89
30 91
30 92
30 93
30 94
30 95
30 100
30 101
30 102
30 103
30 106
30 109
30 111
30 112
30 114
30 115
30 117
30 118
30 120
30 121
30 125
30 126
30 128
30 129
30 130
30 131
30 133
30 134
30 136
30 137
30 138
30 139
30 140
30 142
30 143
30 146
30 147
30 148
30 149
30 150
30 151
30 152
30 153
30 154
30 157
30 158
31 32
31 34
31 35
31 36
31 40
31 42
31 43
31 44
31 45
31 46
31 48
31 49
31 50
31 51
31 55
31 56
31 57
31 58
31 59
31 60
31 61
31 62
31 63
31 64
31 65
31 66
31 67
31 68
31 69
31 70
31 72
31 73
31 74
31 75
31 76
31 77
31 79
31 80
31 81
31 83
31 84
31 86
31 89
31 90
31 91
31 92
31 93
31 94
31 96
31 97
31 98
31 99
31 100
31 101
31 102
31 103
31 105
31 106
31 107
31 108
31 109
31 110
31 111
31 112
31 113
31 114
31 115
31 116
31 117
31 118
31 119
31 120
31 125
31 126
31 127
31 128
31 130
31 131
31 132
31 133
31 134
31 135
31 136
31 137
31 138
31 139
31 141
31 142
31 143
31 144
31 145
31 147
31 150
31 152
31 153
31 154
31 155
31 157
31 158
31 159
31 161
32 34
32 35
32 38
32 39
32 40
32 43
32 45
32 46
32 47
32 49
32 50
32 51
32 52
32 54
32 55
32 56
32 58
32 59
32 61
32 64
32 65
32 66
32 67
32 68
32 70
32 72
32 74
32 77
32 79
32 80
32 81
32 82
32 84
32 85
32 86
32 87
32 88
32 89
32 90
32 91
32 93
32 95
32 97
32 98
32 99
32 100
32 101
32 102
32 104
32 105
32 106
32 108
32 111
32 112
32 114
32 115
32 116
32 117
32 122
32 125
32 127
32 128
32 129
32 131
32 133
32 134
32 136
32 137
32 138
32 142
32 143
32 145
32 147
32 151
32 152
32 153
32 154
32 155
32 156
32 157
32 158
32 159
32 160
32 161
33 35
33 40
33 45
33 50
33 54
33 59
33 61
33 68
33 69
33 70
33 71
33 75
33 79
33 86
33 93
33 94
33 97
33 108
33 114
33 115
33 126
33 129
33 138
33 142
33 143
33 151
33 154
33 158
34 39
34 40
34 44
34 45
34 48
34 51
34 56
34 59
34 61
34 64
34 67
34 68
34 69
34 70
34 71
34 72
34 74
34 76
34 79
34 80
34 82
34 83
34 88
34 89
34 91
34 93
34 94
34 99
34 102
34 103
34 106
34 107
34 108
34 109
34 112
34 113
34 114
34 115
34 117
34 118
34 120
34 125
34 128
34 129
34 133
34 138
34 140
34 142
34 143
34 147
34 149
34 151
34 153
34 154
34 155
34 159
34 161
35 36
35 37
35 38
35 39
35 40
35 43
35 44
35 45
35 46
35 47
35 48
35 49
35 50
35 51
35 54
35 55
35 56
35 59
35 64
35 65
35 67
35 68
35 69
35 70
35 71
35 72
35 73
35 74
35 75
35 77
35 79
35 80
35 83
35 86
35 89
35 94
35 95
35 97
35 98
35 103
35 105
35 106
35 108
35 109
35 110
35 111
35 112
35 113
35 114
35 116
35 117
35 118
35 125
35 126
35 128
35 129
35 130
35 131
35 133
35 134
35 135
35 137
35 138
35 146
35 147
35 148
35 149
35 150
35 151
35 152
35 153
35 154
35 157
35 158
35 159
35 161
36 37
36 38
36 40
36 44
36 45
36 46
36 49
36 50
36 54
36 55
36 56
36 57
36 58
36 64
36 65
36 66
36 68
36 69
36 70
36 71
36 72
36 73
36 75
36 76
36 81
36 84
36 85
36 87
36 92
36 93
36 94
36 98
36 101
36 102
36 104
36 105
36 106
36 108
36 110
36 111
36 114
36 123
36 124
36 125
36 127
36 129
36 132
36 133
36 134
36 137
36 138
36 139
36 140
36 142
36 146
36 147
36 149
36 150
36 151
36 152
36 154
36 157
36 159
36 161
37 38
37 42
37 43
37 44
37 45
37 49
37 50
37 51
37 53
37 54
37 55
37 58
37 63
37 64
37 67
37 68
37 69
37 70
37 71
37 73
37 74
37 79
37 83
37 84
37 85
37 86
37 87
37 88
37 89
37 91
37 93
37 95
37 96
37 100
37 102
37 103
37 104
37 106
37 107
37 108
37 109
37 110
37 112
37 114
37 115
37 118
37 120
37 124
37 125
37 126
37 129
37 131
37 132
37 138
37 141
37 146
37 147
37 148
37 149
37 154
37 155
37 157
37 160
38 40
38 41
38 42
38 43
38 45
38 46
38 47
38 49
38 50
38 54
38 55
38 56
38 57
38 58
38 59
38 61
38 62
38 63
38 64
38 65
38 66
38 67
38 68
38 69
38 70
38 71
38 72
38 73
38 74
38 75
38 79
38 81
38 83
38 84
38 85
38 86
38 87
38 93
38 94
38 95
38 97
38 102
38 103
38 107
38 109
38 111
38 112
38 113
38 114
38 115
38 116
38 117
38 119
38 125
38 128
38 129
38 131
38 133
38 134
38 136
38 138
38 139
38 140
38 142
38 143
38 148
38 149
38 150
38 151
38 152
38 153
38 154
38 157
38 158
38 159
39 41
39 42
39 44
39 48
39 49
39 51
39 52
39 54
39 55
39 56
39 57
39 59
39 61
39 63
39 64
39 65
39 73
39 74
39 77
39 78
39 79
39 80
39 83
39 85
39 86
39 87
39 89
39 93
39 94
39 100
39 101
39 102
39 105
39 106
39 108
39 109
39 114
39 115
39 117
39 118
39 124
39 125
39 128
39 131
39 132
39 133
39 134
39 137
39 138
39 139
39 140
39 142
39 143
39 144
39 145
39 147
39 151
39 152
39 153
39 157
39 158
39 159
39 161
40 42
40 43
40 44
40 46
40 47
40 48
40 49
40 50
40 51
40 52
40 53
40 54
40 55
40 56
40 57
40 58
40 60
40 61
40 62
40 63
40 64
40 65
40 66
40 67
40 68
40 69
40 70
40 71
40 72
40 74
40 75
40 78
40 79
40 80
40 82
40 83
40 84
40 86
40 89
40 91
40 93
40 95
40 96
40 97
40 98
40 99
40 101
40 103
40 104
40 106
40 107
40 108
40 109
40 110
40 111
40 113
40 114
40 115
40 116
40 117
40 122
40 125
40 126
40 127
40 129
40 130
40 131
40 133
40 134
40 136
40 138
40 139
40 141
40 142
40 143
40 145
40 146
40 147
40 148
40 150
40 152
40 153
40 154
40 158
40 159
40 160
40 161
41 50
41 51
41 59
41 64
41 66
41 67
41 69
41 70
41 71
41 73
41 76
41 79
41 83
41 92
41 105
41 106
41 113
41 115
41 116
41 117
41 125
41 126
41 136
41 138
41 142
41 149
41 153
41 156
41 158
42 45
42 49
42 51
42 52
42 55
42 61
42 65
42 66
42 67
42 68
42 70
42 73
42 74
42 77
42 79
42 80
42 85
42 86
42 87
42 88
42 89
42 92
42 94
42 97
42 101
42 102
42 103
42 106
42 110
42 112
42 114
42 115
42 116
42 118
42 119
42 125
42 127
42 129
42 130
42 131
42 133
42 134
42 135
42 138
42 139
42 140
42 141
42 142
42 144
42 145
42 146
42 149
42 150
42 151
42 152
42 154
42 155
42 157
42 158
42 159
42 160
42 161
43 46
43 49
43 51
43 54
43 56
43 59
43 62
43 64
43 66
43 67
43 68
43 69
43 70
43 71
43 72
43 74
43 75
43 77
43 79
43 80
43 84
43 89
43 91
43 94
43 95
43 97
43 98
43 100
43 101
43 102
43 103
43 110
43 112
43 114
43 115
43 117
43 118
43 128
43 129
43 130
43 131
43 134
43 135
43 137
43 138
43 139
43 142
43 144
43 146
43 147
43 150
43 151
43 152
43 157
43 159
43 160
43 161
44 45
44 49
44 51
44 52
44 53
44 54
44 55
44 56
44 57
44 63
44 65
44 67
44 69
44 72
44 74
44 75
44 79
44 80
44 84
44 87
44 89
44 92
44 94
44 95
44 97
44 101
44 102
44 104
44 105
44 106
44 108
44 109
44 111
44 113
44 114
44 115
44 117
44 118
44 120
44 125
44 126
44 128
44 131
44 133
44 134
44 136
44 137
44 138
44 139
44 140
44 143
44 147
44 149
44 151
44 154
44 157
44 160
45 46
45 48
45 49
45 52
45 54
45 55
45 56
45 57
45 58
45 59
45 61
45 63
45 65
45 67
45 68
45 71
45 72
45 73
45 74
45 76
45 77
45 79
45 82
45 84
45 85
45 86
45 88
45 89
45 92
45 97
45 99
45 100
45 101
45 102
45 103
45 104
45 105
45 106
45 107
45 109
45 112
45 113
45 115
45 117
45 118
45 123
45 125
45 126
45 128
45 130
45 131
45 133
45 134
45 135
45 136
45 137
45 138
45 140
45 142
45 146
45 147
45 149
45 150
45 151
45 152
45 153
45 154
45 155
45 157
45 158
45 159
45 161
46 48
46 49
46 50
46 52
46 54
46 57
46 61
46 63
46 64
46 65
46 67
46 69
46 70
46 71
46 72
46 76
46 79
46 80
46 83
46 84
46 86
46 87
46 99
46 100
46 101
46 106
46 107
46 108
46 109
46 113
46 114
46 115
46 117
46 126
46 128
46 129
46 131
46 133
46 134
46 135
46 138
46 139
46 142
46 144
46 147
46 150
46 151
46 152
46 159
46 160
46 161
47 50
47 58
47 63
47 78
47 80
47 93
47 99
47 102
47 105
47 118
47 129
47 133
47 134
47 137
47 138
47 139
47 148
47 151
47 152
48 49
48 51
48 54
48 57
48 62
48 70
48 72
48 83
48 84
48 89
48 100
48 101
48 104
48 114
48 124
48 129
48 131
48 134
48 137
48 145
48 152
48 154
48 155
48 156
48 158
49 50
49 51
49 52
49 53
49 54
49 55
49 56
49 57
49 58
49 59
49 61
49 62
49 63
49 64
49 65
49 67
49 68
49 69
49 70
49 71
49 73
49 74
49 75
49 76
49 77
49 79
49 80
49 82
49 83
49 84
49 85
49 86
49 87
49 89
49 92
49 95
49 96
49 97
49 98
49 100
49 101
49 103
49 105
49 106
49 107
49 108
49 109
49 111
49 112
49 113
49 114
49 115
49 117
49 119
49 121
49 123
49 125
49 129
49 130
49 131
49 133
49 134
49 135
49 136
49 137
49 138
49 139
49 141
49 142
49 147
49 148
49 149
49 151
49 152
49 153
49 154
49 157
49 159
49 160
49 161
50 51
50 53
50 54
50 62
50 64
50 65
50 66
50 67
50 68
50 72
50 74
50 75
50 76
50 77
50 79
50 80
50 82
50 87
50 89
50 97
50 98
50 99
50 101
50 102
50 103
50 106
50 108
50 109
50 110
50 112
50 113
50 114
50 115
50 116
50 117
50 118
50 125
50 126
50 129
50 131
50 133
50 134
50 136
50 137
50 139
50 143
50 145
50 150
50 152
50 153
50 154
50 157
51 52
51 53
51 54
51 55
51 57
51 58
51 59
51 60
51 63
51 64
51 65
51 66
51 67
51 69
51 70
51 71
51 72
51 75
51 77
51 79
51 80
51 81
51 82
51 83
51 84
51 85
51 86
51 87
51 88
51 89
51 94
51 96
51 97
51 98
51 100
51 101
51 102
51 104
51 105
51 106
51 107
51 108
51 109
51 110
51 111
51 114
51 116
51 117
51 118
51 119
51 120
51 122
51 123
51 125
51 126
51 127
51 128
51 129
51 130
51 131
51 132
51 133
51 134
51 135
51 136
51 137
51 138
51 139
51 141
51 142
51 144
51 146
51 147
51 150
51 151
51 152
51 153
51 154
51 155
51 156
51 158
51 159
51 161
52 54
52 55
52 57
52 61
52 64
52 65
52 67
52 68
52 70
52 71
52 72
52 73
52 74
52 77
52 78
52 79
52 80
52 83
52 84
52 87
52 89
52 93
52 94
52 99
52 100
52 103
52 106
52 109
52 111
52 112
52 114
52 116
52 117
52 118
52 125
52 129
52 131
52 134
52 138
52 139
52 145
52 151
52 153
52 154
52 155
52 156
52 158
52 159
52 161
53 54
53 59
53 61
53 64
53 66
53 68
53 69
53 70
53 71
53 72
53 74
53 76
53 77
53 79
53 85
53 88
53 93
53 97
53 102
53 103
53 105
53 106
53 107
53 109
53 114
53 120
53 128
53 129
53 133
53 136
53 137
53 142
53 145
53 147
53 151
53 152
53 154
53 158
54 56
54 58
54 60
54 62
54 64
54 65
54 67
54 68
54 69
54 70
54 71
54 72
54 73
54 74
54 75
54 76
54 77
54 79
54 80
54 81
54 82
54 83
54 84
54 87
54 88
54 89
54 90
54 91
54 92
54 94
54 95
54 98
54 99
54 100
54 101
54 102
54 103
54 105
54 106
54 107
54 108
54 109
54 110
54 111
54 112
54 113
54 114
54 115
54 117
54 118
54 122
54 124
54 125
54 126
54 129
54 130
54 131
54 133
54 134
54 135
54 136
54 137
54 138
54 139
54 140
54 141
54 142
54 143
54 144
54 146
54 147
54 148
54 149
54 150
54 151
54 153
54 154
54 155
54 157
54 158
54 159
54 160
55 56
55 62
55 63
55 64
55 65
55 66
55 67
55 71
55 74
55 76
55 77
55 79
55 80
55 84
55 87
55 89
55 91
55 94
55 96
55 97
55 105
55 106
55 107
55 108
55 109
55 111
55 112
55 113
55 114
55 116
55 118
55 123
55 131
55 133
55 135
55 137
55 138
55 140
55 141
55 143
55 145
55 146
55 150
55 152
55 155
55 157
55 159
55 161
56 57
56 59
56 60
56 62
56 64
56 65
56 67
56 68
56 69
56 70
56 71
56 72
56 73
56 74
56 75
56 76
56 77
56 79
56 80
56 81
56 82
56 83
56 84
56 85
56 87
56 88
56 89
56 94
56 95
56 97
56 98
56 101
56 102
56 103
56 105
56 106
56 107
56 108
56 109
56 110
56 112
56 113
56 115
56 116
56 117
56 118
56 120
56 121
56 122
56 124
56 125
56 126
56 129
56 130
56 131
56 132
56 134
56 135
56 136
56 137
56 139
56 141
56 142
56 145
56 147
56 149
56 150
56 151
56 152
56 153
56 154
56 157
56 158
56 159
56 160
56 161
57 58
57 64
57 66
57 68
57 70
57 71
57 75
57 78
57 79
57 80
57 83
57 89
57 94
57 101
57 104
57 105
57 106
57 116
57 117
57 118
57 119
57 120
57 123
57 125
57 129
57 131
57 133
57 134
57 137
57 142
57 147
57 152
57 157
57 159
57 161
58 62
58 63
58 64
58 66
58 67
58 68
58 70
58 71
58 72
58 73
58 74
58 76
58 79
58 80
58 82
58 84
58 85
58 88
58 92
58 93
58 94
58 95
58 96
58 97
58 99
58 100
58 101
58 102
58 103
58 105
58 106
58 107
58 108
58 109
58 112
58 113
58 114
58 115
58 117
58 120
58 128
58 129
58 130
58 131
58 132
58 133
58 134
58 135
58 137
58 138
58 139
58 140
58 142
58 145
58 147
58 148
58 152
58 154
58 161
59 61
59 65
59 66
59 68
59 69
59 70
59 71
59 72
59 74
59 75
59 76
59 80
59 85
59 88
59 91
59 93
59 97
59 101
59 103
59 106
59 107
59 112
59 113
59 115
59 116
59 117
59 123
59 124
59 125
59 132
59 133
59 134
59 135
59 137
59 138
59 140
59 143
59 147
59 151
59 153
59 154
59 159
59 161
60 64
60 67
60 69
60 70
60 72
60 74
60 77
60 87
60 92
60 97
60 100
60 101
60 102
60 117
60 128
60 130
60 131
60 134
60 139
60 143
60 152
60 159
61 63
61 67
61 68
61 69
61 70
61 71
61 72
61 74
61 75
61 76
61 77
61 89
61 91
61 93
61 94
61 101
61 102
61 108
61 109
61 110
61 112
61 113
61 117
61 118
61 121
61 125
61 128
61 129
61 130
61 131
61 133
61 135
61 136
61 137
61 138
61 140
61 145
61 146
61 147
61 149
61 150
61 151
61 152
61 154
61 157
61 158
61 159
61 160
61 161
62 63
62 64
62 68
62 69
62 70
62 71
62 72
62 73
62 74
62 75
62 76
62 85
62 86
62 93
62 94
62 97
62 101
62 102
62 103
62 106
62 110
62 112
62 113
62 114
62 116
62 117
62 118
62 127
62 128
62 129
62 131
62 136
62 137
62 138
62 139
62 141
62 142
62 143
62 145
62 153
62 154
62 159
62 161
63 64
63 66
63 67
63 68
63 70
63 71
63 72
63 74
63 75
63 77
63 79
63 80
63 81
63 84
63 85
63 86
63 87
63 93
63 94
63 95
63 97
63 101
63 102
63 106
63 107
63 109
63 110
63 112
63 113
63 115
63 116
63 117
63 118
63 122
63 125
63 126
63 127
63 128
63 129
63 131
63 133
63 134
63 138
63 141
63 143
63 145
63 147
63 148
63 150
63 151
63 152
63 154
63 158
63 161
64 65
64 66
64 67
64 68
64 69
64 70
64 71
64 72
64 73
64 74
64 75
64 77
64 79
64 80
64 81
64 82
64 84
64 85
64 86
64 87
64 89
64 91
64 92
64 93
64 94
64 97
64 98
64 100
64 101
64 102
64 103
64 104
64 106
64 107
64 108
64 109
64 110
64 111
64 113
64 114
64 116
64 117
64 118
64 122
64 125
64 126
64 127
64 129
64 131
64 134
64 135
64 137
64 138
64 139
64 141
64 142
64 143
64 145
64 146
64 148
64 149
64 150
64 151
64 152
64 153
64 154
64 155
64 156
64 157
64 158
64 159
64 160
65 68
65 69
65 70
65 72
65 73
65 74
65 75
65 76
65 77
65 78
65 79
65 80
65 83
65 84
65 87
65 88
65 89
65 90
65 91
65 92
65 93
65 94
65 97
65 98
65 100
65 101
65 104
65 106
65 108
65 109
65 111
65 112
65 113
65 114
65 117
65 118
65 120
65 123
65 125
65 127
65 128
65 129
65 130
65 131
65 133
65 135
65 137
65 138
65 139
65 141
65 142
65 143
65 145
65 146
65 147
65 148
65 149
65 150
65 151
65 152
65 153
65 154
65 155
65 157
65 158
65 159
66 67
66 68
66 69
66 70
66 71
66 72
66 74
66 75
66 77
66 83
66 84
66 85
66 86
66 89
66 91
66 93
66 94
66 95
66 96
66 99
66 100
66 102
66 105
66 106
66 108
66 109
66 111
66 112
66 113
66 114
66 115
66 117
66 118
66 119
66 121
66 122
66 124
66 129
66 130
66 131
66 132
66 133
66 136
66 137
66 139
66 142
66 146
66 149
66 150
66 151
66 152
66 153
66 154
66 155
66 158
66 161
67 68
67 69
67 72
67 73
67 74
67 75
67 77
67 78
67 79
67 80
67 82
67 83
67 84
67 86
67 88
67 89
67 91
67 92
67 93
67 94
67 95
67 96
67 97
67 98
67 101
67 102
67 103
67 105
67 109
67 110
67 111
67 112
67 113
67 114
67 115
67 116
67 118
67 122
67 125
67 126
67 130
67 131
67 133
67 134
67 136
67 137
67 138
67 139
67 142
67 145
67 146
67 147
67 148
67 151
67 152
67 153
67 154
67 155
67 158
67 159
67 160
67 161
68 69
68 71
68 72
68 73
68 74
68 76
68 77
68 80
68 81
68 82
68 83
68 84
68 85
68 87
68 89
68 91
68 92
68 93
68 94
68 95
68 96
68 97
68 98
68 99
68 100
68 101
68 102
68 105
68 106
68 107
68 108
68 109
68 111
68 112
68 113
68 116
68 117
68 118
68 121
68 125
68 126
68 130
68 131
68 133
68 134
68 135
68 137
68 138
68 139
68 140
68 141
68 142
68 143
68 145
68 146
68 147
68 150
68 151
68 154
68 157
68 158
68 159
68 160
68 161
69 71
69 72
69 73
69 74
69 75
69 76
69 77
69 79
69 80
69 81
69 82
69 84
69 91
69 92
69 93
69 94
69 96
69 99
69 101
69 102
69 105
69 106
69 107
69 108
69 109
69 110
69 113
69 114
69 115
69 116
69 117
69 118
69 120
69 121
69 122
69 124
69 125
69 127
69 129
69 130
69 131
69 133
69 136
69 137
69 138
69 139
69 141
69 143
69 145
69 147
69 149
69 150
69 151
69 152
69 154
69 155
69 160
70 71
70 72
70 73
70 74
70 75
70 77
70 79
70 80
70 82
70 83
70 84
70 85
70 87
70 88
70 89
70 90
70 91
70 93
70 94
70 95
70 97
70 98
70 100
70 101
70 103
70 106
70 107
70 109
70 110
70 112
70 113
70 114
70 116
70 117
70 118
70 119
70 120
70 121
70 122
70 125
70 126
70 128
70 129
70 130
70 131
70 133
70 134
70 136
70 137
70 138
70 139
70 142
70 146
70 147
70 148
70 150
70 151
70 152
70 153
70 154
70 155
70 157
70 158
70 160
70 161
71 74
71 75
71 78
71 79
71 82
71 84
71 85
71 87
71 91
71 92
71 93
71 94
71 95
71 96
71 97
71 99
71 100
71 102
71 103
71 104
71 105
71 106
71 107
71 108
71 109
71 111
71 112
71 113
71 114
71 115
71 116
71 117
71 118
71 121
71 122
71 124
71 125
71 126
71 128
71 129
71 130
71 131
71 132
71 133
71 134
71 135
71 136
71 137
71 138
71 141
71 142
71 143
71 145
71 147
71 150
71 151
71 152
71 153
71 154
71 155
71 158
71 159
71 160
71 161
72 74
72 75
72 77
72 78
72 79
72 80
72 82
72 83
72 84
72 86
72 87
72 88
72 89
72 90
72 91
72 92
72 94
72 97
72 98
72 100
72 101
72 102
72 103
72 104
72 105
72 106
72 107
72 108
72 109
72 110
72 112
72 113
72 115
72 116
72 117
72 118
72 119
72 120
72 121
72 123
72 124
72 125
72 126
72 127
72 128
72 130
72 131
72 133
72 135
72 136
72 137
72 138
72 139
72 140
72 141
72 142
72 143
72 145
72 146
72 147
72 148
72 150
72 151
72 152
72 153
72 154
72 157
72 158
72 159
72 161
73 74
73 75
73 77
73 78
73 79
73 80
73 83
73 84
73 86
73 87
73 88
73 93
73 94
73 95
73 97
73 102
73 104
73 105
73 111
73 112
73 114
73 116
73 118
73 119
73 125
73 126
73 127
73 129
73 131
73 134
73 136
73 137
73 138
73 139
73 142
73 146
73 147
73 148
73 152
73 153
73 155
73 157
73 158
73 159
73 160
74 75
74 76
74 77
74 78
74 79
74 80
74 81
74 82
74 83
74 84
74 85
74 86
74 87
74 88
74 89
74 90
74 91
74 93
74 94
74 97
74 98
74 100
74 101
74 102
74 105
74 106
74 108
74 109
74 110
74 112
74 113
74 114
74 115
74 116
74 117
74 118
74 120
74 121
74 123
74 125
74 126
74 127
74 128
74 129
74 130
74 131
74 133
74 134
74 137
74 138
74 139
74 140
74 142
74 143
74 146
74 147
74 148
74 150
74 151
74 152
74 153
74 154
74 155
74 157
74 158
74 160
74 161
75 81
75 87
75 89
75 91
75 94
75 96
75 99
75 100
75 101
75 102
75 103
75 105
75 109
75 110
75 111
75 117
75 118
75 119
75 121
75 122
75 127
75 129
75 131
75 133
75 137
75 138
75 139
75 141
75 142
75 144
75 146
75 147
75 149
75 150
75 152
75 153
75 154
75 157
75 160
76 77
76 79
76 80
76 85
76 86
76 87
76 88
76 89
76 90
76 93
76 94
76 95
76 97
76 98
76 101
76 102
76 103
76 104
76 105
76 106
76 111
76 115
76 118
76 125
76 126
76 129
76 131
76 133
76 137
76 138
76 139
76 141
76 145
76 147
76 149
76 150
76 152
76 157
76 158
77 79
77 80
77 82
77 86
77 87
77 88
77 90
77 91
77 92
77 94
77 97
77 100
77 101
77 102
77 103
77 105
77 106
77 108
77 109
77 112
77 113
77 114
77 115
77 116
77 117
77 118
77 120
77 124
77 125
77 128
77 129
77 132
77 133
77 134
77 137
77 139
77 142
77 143
77 149
77 150
77 151
77 155
77 156
77 157
77 158
77 160
77 161
78 79
78 80
78 98
78 101
78 102
78 106
78 115
78 123
78 131
78 134
78 143
78 152
78 157
79 80
79 83
79 84
79 85
79 86
79 87
79 88
79 89
79 90
79 91
79 92
79 93
79 94
79 95
79 98
79 100
79 101
79 102
79 103
79 104
79 105
79 106
79 107
79 108
79 109
79 110
79 111
79 114
79 115
79 116
79 117
79 118
79 119
79 124
79 127
79 128
79 129
79 130
79 131
79 133
79 134
79 137
79 138
79 139
79 142
79 145
79 146
79 147
79 148
79 149
79 150
79 151
79 152
79 153
79 154
79 155
79 157
79 158
79 161
80 84
80 89
80 92
80 95
80 99
80 101
80 102
80 103
80 105
80 106
80 107
80 108
80 113
80 114
80 115
80 116
80 117
80 119
80 120
80 125
80 128
80 129
80 130
80 131
80 134
80 136
80 139
80 140
80 143
80 146
80 147
80 149
80 150
80 151
80 152
80 154
80 157
80 159
81 94
81 98
81 108
81 109
81 112
81 114
81 118
81 125
81 126
81 128
81 131
81 152
81 154
82 83
82 84
82 86
82 89
82 92
82 93
82 94
82 97
82 99
82 101
82 102
82 106
82 108
82 112
82 113
82 117
82 118
82 125
82 131
82 133
82 134
82 137
82 138
82 140
82 142
82 143
82 145
82 154
82 157
82 158
82 161
83 84
83 86
83 93
83 94
83 97
83 101
83 103
83 104
83 106
83 108
83 114
83 115
83 117
83 118
83 120
83 125
83 126
83 127
83 134
83 135
83 136
83 137
83 138
83 142
83 143
83 145
83 147
83 150
83 153
83 154
83 155
83 157
83 158
83 161
84 85
84 87
84 89
84 90
84 92
84 93
84 94
84 97
84 99
84 102
84 103
84 104
84 105
84 106
84 108
84 111
84 114
84 115
84 117
84 118
84 125
84 126
84 128
84 129
84 130
84 131
84 133
84 136
84 137
84 138
84 139
84 142
84 143
84 147
84 150
84 151
84 152
84 153
84 154
84 159
84 160
85 88
85 92
85 94
85 106
85 108
85 109
85 110
85 113
85 121
85 122
85 124
85 125
85 126
85 129
85 131
85 134
85 137
85 141
85 142
85 146
85 147
85 149
85 151
85 152
85 154
85 157
85 159
86 87
86 89
86 91
86 92
86 93
86 101
86 103
86 105
86 106
86 108
86 109
86 111
86 112
86 114
86 115
86 116
86 118
86 120
86 122
86 125
86 128
86 133
86 134
86 135
86 137
86 138
86 142
86 143
86 144
86 150
86 152
86 153
86 158
87 90
87 91
87 92
87 95
87 97
87 102
87 105
87 108
87 111
87 113
87 114
87 116
87 117
87 118
87 119
87 122
87 123
87 125
87 129
87 131
87 133
87 134
87 142
87 143
87 146
87 147
87 148
87 150
87 151
87 152
87 153
87 154
87 157
87 158
87 161
88 89
88 91
88 93
88 94
88 95
88 97
88 98
88 99
88 101
88 103
88 105
88 107
88 108
88 109
88 112
88 113
88 114
88 115
88 117
88 118
88 123
88 125
88 131
88 133
88 134
88 137
88 139
88 142
88 145
88 146
88 147
88 148
88 149
88 150
88 151
88 154
88 155
88 156
88 158
88 159
89 91
89 92
89 93
89 94
89 95
89 96
89 97
89 98
89 99
89 100
89 101
89 102
89 103
89 104
89 105
89 106
89 107
89 108
89 109
89 110
89 111
89 112
89 113
89 114
89 115
89 116
89 117
89 118
89 125
89 126
89 128
89 129
89 130
89 131
89 133
89 134
89 137
89 138
89 139
89 140
89 142
89 143
89 144
89 145
89 146
89 147
89 148
89 149
89 151
89 152
89 153
89 154
89 155
89 156
89 157
89 160
90 101
90 102
90 105
90 106
90 107
90 116
90 125
90 131
90 132
90 138
90 139
90 150
90 152
90 153
90 154
90 157
91 93
91 94
91 97
91 98
91 99
91 101
91 102
91 107
91 108
91 109
91 110
91 112
91 113
91 114
91 115
91 116
91 118
91 120
91 128
91 129
91 131
91 132
91 133
91 134
91 135
91 137
91 139
91 141
91 142
91 144
91 145
91 151
91 153
91 157
91 159
91 161
92 93
92 97
92 99
92 100
92 104
92 105
92 111
92 112
92 113
92 115
92 117
92 125
92 126
92 129
92 131
92 133
92 134
92 137
92 141
92 143
92 146
92 147
92 151
92 152
92 160
92 161
93 94
93 97
93 102
93 103
93 104
93 106
93 107
93 108
93 110
93 112
93 113
93 114
93 115
93 117
93 118
93 120
93 122
93 126
93 129
93 131
93 133
93 134
93 135
93 136
93 139
93 140
93 148
93 152
93 153
93 158
93 160
93 161
94 95
94 96
94 97
94 99
94 101
94 102
94 103
94 106
94 107
94 108
94 109
94 111
94 113
94 114
94 115
94 116
94 117
94 118
94 121
94 125
94 126
94 128
94 129
94 134
94 137
94 139
94 141
94 142
94 143
94 144
94 145
94 147
94 148
94 151
94 152
94 153
94 154
94 157
94 158
94 159
94 160
94 161
95 99
95 104
95 105
95 106
95 108
95 109
95 112
95 113
95 114
95 115
95 117
95 118
95 122
95 124
95 127
95 129
95 133
95 137
95 141
95 146
95 147
95 150
95 154
95 160
96 97
96 102
96 104
96 106
96 108
96 109
96 111
96 117
96 118
96 137
96 138
96 139
96 141
96 147
96 149
96 150
96 151
96 153
96 154
96 158
96 159
96 161
97 98
97 99
97 100
97 101
97 102
97 104
97 106
97 107
97 108
97 110
97 111
97 113
97 114
97 115
97 117
97 123
97 125
97 127
97 129
97 133
97 134
97 135
97 136
97 137
97 138
97 141
97 142
97 144
97 145
97 146
97 150
97 151
97 152
97 154
97 155
97 158
97 159
97 161
98 100
98 101
98 102
98 103
98 105
98 108
98 109
98 111
98 113
98 114
98 116
98 117
98 122
98 129
98 131
98 133
98 134
98 137
98 140
98 143
98 145
98 146
98 147
98 148
98 149
98 151
98 160
99 102
99 104
99 105
99 106
99 108
99 109
99 114
99 115
99 117
99 119
99 120
99 123
99 128
99 129
99 130
99 133
99 134
99 137
99 139
99 140
99 146
99 147
99 149
99 150
99 152
99 155
99 158
99 159
100 102
100 106
100 108
100 109
100 111
100 114
100 115
100 117
100 118
100 125
100 126
100 129
100 131
100 133
100 134
100 137
100 138
100 142
100 143
100 145
100 149
100 151
100 152
100 154
100 155
100 157
100 158
100 161
101 103
101 104
101 105
101 106
101 107
101 108
101 109
101 112
101 114
101 115
101 116
101 117
101 118
101 122
101 125
101 126
101 127
101 128
101 129
101 130
101 131
101 133
101 134
101 135
101 136
101 137
101 138
101 139
101 140
101 141
101 142
101 143
101 144
101 145
101 146
101 147
101 148
101 149
101 150
101 151
101 152
101 155
101 157
101 159
101 160
101 161
102 104
102 105
102 106
102 107
102 108
102 109
102 113
102 114
102 115
102 118
102 120
102 125
102 126
102 129
102 131
102 133
102 134
102 136
102 137
102 138
102 139
102 141
102 142
102 145
102 146
102 147
102 148
102 150
102 151
102 152
102 153
102 154
102 155
102 156
102 158
102 160
102 161
103 106
103 107
103 108
103 109
103 112
103 114
103 117
103 118
103 119
103 122
103 124
103 125
103 129
103 133
103 137
103 141
103 142
103 146
103 147
103 148
103 150
103 151
103 152
103 153
103 154
103 158
103 159
103 161
104 108
104 114
104 115
104 118
104 125
104 128
104 131
104 132
104 137
104 139
104 149
104 151
104 153
104 154
104 160
104 161
105 107
105 108
105 111
105 112
105 113
105 114
105 115
105 116
105 117
105 118
105 125
105 126
105 127
105 130
105 131
105 133
105 134
105 135
105 137
105 138
105 139
105 143
105 150
105 151
105 152
105 153
105 154
105 156
105 157
105 158
105 161
106 107
106 108
106 111
106 113
106 114
106 115
106 117
106 118
106 119
106 127
106 128
106 129
106 130
106 131
106 132
106 133
106 134
106 135
106 136
106 137
106 138
106 139
106 140
106 141
106 143
106 146
106 147
106 150
106 151
106 152
106 155
106 158
106 160
106 161
107 108
107 109
107 112
107 113
107 114
107 117
107 118
107 119
107 121
107 124
107 126
107 127
107 129
107 131
107 133
107 137
107 138
107 142
107 143
107 146
107 147
107 148
107 149
107 150
107 152
107 153
107 154
107 157
107 159
107 161
108 109
108 110
108 112
108 113
108 114
108 115
108 116
108 117
108 118
108 120
108 121
108 125
108 126
108 129
108 130
108 131
108 133
108 134
108 136
108 137
108 138
108 139
108 141
108 145
108 146
108 147
108 150
108 151
108 152
108 154
108 157
108 158
108 159
108 160
108 161
109 110
109 112
109 113
109 114
109 115
109 116
109 117
109 118
109 125
109 126
109 130
109 133
109 134
109 135
109 138
109 139
109 141
109 142
109 143
109 146
109 147
109 148
109 150
109 152
109 153
109 154
109 155
109 156
109 157
109 158
109 159
110 111
110 113
110 116
110 119
110 122
110 123
110 126
110 130
110 134
110 137
110 141
110 142
110 147
110 152
110 157
110 158
110 161
111 112
111 113
111 114
111 115
111 117
111 118
111 119
111 122
111 127
111 128
111 129
111 131
111 133
111 134
111 137
111 138
111 142
111 147
111 151
111 152
111 154
111 157
112 113
112 114
112 115
112 116
112 117
112 118
112 123
112 125
112 126
112 127
112 128
112 129
112 130
112 131
112 132
112 133
112 134
112 135
112 137
112 141
112 142
112 144
112 145
112 147
112 149
112 150
112 152
112 154
112 155
112 157
112 158
113 114
113 115
113 116
113 117
113 119
113 121
113 123
113 126
113 127
113 128
113 129
113 131
113 133
113 136
113 137
113 138
113 139
113 140
113 142
113 145
113 146
113 147
113 148
113 149
113 150
113 152
113 154
113 157
113 158
113 160
113 161
114 115
114 116
114 117
114 118
114 119
114 124
114 125
114 126
114 127
114 129
114 130
114 131
114 133
114 134
114 135
114 136
114 137
114 138
114 139
114 140
114 141
114 146
114 147
114 149
114 151
114 152
114 153
114 154
114 155
114 157
114 158
114 159
114 160
114 161
115 116
115 117
115 118
115 119
115 121
115 125
115 126
115 128
115 131
115 133
115 134
115 136
115 137
115 138
115 139
115 140
115 141
115 142
115 143
115 146
115 147
115 151
115 153
115 157
115 158
115 159
115 160
115 161
116 118
116 126
116 131
116 133
116 135
116 137
116 139
116 143
116 144
116 146
116 147
116 148
116 152
116 153
116 154
116 155
116 157
116 161
117 122
117 126
117 127
117 128
117 129
117 130
117 131
117 133
117 134
117 137
117 138
117 139
117 140
117 141
117 142
117 147
117 148
117 149
117 150
117 151
117 152
117 153
117 154
117 155
117 157
117 158
117 159
117 161
118 120
118 121
118 122
118 125
118 126
118 127
118 128
118 129
118 130
118 131
118 133
118 134
118 136
118 137
118 138
118 139
118 142
118 143
118 146
118 147
118 149
118 150
118 151
118 152
118 153
118 154
118 155
118 156
118 157
118 158
118 160
118 161
119 129
119 133
119 134
119 141
119 143
119 147
119 150
119 151
119 152
119 153
119 154
119 157
119 158
120 129
120 153
120 154
120 158
120 161
121 127
121 131
121 135
121 137
121 145
121 146
121 147
121 151
121 154
121 157
122 123
122 129
122 137
122 139
122 146
122 157
122 160
123 125
123 126
123 129
123 138
123 141
123 154
123 158
124 131
124 133
124 136
124 138
124 140
124 142
124 151
124 152
124 154
124 158
124 161
125 126
125 127
125 128
125 129
125 133
125 134
125 135
125 136
125 137
125 138
125 139
125 142
125 143
125 145
125 147
125 148
125 151
125 154
125 156
125 157
125 159
125 160
126 127
126 132
126 133
126 137
126 138
126 140
126 145
126 146
126 147
126 149
126 151
126 152
126 154
126 157
126 158
126 159
127 129
127 135
127 136
127 137
127 138
127 139
127 142
127 145
127 146
127 147
127 150
127 154
127 155
127 158
128 129
128 132
128 133
128 134
128 136
128 137
128 139
128 142
128 143
128 145
128 146
128 147
128 150
128 153
128 154
128 155
128 158
129 130
129 132
129 133
129 134
129 136
129 137
129 139
129 140
129 143
129 146
129 147
129 150
129 151
129 152
129 153
129 154
129 155
129 158
129 159
129 160
130 131
130 133
130 134
130 135
130 136
130 140
130 145
130 146
130 151
130 152
130 154
130 157
130 158
131 132
131 133
131 134
131 136
131 137
131 138
131 140
131 142
131 143
131 145
131 146
131 147
131 149
131 150
131 151
131 152
131 153
131 154
131 155
131 156
131 157
131 158
131 159
131 161
132 137
132 138
132 143
132 159
132 160
132 161
133 134
133 135
133 136
133 137
133 138
133 140
133 141
133 142
133 143
133 145
133 146
133 147
133 148
133 149
133 150
133 151
133 152
133 154
133 155
133 158
133 160
133 161
134 137
134 138
134 141
134 143
134 144
134 145
134 146
134 147
134 148
134 149
134 151
134 152
134 153
134 154
134 155
134 157
134 158
134 159
135 136
135 137
135 138
135 142
135 143
135 145
135 146
135 147
135 149
135 150
135 151
135 152
135 153
135 154
135 158
135 159
135 161
136 139
136 142
136 144
136 146
136 150
136 151
136 152
136 158
136 159
136 160
137 138
137 140
137 141
137 142
137 146
137 147
137 148
137 149
137 150
137 152
137 154
137 155
137 158
137 159
137 160
138 139
138 141
138 142
138 143
138 144
138 145
138 148
138 149
138 150
138 152
138 153
138 154
138 155
138 156
138 157
138 158
138 160
138 161
139 140
139 142
139 147
139 148
139 151
139 152
139 154
139 155
139 157
139 158
139 159
139 161
140 141
140 145
140 146
140 151
140 152
140 158
141 142
141 144
141 148
141 149
141 151
141 153
141 161
142 145
142 146
142 147
142 148
142 149
142 151
142 152
142 153
142 154
142 156
142 158
142 160
142 161
143 145
143 146
143 151
143 152
143 154
143 155
143 157
144 147
144 155
145 148
145 151
145 154
145 156
145 157
145 158
145 159
145 160
145 161
146 150
146 151
146 154
146 155
146 157
146 159
146 160
146 161
147 149
147 150
147 151
147 153
147 154
147 155
147 158
147 161
148 153
148 154
148 160
149 151
149 153
149 157
149 159
150 152
150 153
150 155
150 157
150 160
150 161
151 152
151 153
151 154
151 155
151 156
151 157
151 158
151 160
151 161
152 153
152 154
152 157
152 159
152 160
152 161
153 154
153 155
153 157
153 158
153 160
153 161
154 157
154 160
155 159
155 161
156 157
157 158
157 160
157 161
158 160
158 161
