0 1
0 6
0 7
0 10
0 11
0 12
0 14
0 15
0 18
0 19
0 25
0 26
0 31
0 32
0 36
0 37
0 39
0 40
0 42
0 43
0 44
0 48
0 51
0 52
0 54
0 55
0 58
0 59
0 60
0 63
0 64
0 68
0 69
0 70
0 72
0 73
0 77
0 79
0 83
0 84
0 86
0 89
0 97
0 101
0 103
0 106
0 108
0 110
0 113
0 118
0 121
0 129
0 131
0 134
0 143
0 147
0 149
0 150
0 151
0 152
0 154
0 157
0 160
1 4
1 6
1 7
1 10
1 11
1 13
1 14
1 15
1 16
1 19
1 21
1 23
1 25
1 26
1 30
1 31
1 32
1 33
1 35
1 40
1 42
1 44
1 46
1 51
1 54
1 55
1 56
1 61
1 63
1 64
1 65
1 66
1 71
1 72
1 73
1 74
1 76
1 77
1 80
1 88
1 89
1 90
1 91
1 93
1 97
1 99
1 100
1 101
1 102
1 105
1 107
1 108
1 109
1 113
1 115
1 117
1 118
1 119
1 126
1 128
1 129
1 133
1 134
1 136
1 138
1 139
1 142
1 147
1 150
1 152
1 153
1 154
1 157
2 4
2 6
2 7
2 13
2 18
2 19
2 22
2 25
2 26
2 31
2 36
2 39
2 40
2 43
2 44
2 45
2 47
2 51
2 54
2 56
2 61
2 63
2 64
2 65
2 75
2 76
2 77
2 79
2 80
2 81
2 84
2 86
2 92
2 93
2 94
2 95
2 97
2 101
2 102
2 105
2 108
2 110
2 115
2 118
2 123
2 125
2 126
2 128
2 133
2 139
2 142
2 144
2 145
2 146
2 149
2 151
2 152
2 154
2 158
2 159
2 160
3 5
3 6
3 12
3 13
3 14
3 21
3 26
3 30
3 31
3 32
3 37
3 38
3 39
3 40
3 41
3 45
3 48
3 51
3 52
3 54
3 56
3 57
3 58
3 61
3 64
3 65
3 67
3 71
3 72
3 74
3 75
3 79
3 84
3 87
3 88
3 90
3 93
3 94
3 95
3 100
3 102
3 104
3 105
3 106
3 107
3 108
3 112
3 113
3 114
3 117
3 118
3 125
3 131
3 133
3 134
3 139
3 145
3 150
3 151
3 153
3 154
3 161
4 5
4 6
4 7
4 10
4 11
4 12
4 16
4 18
4 19
4 20
4 21
4 22
4 23
4 24
4 25
4 28
4 29
4 30
4 31
4 36
4 37
4 38
4 40
4 42
4 44
4 45
4 48
4 49
4 51
4 52
4 53
4 54
4 55
4 56
4 58
4 61
4 62
4 63
4 64
4 65
4 67
4 68
4 69
4 70
4 71
4 73
4 75
4 77
4 78
4 79
4 80
4 82
4 83
4 87
4 88
4 89
4 92
4 94
4 95
4 97
4 98
4 99
4 102
4 103
4 104
4 105
4 106
4 107
4 108
4 109
4 110
4 111
4 113
4 114
4 115
4 117
4 118
4 120
4 122
4 124
4 125
4 126
4 127
4 129
4 130
4 131
4 133
4 135
4 136
4 137
4 138
4 139
4 141
4 142
4 143
4 145
4 146
4 147
4 148
4 149
4 150
4 152
4 153
4 154
4 156
4 157
4 158
4 159
4 160
4 161
5 6
5 7
5 12
5 14
5 19
5 21
5 22
5 26
5 29
5 30
5 32
5 35
5 40
5 44
5 45
5 50
5 51
5 56
5 68
5 70
5 71
5 72
5 73
5 74
5 79
5 83
5 84
5 86
5 89
5 90
5 97
5 101
5 102
5 109
5 112
5 113
5 115
5 117
5 120
5 128
5 129
5 131
5 133
5 142
5 147
5 158
6 10
6 11
6 12
6 13
6 14
6 18
6 19
6 20
6 21
6 23
6 26
6 27
6 30
6 31
6 32
6 33
6 34
6 35
6 38
6 41
6 42
6 43
6 45
6 46
6 48
6 49
6 51
6 52
6 53
6 54
6 55
6 59
6 61
6 62
6 63
6 65
6 66
6 67
6 68
6 69
6 70
6 71
6 72
6 73
6 74
6 75
6 76
6 77
6 78
6 79
6 80
6 81
6 82
6 83
6 84
6 85
6 87
6 89
6 90
6 92
6 94
6 95
6 96
6 97
6 98
6 101
6 102
6 104
6 105
6 106
6 107
6 109
6 111
6 113
6 115
6 116
6 117
6 118
6 119
6 123
6 125
6 128
6 129
6 130
6 131
6 133
6 134
6 137
6 138
6 140
6 141
6 143
6 144
6 147
6 148
6 149
6 152
6 153
6 154
6 156
6 157
6 158
6 159
6 161
7 9
7 10
7 11
7 12
7 13
7 14
7 15
7 16
7 17
7 18
7 21
7 22
7 23
7 24
7 25
7 26
7 28
7 29
7 30
7 31
7 32
7 35
7 36
7 38
7 40
7 41
7 42
7 43
7 44
7 45
7 46
7 47
7 48
7 49
7 51
7 52
7 55
7 56
7 57
7 58
7 59
7 63
7 64
7 65
7 66
7 67
7 68
7 69
7 70
7 71
7 72
7 74
7 76
7 77
7 79
7 81
7 83
7 84
7 85
7 86
7 88
7 89
7 93
7 94
7 96
7 97
7 98
7 99
7 101
7 102
7 103
7 104
7 105
7 106
7 107
7 108
7 111
7 112
7 114
7 115
7 118
7 123
7 125
7 127
7 128
7 130
7 131
7 134
7 136
7 137
7 138
7 139
7 141
7 142
7 145
7 147
7 148
7 149
7 150
7 151
7 152
7 153
7 154
7 155
7 157
7 159
7 161
8 14
8 19
8 23
8 24
8 26
8 34
8 35
8 38
8 44
8 45
8 49
8 54
8 56
8 58
8 61
8 65
8 67
8 68
8 70
8 72
8 74
8 75
8 80
8 82
8 88
8 91
8 94
8 102
8 103
8 106
8 108
8 114
8 115
8 118
8 124
8 126
8 128
8 129
8 131
8 146
8 147
8 150
8 153
8 156
9 10
9 11
9 13
9 14
9 15
9 21
9 22
9 24
9 30
9 31
9 32
9 35
9 37
9 44
9 46
9 48
9 49
9 50
9 51
9 53
9 56
9 57
9 63
9 64
9 66
9 67
9 68
9 72
9 74
9 75
9 80
9 81
9 84
9 85
9 86
9 90
9 91
9 93
9 95
9 97
9 99
9 102
9 103
9 105
9 107
9 109
9 111
9 112
9 114
9 115
9 117
9 120
9 121
9 122
9 123
9 125
9 130
9 131
9 133
9 135
9 137
9 138
9 140
9 142
9 145
9 146
9 147
9 150
9 151
9 152
9 153
9 154
9 155
9 157
9 158
9 161
10 18
10 19
10 21
10 23
10 25
10 27
10 29
10 30
10 31
10 32
10 34
10 35
10 40
10 42
10 43
10 45
10 48
10 51
10 58
10 60
10 61
10 63
10 64
10 65
10 67
10 68
10 71
10 72
10 73
10 74
10 75
10 76
10 79
10 81
10 84
10 87
10 90
10 94
10 98
10 99
10 101
10 102
10 106
10 107
10 111
10 112
10 114
10 116
10 117
10 121
10 122
10 125
10 127
10 129
10 130
10 131
10 133
10 134
10 137
10 140
10 142
10 143
10 150
10 152
10 154
10 158
10 161
11 13
11 14
11 16
11 17
11 18
11 21
11 25
11 28
11 30
11 31
11 34
11 36
11 37
11 39
11 40
11 43
11 49
11 50
11 51
11 54
11 55
11 56
11 58
11 59
11 62
11 63
11 64
11 65
11 66
11 67
11 68
11 69
11 70
11 71
11 72
11 73
11 74
11 76
11 79
11 80
11 81
11 84
11 86
11 88
11 89
11 92
11 93
11 97
11 100
11 101
11 102
11 105
11 106
11 107
11 108
11 109
11 110
11 111
11 113
11 115
11 116
11 117
11 118
11 119
11 125
11 127
11 129
11 130
11 131
11 133
11 134
11 135
11 137
11 138
11 139
11 142
11 144
11 145
11 146
11 147
11 149
11 151
11 152
11 153
11 157
11 158
11 160
11 161
12 13
12 14
12 18
12 19
12 20
12 26
12 30
12 31
12 32
12 35
12 38
12 43
12 44
12 45
12 46
12 48
12 49
12 54
12 56
12 59
12 61
12 62
12 63
12 65
12 67
12 72
12 73
12 75
12 76
12 84
12 89
12 97
12 102
12 106
12 107
12 108
12 113
12 114
12 116
12 128
12 130
12 131
12 133
12 135
12 137
12 138
12 141
12 142
12 147
12 151
12 153
12 154
12 155
12 158
12 160
12 161
13 15
13 19
13 20
13 25
13 26
13 30
13 31
13 32
13 35
13 36
13 38
13 40
13 43
13 49
13 50
13 51
13 54
13 55
13 56
13 58
13 66
13 68
13 69
13 71
13 72
13 74
13 75
13 79
13 83
13 84
13 86
13 87
13 89
13 91
13 96
13 101
13 102
13 103
13 105
13 106
13 108
13 113
13 115
13 117
13 118
13 124
13 126
13 129
13 132
13 134
13 135
13 138
13 143
13 146
13 147
13 148
13 150
13 151
13 154
13 157
13 158
13 159
13 161
14 15
14 16
14 18
14 19
14 20
14 21
14 22
14 23
14 25
14 26
14 28
14 30
14 31
14 32
14 33
14 35
14 37
14 38
14 39
14 40
14 42
14 43
14 44
14 45
14 46
14 47
14 48
14 49
14 50
14 51
14 52
14 53
14 54
14 55
14 56
14 57
14 61
14 62
14 64
14 65
14 66
14 67
14 68
14 69
14 70
14 71
14 72
14 73
14 74
14 75
14 76
14 77
14 79
14 80
14 81
14 83
14 84
14 85
14 89
14 91
14 93
14 94
14 96
14 101
14 103
14 104
14 106
14 107
14 108
14 109
14 110
14 112
14 113
14 114
14 115
14 117
14 118
14 119
14 122
14 124
14 125
14 126
14 129
14 131
14 133
14 134
14 135
14 137
14 138
14 139
14 140
14 141
14 142
14 144
14 146
14 147
14 148
14 151
14 152
14 153
14 154
14 156
14 158
14 159
14 161
15 22
15 24
15 26
15 31
15 32
15 34
15 35
15 39
15 40
15 41
15 43
15 44
15 45
15 46
15 51
15 54
15 58
15 59
15 64
15 67
15 70
15 71
15 72
15 73
15 75
15 76
15 79
15 81
15 83
15 84
15 86
15 89
15 93
15 97
15 99
15 100
15 101
15 102
15 113
15 114
15 115
15 117
15 121
15 125
15 129
15 131
15 133
15 134
15 135
15 137
15 141
15 142
15 145
15 147
15 148
15 149
15 153
15 157
15 159
16 25
16 26
16 34
16 35
16 44
16 49
16 50
16 58
16 59
16 63
16 64
16 65
16 66
16 67
16 70
16 71
16 72
16 74
16 76
16 84
16 89
16 90
16 92
16 93
16 97
16 101
16 106
16 111
16 113
16 114
16 115
16 116
16 122
16 135
16 137
16 146
16 147
16 150
16 152
16 157
16 158
16 160
17 26
17 27
17 28
17 29
17 36
17 40
17 44
17 49
17 51
17 54
17 67
17 68
17 72
17 83
17 94
17 96
17 97
17 102
17 115
17 116
17 117
17 125
17 129
17 130
17 131
17 133
17 134
17 150
17 152
18 22
18 24
18 25
18 26
18 28
18 31
18 34
18 36
18 37
18 38
18 40
18 42
18 43
18 45
18 46
18 49
18 50
18 52
18 53
18 54
18 55
18 56
18 57
18 61
18 62
18 64
18 65
18 68
18 70
18 71
18 72
18 73
18 74
18 75
18 76
18 79
18 81
18 83
18 85
18 86
18 88
18 92
18 94
18 97
18 98
18 101
18 102
18 107
18 109
18 111
18 112
18 113
18 114
18 118
18 124
18 128
18 130
18 131
18 132
18 133
18 135
18 137
18 138
18 142
18 143
18 146
18 147
18 151
18 158
19 21
19 22
19 26
19 28
19 30
19 31
19 32
19 35
19 36
19 37
19 38
19 39
19 40
19 43
19 45
19 46
19 49
19 50
19 51
19 52
19 55
19 56
19 57
19 58
19 63
19 65
19 66
19 68
19 69
19 71
19 72
19 77
19 78
19 79
19 82
19 83
19 85
19 87
19 89
19 91
19 93
19 94
19 95
19 97
19 98
19 100
19 101
19 102
19 103
19 104
19 105
19 106
19 108
19 110
19 111
19 112
19 113
19 114
19 115
19 116
19 117
19 118
19 119
19 121
19 125
19 126
19 127
19 129
19 130
19 131
19 132
19 133
19 134
19 135
19 136
19 137
19 138
19 139
19 140
19 142
19 144
19 145
19 146
19 147
19 148
19 149
19 150
19 151
19 152
19 153
19 154
19 156
19 157
19 158
19 159
19 160
19 161
20 21
20 25
20 26
20 30
20 31
20 38
20 40
20 44
20 48
20 56
20 58
20 64
20 66
20 68
20 71
20 72
20 74
20 76
20 83
20 84
20 86
20 89
20 96
20 100
20 102
20 103
20 106
20 107
20 114
20 117
20 133
20 134
20 135
20 137
20 138
20 141
20 142
20 145
20 147
20 150
20 151
20 153
21 24
21 25
21 27
21 29
21 32
21 33
21 35
21 36
21 38
21 39
21 40
21 42
21 43
21 44
21 45
21 49
21 50
21 51
21 52
21 53
21 54
21 55
21 56
21 57
21 58
21 59
21 61
21 62
21 63
21 64
21 65
21 67
21 69
21 70
21 71
21 72
21 73
21 76
21 77
21 80
21 81
21 84
21 86
21 87
21 89
21 91
21 92
21 93
21 94
21 95
21 98
21 99
21 101
21 103
21 105
21 106
21 109
21 112
21 117
21 118
21 121
21 123
21 126
21 131
21 133
21 134
21 135
21 136
21 137
21 138
21 140
21 141
21 142
21 144
21 146
21 147
21 151
21 152
21 153
21 154
21 155
21 156
21 158
21 161
22 25
22 26
22 29
22 30
22 31
22 32
22 38
22 39
22 40
22 44
22 45
22 51
22 55
22 62
22 63
22 65
22 69
22 70
22 72
22 74
22 84
22 88
22 89
22 95
22 97
22 101
22 102
22 104
22 105
22 106
22 109
22 112
22 113
22 114
22 115
22 116
22 117
22 118
22 129
22 130
22 133
22 134
22 136
22 137
22 139
22 147
22 149
22 152
22 153
22 156
22 158
22 160
23 24
23 32
23 34
23 38
23 49
23 54
23 56
23 58
23 61
23 62
23 64
23 66
23 70
23 72
23 74
23 75
23 77
23 78
23 79
23 82
23 87
23 88
23 94
23 96
23 102
23 103
23 108
23 115
23 116
23 117
23 126
23 131
23 133
23 152
23 158
24 25
24 26
24 30
24 32
24 34
24 36
24 49
24 51
24 55
24 60
24 62
24 64
24 65
24 67
24 68
24 70
24 72
24 74
24 75
24 77
24 79
24 83
24 84
24 89
24 91
24 92
24 94
24 96
24 97
24 102
24 105
24 106
24 112
24 114
24 115
24 116
24 118
24 122
24 131
24 133
24 134
24 137
24 138
24 145
24 146
24 151
24 153
24 154
24 158
25 27
25 30
25 31
25 32
25 35
25 36
25 37
25 40
25 43
25 44
25 45
25 49
25 51
25 52
25 56
25 57
25 58
25 59
25 61
25 63
25 64
25 65
25 66
25 67
25 68
25 69
25 71
25 73
25 77
25 79
25 80
25 84
25 85
25 86
25 93
25 95
25 99
25 101
25 102
25 105
25 106
25 108
25 109
25 112
25 114
25 115
25 118
25 119
25 124
25 125
25 126
25 129
25 131
25 133
25 134
25 135
25 137
25 141
25 145
25 151
25 152
25 153
25 160
25 161
26 27
26 28
26 30
26 31
26 32
26 35
26 36
26 37
26 39
26 40
26 42
26 43
26 44
26 45
26 46
26 47
26 48
26 49
26 50
26 51
26 53
26 54
26 55
26 57
26 58
26 59
26 62
26 63
26 64
26 65
26 66
26 67
26 69
26 70
26 71
26 72
26 73
26 74
26 75
26 77
26 79
26 80
26 81
26 82
26 84
26 88
26 89
26 92
26 93
26 94
26 96
26 97
26 98
26 100
26 101
26 102
26 103
26 104
26 105
26 106
26 107
26 108
26 109
26 110
26 112
26 113
26 114
26 115
26 117
26 118
26 119
26 120
26 122
26 123
26 125
26 126
26 130
26 131
26 134
26 135
26 136
26 137
26 138
26 139
26 140
26 141
26 142
26 145
26 147
26 149
26 151
26 152
26 153
26 154
26 155
26 156
26 157
26 158
26 159
26 160
27 31
27 33
27 36
27 38
27 44
27 45
27 46
27 49
27 50
27 51
27 56
27 66
27 69
27 70
27 72
27 73
27 74
27 76
27 80
27 89
27 91
27 95
27 101
27 103
27 105
27 106
27 108
27 112
27 115
27 118
27 131
27 133
27 136
27 137
27 138
27 139
27 141
27 143
27 158
28 30
28 31
28 32
28 34
28 44
28 46
28 49
28 51
28 54
28 56
28 63
28 67
28 68
28 70
28 72
28 74
28 76
28 87
28 89
28 91
28 100
28 102
28 105
28 114
28 115
28 118
28 127
28 128
28 129
28 130
28 133
28 137
28 140
28 141
28 142
28 145
28 153
28 158
28 161
29 31
29 32
29 33
29 38
29 40
29 41
29 44
29 45
29 50
29 52
29 56
29 65
29 66
29 67
29 69
29 72
29 73
29 74
29 76
29 79
29 97
29 100
29 101
29 103
29 105
29 106
29 109
29 113
29 114
29 124
29 131
29 133
29 138
29 141
29 142
29 147
29 150
29 152
29 153
30 31
30 32
30 35
30 40
30 41
30 42
30 43
30 44
30 45
30 46
30 50
30 51
30 52
30 54
30 55
30 56
30 57
30 59
30 64
30 65
30 66
30 67
30 68
30 69
30 70
30 71
30 72
30 73
30 74
30 75
30 77
30 79
30 80
30 81
30 82
30 83
30 84
30 87
30 88
30 89
30 90
30 92
30 93
30 95
30 97
30 98
30 101
30 102
30 103
30 104
30 106
30 108
30 109
30 110
30 111
30 113
30 114
30 115
30 116
30 119
30 120
30 122
30 125
30 128
30 129
30 130
30 131
30 133
30 134
30 137
30 138
30 141
30 142
30 143
30 147
30 149
30 150
30 151
30 152
30 153
30 154
30 155
30 156
30 157
30 158
30 160
30 161
31 33
31 34
31 35
31 36
31 37
31 39
31 41
31 42
31 43
31 44
31 45
31 46
31 47
31 48
31 49
31 50
31 51
31 52
31 54
31 56
31 57
31 58
31 60
31 63
31 64
31 65
31 66
31 67
31 68
31 69
31 70
31 71
31 72
31 73
31 76
31 77
31 78
31 79
31 80
31 81
31 83
31 84
31 85
31 86
31 87
31 91
31 92
31 93
31 94
31 96
31 97
31 99
31 101
31 102
31 104
31 105
31 106
31 107
31 108
31 109
31 110
31 111
31 112
31 114
31 115
31 116
31 117
31 118
31 124
31 125
31 126
31 127
31 129
31 131
31 132
31 134
31 135
31 136
31 137
31 138
31 139
31 141
31 142
31 143
31 144
31 145
31 147
31 148
31 150
31 151
31 152
31 153
31 154
31 155
31 156
31 157
31 158
32 33
32 34
32 35
32 37
32 38
32 39
32 42
32 45
32 46
32 47
32 48
32 49
32 52
32 53
32 54
32 55
32 56
32 58
32 59
32 62
32 63
32 64
32 65
32 66
32 67
32 68
32 69
32 71
32 73
32 76
32 77
32 79
32 80
32 81
32 82
32 83
32 84
32 85
32 86
32 89
32 90
32 91
32 92
32 96
32 97
32 99
32 100
32 101
32 102
32 104
32 105
32 108
32 109
32 110
32 113
32 114
32 115
32 116
32 117
32 118
32 122
32 124
32 125
32 126
32 128
32 131
32 132
32 133
32 134
32 135
32 136
32 137
32 138
32 139
32 141
32 142
32 143
32 145
32 146
32 147
32 148
32 149
32 150
32 152
32 157
32 160
32 161
33 35
33 39
33 43
33 44
33 45
33 46
33 49
33 50
33 51
33 54
33 57
33 64
33 68
33 69
33 70
33 71
33 74
33 76
33 84
33 94
33 99
33 106
33 109
33 112
33 114
33 116
33 118
33 119
33 121
33 128
33 129
33 130
33 133
33 137
33 142
33 146
33 147
33 154
34 37
34 40
34 43
34 46
34 51
34 54
34 58
34 66
34 70
34 72
34 73
34 77
34 79
34 84
34 85
34 86
34 94
34 97
34 100
34 101
34 102
34 103
34 105
34 107
34 111
34 112
34 114
34 115
34 118
34 124
34 125
34 126
34 129
34 133
34 134
34 138
34 141
34 142
34 145
34 146
34 147
34 149
34 151
34 155
34 156
34 157
34 158
35 36
35 37
35 38
35 39
35 40
35 42
35 43
35 44
35 46
35 49
35 52
35 56
35 58
35 59
35 61
35 62
35 63
35 64
35 65
35 66
35 67
35 68
35 69
35 70
35 71
35 74
35 75
35 76
35 83
35 84
35 89
35 91
35 94
35 95
35 96
35 97
35 99
35 102
35 103
35 105
35 106
35 107
35 108
35 109
35 110
35 111
35 112
35 113
35 114
35 115
35 117
35 121
35 122
35 125
35 129
35 130
35 131
35 134
35 136
35 137
35 138
35 142
35 145
35 146
35 149
35 150
35 151
35 152
35 153
35 154
35 157
35 158
35 159
35 161
36 37
36 38
36 39
36 41
36 42
36 44
36 45
36 46
36 49
36 50
36 54
36 55
36 57
36 58
36 60
36 61
36 62
36 63
36 64
36 66
36 67
36 69
36 70
36 72
36 74
36 76
36 77
36 78
36 79
36 80
36 81
36 83
36 84
36 86
36 89
36 90
36 93
36 94
36 95
36 98
36 100
36 104
36 105
36 108
36 109
36 110
36 111
36 113
36 114
36 117
36 118
36 122
36 124
36 125
36 127
36 128
36 129
36 131
36 132
36 134
36 141
36 142
36 143
36 146
36 147
36 149
36 152
36 155
36 159
37 39
37 40
37 46
37 48
37 49
37 50
37 51
37 52
37 57
37 58
37 62
37 63
37 64
37 65
37 66
37 67
37 68
37 69
37 71
37 72
37 73
37 74
37 75
37 77
37 80
37 84
37 85
37 86
37 89
37 93
37 101
37 102
37 106
37 107
37 108
37 111
37 115
37 116
37 117
37 120
37 125
37 126
37 128
37 131
37 133
37 134
37 135
37 136
37 137
37 139
37 145
37 147
37 149
37 150
37 154
37 158
37 160
37 161
38 39
38 40
38 42
38 43
38 45
38 46
38 47
38 48
38 50
38 51
38 52
38 53
38 54
38 55
38 56
38 57
38 58
38 59
38 63
38 64
38 65
38 67
38 69
38 70
38 71
38 73
38 74
38 75
38 77
38 79
38 80
38 82
38 83
38 84
38 85
38 87
38 89
38 90
38 91
38 92
38 94
38 95
38 97
38 100
38 101
38 102
38 103
38 106
38 107
38 108
38 109
38 112
38 113
38 114
38 115
38 116
38 117
38 118
38 120
38 121
38 125
38 126
38 128
38 129
38 130
38 135
38 136
38 138
38 141
38 142
38 143
38 145
38 147
38 150
38 151
38 152
38 153
38 158
38 160
38 161
39 40
39 45
39 46
39 49
39 51
39 54
39 55
39 56
39 58
39 59
39 61
39 62
39 63
39 64
39 67
39 68
39 69
39 70
39 71
39 72
39 73
39 76
39 78
39 80
39 81
39 88
39 89
39 90
39 91
39 92
39 94
39 95
39 101
39 104
39 106
39 107
39 108
39 110
39 112
39 113
39 114
39 115
39 123
39 125
39 128
39 130
39 133
39 138
39 139
39 140
39 146
39 149
39 153
39 154
39 157
39 158
39 159
39 161
40 42
40 43
40 44
40 45
40 46
40 47
40 48
40 49
40 51
40 52
40 53
40 54
40 55
40 58
40 60
40 61
40 63
40 64
40 65
40 66
40 67
40 68
40 69
40 70
40 71
40 73
40 74
40 75
40 76
40 77
40 78
40 79
40 80
40 81
40 82
40 83
40 84
40 86
40 89
40 91
40 92
40 94
40 95
40 98
40 101
40 103
40 105
40 106
40 108
40 109
40 110
40 111
40 113
40 114
40 115
40 117
40 118
40 120
40 124
40 125
40 126
40 130
40 131
40 133
40 134
40 136
40 137
40 138
40 139
40 141
40 142
40 143
40 145
40 147
40 148
40 149
40 150
40 153
40 154
40 155
40 156
40 157
40 158
40 160
40 161
41 43
41 48
41 49
41 51
41 54
41 64
41 65
41 70
41 74
41 86
41 91
41 92
41 93
41 101
41 102
41 105
41 108
41 111
41 114
41 117
41 118
41 124
41 131
41 134
41 136
41 142
41 150
41 154
42 43
42 45
42 46
42 49
42 50
42 51
42 53
42 55
42 56
42 58
42 59
42 60
42 63
42 64
42 65
42 66
42 67
42 69
42 70
42 73
42 74
42 75
42 78
42 79
42 83
42 84
42 85
42 86
42 93
42 94
42 99
42 100
42 101
42 103
42 106
42 108
42 109
42 112
42 113
42 114
42 116
42 117
42 118
42 120
42 125
42 127
42 131
42 132
42 134
42 136
42 137
42 142
42 147
42 149
42 151
42 154
42 157
42 158
43 45
43 49
43 51
43 52
43 53
43 54
43 56
43 62
43 65
43 66
43 67
43 68
43 69
43 70
43 71
43 73
43 74
43 78
43 81
43 87
43 91
43 92
43 93
43 97
43 98
43 101
43 102
43 103
43 108
43 111
43 112
43 113
43 114
43 115
43 123
43 125
43 126
43 129
43 131
43 133
43 134
43 137
43 138
43 139
43 140
43 141
43 142
43 146
43 149
43 150
43 151
43 152
43 153
43 159
43 161
44 46
44 49
44 50
44 51
44 54
44 55
44 56
44 58
44 59
44 61
44 63
44 64
44 66
44 67
44 68
44 69
44 70
44 71
44 72
44 73
44 74
44 76
44 77
44 79
44 80
44 84
44 87
44 88
44 89
44 91
44 93
44 94
44 97
44 104
44 105
44 106
44 107
44 108
44 112
44 113
44 115
44 117
44 118
44 122
44 125
44 130
44 133
44 134
44 136
44 137
44 138
44 140
44 142
44 143
44 145
44 146
44 148
44 149
44 150
44 151
44 153
44 155
44 157
44 159
44 160
44 161
45 46
45 48
45 50
45 51
45 52
45 54
45 56
45 57
45 58
45 59
45 60
45 63
45 64
45 65
45 66
45 67
45 68
45 69
45 70
45 71
45 72
45 73
45 75
45 77
45 79
45 80
45 85
45 86
45 88
45 92
45 95
45 96
45 98
45 100
45 101
45 102
45 103
45 104
45 105
45 106
45 107
45 108
45 109
45 112
45 113
45 114
45 115
45 116
45 117
45 118
45 119
45 125
45 128
45 129
45 133
45 134
45 135
45 136
45 137
45 138
45 140
45 141
45 142
45 145
45 146
45 147
45 149
45 152
45 153
45 158
45 159
45 160
46 47
46 49
46 51
46 52
46 53
46 54
46 56
46 57
46 59
46 61
46 63
46 64
46 65
46 66
46 67
46 68
46 69
46 72
46 73
46 74
46 77
46 80
46 81
46 84
46 85
46 86
46 91
46 92
46 94
46 99
46 103
46 104
46 105
46 106
46 111
46 114
46 115
46 117
46 120
46 122
46 125
46 126
46 128
46 129
46 131
46 132
46 133
46 135
46 136
46 137
46 139
46 141
46 142
46 147
46 151
46 153
46 156
46 157
46 158
46 160
46 161
47 51
47 56
47 63
47 64
47 73
47 82
47 85
47 89
47 94
47 95
47 99
47 106
47 109
47 110
47 117
47 126
47 128
47 137
47 142
47 150
47 154
48 51
48 54
48 56
48 58
48 64
48 67
48 68
48 70
48 72
48 76
48 79
48 94
48 95
48 99
48 102
48 105
48 108
48 109
48 111
48 112
48 115
48 122
48 125
48 129
48 131
48 133
48 135
48 147
48 149
48 150
48 152
49 50
49 51
49 53
49 54
49 57
49 58
49 61
49 62
49 63
49 64
49 65
49 67
49 68
49 69
49 70
49 71
49 72
49 73
49 74
49 75
49 76
49 77
49 79
49 82
49 83
49 84
49 85
49 86
49 87
49 89
49 91
49 95
49 96
49 97
49 98
49 99
49 101
49 102
49 103
49 106
49 107
49 108
49 109
49 111
49 112
49 113
49 114
49 115
49 117
49 118
49 120
49 125
49 126
49 127
49 128
49 129
49 130
49 132
49 133
49 134
49 135
49 136
49 137
49 138
49 139
49 140
49 141
49 142
49 145
49 146
49 147
49 148
49 149
49 150
49 151
49 152
49 153
49 155
49 157
49 158
49 160
50 51
50 52
50 54
50 58
50 60
50 61
50 62
50 63
50 65
50 66
50 67
50 68
50 69
50 71
50 72
50 75
50 77
50 81
50 83
50 85
50 87
50 89
50 94
50 95
50 97
50 100
50 101
50 102
50 103
50 105
50 106
50 107
50 108
50 112
50 115
50 118
50 127
50 133
50 134
50 138
50 141
50 142
50 143
50 146
50 150
50 151
50 152
50 153
50 154
51 54
51 55
51 57
51 59
51 60
51 61
51 63
51 64
51 65
51 66
51 67
51 68
51 69
51 70
51 71
51 72
51 73
51 74
51 76
51 79
51 81
51 84
51 85
51 86
51 88
51 89
51 92
51 93
51 94
51 97
51 98
51 101
51 102
51 103
51 104
51 105
51 106
51 107
51 108
51 109
51 110
51 111
51 112
51 114
51 115
51 116
51 117
51 118
51 119
51 122
51 125
51 126
51 129
51 131
51 133
51 134
51 135
51 136
51 137
51 138
51 139
51 140
51 142
51 143
51 145
51 146
51 148
51 149
51 150
51 151
51 152
51 153
51 154
51 155
51 156
51 158
51 159
51 160
51 161
52 53
52 57
52 59
52 61
52 65
52 69
52 70
52 72
52 74
52 75
52 77
52 79
52 81
52 87
52 88
52 89
52 91
52 93
52 94
52 97
52 99
52 100
52 101
52 102
52 103
52 105
52 106
52 109
52 112
52 113
52 115
52 117
52 118
52 119
52 123
52 125
52 129
52 130
52 131
52 133
52 134
52 137
52 139
52 141
52 142
52 143
52 145
52 146
52 147
52 148
52 150
52 151
52 153
52 158
53 54
53 56
53 58
53 65
53 69
53 71
53 74
53 76
53 79
53 80
53 85
53 86
53 87
53 88
53 90
53 94
53 95
53 101
53 103
53 104
53 106
53 108
53 113
53 114
53 115
53 118
53 129
53 131
53 133
53 134
53 137
53 138
53 142
53 145
53 149
53 150
53 154
53 157
53 158
53 160
53 161
54 55
54 56
54 57
54 59
54 64
54 65
54 66
54 67
54 68
54 69
54 70
54 71
54 72
54 73
54 74
54 75
54 77
54 79
54 81
54 82
54 83
54 84
54 85
54 86
54 87
54 88
54 89
54 91
54 92
54 93
54 94
54 97
54 100
54 101
54 102
54 103
54 104
54 105
54 106
54 107
54 108
54 109
54 110
54 111
54 112
54 114
54 115
54 116
54 117
54 118
54 119
54 120
54 121
54 122
54 124
54 125
54 126
54 129
54 130
54 131
54 133
54 134
54 137
54 138
54 140
54 141
54 142
54 143
54 144
54 145
54 150
54 151
54 152
54 153
54 154
54 157
54 158
54 160
54 161
55 59
55 63
55 64
55 65
55 66
55 67
55 70
55 73
55 77
55 80
55 83
55 85
55 86
55 91
55 95
55 96
55 99
55 100
55 101
55 102
55 103
55 106
55 108
55 112
55 113
55 114
55 115
55 116
55 117
55 118
55 119
55 125
55 128
55 129
55 130
55 131
55 132
55 133
55 134
55 137
55 138
55 139
55 141
55 142
55 143
55 146
55 147
55 149
55 150
55 151
55 152
55 153
55 154
55 155
55 156
55 157
55 158
55 161
56 57
56 58
56 59
56 62
56 63
56 64
56 65
56 67
56 68
56 69
56 70
56 72
56 74
56 75
56 79
56 80
56 81
56 82
56 83
56 84
56 85
56 86
56 87
56 88
56 89
56 90
56 91
56 92
56 93
56 94
56 95
56 96
56 97
56 98
56 99
56 101
56 105
56 106
56 108
56 109
56 110
56 112
56 113
56 117
56 118
56 122
56 125
56 128
56 129
56 130
56 131
56 132
56 133
56 134
56 135
56 136
56 138
56 140
56 142
56 143
56 144
56 147
56 150
56 151
56 152
56 153
56 154
56 155
56 157
56 159
56 161
57 60
57 64
57 65
57 67
57 68
57 69
57 72
57 73
57 74
57 75
57 82
57 87
57 94
57 101
57 104
57 106
57 111
57 115
57 116
57 117
57 118
57 129
57 131
57 135
57 138
57 142
57 147
57 151
57 152
57 154
57 157
57 160
58 63
58 64
58 65
58 66
58 67
58 68
58 69
58 70
58 71
58 72
58 73
58 74
58 75
58 76
58 77
58 79
58 84
58 85
58 86
58 89
58 91
58 92
58 94
58 95
58 96
58 97
58 102
58 104
58 106
58 108
58 109
58 110
58 112
58 115
58 116
58 117
58 118
58 127
58 128
58 129
58 131
58 133
58 135
58 137
58 138
58 139
58 141
58 149
58 150
58 151
58 152
58 155
58 158
58 159
58 160
59 63
59 65
59 66
59 68
59 69
59 71
59 74
59 75
59 77
59 78
59 79
59 82
59 84
59 85
59 86
59 87
59 88
59 89
59 92
59 94
59 95
59 98
59 99
59 103
59 104
59 106
59 107
59 108
59 109
59 112
59 114
59 115
59 117
59 120
59 126
59 131
59 134
59 136
59 137
59 138
59 139
59 142
59 143
59 148
59 149
59 151
59 152
59 153
59 154
59 158
59 161
60 61
60 63
60 64
60 70
60 80
60 82
60 94
60 97
60 102
60 104
60 105
60 123
60 125
60 137
60 138
60 142
60 144
60 147
60 150
60 153
60 157
60 158
60 161
61 64
61 65
61 66
61 72
61 73
61 74
61 76
61 77
61 79
61 84
61 89
61 93
61 94
61 97
61 99
61 101
61 103
61 107
61 108
61 110
61 113
61 115
61 117
61 122
61 125
61 126
61 130
61 139
61 141
61 144
61 150
61 152
61 155
61 160
62 64
62 65
62 66
62 67
62 69
62 70
62 71
62 72
62 74
62 75
62 80
62 83
62 86
62 89
62 91
62 92
62 94
62 95
62 96
62 97
62 99
62 100
62 101
62 106
62 110
62 112
62 114
62 117
62 119
62 125
62 129
62 131
62 137
62 138
62 139
62 142
62 145
62 151
62 152
62 154
62 157
63 64
63 65
63 67
63 69
63 70
63 71
63 79
63 80
63 81
63 86
63 87
63 89
63 91
63 94
63 97
63 99
63 101
63 103
63 104
63 107
63 109
63 110
63 112
63 113
63 114
63 115
63 119
63 123
63 124
63 126
63 129
63 130
63 131
63 134
63 136
63 137
63 139
63 142
63 146
63 147
63 149
63 150
63 151
63 152
63 154
63 157
63 158
63 159
63 160
63 161
64 65
64 66
64 67
64 68
64 69
64 70
64 71
64 72
64 73
64 74
64 75
64 76
64 77
64 79
64 82
64 83
64 84
64 85
64 86
64 87
64 88
64 89
64 91
64 93
64 94
64 97
64 98
64 99
64 100
64 101
64 102
64 103
64 105
64 106
64 108
64 109
64 112
64 113
64 114
64 115
64 116
64 118
64 119
64 121
64 122
64 123
64 127
64 129
64 131
64 132
64 133
64 134
64 135
64 137
64 138
64 139
64 140
64 141
64 142
64 144
64 145
64 146
64 147
64 148
64 149
64 150
64 151
64 152
64 153
64 154
64 157
64 158
64 159
64 161
65 66
65 67
65 68
65 69
65 70
65 71
65 74
65 75
65 76
65 77
65 79
65 80
65 82
65 83
65 84
65 86
65 87
65 88
65 89
65 91
65 94
65 95
65 96
65 97
65 98
65 99
65 101
65 102
65 104
65 106
65 107
65 108
65 109
65 112
65 113
65 114
65 115
65 116
65 117
65 118
65 119
65 124
65 125
65 126
65 127
65 128
65 130
65 133
65 134
65 135
65 136
65 137
65 138
65 141
65 142
65 143
65 146
65 147
65 149
65 151
65 152
65 153
65 154
65 155
65 157
65 158
65 159
65 160
65 161
66 67
66 68
66 70
66 71
66 72
66 73
66 74
66 75
66 76
66 77
66 79
66 83
66 84
66 85
66 86
66 89
66 91
66 94
66 97
66 99
66 100
66 101
66 102
66 103
66 108
66 109
66 111
66 112
66 113
66 114
66 116
66 117
66 118
66 123
66 125
66 126
66 127
66 129
66 131
66 132
66 133
66 134
66 136
66 137
66 138
66 139
66 140
66 142
66 143
66 145
66 147
66 151
66 152
66 154
66 158
66 160
67 68
67 69
67 70
67 71
67 72
67 74
67 76
67 77
67 79
67 80
67 82
67 83
67 84
67 86
67 87
67 89
67 93
67 94
67 95
67 96
67 97
67 99
67 100
67 101
67 102
67 104
67 106
67 107
67 108
67 109
67 110
67 111
67 112
67 113
67 114
67 115
67 117
67 118
67 121
67 122
67 123
67 125
67 127
67 129
67 131
67 132
67 134
67 135
67 137
67 138
67 139
67 140
67 141
67 142
67 143
67 144
67 145
67 146
67 147
67 148
67 149
67 151
67 152
67 153
67 154
67 155
67 156
67 157
67 158
67 159
67 161
68 69
68 70
68 71
68 72
68 74
68 75
68 76
68 79
68 80
68 85
68 87
68 88
68 89
68 94
68 97
68 99
68 100
68 101
68 102
68 103
68 105
68 106
68 108
68 109
68 112
68 113
68 114
68 115
68 117
68 118
68 121
68 122
68 123
68 125
68 130
68 131
68 132
68 133
68 134
68 135
68 136
68 138
68 139
68 140
68 141
68 142
68 143
68 145
68 146
68 147
68 148
68 150
68 151
68 152
68 153
68 154
68 158
68 159
68 160
68 161
69 70
69 71
69 72
69 74
69 79
69 80
69 81
69 82
69 83
69 85
69 87
69 88
69 90
69 91
69 92
69 93
69 94
69 95
69 96
69 97
69 98
69 99
69 100
69 101
69 102
69 103
69 104
69 105
69 106
69 108
69 109
69 110
69 111
69 112
69 113
69 114
69 115
69 116
69 117
69 118
69 120
69 121
69 123
69 124
69 125
69 126
69 127
69 129
69 131
69 133
69 134
69 135
69 137
69 138
69 139
69 141
69 142
69 146
69 147
69 149
69 151
69 152
69 153
69 154
69 156
69 157
69 158
69 159
69 161
70 71
70 72
70 73
70 74
70 76
70 77
70 79
70 80
70 81
70 83
70 84
70 85
70 86
70 87
70 89
70 90
70 91
70 92
70 94
70 97
70 101
70 102
70 103
70 105
70 106
70 108
70 110
70 111
70 112
70 113
70 114
70 115
70 117
70 118
70 121
70 122
70 124
70 125
70 126
70 128
70 129
70 130
70 131
70 133
70 134
70 136
70 137
70 138
70 139
70 140
70 142
70 143
70 146
70 147
70 150
70 151
70 152
70 153
70 154
70 155
70 157
70 159
70 160
70 161
71 72
71 73
71 74
71 75
71 76
71 77
71 79
71 80
71 82
71 83
71 84
71 88
71 89
71 91
71 92
71 93
71 94
71 96
71 97
71 99
71 100
71 101
71 104
71 105
71 106
71 107
71 108
71 109
71 110
71 111
71 112
71 113
71 114
71 115
71 116
71 117
71 118
71 120
71 122
71 125
71 126
71 128
71 129
71 130
71 131
71 132
71 133
71 134
71 135
71 137
71 138
71 139
71 141
71 142
71 144
71 145
71 146
71 147
71 148
71 150
71 151
71 152
71 153
71 154
71 155
71 156
71 157
71 158
71 159
71 160
71 161
72 73
72 74
72 75
72 76
72 77
72 79
72 82
72 83
72 84
72 85
72 86
72 87
72 89
72 90
72 91
72 92
72 93
72 94
72 95
72 97
72 99
72 100
72 101
72 103
72 105
72 106
72 107
72 108
72 109
72 114
72 115
72 116
72 117
72 119
72 120
72 121
72 124
72 126
72 127
72 128
72 129
72 130
72 131
72 133
72 134
72 135
72 136
72 137
72 139
72 140
72 141
72 142
72 143
72 147
72 148
72 149
72 150
72 151
72 152
72 153
72 154
72 157
72 158
72 161
73 74
73 77
73 79
73 80
73 84
73 86
73 87
73 89
73 92
73 93
73 95
73 97
73 98
73 99
73 101
73 105
73 106
73 107
73 108
73 109
73 111
73 114
73 115
73 116
73 117
73 120
73 121
73 124
73 126
73 130
73 131
73 133
73 135
73 137
73 138
73 141
73 142
73 146
73 147
73 148
73 150
73 151
73 154
73 155
73 157
73 158
73 159
73 160
74 75
74 76
74 77
74 78
74 79
74 80
74 81
74 83
74 84
74 85
74 86
74 87
74 88
74 89
74 91
74 92
74 93
74 94
74 95
74 96
74 97
74 98
74 99
74 102
74 104
74 105
74 106
74 107
74 108
74 109
74 111
74 112
74 113
74 114
74 115
74 116
74 117
74 118
74 119
74 120
74 121
74 122
74 124
74 125
74 126
74 127
74 129
74 131
74 132
74 133
74 134
74 135
74 136
74 138
74 139
74 140
74 141
74 142
74 143
74 145
74 146
74 148
74 149
74 150
74 151
74 152
74 153
74 154
74 155
74 158
74 159
74 160
75 76
75 78
75 79
75 80
75 81
75 82
75 84
75 85
75 86
75 87
75 88
75 89
75 93
75 94
75 95
75 96
75 97
75 99
75 100
75 101
75 102
75 103
75 104
75 105
75 106
75 107
75 109
75 110
75 111
75 113
75 114
75 115
75 117
75 118
75 120
75 127
75 129
75 130
75 131
75 134
75 135
75 137
75 138
75 139
75 142
75 143
75 144
75 145
75 146
75 147
75 148
75 150
75 151
75 154
75 155
75 157
75 158
76 77
76 80
76 83
76 88
76 89
76 91
76 93
76 94
76 102
76 103
76 106
76 109
76 111
76 112
76 113
76 114
76 115
76 117
76 118
76 133
76 134
76 137
76 138
76 140
76 141
76 142
76 144
76 145
76 146
76 147
76 148
76 150
76 154
76 157
77 83
77 84
77 86
77 87
77 88
77 89
77 90
77 91
77 95
77 98
77 99
77 100
77 101
77 102
77 111
77 112
77 113
77 114
77 115
77 117
77 118
77 119
77 129
77 130
77 133
77 134
77 137
77 138
77 139
77 140
77 145
77 147
77 149
77 151
77 152
77 155
77 157
77 158
77 159
77 161
78 80
78 90
78 92
78 100
78 106
78 108
78 114
78 115
78 116
78 129
78 134
78 139
78 142
78 143
78 147
78 151
78 152
78 153
79 82
79 83
79 85
79 86
79 88
79 89
79 91
79 93
79 94
79 95
79 96
79 97
79 98
79 99
79 100
79 101
79 102
79 103
79 104
79 105
79 106
79 107
79 108
79 113
79 114
79 115
79 116
79 118
79 121
79 125
79 126
79 129
79 131
79 132
79 133
79 134
79 135
79 136
79 137
79 138
79 139
79 140
79 141
79 142
79 144
79 146
79 147
79 150
79 151
79 152
79 154
79 155
79 157
79 158
79 159
79 160
79 161
80 82
80 83
80 84
80 89
80 90
80 91
80 92
80 94
80 97
80 98
80 99
80 100
80 101
80 104
80 105
80 106
80 111
80 114
80 115
80 117
80 125
80 126
80 127
80 128
80 129
80 131
80 134
80 135
80 136
80 137
80 138
80 139
80 142
80 145
80 146
80 147
80 148
80 150
80 152
80 153
80 154
80 157
81 82
81 85
81 101
81 105
81 110
81 114
81 115
81 116
81 118
81 131
81 134
81 138
81 139
81 141
81 143
81 147
81 151
81 152
81 153
81 154
82 84
82 89
82 92
82 94
82 97
82 101
82 106
82 109
82 114
82 115
82 125
82 126
82 129
82 134
82 137
82 146
82 148
82 149
82 152
82 160
82 161
83 85
83 87
83 89
83 92
83 93
83 94
83 95
83 97
83 98
83 99
83 101
83 102
83 106
83 108
83 109
83 114
83 116
83 117
83 118
83 125
83 126
83 129
83 131
83 133
83 136
83 137
83 138
83 145
83 146
83 149
83 150
83 151
83 152
83 153
83 155
83 157
83 158
84 86
84 88
84 89
84 94
84 95
84 96
84 97
84 98
84 99
84 102
84 103
84 104
84 105
84 106
84 109
84 113
84 115
84 116
84 118
84 123
84 125
84 126
84 129
84 130
84 131
84 133
84 136
84 137
84 138
84 141
84 143
84 144
84 146
84 147
84 149
84 150
84 151
84 152
84 154
84 155
84 157
84 159
84 161
85 89
85 91
85 103
85 105
85 108
85 109
85 112
85 113
85 114
85 119
85 129
85 133
85 137
85 138
85 139
85 149
85 151
85 153
85 154
86 89
86 91
86 92
86 94
86 95
86 100
86 101
86 102
86 103
86 105
86 106
86 107
86 113
86 117
86 118
86 122
86 124
86 127
86 129
86 131
86 133
86 135
86 137
86 138
86 141
86 146
86 147
86 152
86 154
86 155
86 161
87 89
87 91
87 94
87 97
87 100
87 101
87 103
87 105
87 106
87 108
87 111
87 112
87 114
87 115
87 116
87 117
87 118
87 120
87 121
87 125
87 126
87 129
87 131
87 133
87 134
87 136
87 137
87 138
87 140
87 142
87 144
87 145
87 147
87 149
87 150
87 151
87 152
87 154
87 155
87 158
87 161
88 93
88 95
88 98
88 102
88 105
88 106
88 108
88 109
88 111
88 112
88 115
88 116
88 124
88 125
88 128
88 129
88 130
88 133
88 137
88 138
88 139
88 140
88 141
88 142
88 145
88 149
88 150
88 151
88 152
88 153
88 154
88 159
88 160
89 92
89 94
89 97
89 98
89 101
89 102
89 105
89 106
89 108
89 109
89 112
89 114
89 115
89 116
89 117
89 118
89 122
89 125
89 126
89 127
89 129
89 131
89 133
89 134
89 136
89 137
89 138
89 140
89 143
89 147
89 150
89 151
89 154
89 155
89 157
89 158
89 159
89 161
90 97
90 101
90 104
90 106
90 112
90 113
90 115
90 116
90 117
90 130
90 131
90 134
90 138
90 142
90 143
90 144
90 150
90 151
90 160
91 92
91 96
91 97
91 98
91 99
91 100
91 101
91 102
91 103
91 106
91 108
91 111
91 113
91 115
91 117
91 124
91 125
91 128
91 130
91 131
91 132
91 133
91 135
91 138
91 139
91 143
91 147
91 153
91 154
91 157
91 158
92 93
92 95
92 96
92 101
92 102
92 104
92 106
92 108
92 109
92 111
92 114
92 117
92 118
92 120
92 121
92 125
92 130
92 131
92 134
92 139
92 145
92 146
92 150
92 151
92 152
92 153
92 154
92 157
92 158
93 94
93 97
93 98
93 99
93 101
93 102
93 103
93 105
93 106
93 107
93 109
93 110
93 111
93 114
93 116
93 117
93 118
93 119
93 120
93 124
93 125
93 126
93 129
93 131
93 133
93 134
93 135
93 136
93 138
93 139
93 141
93 142
93 145
93 146
93 147
93 148
93 149
93 150
93 153
93 154
93 157
93 158
93 159
93 161
94 95
94 97
94 98
94 99
94 100
94 102
94 105
94 108
94 109
94 112
94 114
94 115
94 117
94 118
94 119
94 125
94 126
94 129
94 131
94 132
94 133
94 134
94 136
94 138
94 139
94 140
94 141
94 142
94 146
94 149
94 150
94 152
94 154
94 156
94 157
94 158
94 160
94 161
95 97
95 102
95 106
95 108
95 112
95 114
95 117
95 119
95 125
95 129
95 130
95 131
95 135
95 137
95 138
95 139
95 141
95 145
95 147
95 151
95 152
95 154
95 158
95 159
95 161
96 97
96 98
96 101
96 102
96 108
96 111
96 116
96 118
96 122
96 125
96 126
96 129
96 137
96 142
96 151
96 152
96 153
96 154
96 155
96 157
97 99
97 100
97 101
97 102
97 103
97 106
97 107
97 109
97 112
97 113
97 114
97 115
97 116
97 117
97 118
97 121
97 125
97 126
97 127
97 133
97 134
97 136
97 137
97 138
97 139
97 142
97 143
97 147
97 148
97 150
97 151
97 152
97 153
97 155
97 157
97 159
97 161
98 102
98 103
98 107
98 108
98 109
98 112
98 113
98 114
98 124
98 129
98 131
98 133
98 134
98 135
98 137
98 138
98 139
98 141
98 142
98 146
98 151
98 152
98 153
98 154
98 157
98 158
98 160
99 101
99 106
99 108
99 109
99 113
99 118
99 128
99 129
99 130
99 131
99 133
99 135
99 136
99 137
99 138
99 139
99 143
99 145
99 146
99 147
99 148
99 152
99 158
99 159
99 161
100 101
100 102
100 103
100 104
100 105
100 106
100 107
100 109
100 114
100 115
100 117
100 118
100 120
100 124
100 133
100 134
100 135
100 138
100 143
100 154
100 157
101 102
101 104
101 106
101 107
101 108
101 110
101 112
101 114
101 115
101 116
101 117
101 118
101 119
101 120
101 121
101 122
101 125
101 126
101 128
101 129
101 130
101 131
101 133
101 134
101 135
101 137
101 138
101 139
101 140
101 141
101 142
101 143
101 145
101 147
101 148
101 149
101 150
101 151
101 152
101 153
101 154
101 155
101 157
101 158
101 159
101 160
101 161
102 103
102 105
102 106
102 107
102 108
102 109
102 110
102 111
102 112
102 113
102 115
102 118
102 122
102 125
102 128
102 129
102 131
102 132
102 133
102 134
102 135
102 136
102 137
102 138
102 139
102 141
102 142
102 144
102 146
102 147
102 148
102 149
102 151
102 152
102 153
102 155
102 157
102 158
102 159
102 160
103 105
103 107
103 109
103 110
103 112
103 113
103 114
103 116
103 117
103 118
103 119
103 120
103 122
103 123
103 125
103 126
103 127
103 131
103 132
103 133
103 134
103 137
103 138
103 139
103 141
103 142
103 147
103 152
103 154
103 157
103 158
103 160
103 161
104 106
104 109
104 111
104 113
104 115
104 117
104 119
104 125
104 129
104 130
104 133
104 137
104 138
104 141
104 142
104 145
104 146
104 147
104 152
104 153
104 154
105 106
105 111
105 112
105 115
105 116
105 118
105 120
105 122
105 125
105 127
105 128
105 129
105 131
105 133
105 134
105 135
105 136
105 137
105 138
105 141
105 142
105 143
105 145
105 146
105 147
105 149
105 150
105 151
105 153
105 154
105 157
105 158
105 161
106 107
106 108
106 109
106 111
106 112
106 113
106 114
106 115
106 116
106 117
106 118
106 119
106 120
106 121
106 123
106 125
106 126
106 127
106 128
106 129
106 130
106 131
106 133
106 134
106 136
106 137
106 138
106 139
106 141
106 142
106 143
106 145
106 146
106 147
106 148
106 149
106 151
106 154
106 157
106 158
106 160
106 161
107 108
107 111
107 113
107 114
107 117
107 118
107 122
107 125
107 127
107 129
107 131
107 133
107 134
107 136
107 137
107 139
107 142
107 145
107 151
107 152
107 153
107 154
107 159
108 113
108 114
108 115
108 117
108 118
108 122
108 123
108 125
108 127
108 128
108 129
108 130
108 131
108 132
108 133
108 134
108 135
108 137
108 138
108 139
108 140
108 142
108 144
108 146
108 147
108 150
108 151
108 152
108 155
108 158
108 159
109 112
109 114
109 115
109 118
109 121
109 122
109 124
109 126
109 127
109 128
109 129
109 133
109 134
109 135
109 137
109 138
109 141
109 142
109 143
109 147
109 148
109 150
109 151
109 153
109 156
109 158
110 116
110 117
110 118
110 125
110 133
110 134
110 137
110 141
110 142
110 147
110 151
110 152
110 154
111 114
111 115
111 117
111 121
111 122
111 126
111 129
111 130
111 132
111 133
111 134
111 135
111 136
111 137
111 138
111 139
111 147
111 154
111 155
111 158
112 114
112 116
112 117
112 118
112 125
112 128
112 130
112 131
112 133
112 137
112 139
112 140
112 142
112 146
112 147
112 149
112 150
112 151
112 154
112 155
112 158
112 159
112 160
112 161
113 115
113 116
113 117
113 118
113 120
113 122
113 123
113 125
113 126
113 127
113 129
113 131
113 132
113 133
113 134
113 135
113 136
113 137
113 138
113 139
113 140
113 142
113 145
113 146
113 147
113 148
113 150
113 151
113 153
113 157
113 158
113 160
114 115
114 116
114 117
114 119
114 121
114 122
114 123
114 126
114 127
114 128
114 129
114 131
114 132
114 133
114 134
114 135
114 136
114 137
114 138
114 139
114 140
114 141
114 142
114 143
114 145
114 147
114 150
114 151
114 152
114 153
114 154
114 155
114 157
114 158
114 159
114 161
115 116
115 117
115 118
115 125
115 126
115 127
115 128
115 130
115 131
115 133
115 134
115 136
115 137
115 138
115 139
115 142
115 143
115 145
115 146
115 147
115 149
115 150
115 151
115 152
115 153
115 157
115 158
115 159
115 160
116 118
116 121
116 123
116 130
116 131
116 132
116 134
116 136
116 137
116 138
116 139
116 141
116 147
116 151
116 152
116 153
116 154
116 157
116 161
117 118
117 119
117 124
117 126
117 127
117 128
117 129
117 130
117 131
117 133
117 134
117 135
117 139
117 141
117 142
117 143
117 146
117 147
117 148
117 150
117 151
117 152
117 154
117 155
117 156
117 157
117 160
117 161
118 119
118 120
118 122
118 123
118 125
118 126
118 127
118 128
118 129
118 133
118 134
118 135
118 136
118 137
118 138
118 142
118 143
118 145
118 146
118 147
118 148
118 150
118 151
118 152
118 154
118 155
118 158
118 159
118 160
118 161
119 131
119 132
119 133
119 134
119 137
119 138
119 139
119 141
119 143
119 147
119 149
119 151
119 152
119 154
119 157
119 158
119 159
119 160
119 161
120 123
120 125
120 127
120 129
120 135
120 155
120 158
120 160
121 130
121 134
121 139
121 142
121 144
121 150
121 151
121 152
122 131
122 133
122 134
122 149
122 150
122 152
122 154
123 129
123 138
123 147
123 152
123 154
124 128
124 133
124 137
124 140
124 147
124 151
124 152
124 154
125 129
125 130
125 131
125 133
125 134
125 135
125 136
125 137
125 139
125 141
125 142
125 143
125 146
125 147
125 149
125 150
125 151
125 152
125 153
125 154
125 157
125 160
125 161
126 130
126 131
126 135
126 136
126 137
126 139
126 141
126 142
126 146
126 147
126 151
126 152
126 153
126 154
126 157
126 159
126 160
127 129
127 131
127 133
127 134
127 137
127 138
127 142
127 150
127 152
127 153
127 158
127 161
128 129
128 131
128 137
128 138
128 141
128 142
128 147
128 151
128 152
128 153
128 154
128 159
128 160
129 130
129 131
129 133
129 134
129 136
129 137
129 138
129 140
129 141
129 142
129 145
129 147
129 150
129 151
129 152
129 153
129 154
129 156
129 157
129 158
129 160
130 133
130 135
130 137
130 139
130 142
130 144
130 146
130 147
130 149
130 150
130 151
130 152
130 153
130 158
131 133
131 134
131 135
131 136
131 137
131 138
131 139
131 140
131 141
131 142
131 143
131 146
131 147
131 149
131 150
131 151
131 152
131 153
131 154
131 155
131 158
131 161
132 133
132 134
132 138
132 152
132 153
132 158
133 134
133 135
133 138
133 139
133 140
133 142
133 143
133 145
133 146
133 147
133 150
133 153
133 154
133 156
133 157
133 158
133 161
134 136
134 138
134 141
134 142
134 144
134 145
134 146
134 147
134 148
134 149
134 150
134 151
134 152
134 153
134 154
134 155
134 157
135 136
135 137
135 139
135 143
135 146
135 147
135 151
135 154
135 158
135 159
136 138
136 142
136 146
136 147
136 151
136 152
136 153
137 138
137 139
137 140
137 142
137 143
137 145
137 146
137 148
137 149
137 150
137 151
137 153
137 154
137 155
137 157
137 158
137 159
137 160
137 161
138 142
138 144
138 147
138 149
138 150
138 151
138 152
138 153
138 154
138 157
138 159
138 160
138 161
139 141
139 142
139 146
139 147
139 150
139 151
139 152
139 153
139 154
139 155
139 156
139 157
139 158
139 161
140 141
140 143
140 146
140 147
140 148
140 150
140 152
140 157
140 158
140 161
141 145
141 146
141 152
141 153
141 154
141 155
141 157
141 158
141 161
142 143
142 145
142 146
142 147
142 149
142 150
142 151
142 152
142 154
142 155
142 156
142 157
142 158
142 159
142 160
142 161
143 145
143 146
143 150
143 152
143 157
143 158
143 159
143 160
144 151
144 153
145 146
145 147
145 149
145 151
145 153
145 154
145 155
145 158
145 159
145 161
146 147
146 150
146 151
146 152
146 153
146 154
146 157
146 158
146 159
146 160
146 161
147 150
147 152
147 153
147 154
147 157
147 158
147 159
147 161
148 154
148 155
149 150
149 153
149 154
149 155
149 158
149 160
149 161
150 151
150 152
150 153
150 155
150 158
150 159
150 160
151 152
151 153
151 154
151 157
151 158
151 160
151 161
152 153
152 154
152 158
152 160
152 161
153 154
153 157
153 158
153 161
154 155
154 158
154 160
154 161
155 157
155 158
156 158
156 161
157 158
157 159
158 161
