0 2
0 3
0 4
0 5
0 7
0 9
0 11
0 14
0 15
0 19
0 25
0 26
0 28
0 29
0 30
0 31
0 32
0 33
0 34
0 35
0 38
0 40
0 41
0 43
0 49
0 50
0 55
0 56
0 59
0 62
0 63
0 67
0 68
0 70
0 71
0 72
0 73
0 74
0 76
0 79
0 84
0 88
0 89
0 90
0 92
0 96
0 100
0 103
0 105
0 106
0 107
0 108
0 112
0 115
0 116
0 118
0 124
0 129
0 131
0 133
0 134
0 137
0 138
0 140
0 141
0 142
0 147
0 149
0 151
0 152
0 153
0 158
0 159
0 161
1 6
1 7
1 18
1 19
1 24
1 26
1 27
1 30
1 31
1 33
1 34
1 37
1 40
1 46
1 47
1 49
1 50
1 51
1 53
1 54
1 56
1 58
1 63
1 65
1 66
1 69
1 70
1 72
1 73
1 74
1 76
1 82
1 83
1 84
1 85
1 88
1 89
1 91
1 93
1 94
1 101
1 103
1 105
1 107
1 109
1 113
1 114
1 116
1 117
1 119
1 125
1 129
1 131
1 134
1 137
1 138
1 139
1 141
1 142
1 143
1 144
1 146
1 147
1 154
1 157
1 158
2 3
2 4
2 7
2 11
2 19
2 21
2 24
2 26
2 28
2 30
2 31
2 35
2 36
2 40
2 42
2 44
2 49
2 52
2 53
2 58
2 65
2 68
2 72
2 73
2 87
2 92
2 94
2 97
2 98
2 101
2 106
2 108
2 109
2 111
2 112
2 113
2 117
2 118
2 122
2 124
2 125
2 128
2 129
2 130
2 131
2 134
2 136
2 137
2 145
2 147
2 150
2 151
2 152
2 154
2 157
2 158
2 159
2 161
3 4
3 6
3 9
3 11
3 14
3 18
3 19
3 21
3 26
3 30
3 31
3 36
3 37
3 38
3 39
3 45
3 49
3 50
3 54
3 57
3 58
3 63
3 65
3 66
3 69
3 75
3 77
3 80
3 81
3 82
3 83
3 85
3 86
3 87
3 88
3 91
3 92
3 93
3 95
3 98
3 102
3 103
3 106
3 109
3 110
3 113
3 114
3 124
3 129
3 131
3 133
3 134
3 137
3 139
3 141
3 142
3 145
3 147
3 149
3 150
3 151
3 153
3 160
3 161
4 5
4 6
4 7
4 9
4 11
4 13
4 14
4 15
4 16
4 19
4 21
4 22
4 25
4 26
4 28
4 29
4 31
4 32
4 34
4 35
4 36
4 37
4 38
4 39
4 40
4 41
4 42
4 44
4 45
4 46
4 49
4 50
4 51
4 52
4 53
4 54
4 55
4 56
4 58
4 59
4 61
4 62
4 63
4 64
4 65
4 66
4 67
4 68
4 69
4 70
4 71
4 72
4 73
4 74
4 75
4 76
4 79
4 80
4 83
4 84
4 86
4 88
4 92
4 93
4 94
4 97
4 98
4 101
4 102
4 103
4 104
4 106
4 108
4 109
4 110
4 111
4 112
4 113
4 114
4 115
4 116
4 117
4 119
4 122
4 124
4 125
4 126
4 129
4 131
4 134
4 135
4 137
4 138
4 139
4 140
4 142
4 145
4 146
4 147
4 148
4 149
4 151
4 152
4 153
4 154
4 155
4 157
4 158
4 160
4 161
5 15
5 19
5 21
5 26
5 31
5 34
5 38
5 41
5 49
5 53
5 61
5 64
5 66
5 69
5 71
5 77
5 82
5 83
5 87
5 88
5 89
5 94
5 99
5 101
5 104
5 105
5 107
5 115
5 118
5 120
5 125
5 126
5 128
5 131
5 133
5 137
5 138
5 141
5 143
5 146
5 147
5 154
5 155
6 7
6 8
6 9
6 10
6 11
6 13
6 14
6 15
6 17
6 19
6 20
6 21
6 25
6 26
6 29
6 30
6 31
6 32
6 33
6 34
6 35
6 37
6 38
6 40
6 43
6 44
6 45
6 49
6 50
6 51
6 54
6 56
6 57
6 58
6 61
6 62
6 63
6 64
6 65
6 66
6 67
6 69
6 70
6 71
6 72
6 74
6 75
6 76
6 77
6 79
6 80
6 81
6 88
6 89
6 90
6 91
6 92
6 94
6 97
6 98
6 101
6 102
6 106
6 108
6 109
6 111
6 112
6 113
6 114
6 115
6 116
6 117
6 118
6 119
6 120
6 125
6 126
6 129
6 130
6 131
6 132
6 133
6 134
6 137
6 138
6 139
6 141
6 142
6 145
6 146
6 147
6 148
6 150
6 151
6 152
6 153
6 154
6 155
6 156
6 157
6 158
6 159
7 8
7 9
7 10
7 11
7 12
7 15
7 18
7 19
7 21
7 22
7 23
7 24
7 25
7 26
7 28
7 29
7 30
7 31
7 32
7 35
7 36
7 37
7 38
7 39
7 40
7 41
7 42
7 44
7 45
7 46
7 49
7 51
7 52
7 54
7 55
7 56
7 57
7 58
7 60
7 61
7 62
7 63
7 64
7 65
7 66
7 67
7 68
7 69
7 70
7 71
7 72
7 73
7 74
7 75
7 76
7 78
7 79
7 80
7 81
7 82
7 83
7 84
7 85
7 86
7 87
7 89
7 90
7 92
7 94
7 95
7 97
7 98
7 99
7 100
7 101
7 102
7 103
7 104
7 105
7 106
7 107
7 110
7 111
7 112
7 113
7 114
7 116
7 117
7 118
7 119
7 120
7 125
7 126
7 127
7 128
7 129
7 130
7 131
7 132
7 133
7 135
7 136
7 139
7 141
7 142
7 144
7 145
7 146
7 147
7 148
7 149
7 150
7 151
7 152
7 153
7 155
7 157
7 160
7 161
8 11
8 21
8 28
8 30
8 31
8 32
8 33
8 37
8 47
8 51
8 54
8 56
8 68
8 69
8 70
8 71
8 79
8 81
8 89
8 94
8 102
8 103
8 106
8 114
8 115
8 116
8 118
8 125
8 128
8 129
8 133
8 140
8 141
8 143
8 145
8 149
8 151
8 152
8 154
8 161
9 10
9 12
9 14
9 18
9 21
9 24
9 27
9 32
9 33
9 34
9 38
9 42
9 43
9 44
9 50
9 51
9 52
9 54
9 55
9 56
9 58
9 65
9 67
9 68
9 70
9 71
9 73
9 74
9 75
9 77
9 80
9 86
9 88
9 89
9 91
9 93
9 97
9 101
9 102
9 104
9 105
9 107
9 108
9 111
9 113
9 114
9 115
9 116
9 117
9 118
9 125
9 129
9 130
9 133
9 134
9 136
9 138
9 139
9 140
9 141
9 143
9 146
9 147
9 149
9 150
9 151
9 152
9 154
9 156
9 157
9 158
9 159
10 12
10 13
10 14
10 19
10 21
10 23
10 25
10 30
10 32
10 33
10 34
10 35
10 36
10 37
10 38
10 40
10 41
10 42
10 43
10 44
10 48
10 51
10 53
10 54
10 55
10 56
10 59
10 60
10 64
10 65
10 66
10 67
10 70
10 72
10 74
10 75
10 77
10 79
10 80
10 82
10 83
10 87
10 90
10 94
10 97
10 101
10 102
10 104
10 106
10 108
10 109
10 111
10 112
10 115
10 120
10 125
10 126
10 128
10 129
10 130
10 131
10 133
10 137
10 138
10 145
10 152
10 153
10 154
10 158
10 159
11 12
11 13
11 14
11 19
11 20
11 21
11 24
11 25
11 26
11 30
11 32
11 33
11 35
11 36
11 37
11 39
11 43
11 44
11 45
11 46
11 47
11 49
11 51
11 52
11 53
11 54
11 58
11 59
11 61
11 63
11 64
11 65
11 66
11 67
11 68
11 69
11 71
11 72
11 74
11 79
11 80
11 81
11 89
11 91
11 93
11 95
11 97
11 98
11 99
11 100
11 101
11 102
11 103
11 104
11 105
11 106
11 108
11 109
11 111
11 115
11 116
11 117
11 118
11 119
11 120
11 121
11 123
11 124
11 126
11 127
11 129
11 131
11 132
11 134
11 135
11 137
11 138
11 139
11 141
11 142
11 146
11 147
11 148
11 149
11 150
11 152
11 153
11 157
11 160
11 161
12 13
12 14
12 15
12 18
12 19
12 25
12 28
12 30
12 31
12 32
12 35
12 36
12 38
12 45
12 49
12 50
12 54
12 55
12 56
12 58
12 62
12 65
12 66
12 67
12 68
12 69
12 70
12 73
12 76
12 79
12 82
12 84
12 88
12 90
12 93
12 94
12 97
12 101
12 102
12 104
12 105
12 106
12 108
12 110
12 116
12 117
12 118
12 123
12 125
12 128
12 129
12 133
12 134
12 138
12 140
12 141
12 145
12 147
12 150
12 156
12 159
12 160
12 161
13 14
13 15
13 19
13 21
13 26
13 32
13 37
13 40
13 44
13 45
13 48
13 49
13 54
13 55
13 58
13 66
13 67
13 68
13 69
13 70
13 72
13 74
13 75
13 77
13 85
13 87
13 88
13 90
13 94
13 97
13 100
13 101
13 103
13 105
13 106
13 108
13 109
13 113
13 114
13 116
13 117
13 118
13 120
13 122
13 125
13 126
13 127
13 129
13 130
13 133
13 134
13 136
13 137
13 138
13 147
13 151
13 155
13 157
13 160
14 15
14 18
14 19
14 21
14 22
14 23
14 25
14 26
14 31
14 32
14 33
14 34
14 35
14 38
14 39
14 40
14 47
14 48
14 49
14 51
14 52
14 53
14 54
14 55
14 56
14 57
14 59
14 62
14 63
14 64
14 65
14 66
14 67
14 68
14 69
14 70
14 71
14 72
14 73
14 74
14 75
14 76
14 77
14 78
14 79
14 80
14 81
14 82
14 83
14 84
14 85
14 86
14 87
14 88
14 89
14 90
14 91
14 92
14 93
14 94
14 95
14 97
14 98
14 100
14 101
14 102
14 103
14 104
14 105
14 107
14 108
14 110
14 111
14 112
14 113
14 114
14 117
14 118
14 119
14 120
14 122
14 123
14 125
14 126
14 127
14 129
14 130
14 131
14 133
14 135
14 137
14 138
14 139
14 140
14 142
14 143
14 144
14 147
14 149
14 150
14 152
14 155
14 156
14 157
14 159
14 161
15 16
15 20
15 25
15 31
15 38
15 41
15 47
15 50
15 51
15 52
15 53
15 54
15 56
15 57
15 58
15 59
15 61
15 64
15 65
15 67
15 68
15 69
15 73
15 77
15 78
15 79
15 88
15 97
15 102
15 106
15 108
15 110
15 112
15 114
15 115
15 121
15 125
15 128
15 129
15 130
15 133
15 134
15 142
15 146
15 147
15 149
15 150
15 151
15 152
15 153
15 154
16 21
16 26
16 30
16 31
16 36
16 40
16 41
16 43
16 45
16 49
16 51
16 53
16 56
16 63
16 64
16 67
16 71
16 72
16 75
16 77
16 80
16 89
16 91
16 100
16 107
16 108
16 110
16 117
16 126
16 129
16 132
16 133
16 137
16 138
16 142
16 143
16 145
16 147
16 151
16 152
16 156
16 157
17 18
17 19
17 25
17 26
17 28
17 30
17 35
17 40
17 41
17 52
17 54
17 57
17 67
17 69
17 71
17 72
17 79
17 83
17 87
17 88
17 105
17 106
17 108
17 109
17 115
17 116
17 117
17 124
17 130
17 131
17 133
17 136
17 147
17 154
17 160
18 19
18 21
18 24
18 27
18 31
18 32
18 35
18 36
18 38
18 40
18 44
18 48
18 49
18 50
18 51
18 53
18 54
18 57
18 58
18 61
18 62
18 63
18 64
18 65
18 67
18 68
18 69
18 70
18 73
18 74
18 75
18 77
18 79
18 84
18 85
18 87
18 88
18 89
18 93
18 97
18 100
18 102
18 103
18 104
18 105
18 107
18 108
18 109
18 112
18 113
18 114
18 115
18 118
18 125
18 126
18 127
18 129
18 133
18 135
18 136
18 137
18 142
18 146
18 147
18 150
18 151
18 152
18 153
18 155
18 157
18 161
19 21
19 23
19 25
19 28
19 29
19 30
19 31
19 32
19 33
19 35
19 37
19 39
19 43
19 45
19 49
19 50
19 51
19 52
19 55
19 56
19 57
19 59
19 60
19 61
19 62
19 64
19 65
19 66
19 68
19 69
19 70
19 71
19 72
19 73
19 74
19 75
19 76
19 77
19 79
19 80
19 83
19 85
19 86
19 87
19 88
19 89
19 90
19 92
19 93
19 94
19 96
19 101
19 102
19 103
19 105
19 106
19 107
19 108
19 109
19 111
19 112
19 113
19 115
19 116
19 117
19 118
19 119
19 125
19 126
19 127
19 129
19 131
19 133
19 135
19 137
19 138
19 139
19 142
19 145
19 146
19 147
19 150
19 151
19 152
19 153
19 154
19 158
19 159
19 160
19 161
20 22
20 26
20 28
20 31
20 38
20 40
20 44
20 46
20 49
20 51
20 54
20 55
20 56
20 58
20 59
20 63
20 64
20 65
20 70
20 71
20 74
20 87
20 89
20 92
20 97
20 100
20 101
20 103
20 108
20 109
20 111
20 112
20 113
20 116
20 117
20 125
20 129
20 130
20 131
20 133
20 134
20 136
20 137
20 142
20 147
20 149
20 151
20 152
20 154
20 157
20 158
20 161
21 23
21 25
21 28
21 30
21 31
21 32
21 34
21 36
21 42
21 43
21 44
21 45
21 46
21 48
21 49
21 50
21 51
21 53
21 56
21 57
21 62
21 63
21 64
21 65
21 67
21 68
21 69
21 70
21 71
21 72
21 73
21 74
21 75
21 76
21 77
21 79
21 80
21 81
21 82
21 84
21 85
21 87
21 89
21 90
21 93
21 94
21 96
21 97
21 100
21 101
21 102
21 104
21 105
21 106
21 108
21 109
21 110
21 112
21 114
21 115
21 116
21 117
21 118
21 119
21 121
21 122
21 123
21 125
21 128
21 130
21 131
21 133
21 134
21 137
21 138
21 139
21 140
21 141
21 142
21 143
21 145
21 146
21 147
21 148
21 149
21 150
21 151
21 152
21 154
21 156
21 157
21 158
21 159
21 161
22 24
22 33
22 34
22 35
22 37
22 40
22 44
22 45
22 46
22 48
22 52
22 56
22 58
22 59
22 64
22 67
22 68
22 69
22 70
22 71
22 72
22 73
22 77
22 79
22 80
22 81
22 82
22 89
22 94
22 97
22 101
22 102
22 104
22 105
22 106
22 108
22 114
22 117
22 118
22 123
22 125
22 126
22 134
22 137
22 141
22 143
22 145
22 147
22 148
22 152
22 153
23 26
23 29
23 30
23 31
23 33
23 36
23 37
23 42
23 43
23 46
23 49
23 50
23 51
23 52
23 54
23 62
23 63
23 68
23 70
23 71
23 73
23 74
23 75
23 77
23 84
23 97
23 99
23 104
23 106
23 108
23 112
23 115
23 117
23 118
23 122
23 125
23 129
23 131
23 133
23 137
23 138
23 139
23 141
23 145
23 147
23 150
23 154
23 157
23 160
24 25
24 27
24 30
24 31
24 32
24 35
24 39
24 40
24 45
24 47
24 49
24 51
24 55
24 56
24 58
24 59
24 60
24 61
24 64
24 67
24 68
24 69
24 70
24 71
24 73
24 74
24 77
24 82
24 93
24 97
24 101
24 102
24 105
24 108
24 111
24 112
24 115
24 116
24 117
24 119
24 120
24 122
24 131
24 133
24 134
24 135
24 136
24 138
24 139
24 147
24 152
24 153
24 154
24 158
24 159
24 161
25 26
25 29
25 30
25 31
25 32
25 34
25 35
25 37
25 39
25 40
25 41
25 44
25 50
25 53
25 55
25 56
25 58
25 62
25 63
25 65
25 66
25 67
25 69
25 70
25 73
25 74
25 75
25 86
25 88
25 91
25 94
25 97
25 99
25 100
25 105
25 106
25 108
25 109
25 110
25 111
25 112
25 113
25 114
25 118
25 124
25 125
25 126
25 128
25 129
25 130
25 131
25 132
25 133
25 134
25 137
25 142
25 146
25 148
25 150
25 151
25 152
25 153
25 157
25 158
25 161
26 27
26 29
26 30
26 32
26 35
26 36
26 38
26 40
26 42
26 44
26 45
26 46
26 49
26 51
26 52
26 53
26 54
26 55
26 56
26 58
26 60
26 62
26 63
26 65
26 66
26 67
26 68
26 69
26 70
26 71
26 72
26 73
26 74
26 75
26 76
26 77
26 79
26 80
26 82
26 84
26 85
26 86
26 87
26 89
26 90
26 92
26 93
26 94
26 95
26 97
26 98
26 99
26 101
26 102
26 103
26 104
26 105
26 106
26 107
26 108
26 109
26 110
26 112
26 113
26 114
26 115
26 116
26 117
26 119
26 120
26 122
26 124
26 125
26 126
26 128
26 129
26 130
26 131
26 132
26 133
26 134
26 136
26 137
26 139
26 141
26 142
26 143
26 145
26 146
26 147
26 148
26 149
26 150
26 151
26 152
26 153
26 154
26 155
26 157
26 158
26 160
27 32
27 40
27 44
27 48
27 51
27 55
27 63
27 64
27 66
27 68
27 75
27 77
27 79
27 82
27 83
27 89
27 93
27 94
27 95
27 111
27 114
27 115
27 116
27 129
27 130
27 131
27 137
27 140
27 141
27 142
27 144
27 146
27 147
27 153
27 157
28 29
28 38
28 40
28 42
28 45
28 49
28 50
28 52
28 55
28 58
28 65
28 66
28 71
28 79
28 81
28 82
28 84
28 87
28 88
28 93
28 101
28 102
28 103
28 106
28 114
28 115
28 129
28 137
28 146
28 147
28 152
28 154
28 158
28 161
29 30
29 31
29 38
29 39
29 40
29 45
29 46
29 48
29 49
29 54
29 56
29 59
29 62
29 72
29 75
29 79
29 87
29 92
29 94
29 97
29 112
29 115
29 117
29 122
29 128
29 129
29 130
29 134
29 138
29 152
29 159
29 160
30 31
30 33
30 34
30 36
30 37
30 38
30 39
30 40
30 42
30 44
30 47
30 48
30 49
30 50
30 51
30 54
30 55
30 57
30 58
30 61
30 62
30 64
30 65
30 66
30 67
30 69
30 70
30 71
30 72
30 75
30 77
30 78
30 83
30 84
30 85
30 87
30 89
30 92
30 93
30 94
30 96
30 100
30 101
30 102
30 105
30 106
30 107
30 108
30 109
30 111
30 112
30 113
30 114
30 115
30 117
30 118
30 125
30 126
30 129
30 130
30 131
30 133
30 134
30 135
30 137
30 138
30 141
30 142
30 146
30 149
30 152
30 153
30 154
30 159
31 32
31 34
31 38
31 39
31 40
31 43
31 49
31 50
31 51
31 52
31 54
31 55
31 56
31 57
31 58
31 59
31 62
31 63
31 64
31 65
31 66
31 68
31 69
31 70
31 71
31 72
31 73
31 74
31 76
31 77
31 79
31 80
31 82
31 83
31 84
31 89
31 91
31 93
31 94
31 95
31 97
31 98
31 101
31 103
31 105
31 106
31 107
31 108
31 109
31 110
31 111
31 113
31 114
31 116
31 117
31 118
31 120
31 124
31 125
31 128
31 129
31 130
31 131
31 133
31 134
31 135
31 136
31 137
31 138
31 139
31 140
31 142
31 145
31 146
31 147
31 149
31 150
31 151
31 152
31 153
31 154
31 157
31 158
31 160
31 161
32 35
32 36
32 38
32 39
32 40
32 42
32 43
32 44
32 45
32 49
32 50
32 51
32 52
32 54
32 55
32 56
32 57
32 59
32 62
32 63
32 65
32 67
32 69
32 70
32 71
32 72
32 73
32 74
32 77
32 79
32 80
32 82
32 84
32 88
32 89
32 90
32 91
32 92
32 95
32 97
32 98
32 99
32 100
32 101
32 102
32 103
32 104
32 105
32 106
32 108
32 109
32 111
32 112
32 113
32 114
32 115
32 116
32 117
32 118
32 120
32 125
32 126
32 128
32 129
32 130
32 133
32 135
32 137
32 138
32 139
32 141
32 142
32 145
32 147
32 149
32 151
32 154
32 158
32 159
32 161
33 34
33 38
33 39
33 42
33 43
33 51
33 64
33 66
33 67
33 70
33 80
33 83
33 84
33 90
33 92
33 99
33 101
33 106
33 116
33 117
33 118
33 121
33 122
33 129
33 142
33 144
33 145
33 147
33 154
33 155
33 157
33 161
34 35
34 38
34 39
34 40
34 42
34 43
34 44
34 45
34 49
34 50
34 51
34 54
34 55
34 56
34 60
34 65
34 68
34 69
34 73
34 75
34 77
34 78
34 79
34 85
34 87
34 89
34 92
34 93
34 95
34 97
34 98
34 101
34 102
34 108
34 112
34 114
34 115
34 116
34 118
34 123
34 125
34 128
34 129
34 130
34 135
34 138
34 139
34 141
34 143
34 147
34 149
34 150
34 151
34 152
34 158
34 160
34 161
35 37
35 39
35 40
35 41
35 42
35 43
35 44
35 45
35 53
35 54
35 56
35 59
35 61
35 63
35 65
35 67
35 68
35 69
35 72
35 73
35 74
35 76
35 77
35 79
35 80
35 83
35 84
35 86
35 87
35 88
35 89
35 91
35 92
35 93
35 94
35 98
35 99
35 100
35 105
35 108
35 109
35 111
35 112
35 113
35 114
35 115
35 117
35 118
35 121
35 122
35 125
35 126
35 129
35 130
35 131
35 135
35 136
35 137
35 138
35 142
35 143
35 147
35 150
35 151
35 153
35 155
35 157
35 159
35 160
35 161
36 37
36 38
36 40
36 42
36 43
36 45
36 46
36 50
36 51
36 54
36 55
36 56
36 59
36 60
36 63
36 64
36 65
36 66
36 67
36 71
36 72
36 74
36 75
36 77
36 78
36 79
36 84
36 85
36 88
36 100
36 101
36 102
36 103
36 108
36 109
36 110
36 112
36 113
36 114
36 115
36 117
36 118
36 119
36 120
36 126
36 130
36 133
36 136
36 137
36 138
36 139
36 141
36 142
36 145
36 150
36 151
36 152
36 157
36 158
36 159
36 160
36 161
37 38
37 40
37 42
37 43
37 46
37 48
37 49
37 50
37 51
37 52
37 54
37 55
37 56
37 58
37 59
37 67
37 69
37 70
37 72
37 73
37 77
37 79
37 81
37 83
37 84
37 87
37 89
37 91
37 94
37 95
37 98
37 100
37 101
37 102
37 103
37 106
37 108
37 109
37 112
37 113
37 114
37 115
37 118
37 120
37 125
37 127
37 129
37 130
37 131
37 133
37 135
37 137
37 138
37 139
37 142
37 143
37 146
37 152
37 154
37 155
37 156
37 158
37 161
38 40
38 41
38 42
38 43
38 44
38 45
38 49
38 50
38 51
38 52
38 54
38 55
38 56
38 57
38 59
38 62
38 64
38 65
38 66
38 67
38 68
38 70
38 72
38 73
38 74
38 75
38 77
38 78
38 80
38 83
38 84
38 85
38 86
38 87
38 89
38 91
38 94
38 95
38 96
38 97
38 98
38 99
38 101
38 102
38 103
38 104
38 105
38 107
38 108
38 109
38 110
38 111
38 112
38 113
38 114
38 115
38 116
38 118
38 121
38 125
38 129
38 133
38 134
38 135
38 136
38 138
38 142
38 143
38 145
38 148
38 150
38 151
38 152
38 153
38 154
38 155
38 156
38 158
38 159
38 161
39 40
39 43
39 46
39 48
39 50
39 51
39 53
39 54
39 55
39 56
39 60
39 61
39 64
39 65
39 66
39 67
39 68
39 69
39 70
39 71
39 72
39 74
39 75
39 80
39 83
39 84
39 88
39 89
39 94
39 99
39 100
39 101
39 102
39 104
39 105
39 107
39 109
39 113
39 114
39 115
39 125
39 126
39 127
39 129
39 130
39 131
39 133
39 135
39 137
39 138
39 139
39 142
39 143
39 147
39 149
39 150
39 152
39 153
39 154
39 156
39 157
39 158
40 41
40 43
40 46
40 49
40 50
40 51
40 52
40 55
40 56
40 58
40 59
40 60
40 61
40 62
40 63
40 64
40 65
40 66
40 67
40 68
40 69
40 70
40 71
40 72
40 73
40 74
40 75
40 76
40 77
40 78
40 79
40 80
40 82
40 84
40 85
40 86
40 87
40 89
40 92
40 93
40 94
40 96
40 97
40 98
40 99
40 100
40 101
40 102
40 103
40 104
40 106
40 109
40 110
40 111
40 112
40 113
40 115
40 116
40 117
40 118
40 119
40 120
40 122
40 125
40 126
40 127
40 128
40 129
40 130
40 131
40 132
40 133
40 134
40 136
40 137
40 138
40 139
40 141
40 142
40 143
40 146
40 147
40 148
40 150
40 151
40 152
40 153
40 154
40 155
40 157
40 158
40 159
40 161
41 51
41 56
41 59
41 63
41 64
41 66
41 68
41 71
41 73
41 74
41 75
41 77
41 79
41 92
41 99
41 107
41 109
41 111
41 113
41 117
41 126
41 129
41 133
41 137
41 142
41 147
41 150
41 151
41 153
41 158
41 160
41 161
42 44
42 45
42 49
42 50
42 51
42 54
42 59
42 61
42 65
42 67
42 69
42 70
42 72
42 74
42 75
42 78
42 80
42 81
42 82
42 83
42 84
42 85
42 89
42 90
42 92
42 93
42 94
42 95
42 97
42 100
42 101
42 103
42 105
42 106
42 107
42 108
42 109
42 112
42 113
42 117
42 124
42 125
42 126
42 130
42 131
42 132
42 134
42 137
42 147
42 152
42 157
42 159
43 45
43 47
43 49
43 51
43 52
43 54
43 55
43 56
43 57
43 58
43 60
43 61
43 63
43 64
43 65
43 67
43 68
43 69
43 70
43 72
43 73
43 74
43 75
43 76
43 79
43 80
43 83
43 87
43 89
43 94
43 95
43 101
43 103
43 106
43 108
43 111
43 113
43 114
43 115
43 117
43 118
43 120
43 125
43 126
43 129
43 131
43 133
43 134
43 137
43 138
43 139
43 142
43 146
43 151
43 152
43 153
43 159
44 45
44 47
44 48
44 49
44 50
44 51
44 54
44 56
44 58
44 59
44 60
44 62
44 64
44 65
44 67
44 68
44 70
44 71
44 72
44 74
44 75
44 79
44 86
44 87
44 88
44 89
44 92
44 93
44 96
44 97
44 98
44 99
44 102
44 104
44 106
44 107
44 108
44 109
44 110
44 113
44 114
44 115
44 117
44 118
44 124
44 125
44 127
44 128
44 129
44 131
44 132
44 133
44 134
44 136
44 139
44 145
44 146
44 147
44 150
44 151
44 152
44 153
44 154
44 155
44 158
44 159
44 161
45 46
45 49
45 50
45 51
45 54
45 55
45 57
45 61
45 62
45 63
45 64
45 65
45 66
45 69
45 71
45 72
45 73
45 74
45 75
45 79
45 81
45 84
45 85
45 86
45 88
45 89
45 91
45 94
45 95
45 97
45 98
45 99
45 101
45 104
45 105
45 106
45 107
45 108
45 111
45 112
45 113
45 114
45 115
45 117
45 118
45 119
45 126
45 127
45 131
45 133
45 134
45 135
45 136
45 138
45 141
45 146
45 147
45 150
45 151
45 152
45 154
45 155
45 158
45 161
46 49
46 51
46 52
46 54
46 55
46 56
46 63
46 64
46 65
46 66
46 69
46 70
46 71
46 72
46 73
46 76
46 77
46 80
46 81
46 84
46 86
46 87
46 88
46 89
46 97
46 101
46 102
46 104
46 107
46 108
46 112
46 113
46 114
46 123
46 125
46 129
46 131
46 134
46 136
46 139
46 142
46 145
46 146
46 151
46 153
46 154
46 157
46 158
46 159
46 160
47 49
47 51
47 62
47 64
47 67
47 72
47 94
47 114
47 115
47 118
47 120
47 126
47 137
47 138
47 141
47 143
48 49
48 51
48 52
48 54
48 64
48 67
48 68
48 71
48 72
48 74
48 80
48 83
48 84
48 87
48 90
48 100
48 102
48 103
48 108
48 109
48 112
48 113
48 117
48 123
48 126
48 129
48 131
48 134
48 135
48 141
48 145
48 147
48 151
48 154
48 158
49 51
49 52
49 53
49 54
49 55
49 57
49 58
49 59
49 60
49 61
49 62
49 63
49 64
49 65
49 66
49 67
49 68
49 69
49 70
49 71
49 72
49 73
49 75
49 76
49 77
49 79
49 81
49 82
49 83
49 84
49 85
49 86
49 87
49 89
49 91
49 92
49 93
49 94
49 95
49 96
49 98
49 99
49 100
49 101
49 102
49 103
49 104
49 105
49 106
49 107
49 108
49 109
49 110
49 111
49 112
49 114
49 115
49 116
49 117
49 118
49 120
49 121
49 124
49 125
49 126
49 131
49 134
49 135
49 136
49 137
49 138
49 141
49 142
49 145
49 146
49 147
49 148
49 151
49 152
49 154
49 157
49 158
49 159
49 160
50 52
50 54
50 56
50 58
50 65
50 66
50 67
50 69
50 70
50 71
50 73
50 74
50 76
50 78
50 80
50 82
50 83
50 87
50 88
50 89
50 92
50 94
50 97
50 102
50 105
50 109
50 111
50 112
50 113
50 115
50 116
50 117
50 125
50 127
50 128
50 129
50 131
50 134
50 136
50 137
50 138
50 143
50 147
50 151
50 154
50 155
50 158
50 161
51 53
51 54
51 58
51 61
51 63
51 65
51 67
51 69
51 70
51 71
51 72
51 73
51 74
51 75
51 76
51 77
51 79
51 80
51 81
51 83
51 84
51 85
51 86
51 88
51 89
51 92
51 93
51 94
51 97
51 98
51 99
51 100
51 101
51 102
51 104
51 105
51 106
51 108
51 109
51 111
51 113
51 115
51 116
51 117
51 118
51 119
51 123
51 125
51 126
51 127
51 133
51 134
51 135
51 137
51 138
51 139
51 141
51 142
51 144
51 145
51 147
51 149
51 150
51 151
51 152
51 153
51 154
51 155
51 157
51 158
51 160
52 55
52 56
52 64
52 66
52 67
52 68
52 70
52 72
52 75
52 77
52 79
52 83
52 94
52 101
52 105
52 106
52 107
52 108
52 109
52 110
52 112
52 114
52 116
52 117
52 118
52 122
52 124
52 125
52 126
52 128
52 130
52 131
52 133
52 134
52 137
52 143
52 144
52 147
52 150
52 154
52 156
52 158
52 159
52 161
53 55
53 56
53 58
53 62
53 63
53 64
53 66
53 67
53 68
53 69
53 70
53 72
53 74
53 75
53 77
53 87
53 91
53 93
53 97
53 101
53 102
53 106
53 107
53 113
53 118
53 124
53 126
53 129
53 131
53 142
53 145
53 146
53 147
53 148
53 151
53 152
53 157
53 158
53 160
53 161
54 56
54 57
54 58
54 59
54 61
54 64
54 66
54 68
54 69
54 70
54 71
54 72
54 73
54 74
54 75
54 76
54 77
54 78
54 79
54 80
54 82
54 83
54 85
54 86
54 87
54 88
54 89
54 90
54 91
54 92
54 93
54 94
54 95
54 96
54 97
54 98
54 100
54 101
54 102
54 103
54 105
54 106
54 107
54 108
54 109
54 111
54 112
54 113
54 114
54 115
54 116
54 117
54 118
54 121
54 122
54 123
54 125
54 127
54 128
54 129
54 130
54 131
54 133
54 134
54 135
54 137
54 138
54 139
54 141
54 142
54 143
54 144
54 145
54 146
54 147
54 148
54 150
54 151
54 152
54 153
54 154
54 157
54 158
54 159
54 161
55 57
55 59
55 60
55 61
55 64
55 65
55 66
55 67
55 68
55 69
55 71
55 72
55 74
55 77
55 78
55 79
55 80
55 82
55 84
55 88
55 89
55 92
55 95
55 97
55 99
55 101
55 102
55 105
55 106
55 107
55 108
55 109
55 111
55 112
55 114
55 116
55 117
55 118
55 119
55 120
55 123
55 128
55 130
55 131
55 134
55 135
55 137
55 138
55 141
55 142
55 145
55 146
55 147
55 148
55 149
55 151
55 153
55 156
55 157
55 158
55 159
55 160
55 161
56 58
56 59
56 62
56 63
56 65
56 66
56 67
56 68
56 69
56 70
56 71
56 72
56 73
56 74
56 75
56 76
56 77
56 79
56 83
56 91
56 94
56 95
56 97
56 99
56 101
56 102
56 105
56 106
56 108
56 111
56 112
56 114
56 115
56 116
56 117
56 118
56 120
56 121
56 123
56 125
56 126
56 129
56 130
56 132
56 133
56 134
56 138
56 139
56 141
56 142
56 145
56 146
56 148
56 150
56 151
56 152
56 154
56 155
56 156
56 158
56 159
56 160
56 161
57 64
57 66
57 67
57 71
57 72
57 73
57 74
57 79
57 83
57 86
57 91
57 92
57 97
57 101
57 105
57 106
57 108
57 113
57 114
57 116
57 119
57 129
57 134
57 135
57 137
57 138
57 139
57 142
57 146
57 147
57 151
57 152
57 158
58 59
58 61
58 63
58 64
58 65
58 66
58 69
58 70
58 71
58 72
58 74
58 76
58 77
58 78
58 79
58 80
58 88
58 89
58 90
58 93
58 94
58 95
58 97
58 98
58 99
58 100
58 101
58 106
58 107
58 108
58 109
58 112
58 114
58 117
58 118
58 120
58 124
58 125
58 126
58 129
58 130
58 131
58 133
58 134
58 135
58 137
58 138
58 140
58 142
58 145
58 146
58 148
58 150
58 152
58 153
58 154
58 157
58 158
58 160
59 62
59 64
59 65
59 67
59 68
59 69
59 70
59 71
59 72
59 74
59 75
59 80
59 81
59 82
59 84
59 89
59 90
59 91
59 94
59 100
59 101
59 102
59 106
59 107
59 112
59 113
59 114
59 116
59 118
59 121
59 122
59 129
59 133
59 134
59 135
59 137
59 138
59 139
59 141
59 142
59 147
59 150
59 151
59 152
59 154
59 157
59 160
60 63
60 66
60 69
60 71
60 76
60 77
60 86
60 89
60 93
60 96
60 97
60 102
60 103
60 107
60 108
60 115
60 121
60 125
60 126
60 129
60 133
60 135
60 147
60 149
60 152
60 154
60 161
61 66
61 69
61 70
61 72
61 73
61 79
61 81
61 82
61 87
61 88
61 89
61 94
61 97
61 102
61 103
61 104
61 105
61 106
61 107
61 108
61 114
61 117
61 118
61 122
61 126
61 128
61 129
61 130
61 131
61 133
61 135
61 137
61 138
61 139
61 142
61 147
61 149
61 152
61 154
61 158
61 160
61 161
62 65
62 67
62 69
62 70
62 71
62 73
62 74
62 77
62 87
62 99
62 101
62 102
62 103
62 108
62 110
62 111
62 113
62 114
62 115
62 116
62 128
62 129
62 130
62 132
62 133
62 134
62 135
62 136
62 138
62 140
62 141
62 145
62 147
62 150
62 152
62 153
62 157
62 158
62 160
62 161
63 65
63 66
63 68
63 69
63 70
63 71
63 72
63 73
63 74
63 75
63 76
63 80
63 82
63 83
63 84
63 85
63 86
63 87
63 89
63 93
63 94
63 95
63 97
63 98
63 99
63 100
63 101
63 102
63 103
63 104
63 105
63 106
63 107
63 110
63 111
63 113
63 114
63 115
63 117
63 118
63 122
63 124
63 125
63 128
63 131
63 133
63 134
63 135
63 136
63 137
63 138
63 142
63 145
63 146
63 147
63 149
63 150
63 153
63 154
63 155
63 157
64 66
64 67
64 68
64 70
64 71
64 72
64 73
64 74
64 75
64 76
64 77
64 79
64 80
64 81
64 82
64 84
64 85
64 86
64 89
64 91
64 92
64 94
64 95
64 97
64 98
64 99
64 100
64 102
64 104
64 105
64 106
64 107
64 108
64 109
64 110
64 111
64 112
64 113
64 114
64 116
64 117
64 119
64 121
64 122
64 125
64 126
64 128
64 129
64 130
64 133
64 134
64 136
64 137
64 138
64 139
64 141
64 142
64 143
64 145
64 146
64 147
64 148
64 149
64 150
64 151
64 152
64 153
64 154
64 155
64 156
64 157
64 158
64 159
64 160
64 161
65 66
65 67
65 68
65 69
65 70
65 71
65 74
65 76
65 77
65 79
65 80
65 84
65 85
65 86
65 89
65 91
65 93
65 94
65 95
65 96
65 97
65 98
65 99
65 100
65 101
65 103
65 104
65 105
65 106
65 107
65 108
65 109
65 112
65 113
65 114
65 115
65 116
65 117
65 118
65 119
65 121
65 122
65 126
65 128
65 129
65 130
65 131
65 133
65 134
65 136
65 137
65 138
65 141
65 142
65 145
65 146
65 147
65 148
65 149
65 151
65 153
65 155
65 157
65 158
65 159
65 160
65 161
66 67
66 68
66 69
66 70
66 71
66 72
66 73
66 74
66 75
66 77
66 79
66 80
66 82
66 83
66 84
66 85
66 87
66 89
66 92
66 93
66 94
66 95
66 96
66 98
66 99
66 100
66 101
66 102
66 104
66 106
66 108
66 109
66 110
66 112
66 113
66 114
66 115
66 117
66 121
66 124
66 128
66 129
66 131
66 132
66 133
66 134
66 135
66 136
66 137
66 138
66 139
66 141
66 142
66 143
66 145
66 147
66 150
66 151
66 152
66 154
66 156
66 157
66 158
66 159
67 68
67 69
67 70
67 71
67 72
67 73
67 74
67 75
67 77
67 78
67 79
67 82
67 83
67 85
67 88
67 89
67 90
67 91
67 92
67 93
67 94
67 97
67 99
67 100
67 101
67 102
67 103
67 105
67 107
67 108
67 109
67 111
67 114
67 115
67 117
67 118
67 122
67 125
67 126
67 127
67 129
67 130
67 131
67 132
67 133
67 134
67 135
67 137
67 138
67 139
67 140
67 141
67 142
67 145
67 146
67 147
67 148
67 149
67 151
67 152
67 153
67 154
67 155
67 157
67 158
67 159
67 160
67 161
68 70
68 72
68 74
68 77
68 79
68 83
68 86
68 87
68 89
68 91
68 92
68 93
68 94
68 97
68 98
68 101
68 102
68 104
68 106
68 108
68 109
68 110
68 112
68 113
68 114
68 115
68 116
68 117
68 118
68 122
68 125
68 129
68 131
68 132
68 133
68 134
68 135
68 136
68 137
68 138
68 139
68 140
68 142
68 143
68 144
68 145
68 147
68 148
68 149
68 151
68 152
68 155
68 156
68 157
68 159
68 160
68 161
69 70
69 71
69 72
69 73
69 74
69 79
69 81
69 82
69 83
69 85
69 86
69 87
69 88
69 89
69 90
69 91
69 92
69 93
69 94
69 96
69 97
69 99
69 101
69 103
69 104
69 105
69 106
69 108
69 109
69 110
69 113
69 114
69 115
69 116
69 117
69 118
69 122
69 123
69 125
69 126
69 127
69 129
69 133
69 134
69 135
69 136
69 137
69 138
69 139
69 141
69 143
69 145
69 146
69 147
69 150
69 151
69 152
69 156
69 158
69 160
70 71
70 72
70 73
70 74
70 75
70 76
70 77
70 78
70 79
70 81
70 82
70 83
70 84
70 85
70 86
70 88
70 90
70 91
70 93
70 95
70 97
70 98
70 99
70 100
70 101
70 102
70 103
70 105
70 106
70 107
70 108
70 111
70 112
70 113
70 115
70 116
70 117
70 118
70 121
70 122
70 126
70 127
70 128
70 129
70 131
70 132
70 133
70 135
70 136
70 137
70 138
70 141
70 142
70 143
70 145
70 146
70 147
70 148
70 149
70 150
70 151
70 152
70 153
70 156
70 157
70 158
70 159
70 161
71 72
71 74
71 75
71 77
71 79
71 80
71 81
71 84
71 86
71 87
71 88
71 89
71 93
71 94
71 95
71 96
71 97
71 98
71 99
71 101
71 102
71 103
71 105
71 108
71 109
71 112
71 113
71 114
71 115
71 116
71 117
71 118
71 121
71 122
71 125
71 129
71 130
71 131
71 132
71 135
71 137
71 139
71 142
71 143
71 146
71 147
71 149
71 150
71 152
71 153
71 154
71 156
71 157
71 158
71 159
71 161
72 73
72 74
72 75
72 76
72 79
72 80
72 81
72 82
72 83
72 84
72 85
72 87
72 89
72 90
72 91
72 92
72 93
72 95
72 97
72 98
72 99
72 100
72 101
72 102
72 104
72 106
72 109
72 111
72 112
72 113
72 114
72 115
72 116
72 117
72 118
72 119
72 122
72 123
72 125
72 126
72 128
72 129
72 130
72 131
72 132
72 133
72 134
72 137
72 138
72 139
72 140
72 142
72 145
72 146
72 149
72 150
72 152
72 153
72 154
72 157
72 158
72 160
72 161
73 74
73 75
73 77
73 80
73 83
73 86
73 87
73 89
73 92
73 93
73 97
73 98
73 101
73 102
73 105
73 106
73 108
73 109
73 111
73 112
73 114
73 115
73 117
73 118
73 120
73 121
73 125
73 128
73 129
73 131
73 132
73 137
73 138
73 139
73 140
73 141
73 143
73 144
73 145
73 146
73 147
73 148
73 149
73 150
73 151
73 152
73 153
73 154
73 157
73 158
73 159
73 160
73 161
74 75
74 76
74 77
74 78
74 79
74 81
74 82
74 84
74 85
74 86
74 87
74 88
74 90
74 92
74 93
74 94
74 95
74 96
74 97
74 98
74 99
74 101
74 102
74 103
74 104
74 105
74 106
74 107
74 108
74 109
74 110
74 112
74 113
74 114
74 117
74 118
74 121
74 122
74 125
74 126
74 128
74 129
74 130
74 131
74 133
74 134
74 135
74 136
74 137
74 138
74 139
74 141
74 142
74 143
74 146
74 147
74 148
74 150
74 151
74 152
74 154
74 155
74 156
74 157
74 158
74 160
74 161
75 76
75 77
75 81
75 82
75 83
75 85
75 87
75 88
75 91
75 98
75 106
75 108
75 109
75 112
75 114
75 115
75 116
75 117
75 118
75 121
75 124
75 125
75 128
75 129
75 130
75 131
75 132
75 133
75 134
75 136
75 137
75 139
75 140
75 141
75 142
75 145
75 146
75 147
75 150
75 151
75 152
75 153
75 154
75 156
75 157
75 158
75 160
75 161
76 83
76 84
76 86
76 88
76 90
76 94
76 95
76 100
76 105
76 106
76 109
76 111
76 112
76 114
76 115
76 116
76 127
76 128
76 130
76 131
76 137
76 138
76 140
76 142
76 146
76 147
76 150
76 151
76 154
76 158
76 160
77 78
77 80
77 82
77 86
77 87
77 88
77 89
77 90
77 92
77 93
77 94
77 95
77 97
77 98
77 99
77 100
77 101
77 102
77 103
77 105
77 106
77 107
77 108
77 112
77 115
77 116
77 118
77 119
77 121
77 122
77 127
77 128
77 129
77 131
77 134
77 135
77 137
77 138
77 139
77 141
77 142
77 147
77 148
77 151
77 152
77 157
77 158
77 159
77 161
78 79
78 103
78 117
78 119
78 129
78 137
78 147
78 148
78 149
78 153
78 155
78 161
79 80
79 81
79 82
79 83
79 84
79 86
79 87
79 88
79 89
79 90
79 91
79 92
79 94
79 98
79 99
79 100
79 102
79 103
79 106
79 107
79 108
79 109
79 110
79 112
79 113
79 114
79 115
79 116
79 117
79 118
79 123
79 125
79 126
79 129
79 130
79 131
79 133
79 134
79 135
79 138
79 139
79 140
79 142
79 145
79 146
79 147
79 148
79 150
79 151
79 152
79 153
79 154
79 155
79 157
79 158
79 159
79 160
79 161
80 81
80 83
80 86
80 87
80 89
80 92
80 93
80 94
80 97
80 101
80 103
80 105
80 106
80 107
80 108
80 109
80 111
80 117
80 121
80 125
80 126
80 127
80 129
80 134
80 137
80 138
80 140
80 141
80 142
80 143
80 149
80 152
80 154
80 156
80 161
81 85
81 93
81 95
81 99
81 101
81 102
81 105
81 108
81 113
81 114
81 128
81 129
81 133
81 134
81 138
81 140
81 141
81 148
81 151
81 152
81 154
81 155
81 157
82 83
82 86
82 89
82 91
82 94
82 98
82 102
82 103
82 105
82 106
82 109
82 110
82 111
82 112
82 115
82 117
82 123
82 127
82 129
82 130
82 131
82 136
82 138
82 139
82 146
82 151
82 152
82 153
82 154
82 156
82 157
82 158
82 159
82 160
83 86
83 88
83 90
83 91
83 92
83 94
83 97
83 101
83 102
83 103
83 105
83 106
83 108
83 109
83 110
83 112
83 114
83 115
83 117
83 118
83 120
83 124
83 129
83 133
83 134
83 135
83 136
83 137
83 138
83 139
83 140
83 151
83 152
83 153
83 155
83 157
83 158
83 160
84 85
84 86
84 88
84 89
84 92
84 94
84 95
84 96
84 97
84 99
84 101
84 102
84 103
84 108
84 109
84 113
84 114
84 115
84 116
84 118
84 121
84 123
84 125
84 128
84 134
84 135
84 138
84 142
84 144
84 146
84 147
84 149
84 150
84 151
84 152
84 157
84 158
84 160
85 87
85 89
85 93
85 97
85 100
85 101
85 102
85 108
85 109
85 114
85 115
85 117
85 119
85 125
85 130
85 133
85 134
85 136
85 137
85 138
85 143
85 145
85 151
85 152
85 159
85 160
86 89
86 93
86 96
86 101
86 102
86 106
86 110
86 111
86 114
86 117
86 119
86 125
86 126
86 131
86 133
86 137
86 138
86 139
86 140
86 141
86 142
86 147
86 151
86 152
86 153
86 155
86 157
86 158
86 160
87 89
87 91
87 92
87 94
87 98
87 99
87 100
87 101
87 102
87 106
87 109
87 112
87 113
87 114
87 115
87 123
87 125
87 126
87 129
87 131
87 133
87 134
87 138
87 143
87 146
87 147
87 151
87 152
87 154
87 157
87 158
87 159
87 160
87 161
88 89
88 91
88 92
88 94
88 96
88 99
88 106
88 107
88 108
88 110
88 114
88 115
88 117
88 120
88 126
88 127
88 128
88 129
88 131
88 133
88 135
88 138
88 139
88 140
88 141
88 145
88 146
88 148
88 150
88 151
88 154
88 157
88 158
88 159
88 160
88 161
89 90
89 91
89 93
89 95
89 97
89 98
89 99
89 101
89 102
89 103
89 105
89 106
89 107
89 108
89 109
89 113
89 114
89 115
89 116
89 117
89 118
89 122
89 124
89 125
89 126
89 127
89 128
89 129
89 130
89 131
89 133
89 134
89 135
89 136
89 137
89 138
89 139
89 141
89 142
89 143
89 149
89 150
89 151
89 152
89 153
89 154
89 158
89 159
89 160
89 161
90 94
90 96
90 101
90 102
90 103
90 107
90 110
90 118
90 126
90 133
90 137
90 138
90 139
90 142
90 146
90 147
90 150
90 151
90 152
90 157
91 93
91 94
91 96
91 101
91 105
91 108
91 109
91 113
91 114
91 115
91 125
91 127
91 129
91 133
91 141
91 142
91 146
91 147
91 149
91 151
91 152
91 155
91 157
91 158
92 94
92 95
92 96
92 100
92 101
92 102
92 105
92 106
92 108
92 112
92 113
92 114
92 115
92 117
92 119
92 122
92 126
92 127
92 130
92 131
92 133
92 134
92 136
92 138
92 141
92 142
92 147
92 151
92 152
92 154
92 157
92 158
93 94
93 99
93 101
93 102
93 108
93 109
93 111
93 112
93 114
93 115
93 118
93 124
93 125
93 128
93 133
93 134
93 135
93 137
93 139
93 140
93 141
93 146
93 147
93 148
93 150
93 151
93 152
93 154
93 157
93 158
93 160
93 161
94 97
94 100
94 101
94 102
94 103
94 104
94 105
94 107
94 108
94 109
94 110
94 111
94 113
94 114
94 115
94 118
94 123
94 124
94 126
94 127
94 128
94 129
94 130
94 131
94 133
94 134
94 136
94 137
94 138
94 140
94 141
94 142
94 146
94 147
94 149
94 150
94 151
94 152
94 153
94 154
94 155
94 157
94 158
94 160
94 161
95 101
95 105
95 106
95 107
95 114
95 115
95 117
95 118
95 126
95 129
95 131
95 137
95 138
95 139
95 141
95 149
95 150
95 151
95 152
95 154
95 158
95 159
96 99
96 105
96 106
96 107
96 108
96 109
96 111
96 112
96 114
96 117
96 118
96 119
96 126
96 128
96 131
96 133
96 134
96 135
96 144
96 145
96 150
96 153
96 154
96 157
97 98
97 100
97 101
97 102
97 103
97 104
97 105
97 106
97 107
97 108
97 110
97 113
97 114
97 115
97 117
97 118
97 123
97 124
97 125
97 126
97 127
97 128
97 131
97 132
97 133
97 134
97 135
97 139
97 140
97 141
97 144
97 145
97 146
97 147
97 148
97 150
97 151
97 152
97 155
97 157
97 158
97 160
98 102
98 111
98 112
98 114
98 119
98 131
98 135
98 136
98 138
98 139
98 145
98 147
98 149
98 151
98 152
98 154
98 158
98 159
99 101
99 102
99 103
99 107
99 109
99 110
99 112
99 113
99 114
99 115
99 116
99 118
99 123
99 130
99 131
99 133
99 134
99 135
99 139
99 143
99 145
99 146
99 147
99 149
99 150
99 152
99 153
99 154
99 155
99 156
99 158
99 160
100 101
100 103
100 104
100 117
100 118
100 121
100 131
100 133
100 134
100 138
100 142
100 146
100 150
100 151
100 153
100 154
100 155
100 158
101 102
101 103
101 104
101 106
101 108
101 111
101 112
101 113
101 114
101 115
101 116
101 117
101 118
101 123
101 125
101 126
101 127
101 129
101 131
101 133
101 134
101 136
101 137
101 138
101 139
101 140
101 141
101 142
101 145
101 146
101 147
101 150
101 151
101 152
101 153
101 154
101 155
101 156
101 157
101 158
102 103
102 105
102 106
102 109
102 110
102 113
102 114
102 115
102 116
102 117
102 118
102 122
102 124
102 125
102 127
102 129
102 130
102 131
102 133
102 134
102 136
102 137
102 138
102 139
102 141
102 144
102 145
102 146
102 148
102 149
102 150
102 151
102 152
102 153
102 154
102 155
102 156
102 157
102 158
102 160
102 161
103 104
103 108
103 112
103 114
103 115
103 116
103 117
103 118
103 120
103 122
103 129
103 131
103 133
103 134
103 136
103 139
103 147
103 150
103 151
103 152
103 154
103 158
103 159
104 112
104 115
104 125
104 128
104 129
104 131
104 133
104 136
104 138
104 140
104 142
104 146
104 147
104 148
104 150
104 151
104 152
104 154
104 156
104 158
104 160
105 106
105 108
105 112
105 114
105 115
105 116
105 117
105 121
105 122
105 124
105 125
105 126
105 127
105 128
105 129
105 131
105 133
105 136
105 139
105 141
105 142
105 143
105 146
105 147
105 149
105 150
105 151
105 152
105 153
105 154
105 159
105 160
105 161
106 107
106 108
106 109
106 111
106 112
106 114
106 115
106 116
106 117
106 118
106 122
106 125
106 126
106 127
106 128
106 129
106 130
106 131
106 133
106 134
106 135
106 137
106 138
106 139
106 140
106 141
106 142
106 143
106 144
106 145
106 146
106 147
106 150
106 151
106 152
106 153
106 154
106 155
106 157
106 158
106 159
106 160
107 109
107 112
107 113
107 114
107 117
107 118
107 119
107 122
107 129
107 131
107 134
107 135
107 138
107 140
107 142
107 143
107 145
107 146
107 147
107 148
107 151
107 153
107 154
107 157
107 158
107 160
107 161
108 109
108 110
108 111
108 113
108 116
108 117
108 118
108 120
108 121
108 122
108 123
108 126
108 128
108 129
108 130
108 131
108 133
108 134
108 135
108 137
108 138
108 140
108 141
108 142
108 143
108 144
108 145
108 147
108 150
108 151
108 153
108 154
108 155
108 158
108 159
108 160
108 161
109 110
109 111
109 113
109 115
109 116
109 118
109 119
109 125
109 126
109 127
109 128
109 129
109 131
109 133
109 134
109 137
109 139
109 140
109 142
109 145
109 146
109 147
109 150
109 151
109 152
109 157
109 159
110 113
110 116
110 120
110 138
110 146
110 151
110 152
110 154
110 161
111 113
111 115
111 117
111 124
111 128
111 129
111 130
111 131
111 133
111 135
111 136
111 138
111 139
111 141
111 142
111 144
111 149
111 150
111 152
111 153
111 154
111 157
111 160
112 113
112 114
112 116
112 117
112 118
112 121
112 125
112 126
112 127
112 130
112 131
112 133
112 136
112 137
112 138
112 141
112 142
112 144
112 145
112 146
112 147
112 148
112 149
112 150
112 151
112 152
112 153
112 155
112 158
112 160
112 161
113 114
113 115
113 116
113 117
113 118
113 125
113 126
113 129
113 130
113 131
113 133
113 134
113 137
113 138
113 139
113 140
113 141
113 142
113 143
113 144
113 146
113 147
113 148
113 149
113 150
113 151
113 152
113 153
113 154
113 155
113 158
113 161
114 116
114 117
114 118
114 120
114 121
114 122
114 123
114 124
114 125
114 126
114 130
114 131
114 133
114 134
114 136
114 137
114 138
114 143
114 144
114 146
114 147
114 148
114 149
114 150
114 151
114 154
114 155
114 157
114 158
114 161
115 116
115 117
115 118
115 121
115 124
115 125
115 127
115 128
115 129
115 130
115 131
115 133
115 134
115 135
115 137
115 138
115 139
115 141
115 142
115 143
115 144
115 145
115 146
115 147
115 148
115 150
115 151
115 152
115 153
115 154
115 155
115 157
115 158
115 159
115 160
115 161
116 117
116 118
116 119
116 121
116 129
116 130
116 133
116 136
116 138
116 142
116 148
116 149
116 150
116 151
116 152
116 154
116 158
117 118
117 125
117 127
117 128
117 129
117 131
117 132
117 134
117 135
117 136
117 137
117 138
117 139
117 141
117 142
117 143
117 146
117 147
117 148
117 150
117 151
117 152
117 153
117 154
118 119
118 121
118 122
118 126
118 128
118 129
118 131
118 133
118 134
118 136
118 137
118 138
118 139
118 140
118 141
118 142
118 145
118 146
118 147
118 149
118 150
118 151
118 153
118 154
118 157
118 158
118 159
118 160
119 124
119 125
119 133
119 137
119 139
119 140
119 142
119 145
119 147
119 150
119 151
119 152
119 158
120 130
120 134
120 136
120 142
120 150
120 152
120 161
121 126
121 129
121 138
121 139
121 145
121 146
121 151
121 154
121 158
122 132
122 137
122 141
122 142
122 146
122 147
122 149
122 150
122 151
122 152
122 154
122 159
123 134
123 137
123 141
123 149
123 152
123 153
123 154
123 157
123 160
124 125
124 126
124 129
124 133
124 141
124 142
124 160
124 161
125 130
125 131
125 132
125 134
125 137
125 138
125 139
125 141
125 143
125 144
125 145
125 146
125 147
125 148
125 149
125 150
125 151
125 152
125 153
125 154
125 157
125 158
125 161
126 129
126 133
126 134
126 136
126 138
126 139
126 140
126 141
126 142
126 143
126 145
126 146
126 147
126 150
126 151
126 152
126 154
126 156
127 128
127 134
127 138
127 141
127 143
127 146
127 149
127 153
128 129
128 133
128 136
128 140
128 141
128 142
128 146
128 148
128 149
128 151
128 152
128 153
128 154
128 157
128 161
129 131
129 133
129 134
129 135
129 137
129 138
129 139
129 140
129 141
129 142
129 143
129 145
129 146
129 147
129 148
129 149
129 150
129 151
129 152
129 153
129 154
129 155
129 156
129 157
129 158
129 160
129 161
130 131
130 133
130 136
130 137
130 139
130 142
130 143
130 146
130 147
130 149
130 151
130 152
130 153
130 157
130 158
130 161
131 133
131 137
131 138
131 139
131 140
131 141
131 142
131 143
131 145
131 147
131 149
131 150
131 152
131 153
131 154
131 155
131 157
131 158
131 160
131 161
132 138
132 147
132 151
132 157
132 160
133 134
133 135
133 137
133 138
133 139
133 142
133 143
133 145
133 146
133 148
133 150
133 151
133 153
133 154
133 157
133 158
133 159
133 161
134 136
134 137
134 138
134 139
134 140
134 141
134 142
134 146
134 147
134 148
134 149
134 150
134 151
134 153
134 154
134 158
134 159
134 161
135 138
135 141
135 142
135 145
135 146
135 150
135 151
135 153
135 154
135 155
135 156
135 157
135 159
136 138
136 139
136 141
136 142
136 147
136 149
136 152
136 153
136 158
137 138
137 140
137 145
137 146
137 147
137 150
137 151
137 153
137 154
137 155
137 157
137 158
137 160
137 161
138 142
138 143
138 144
138 145
138 146
138 147
138 148
138 150
138 151
138 152
138 153
138 157
138 158
138 159
138 161
139 140
139 141
139 142
139 145
139 146
139 147
139 150
139 151
139 152
139 153
139 154
139 159
139 160
139 161
140 146
140 147
140 150
140 152
140 153
140 160
140 161
141 142
141 143
141 147
141 150
141 152
141 153
141 154
141 157
141 158
142 143
142 146
142 149
142 150
142 151
142 152
142 153
142 154
142 156
142 157
142 158
142 159
142 160
142 161
143 147
143 150
143 151
143 152
143 154
143 158
144 147
144 149
144 159
145 146
145 148
145 152
145 155
145 157
146 147
146 150
146 151
146 154
146 156
146 157
146 159
146 161
147 150
147 151
147 152
147 153
147 154
147 155
147 157
147 158
147 159
147 160
148 152
148 155
148 161
149 151
149 152
149 153
149 154
149 157
149 158
149 159
149 161
150 151
150 152
150 153
150 154
150 158
150 159
150 160
150 161
151 152
151 154
151 155
151 158
151 159
151 161
152 153
152 154
152 155
152 157
152 158
152 159
153 154
153 155
153 157
153 161
154 155
154 157
154 158
154 159
154 161
155 157
155 158
155 161
157 159
157 161
158 159
158 160
158 161
159 160
