0 1
0 5
0 6
0 7
0 9
0 14
0 19
0 21
0 24
0 26
0 31
0 32
0 35
0 36
0 37
0 38
0 39
0 40
0 44
0 47
0 49
0 50
0 51
0 52
0 53
0 54
0 60
0 63
0 65
0 66
0 67
0 68
0 69
0 70
0 71
0 72
0 73
0 79
0 81
0 86
0 87
0 88
0 89
0 92
0 94
0 97
0 101
0 103
0 105
0 106
0 107
0 108
0 109
0 111
0 117
0 122
0 123
0 125
0 126
0 129
0 130
0 133
0 137
0 139
0 142
0 143
0 147
0 148
0 151
0 152
1 2
1 3
1 4
1 7
1 11
1 12
1 14
1 18
1 23
1 24
1 25
1 26
1 30
1 31
1 32
1 35
1 40
1 44
1 52
1 53
1 54
1 56
1 62
1 63
1 64
1 65
1 66
1 67
1 69
1 70
1 71
1 72
1 74
1 78
1 79
1 81
1 83
1 86
1 87
1 89
1 90
1 95
1 96
1 97
1 99
1 102
1 106
1 107
1 108
1 109
1 110
1 111
1 112
1 114
1 115
1 116
1 118
1 123
1 125
1 126
1 127
1 129
1 130
1 131
1 132
1 133
1 134
1 136
1 137
1 138
1 139
1 140
1 141
1 145
1 147
1 148
1 150
1 151
1 152
1 157
2 4
2 9
2 10
2 12
2 14
2 19
2 25
2 31
2 36
2 44
2 45
2 46
2 48
2 49
2 52
2 58
2 61
2 62
2 63
2 67
2 71
2 72
2 80
2 91
2 92
2 97
2 98
2 100
2 101
2 102
2 105
2 106
2 110
2 119
2 125
2 129
2 131
2 133
2 134
2 136
2 138
2 142
2 146
2 151
2 152
2 153
2 154
2 157
2 159
2 160
3 4
3 5
3 6
3 7
3 9
3 13
3 14
3 15
3 17
3 18
3 19
3 25
3 26
3 30
3 31
3 38
3 40
3 42
3 44
3 45
3 49
3 50
3 51
3 56
3 65
3 67
3 68
3 69
3 70
3 73
3 74
3 77
3 78
3 79
3 80
3 81
3 88
3 91
3 94
3 97
3 101
3 102
3 105
3 106
3 107
3 108
3 114
3 115
3 117
3 118
3 129
3 131
3 134
3 135
3 136
3 137
3 138
3 141
3 142
3 148
3 151
3 160
3 161
4 5
4 6
4 7
4 9
4 10
4 12
4 14
4 15
4 19
4 21
4 24
4 25
4 26
4 28
4 31
4 32
4 34
4 35
4 36
4 38
4 40
4 44
4 45
4 48
4 49
4 50
4 51
4 52
4 54
4 55
4 56
4 57
4 58
4 60
4 61
4 65
4 66
4 67
4 68
4 69
4 70
4 71
4 72
4 73
4 75
4 77
4 79
4 80
4 81
4 82
4 83
4 84
4 85
4 86
4 87
4 88
4 89
4 90
4 93
4 94
4 97
4 98
4 99
4 101
4 104
4 106
4 107
4 108
4 109
4 110
4 112
4 113
4 114
4 115
4 116
4 117
4 118
4 122
4 125
4 126
4 127
4 129
4 131
4 133
4 134
4 135
4 137
4 138
4 139
4 140
4 141
4 142
4 143
4 145
4 146
4 147
4 148
4 150
4 151
4 152
4 153
4 154
4 157
4 158
4 159
4 160
5 7
5 14
5 17
5 19
5 20
5 21
5 23
5 25
5 26
5 35
5 40
5 44
5 46
5 49
5 50
5 56
5 59
5 64
5 65
5 66
5 68
5 69
5 71
5 74
5 88
5 89
5 91
5 93
5 99
5 108
5 109
5 112
5 113
5 114
5 115
5 122
5 142
5 145
5 147
5 150
5 152
5 154
5 157
5 159
5 160
6 7
6 8
6 9
6 11
6 12
6 14
6 18
6 19
6 20
6 21
6 23
6 25
6 26
6 28
6 30
6 31
6 32
6 34
6 35
6 36
6 38
6 40
6 42
6 43
6 44
6 45
6 49
6 50
6 51
6 53
6 54
6 56
6 58
6 59
6 60
6 61
6 63
6 64
6 67
6 70
6 71
6 72
6 73
6 74
6 75
6 78
6 79
6 80
6 81
6 82
6 84
6 87
6 89
6 90
6 92
6 93
6 94
6 95
6 96
6 98
6 100
6 101
6 102
6 103
6 104
6 105
6 106
6 108
6 111
6 112
6 114
6 115
6 116
6 117
6 118
6 124
6 125
6 126
6 128
6 129
6 130
6 131
6 133
6 135
6 136
6 137
6 138
6 139
6 140
6 141
6 142
6 143
6 145
6 146
6 147
6 150
6 151
6 152
6 154
6 156
6 158
6 159
6 161
7 9
7 10
7 11
7 12
7 13
7 14
7 15
7 17
7 18
7 19
7 22
7 23
7 25
7 26
7 27
7 28
7 29
7 31
7 32
7 34
7 35
7 36
7 37
7 38
7 39
7 40
7 42
7 44
7 45
7 46
7 49
7 50
7 51
7 52
7 54
7 56
7 58
7 63
7 64
7 66
7 67
7 68
7 69
7 70
7 71
7 72
7 73
7 79
7 80
7 82
7 84
7 86
7 87
7 88
7 89
7 91
7 92
7 93
7 94
7 97
7 99
7 100
7 101
7 102
7 103
7 105
7 106
7 108
7 109
7 110
7 111
7 112
7 113
7 114
7 115
7 117
7 121
7 124
7 125
7 126
7 127
7 128
7 129
7 130
7 133
7 134
7 135
7 136
7 138
7 139
7 142
7 143
7 146
7 147
7 149
7 151
7 152
7 154
7 155
7 156
7 157
7 158
7 159
7 160
7 161
8 11
8 14
8 18
8 21
8 30
8 31
8 35
8 38
8 40
8 42
8 45
8 49
8 51
8 54
8 65
8 69
8 70
8 71
8 72
8 73
8 74
8 75
8 77
8 84
8 86
8 87
8 88
8 92
8 94
8 97
8 103
8 104
8 106
8 109
8 115
8 118
8 130
8 131
8 132
8 134
8 138
8 146
8 147
8 151
8 152
8 153
8 156
8 161
9 11
9 13
9 14
9 15
9 16
9 18
9 19
9 21
9 22
9 24
9 25
9 26
9 27
9 28
9 30
9 31
9 32
9 34
9 35
9 41
9 42
9 43
9 44
9 49
9 50
9 51
9 55
9 56
9 62
9 66
9 67
9 68
9 70
9 71
9 73
9 74
9 75
9 76
9 77
9 87
9 88
9 90
9 92
9 93
9 94
9 98
9 100
9 101
9 102
9 104
9 105
9 108
9 109
9 112
9 113
9 114
9 115
9 117
9 118
9 121
9 130
9 133
9 134
9 137
9 138
9 139
9 141
9 142
9 145
9 147
9 149
9 151
9 154
9 157
9 158
9 160
10 11
10 14
10 15
10 18
10 19
10 26
10 28
10 29
10 31
10 32
10 33
10 39
10 40
10 43
10 44
10 45
10 46
10 49
10 52
10 54
10 55
10 56
10 57
10 59
10 64
10 67
10 68
10 69
10 71
10 72
10 74
10 75
10 77
10 78
10 79
10 83
10 86
10 92
10 93
10 97
10 98
10 101
10 106
10 108
10 109
10 112
10 117
10 118
10 119
10 125
10 126
10 132
10 138
10 140
10 141
10 142
10 146
10 147
10 150
10 151
10 152
10 153
10 154
10 156
10 157
10 158
10 160
10 161
11 13
11 14
11 15
11 16
11 17
11 18
11 19
11 21
11 22
11 23
11 29
11 30
11 31
11 35
11 36
11 38
11 39
11 40
11 41
11 44
11 46
11 51
11 54
11 56
11 58
11 61
11 63
11 64
11 65
11 66
11 67
11 68
11 69
11 70
11 71
11 72
11 73
11 76
11 79
11 82
11 83
11 84
11 85
11 87
11 88
11 91
11 96
11 97
11 98
11 101
11 103
11 104
11 105
11 106
11 108
11 109
11 111
11 113
11 114
11 117
11 118
11 119
11 122
11 123
11 124
11 126
11 129
11 131
11 134
11 135
11 136
11 137
11 138
11 139
11 140
11 141
11 142
11 146
11 147
11 149
11 150
11 151
11 152
11 153
11 154
11 156
11 157
11 161
12 13
12 14
12 18
12 20
12 21
12 25
12 28
12 29
12 32
12 33
12 34
12 39
12 40
12 42
12 45
12 48
12 49
12 50
12 51
12 54
12 56
12 61
12 66
12 71
12 72
12 73
12 74
12 75
12 82
12 84
12 88
12 90
12 95
12 97
12 101
12 102
12 105
12 106
12 107
12 111
12 115
12 117
12 120
12 129
12 130
12 131
12 133
12 134
12 135
12 137
12 138
12 140
12 141
12 142
12 145
12 147
12 152
12 153
12 154
12 156
12 157
12 159
13 19
13 20
13 21
13 25
13 26
13 30
13 32
13 33
13 36
13 38
13 39
13 40
13 41
13 43
13 45
13 48
13 49
13 56
13 58
13 60
13 63
13 65
13 66
13 67
13 68
13 70
13 72
13 73
13 74
13 79
13 80
13 81
13 82
13 86
13 87
13 88
13 89
13 90
13 91
13 93
13 94
13 96
13 100
13 101
13 102
13 106
13 108
13 111
13 114
13 117
13 118
13 120
13 121
13 125
13 133
13 134
13 135
13 137
13 138
13 142
13 145
13 148
13 152
13 153
13 158
14 16
14 17
14 18
14 19
14 21
14 23
14 25
14 26
14 29
14 30
14 31
14 32
14 34
14 35
14 36
14 37
14 38
14 39
14 40
14 41
14 42
14 44
14 45
14 49
14 50
14 51
14 52
14 54
14 55
14 56
14 57
14 58
14 59
14 61
14 62
14 64
14 65
14 66
14 67
14 68
14 69
14 70
14 71
14 72
14 73
14 74
14 75
14 76
14 77
14 80
14 81
14 82
14 83
14 84
14 86
14 87
14 89
14 90
14 91
14 93
14 94
14 95
14 96
14 97
14 100
14 101
14 102
14 105
14 106
14 108
14 109
14 111
14 112
14 115
14 116
14 117
14 118
14 123
14 125
14 126
14 127
14 128
14 129
14 130
14 131
14 133
14 134
14 135
14 138
14 139
14 140
14 142
14 143
14 144
14 145
14 146
14 147
14 149
14 150
14 151
14 152
14 155
14 156
14 157
14 159
14 160
14 161
15 18
15 24
15 25
15 26
15 27
15 29
15 31
15 32
15 35
15 38
15 40
15 41
15 43
15 49
15 51
15 52
15 54
15 55
15 56
15 62
15 64
15 66
15 67
15 69
15 70
15 71
15 72
15 73
15 74
15 75
15 76
15 77
15 79
15 80
15 82
15 83
15 84
15 89
15 94
15 95
15 101
15 102
15 104
15 106
15 108
15 109
15 112
15 113
15 114
15 117
15 118
15 122
15 126
15 129
15 131
15 133
15 134
15 136
15 137
15 138
15 140
15 142
15 145
15 147
15 154
15 155
15 158
15 161
16 19
16 26
16 35
16 38
16 44
16 45
16 48
16 49
16 51
16 52
16 53
16 59
16 64
16 65
16 67
16 72
16 73
16 74
16 75
16 77
16 79
16 85
16 86
16 100
16 102
16 106
16 109
16 113
16 117
16 129
16 130
16 131
16 136
16 137
16 140
16 150
16 153
16 154
16 155
16 157
16 159
17 23
17 26
17 32
17 34
17 35
17 38
17 45
17 51
17 54
17 64
17 67
17 70
17 71
17 73
17 79
17 83
17 87
17 89
17 100
17 101
17 102
17 111
17 118
17 125
17 137
17 142
17 146
17 147
17 151
17 152
17 154
17 158
18 19
18 21
18 25
18 28
18 29
18 30
18 32
18 33
18 34
18 35
18 38
18 40
18 49
18 51
18 53
18 56
18 60
18 62
18 65
18 66
18 67
18 68
18 69
18 71
18 72
18 73
18 75
18 79
18 80
18 83
18 88
18 89
18 90
18 92
18 93
18 94
18 95
18 96
18 97
18 98
18 99
18 101
18 102
18 103
18 105
18 107
18 108
18 109
18 112
18 113
18 114
18 115
18 116
18 117
18 118
18 120
18 125
18 126
18 128
18 129
18 130
18 134
18 137
18 138
18 139
18 140
18 141
18 142
18 146
18 149
18 150
18 152
18 154
18 157
18 161
19 20
19 21
19 22
19 23
19 25
19 26
19 27
19 30
19 31
19 32
19 35
19 36
19 38
19 39
19 40
19 41
19 42
19 43
19 44
19 45
19 47
19 49
19 50
19 51
19 54
19 55
19 57
19 61
19 63
19 64
19 65
19 66
19 67
19 68
19 69
19 70
19 71
19 74
19 75
19 76
19 79
19 80
19 83
19 84
19 88
19 89
19 91
19 92
19 93
19 94
19 100
19 101
19 104
19 105
19 106
19 107
19 108
19 109
19 110
19 111
19 112
19 113
19 115
19 116
19 117
19 120
19 122
19 125
19 126
19 131
19 133
19 137
19 138
19 140
19 141
19 142
19 145
19 147
19 150
19 151
19 152
19 153
19 154
19 156
19 157
19 158
19 161
20 21
20 24
20 26
20 30
20 45
20 49
20 54
20 64
20 66
20 67
20 69
20 70
20 72
20 73
20 74
20 77
20 79
20 84
20 85
20 87
20 91
20 93
20 102
20 103
20 104
20 108
20 111
20 112
20 114
20 115
20 117
20 118
20 130
20 136
20 145
20 146
20 147
20 150
20 152
20 153
20 154
20 157
20 158
20 161
21 22
21 23
21 24
21 25
21 26
21 30
21 31
21 32
21 33
21 34
21 35
21 36
21 38
21 39
21 40
21 42
21 45
21 46
21 48
21 49
21 50
21 51
21 53
21 54
21 55
21 56
21 57
21 58
21 61
21 62
21 63
21 64
21 65
21 66
21 67
21 68
21 69
21 70
21 73
21 74
21 75
21 76
21 77
21 79
21 80
21 81
21 82
21 83
21 86
21 88
21 89
21 90
21 91
21 92
21 93
21 94
21 95
21 96
21 98
21 100
21 101
21 102
21 106
21 107
21 109
21 112
21 113
21 114
21 115
21 117
21 121
21 122
21 124
21 127
21 128
21 129
21 131
21 133
21 134
21 138
21 139
21 141
21 143
21 145
21 146
21 147
21 151
21 152
21 153
21 154
21 155
21 157
21 159
21 161
22 25
22 26
22 30
22 34
22 35
22 38
22 39
22 41
22 43
22 46
22 47
22 52
22 63
22 64
22 68
22 70
22 72
22 73
22 74
22 89
22 91
22 94
22 95
22 100
22 101
22 102
22 105
22 109
22 112
22 114
22 115
22 117
22 118
22 125
22 132
22 134
22 137
22 138
22 145
22 147
22 153
22 154
22 157
23 26
23 32
23 36
23 43
23 44
23 45
23 50
23 51
23 61
23 63
23 64
23 65
23 69
23 70
23 72
23 73
23 78
23 80
23 81
23 84
23 86
23 94
23 95
23 100
23 102
23 106
23 107
23 109
23 126
23 131
23 133
23 134
23 135
23 137
23 147
23 148
23 149
23 151
23 154
23 155
24 25
24 26
24 31
24 35
24 38
24 39
24 44
24 45
24 49
24 51
24 53
24 56
24 58
24 59
24 60
24 63
24 64
24 65
24 67
24 68
24 70
24 73
24 74
24 77
24 79
24 83
24 94
24 99
24 100
24 101
24 102
24 104
24 108
24 109
24 113
24 116
24 118
24 125
24 130
24 134
24 137
24 144
24 147
24 149
24 152
24 154
24 155
24 159
24 161
25 26
25 30
25 31
25 33
25 35
25 36
25 37
25 38
25 40
25 43
25 44
25 45
25 51
25 52
25 53
25 56
25 60
25 62
25 64
25 65
25 66
25 67
25 68
25 69
25 70
25 71
25 73
25 76
25 77
25 79
25 80
25 82
25 83
25 88
25 89
25 91
25 92
25 94
25 95
25 96
25 102
25 103
25 107
25 108
25 109
25 110
25 111
25 114
25 115
25 116
25 117
25 118
25 129
25 131
25 132
25 133
25 134
25 135
25 136
25 138
25 139
25 140
25 147
25 152
25 153
25 154
25 155
25 156
25 158
25 161
26 28
26 30
26 32
26 34
26 35
26 36
26 37
26 39
26 40
26 41
26 42
26 44
26 45
26 46
26 49
26 51
26 52
26 53
26 54
26 55
26 56
26 57
26 58
26 61
26 62
26 63
26 64
26 66
26 67
26 68
26 69
26 70
26 71
26 72
26 73
26 74
26 75
26 77
26 79
26 80
26 82
26 83
26 84
26 85
26 86
26 88
26 89
26 90
26 91
26 92
26 93
26 95
26 96
26 97
26 98
26 99
26 100
26 101
26 102
26 103
26 106
26 108
26 109
26 111
26 112
26 113
26 115
26 116
26 117
26 118
26 119
26 120
26 125
26 129
26 130
26 131
26 133
26 134
26 135
26 137
26 138
26 139
26 141
26 144
26 145
26 146
26 148
26 149
26 150
26 151
26 152
26 153
26 154
26 155
26 157
26 158
26 159
26 160
26 161
27 31
27 39
27 45
27 49
27 51
27 54
27 56
27 58
27 62
27 64
27 65
27 68
27 69
27 72
27 79
27 84
27 89
27 92
27 94
27 99
27 102
27 103
27 108
27 113
27 114
27 117
27 133
27 134
27 137
27 138
27 144
27 147
27 154
27 157
28 32
28 35
28 36
28 39
28 43
28 46
28 49
28 50
28 66
28 67
28 68
28 72
28 73
28 77
28 83
28 86
28 89
28 91
28 94
28 106
28 109
28 113
28 114
28 115
28 117
28 118
28 123
28 128
28 129
28 131
28 139
28 141
28 142
28 147
28 150
28 151
28 152
28 153
28 154
28 155
28 157
28 158
28 159
29 30
29 34
29 35
29 40
29 51
29 56
29 61
29 66
29 68
29 69
29 70
29 71
29 72
29 74
29 79
29 86
29 93
29 100
29 101
29 103
29 105
29 106
29 108
29 115
29 120
29 128
29 129
29 134
29 136
29 138
29 142
29 150
29 151
29 153
29 154
29 158
29 159
30 31
30 32
30 34
30 35
30 38
30 39
30 40
30 43
30 49
30 51
30 55
30 56
30 61
30 62
30 63
30 64
30 65
30 67
30 68
30 69
30 70
30 71
30 72
30 74
30 75
30 76
30 77
30 79
30 80
30 82
30 85
30 86
30 87
30 88
30 90
30 91
30 93
30 94
30 95
30 97
30 98
30 101
30 102
30 103
30 105
30 106
30 107
30 108
30 109
30 110
30 113
30 114
30 116
30 117
30 118
30 119
30 120
30 122
30 123
30 124
30 125
30 126
30 128
30 129
30 130
30 131
30 133
30 134
30 138
30 139
30 141
30 142
30 146
30 147
30 150
30 151
30 152
30 153
30 154
30 155
30 157
30 160
30 161
31 32
31 34
31 35
31 36
31 37
31 38
31 43
31 44
31 45
31 46
31 49
31 51
31 52
31 54
31 56
31 57
31 59
31 61
31 62
31 63
31 65
31 66
31 67
31 68
31 69
31 70
31 71
31 72
31 73
31 74
31 76
31 77
31 79
31 80
31 83
31 86
31 89
31 91
31 92
31 93
31 95
31 97
31 98
31 99
31 100
31 101
31 102
31 104
31 105
31 106
31 107
31 108
31 109
31 110
31 111
31 113
31 117
31 118
31 124
31 125
31 128
31 129
31 130
31 131
31 133
31 136
31 137
31 138
31 139
31 140
31 141
31 142
31 143
31 145
31 146
31 147
31 151
31 152
31 154
31 155
31 157
31 158
31 161
32 34
32 35
32 38
32 39
32 40
32 41
32 42
32 43
32 44
32 46
32 48
32 49
32 50
32 51
32 52
32 53
32 54
32 55
32 58
32 59
32 60
32 64
32 65
32 66
32 67
32 68
32 69
32 70
32 71
32 73
32 74
32 75
32 77
32 79
32 80
32 82
32 83
32 87
32 89
32 91
32 92
32 95
32 98
32 99
32 101
32 102
32 103
32 104
32 105
32 106
32 107
32 108
32 110
32 111
32 112
32 113
32 114
32 115
32 116
32 117
32 118
32 121
32 122
32 125
32 129
32 131
32 132
32 134
32 135
32 136
32 137
32 139
32 142
32 143
32 145
32 146
32 147
32 148
32 150
32 151
32 153
32 154
32 158
32 160
32 161
33 34
33 36
33 40
33 41
33 42
33 43
33 44
33 49
33 51
33 52
33 56
33 63
33 65
33 67
33 70
33 72
33 73
33 75
33 77
33 79
33 87
33 89
33 94
33 96
33 100
33 101
33 103
33 106
33 108
33 109
33 112
33 113
33 117
33 118
33 133
33 137
33 140
33 142
33 143
33 145
33 146
33 147
33 150
33 159
33 161
34 36
34 42
34 43
34 45
34 49
34 51
34 53
34 55
34 58
34 64
34 66
34 69
34 70
34 72
34 73
34 79
34 80
34 81
34 86
34 87
34 89
34 94
34 95
34 97
34 102
34 106
34 107
34 108
34 109
34 112
34 114
34 115
34 122
34 125
34 126
34 127
34 129
34 131
34 133
34 134
34 135
34 137
34 142
34 145
34 151
34 154
34 159
35 36
35 37
35 40
35 41
35 42
35 44
35 45
35 46
35 49
35 50
35 51
35 52
35 53
35 54
35 55
35 56
35 57
35 58
35 59
35 62
35 64
35 65
35 66
35 67
35 68
35 70
35 71
35 72
35 73
35 74
35 76
35 77
35 79
35 80
35 81
35 86
35 87
35 89
35 90
35 92
35 93
35 94
35 97
35 99
35 100
35 102
35 107
35 108
35 110
35 111
35 113
35 115
35 117
35 118
35 124
35 125
35 128
35 129
35 131
35 133
35 134
35 135
35 137
35 138
35 139
35 142
35 143
35 145
35 146
35 147
35 149
35 151
35 153
35 154
35 157
35 161
36 37
36 38
36 39
36 40
36 41
36 42
36 43
36 45
36 46
36 49
36 50
36 52
36 54
36 55
36 60
36 64
36 66
36 69
36 71
36 72
36 73
36 75
36 82
36 83
36 84
36 87
36 92
36 93
36 94
36 95
36 98
36 99
36 103
36 104
36 105
36 107
36 108
36 109
36 112
36 113
36 115
36 119
36 122
36 125
36 128
36 129
36 131
36 132
36 133
36 134
36 137
36 138
36 139
36 143
36 151
36 152
36 154
36 155
36 158
36 159
36 161
37 38
37 39
37 40
37 42
37 43
37 46
37 47
37 49
37 50
37 51
37 53
37 58
37 64
37 65
37 67
37 68
37 69
37 70
37 72
37 73
37 74
37 75
37 77
37 79
37 80
37 84
37 86
37 88
37 91
37 92
37 97
37 99
37 106
37 108
37 109
37 112
37 114
37 116
37 117
37 118
37 125
37 126
37 129
37 131
37 132
37 133
37 134
37 137
37 138
37 140
37 141
37 142
37 147
37 148
37 150
37 152
37 153
37 154
37 157
37 159
37 160
37 161
38 39
38 45
38 46
38 49
38 51
38 56
38 58
38 61
38 62
38 63
38 64
38 65
38 66
38 67
38 68
38 69
38 70
38 72
38 73
38 74
38 75
38 76
38 77
38 79
38 80
38 83
38 84
38 88
38 89
38 91
38 92
38 93
38 94
38 97
38 98
38 99
38 101
38 102
38 104
38 106
38 107
38 108
38 109
38 110
38 112
38 113
38 114
38 117
38 118
38 120
38 123
38 125
38 127
38 130
38 131
38 132
38 133
38 134
38 137
38 138
38 141
38 142
38 147
38 149
38 150
38 151
38 152
38 153
38 154
38 155
38 156
38 157
38 158
38 159
38 160
38 161
39 41
39 44
39 45
39 49
39 50
39 51
39 56
39 58
39 59
39 62
39 64
39 65
39 67
39 69
39 70
39 72
39 73
39 75
39 77
39 78
39 79
39 80
39 86
39 88
39 89
39 90
39 91
39 93
39 95
39 96
39 97
39 101
39 102
39 104
39 108
39 109
39 115
39 119
39 120
39 125
39 126
39 131
39 133
39 134
39 135
39 136
39 137
39 138
39 139
39 141
39 143
39 144
39 146
39 147
39 152
39 154
39 157
39 158
39 160
39 161
40 41
40 42
40 43
40 45
40 46
40 49
40 50
40 51
40 52
40 53
40 54
40 56
40 58
40 59
40 64
40 65
40 66
40 67
40 69
40 70
40 71
40 72
40 73
40 74
40 75
40 76
40 79
40 80
40 82
40 83
40 84
40 85
40 86
40 89
40 91
40 93
40 97
40 98
40 99
40 100
40 101
40 102
40 103
40 104
40 105
40 106
40 107
40 108
40 109
40 112
40 113
40 115
40 116
40 117
40 118
40 119
40 120
40 121
40 124
40 125
40 127
40 128
40 129
40 130
40 131
40 133
40 134
40 135
40 137
40 141
40 142
40 143
40 144
40 145
40 146
40 147
40 148
40 149
40 150
40 151
40 152
40 153
40 154
40 157
40 159
40 160
40 161
41 42
41 49
41 50
41 51
41 54
41 64
41 65
41 69
41 72
41 79
41 80
41 96
41 98
41 102
41 106
41 109
41 110
41 113
41 114
41 115
41 119
41 130
41 133
41 135
41 136
41 137
41 138
41 147
41 149
41 151
41 152
42 45
42 49
42 50
42 51
42 53
42 54
42 55
42 59
42 62
42 64
42 66
42 68
42 70
42 75
42 76
42 79
42 80
42 82
42 84
42 86
42 88
42 92
42 95
42 97
42 101
42 102
42 108
42 109
42 113
42 114
42 118
42 122
42 124
42 127
42 128
42 129
42 131
42 137
42 139
42 143
42 145
42 146
42 149
42 150
42 151
42 152
42 154
42 155
42 157
42 158
42 159
42 160
43 46
43 49
43 51
43 55
43 56
43 58
43 61
43 64
43 65
43 66
43 67
43 71
43 72
43 73
43 74
43 75
43 77
43 79
43 81
43 83
43 85
43 87
43 88
43 89
43 91
43 92
43 94
43 97
43 101
43 102
43 106
43 108
43 109
43 112
43 113
43 114
43 117
43 118
43 119
43 121
43 129
43 130
43 133
43 137
43 138
43 139
43 140
43 142
43 143
43 146
43 149
43 150
43 152
43 153
43 154
43 157
43 159
43 161
44 46
44 50
44 51
44 52
44 53
44 56
44 58
44 61
44 62
44 65
44 66
44 67
44 68
44 69
44 70
44 71
44 72
44 73
44 74
44 75
44 76
44 77
44 79
44 80
44 82
44 86
44 89
44 91
44 93
44 94
44 97
44 99
44 100
44 101
44 103
44 105
44 106
44 108
44 109
44 111
44 112
44 114
44 115
44 117
44 118
44 128
44 129
44 130
44 131
44 132
44 133
44 137
44 140
44 141
44 142
44 143
44 144
44 145
44 146
44 147
44 149
44 150
44 151
44 152
44 153
44 157
44 158
45 46
45 48
45 49
45 50
45 51
45 52
45 54
45 55
45 56
45 58
45 61
45 62
45 63
45 64
45 65
45 66
45 67
45 68
45 69
45 70
45 71
45 72
45 74
45 77
45 79
45 80
45 81
45 83
45 84
45 87
45 89
45 90
45 91
45 92
45 93
45 97
45 101
45 102
45 103
45 104
45 105
45 107
45 109
45 111
45 113
45 114
45 116
45 117
45 118
45 125
45 126
45 128
45 129
45 131
45 133
45 134
45 136
45 137
45 138
45 139
45 142
45 144
45 145
45 146
45 147
45 148
45 149
45 150
45 151
45 152
45 155
45 156
45 157
45 158
45 161
46 47
46 49
46 51
46 52
46 53
46 54
46 55
46 59
46 62
46 63
46 64
46 66
46 67
46 68
46 70
46 71
46 72
46 74
46 76
46 79
46 85
46 91
46 95
46 97
46 99
46 101
46 102
46 105
46 106
46 108
46 109
46 110
46 111
46 118
46 122
46 131
46 134
46 136
46 137
46 143
46 145
46 147
46 152
46 154
47 54
47 55
47 63
47 65
47 66
47 73
47 79
47 90
47 91
47 102
47 107
47 114
47 121
47 129
47 137
47 138
47 139
47 151
47 155
47 161
48 58
48 64
48 66
48 70
48 75
48 76
48 79
48 83
48 93
48 94
48 97
48 100
48 103
48 107
48 113
48 115
48 116
48 129
48 132
48 133
48 134
48 139
48 147
48 160
48 161
49 51
49 52
49 53
49 54
49 55
49 56
49 57
49 58
49 59
49 61
49 62
49 63
49 65
49 67
49 68
49 69
49 70
49 71
49 72
49 73
49 74
49 75
49 76
49 77
49 79
49 80
49 82
49 84
49 89
49 90
49 91
49 94
49 95
49 97
49 98
49 100
49 101
49 102
49 105
49 106
49 107
49 108
49 109
49 110
49 111
49 112
49 113
49 114
49 115
49 116
49 119
49 121
49 122
49 125
49 126
49 127
49 129
49 131
49 132
49 133
49 134
49 135
49 137
49 140
49 142
49 143
49 144
49 146
49 147
49 148
49 150
49 152
49 154
49 160
50 52
50 56
50 58
50 61
50 65
50 66
50 68
50 70
50 71
50 76
50 79
50 80
50 81
50 85
50 88
50 89
50 92
50 93
50 94
50 97
50 102
50 104
50 106
50 108
50 109
50 110
50 112
50 113
50 114
50 115
50 118
50 121
50 123
50 124
50 126
50 128
50 130
50 131
50 133
50 134
50 135
50 138
50 139
50 140
50 142
50 147
50 148
50 150
50 157
50 158
50 159
51 52
51 54
51 55
51 56
51 58
51 59
51 60
51 61
51 62
51 64
51 65
51 66
51 67
51 68
51 69
51 70
51 71
51 72
51 73
51 74
51 77
51 78
51 79
51 80
51 81
51 83
51 84
51 85
51 86
51 89
51 90
51 93
51 94
51 97
51 98
51 99
51 101
51 102
51 103
51 104
51 105
51 106
51 107
51 109
51 111
51 112
51 113
51 114
51 115
51 117
51 118
51 119
51 123
51 124
51 125
51 126
51 127
51 129
51 130
51 131
51 133
51 134
51 135
51 138
51 139
51 140
51 142
51 143
51 145
51 146
51 147
51 148
51 150
51 151
51 152
51 153
51 154
51 155
51 157
51 158
51 159
51 160
52 54
52 56
52 57
52 58
52 61
52 66
52 67
52 69
52 70
52 72
52 74
52 75
52 80
52 84
52 85
52 87
52 89
52 92
52 93
52 94
52 96
52 102
52 106
52 109
52 111
52 113
52 114
52 115
52 117
52 118
52 125
52 126
52 127
52 131
52 134
52 135
52 137
52 138
52 139
52 141
52 147
52 148
52 149
52 150
52 152
52 154
52 155
52 158
53 54
53 55
53 64
53 65
53 66
53 68
53 74
53 79
53 80
53 87
53 92
53 94
53 95
53 99
53 101
53 103
53 106
53 108
53 112
53 113
53 114
53 115
53 118
53 124
53 125
53 126
53 127
53 129
53 130
53 136
53 137
53 138
53 141
53 151
53 152
53 160
53 161
54 55
54 56
54 57
54 62
54 63
54 64
54 65
54 66
54 67
54 68
54 69
54 70
54 71
54 72
54 73
54 74
54 75
54 76
54 78
54 79
54 80
54 81
54 85
54 86
54 87
54 89
54 90
54 91
54 93
54 94
54 95
54 96
54 97
54 100
54 101
54 103
54 104
54 106
54 107
54 108
54 109
54 110
54 111
54 112
54 113
54 114
54 116
54 117
54 118
54 122
54 125
54 126
54 127
54 128
54 129
54 131
54 133
54 134
54 136
54 137
54 138
54 141
54 142
54 146
54 147
54 148
54 150
54 151
54 152
54 153
54 154
54 155
54 157
54 160
54 161
55 59
55 60
55 63
55 65
55 66
55 67
55 68
55 69
55 71
55 72
55 73
55 74
55 76
55 79
55 82
55 87
55 88
55 91
55 92
55 93
55 94
55 99
55 101
55 102
55 103
55 105
55 106
55 111
55 112
55 113
55 114
55 115
55 118
55 119
55 123
55 125
55 127
55 128
55 129
55 130
55 131
55 133
55 137
55 140
55 142
55 143
55 145
55 150
55 151
55 152
55 153
55 154
55 159
55 160
56 59
56 61
56 62
56 63
56 64
56 65
56 66
56 67
56 68
56 70
56 71
56 72
56 73
56 74
56 75
56 76
56 77
56 80
56 82
56 83
56 86
56 88
56 89
56 90
56 92
56 93
56 94
56 97
56 99
56 100
56 101
56 102
56 105
56 106
56 108
56 110
56 113
56 114
56 117
56 120
56 124
56 125
56 126
56 128
56 129
56 131
56 133
56 134
56 135
56 137
56 138
56 139
56 142
56 145
56 146
56 147
56 148
56 150
56 151
56 152
56 153
56 155
56 157
56 158
56 161
57 62
57 63
57 64
57 65
57 68
57 69
57 71
57 74
57 75
57 78
57 79
57 82
57 83
57 84
57 85
57 86
57 88
57 89
57 97
57 101
57 102
57 105
57 106
57 108
57 109
57 117
57 118
57 122
57 125
57 129
57 130
57 136
57 138
57 139
57 140
57 142
57 143
57 146
57 148
57 152
57 153
57 155
57 156
57 157
57 158
57 159
58 59
58 61
58 62
58 63
58 64
58 65
58 66
58 68
58 69
58 70
58 71
58 72
58 74
58 75
58 76
58 77
58 80
58 84
58 85
58 86
58 88
58 90
58 91
58 93
58 94
58 96
58 99
58 100
58 101
58 102
58 106
58 108
58 109
58 111
58 112
58 113
58 115
58 117
58 118
58 120
58 122
58 125
58 127
58 129
58 132
58 133
58 137
58 138
58 141
58 142
58 143
58 145
58 150
58 151
58 152
58 154
58 155
58 157
58 161
59 63
59 64
59 65
59 67
59 68
59 70
59 71
59 72
59 74
59 75
59 76
59 85
59 97
59 99
59 101
59 102
59 104
59 105
59 106
59 113
59 115
59 119
59 125
59 130
59 131
59 134
59 136
59 137
59 138
59 140
59 141
59 142
59 145
59 147
59 151
59 152
59 153
59 154
59 157
59 158
59 160
60 61
60 64
60 65
60 68
60 69
60 70
60 76
60 94
60 95
60 99
60 105
60 107
60 111
60 112
60 113
60 118
60 126
60 131
60 135
60 141
60 143
60 155
61 63
61 64
61 67
61 70
61 71
61 73
61 75
61 76
61 79
61 81
61 82
61 85
61 87
61 88
61 89
61 91
61 93
61 97
61 99
61 101
61 102
61 104
61 106
61 107
61 108
61 109
61 114
61 115
61 118
61 121
61 125
61 126
61 130
61 131
61 133
61 135
61 137
61 138
61 142
61 143
61 146
61 151
61 153
61 157
61 158
61 159
61 160
62 64
62 65
62 66
62 67
62 68
62 69
62 71
62 74
62 77
62 79
62 80
62 86
62 91
62 92
62 95
62 99
62 100
62 101
62 102
62 103
62 107
62 108
62 113
62 114
62 115
62 116
62 117
62 123
62 129
62 131
62 137
62 138
62 142
62 147
62 150
62 157
63 64
63 65
63 67
63 68
63 69
63 72
63 74
63 75
63 79
63 80
63 84
63 87
63 89
63 97
63 99
63 101
63 102
63 105
63 106
63 108
63 112
63 113
63 114
63 116
63 117
63 124
63 125
63 126
63 127
63 129
63 133
63 134
63 135
63 136
63 138
63 139
63 140
63 142
63 143
63 144
63 147
63 153
63 154
63 157
63 158
63 161
64 65
64 66
64 67
64 68
64 69
64 70
64 72
64 73
64 74
64 75
64 77
64 79
64 80
64 81
64 84
64 85
64 87
64 88
64 89
64 90
64 91
64 92
64 93
64 94
64 96
64 97
64 100
64 101
64 102
64 103
64 104
64 105
64 106
64 107
64 108
64 109
64 112
64 113
64 114
64 115
64 116
64 117
64 118
64 121
64 122
64 123
64 125
64 126
64 127
64 129
64 130
64 131
64 133
64 135
64 136
64 137
64 138
64 139
64 142
64 143
64 145
64 146
64 147
64 150
64 151
64 152
64 153
64 154
64 155
64 157
64 158
64 161
65 66
65 67
65 68
65 69
65 70
65 71
65 72
65 73
65 75
65 76
65 79
65 80
65 81
65 82
65 83
65 84
65 85
65 86
65 87
65 88
65 89
65 92
65 93
65 94
65 95
65 98
65 99
65 101
65 103
65 104
65 105
65 106
65 113
65 114
65 117
65 118
65 119
65 121
65 125
65 126
65 128
65 129
65 130
65 132
65 133
65 134
65 136
65 137
65 138
65 139
65 140
65 145
65 146
65 147
65 151
65 152
65 153
65 157
65 158
65 159
65 160
65 161
66 68
66 69
66 70
66 72
66 73
66 75
66 82
66 84
66 85
66 88
66 89
66 93
66 94
66 95
66 96
66 97
66 98
66 99
66 102
66 103
66 104
66 106
66 108
66 109
66 110
66 111
66 112
66 113
66 114
66 115
66 117
66 118
66 120
66 121
66 125
66 126
66 127
66 133
66 135
66 136
66 138
66 142
66 145
66 146
66 147
66 150
66 152
66 154
66 155
66 156
66 157
66 158
66 159
66 160
67 68
67 69
67 71
67 72
67 73
67 74
67 75
67 76
67 77
67 79
67 81
67 82
67 84
67 86
67 89
67 90
67 91
67 92
67 93
67 97
67 98
67 100
67 101
67 102
67 105
67 106
67 107
67 108
67 109
67 112
67 113
67 114
67 115
67 116
67 117
67 121
67 126
67 127
67 128
67 129
67 131
67 132
67 133
67 134
67 137
67 138
67 139
67 142
67 143
67 144
67 145
67 146
67 147
67 149
67 150
67 151
67 152
67 153
67 154
67 156
67 158
67 159
67 160
67 161
68 69
68 71
68 72
68 73
68 74
68 75
68 77
68 78
68 79
68 80
68 84
68 87
68 88
68 89
68 91
68 92
68 93
68 94
68 95
68 97
68 98
68 100
68 101
68 102
68 103
68 104
68 106
68 107
68 110
68 111
68 112
68 114
68 115
68 117
68 118
68 119
68 120
68 123
68 124
68 125
68 126
68 128
68 129
68 131
68 132
68 134
68 135
68 136
68 138
68 139
68 142
68 145
68 146
68 147
68 148
68 150
68 151
68 154
68 155
68 157
68 159
68 161
69 70
69 72
69 73
69 74
69 78
69 79
69 80
69 81
69 82
69 84
69 85
69 87
69 89
69 91
69 92
69 93
69 94
69 97
69 99
69 100
69 101
69 102
69 106
69 107
69 108
69 109
69 110
69 111
69 112
69 113
69 114
69 117
69 118
69 119
69 120
69 122
69 124
69 125
69 126
69 127
69 128
69 129
69 130
69 131
69 133
69 134
69 135
69 137
69 138
69 139
69 142
69 145
69 146
69 147
69 148
69 149
69 150
69 151
69 153
69 154
69 155
69 158
69 159
69 161
70 71
70 72
70 73
70 74
70 75
70 76
70 77
70 78
70 80
70 81
70 83
70 84
70 85
70 86
70 87
70 88
70 91
70 92
70 94
70 95
70 96
70 97
70 98
70 100
70 101
70 102
70 103
70 104
70 107
70 108
70 109
70 112
70 113
70 114
70 115
70 117
70 118
70 119
70 120
70 122
70 125
70 131
70 133
70 134
70 135
70 136
70 137
70 138
70 139
70 140
70 141
70 142
70 144
70 146
70 147
70 149
70 150
70 151
70 152
70 154
70 156
70 157
70 159
70 161
71 72
71 73
71 74
71 76
71 78
71 79
71 80
71 84
71 87
71 88
71 89
71 91
71 93
71 94
71 96
71 97
71 98
71 99
71 100
71 101
71 102
71 103
71 106
71 107
71 108
71 109
71 111
71 113
71 114
71 115
71 116
71 117
71 118
71 125
71 126
71 127
71 128
71 130
71 131
71 132
71 133
71 134
71 135
71 136
71 137
71 138
71 139
71 142
71 143
71 144
71 146
71 147
71 148
71 150
71 151
71 152
71 153
71 154
71 157
71 158
71 160
71 161
72 73
72 74
72 75
72 76
72 77
72 79
72 80
72 82
72 83
72 84
72 86
72 89
72 90
72 91
72 92
72 93
72 94
72 95
72 96
72 99
72 100
72 101
72 102
72 103
72 104
72 105
72 106
72 107
72 108
72 109
72 110
72 111
72 113
72 114
72 115
72 117
72 119
72 120
72 122
72 127
72 129
72 130
72 131
72 133
72 134
72 135
72 136
72 138
72 139
72 141
72 142
72 143
72 145
72 146
72 147
72 149
72 150
72 151
72 152
72 153
72 154
72 155
72 156
72 157
72 158
72 159
72 161
73 74
73 75
73 77
73 79
73 80
73 81
73 82
73 83
73 84
73 85
73 86
73 89
73 91
73 92
73 93
73 94
73 95
73 97
73 98
73 99
73 101
73 102
73 103
73 105
73 106
73 107
73 112
73 113
73 114
73 115
73 117
73 118
73 128
73 129
73 130
73 131
73 133
73 134
73 135
73 136
73 137
73 138
73 140
73 141
73 142
73 143
73 145
73 146
73 147
73 148
73 150
73 151
73 152
73 153
73 154
73 157
73 158
73 161
74 77
74 79
74 80
74 82
74 83
74 87
74 88
74 89
74 91
74 93
74 94
74 95
74 96
74 98
74 99
74 101
74 102
74 103
74 104
74 105
74 106
74 107
74 108
74 111
74 112
74 113
74 114
74 115
74 116
74 117
74 118
74 120
74 123
74 124
74 125
74 126
74 127
74 128
74 129
74 131
74 132
74 133
74 135
74 136
74 137
74 139
74 142
74 144
74 145
74 146
74 147
74 148
74 149
74 150
74 151
74 152
74 153
74 154
74 155
74 157
74 158
74 159
74 160
74 161
75 76
75 79
75 83
75 84
75 86
75 87
75 88
75 90
75 91
75 97
75 98
75 99
75 100
75 102
75 106
75 107
75 108
75 109
75 111
75 112
75 113
75 114
75 115
75 116
75 118
75 120
75 125
75 128
75 129
75 131
75 132
75 133
75 134
75 135
75 136
75 137
75 139
75 140
75 143
75 145
75 146
75 147
75 148
75 149
75 151
75 152
75 154
75 157
75 158
75 159
76 77
76 79
76 80
76 82
76 88
76 89
76 92
76 93
76 95
76 97
76 98
76 100
76 102
76 105
76 106
76 109
76 112
76 114
76 115
76 116
76 117
76 118
76 119
76 125
76 128
76 130
76 131
76 134
76 136
76 138
76 141
76 142
76 145
76 147
76 151
76 152
76 153
76 157
76 161
77 78
77 79
77 83
77 84
77 85
77 88
77 89
77 96
77 101
77 102
77 105
77 106
77 108
77 109
77 111
77 112
77 113
77 114
77 115
77 118
77 120
77 125
77 127
77 128
77 131
77 133
77 134
77 136
77 137
77 138
77 139
77 142
77 146
77 147
77 149
77 150
77 151
77 152
77 153
77 154
77 157
77 158
77 159
77 161
78 93
78 101
78 115
78 116
78 118
78 134
78 138
78 146
78 157
79 80
79 82
79 83
79 84
79 85
79 86
79 87
79 88
79 89
79 91
79 93
79 94
79 97
79 100
79 101
79 102
79 104
79 105
79 106
79 107
79 108
79 109
79 110
79 114
79 115
79 118
79 122
79 123
79 125
79 127
79 129
79 130
79 131
79 132
79 133
79 134
79 135
79 136
79 137
79 138
79 141
79 142
79 143
79 144
79 146
79 147
79 149
79 151
79 152
79 153
79 154
79 155
79 157
79 158
79 159
79 161
80 83
80 84
80 87
80 89
80 100
80 101
80 105
80 106
80 107
80 108
80 110
80 111
80 112
80 114
80 115
80 116
80 117
80 119
80 124
80 129
80 131
80 133
80 134
80 135
80 136
80 139
80 141
80 142
80 143
80 145
80 148
80 150
80 151
80 152
80 153
80 154
80 155
80 158
80 161
81 87
81 94
81 97
81 98
81 101
81 103
81 109
81 114
81 118
81 130
81 131
81 133
81 134
81 138
81 150
81 151
81 152
81 153
81 161
82 89
82 93
82 97
82 99
82 101
82 102
82 103
82 113
82 117
82 118
82 122
82 124
82 125
82 129
82 136
82 137
82 138
82 140
82 142
82 146
82 147
82 149
82 150
82 151
82 154
82 155
83 84
83 88
83 89
83 92
83 97
83 99
83 105
83 106
83 111
83 114
83 120
83 129
83 130
83 134
83 137
83 138
83 142
83 150
83 152
83 153
83 154
83 155
83 157
83 158
83 161
84 87
84 88
84 89
84 94
84 95
84 102
84 104
84 105
84 106
84 108
84 109
84 110
84 111
84 112
84 114
84 115
84 118
84 121
84 123
84 125
84 126
84 128
84 129
84 131
84 133
84 134
84 137
84 138
84 139
84 141
84 142
84 143
84 145
84 147
84 149
84 150
84 151
84 152
84 153
84 154
84 156
84 157
84 158
84 159
84 161
85 88
85 89
85 90
85 94
85 95
85 99
85 105
85 106
85 108
85 110
85 111
85 115
85 117
85 118
85 129
85 130
85 134
85 135
85 138
85 139
85 141
85 142
85 154
85 157
85 158
85 160
86 89
86 92
86 93
86 94
86 97
86 99
86 100
86 106
86 107
86 109
86 110
86 111
86 113
86 114
86 115
86 116
86 117
86 120
86 125
86 129
86 131
86 133
86 134
86 142
86 147
86 152
86 153
86 154
86 155
86 160
87 88
87 90
87 91
87 92
87 93
87 94
87 98
87 101
87 102
87 106
87 108
87 110
87 111
87 112
87 113
87 114
87 115
87 117
87 118
87 121
87 126
87 129
87 130
87 131
87 133
87 137
87 138
87 139
87 142
87 146
87 147
87 151
87 152
87 153
87 154
87 157
87 158
87 161
88 89
88 92
88 94
88 95
88 97
88 102
88 105
88 106
88 107
88 111
88 114
88 119
88 120
88 121
88 127
88 131
88 133
88 134
88 136
88 137
88 138
88 139
88 140
88 141
88 143
88 146
88 147
88 150
88 151
88 152
88 154
88 157
88 160
89 90
89 91
89 93
89 94
89 95
89 97
89 98
89 99
89 100
89 102
89 105
89 106
89 107
89 108
89 109
89 110
89 111
89 112
89 113
89 114
89 115
89 117
89 118
89 120
89 125
89 126
89 129
89 130
89 131
89 133
89 134
89 136
89 137
89 138
89 139
89 140
89 141
89 142
89 144
89 145
89 146
89 147
89 149
89 150
89 151
89 152
89 154
89 155
89 157
89 161
90 93
90 94
90 103
90 104
90 106
90 107
90 108
90 111
90 112
90 113
90 115
90 118
90 126
90 127
90 133
90 136
90 147
90 150
91 93
91 94
91 97
91 99
91 101
91 102
91 106
91 108
91 109
91 111
91 113
91 114
91 115
91 116
91 117
91 118
91 119
91 125
91 126
91 129
91 131
91 132
91 135
91 136
91 137
91 138
91 141
91 142
91 143
91 146
91 147
91 150
91 151
91 152
91 153
91 158
91 159
91 160
92 93
92 94
92 97
92 101
92 102
92 105
92 107
92 109
92 112
92 113
92 114
92 117
92 118
92 119
92 121
92 122
92 123
92 125
92 126
92 129
92 131
92 133
92 134
92 142
92 152
92 154
92 156
92 158
92 159
92 160
93 94
93 97
93 98
93 100
93 106
93 108
93 109
93 111
93 115
93 117
93 119
93 123
93 125
93 129
93 131
93 133
93 135
93 137
93 138
93 142
93 143
93 146
93 150
93 152
93 153
93 154
93 157
93 158
93 161
94 96
94 97
94 98
94 99
94 101
94 102
94 103
94 113
94 114
94 115
94 118
94 119
94 120
94 123
94 124
94 125
94 127
94 128
94 129
94 130
94 131
94 132
94 133
94 134
94 135
94 138
94 139
94 141
94 142
94 145
94 146
94 147
94 151
94 152
94 153
94 154
94 155
94 157
94 158
94 161
95 100
95 101
95 106
95 108
95 109
95 116
95 125
95 126
95 129
95 137
95 138
95 139
95 147
95 150
95 151
95 153
95 158
95 160
96 104
96 105
96 107
96 108
96 111
96 113
96 115
96 117
96 118
96 125
96 126
96 127
96 129
96 131
96 133
96 142
96 151
96 152
96 157
96 158
97 100
97 101
97 102
97 103
97 105
97 107
97 112
97 113
97 116
97 117
97 118
97 123
97 125
97 128
97 129
97 133
97 134
97 135
97 137
97 138
97 141
97 142
97 144
97 145
97 147
97 152
97 153
97 154
97 155
97 156
97 158
97 159
97 160
98 99
98 101
98 102
98 103
98 109
98 115
98 116
98 117
98 118
98 120
98 122
98 125
98 126
98 127
98 129
98 133
98 134
98 135
98 137
98 138
98 142
98 145
98 147
98 149
98 150
98 152
98 153
98 154
98 158
99 101
99 102
99 105
99 107
99 108
99 111
99 114
99 115
99 116
99 118
99 125
99 129
99 133
99 137
99 138
99 139
99 142
99 143
99 145
99 147
99 153
99 154
100 101
100 102
100 105
100 106
100 108
100 109
100 111
100 115
100 118
100 124
100 127
100 129
100 130
100 131
100 133
100 134
100 137
100 138
100 139
100 140
100 141
100 142
100 148
100 149
100 151
100 153
100 154
100 157
100 158
100 159
100 161
101 102
101 103
101 105
101 106
101 107
101 108
101 109
101 110
101 111
101 114
101 115
101 116
101 117
101 118
101 119
101 124
101 127
101 128
101 129
101 131
101 133
101 137
101 138
101 139
101 140
101 141
101 142
101 143
101 146
101 147
101 149
101 150
101 151
101 152
101 153
101 154
101 155
101 157
101 160
101 161
102 106
102 107
102 108
102 109
102 111
102 112
102 113
102 114
102 115
102 116
102 117
102 118
102 121
102 122
102 124
102 125
102 126
102 127
102 128
102 129
102 130
102 131
102 132
102 133
102 134
102 135
102 137
102 138
102 139
102 141
102 143
102 145
102 147
102 151
102 153
102 154
102 155
102 157
102 158
102 159
102 160
102 161
103 105
103 107
103 110
103 111
103 112
103 115
103 117
103 123
103 126
103 129
103 131
103 138
103 142
103 147
103 149
103 152
103 153
103 154
103 157
103 158
103 160
104 108
104 113
104 114
104 115
104 118
104 121
104 125
104 126
104 132
104 133
104 135
104 137
104 138
104 140
104 141
104 142
104 143
104 147
104 154
104 157
104 160
105 106
105 107
105 108
105 110
105 112
105 113
105 116
105 117
105 118
105 126
105 127
105 128
105 129
105 131
105 132
105 134
105 135
105 137
105 139
105 142
105 143
105 146
105 147
105 149
105 151
105 152
105 153
105 154
105 157
105 158
105 160
105 161
106 107
106 108
106 109
106 110
106 111
106 112
106 113
106 114
106 115
106 116
106 117
106 118
106 123
106 124
106 125
106 126
106 129
106 130
106 131
106 132
106 134
106 135
106 137
106 138
106 139
106 140
106 142
106 144
106 145
106 146
106 147
106 149
106 150
106 151
106 152
106 155
106 156
106 157
106 158
106 159
106 160
107 108
107 109
107 113
107 114
107 115
107 116
107 118
107 126
107 131
107 135
107 136
107 137
107 138
107 146
107 149
107 152
107 153
107 154
107 155
107 158
107 161
108 109
108 110
108 111
108 112
108 113
108 114
108 115
108 116
108 118
108 120
108 121
108 122
108 125
108 128
108 129
108 130
108 131
108 133
108 134
108 135
108 137
108 138
108 142
108 143
108 145
108 147
108 150
108 151
108 152
108 153
108 154
108 157
108 158
108 159
108 161
109 111
109 112
109 113
109 114
109 115
109 116
109 117
109 118
109 125
109 126
109 128
109 129
109 131
109 133
109 134
109 136
109 137
109 139
109 142
109 143
109 147
109 149
109 150
109 151
109 152
109 154
109 155
109 159
109 161
110 113
110 114
110 115
110 116
110 125
110 128
110 133
110 139
110 145
110 147
110 149
110 150
110 153
110 154
110 160
111 114
111 115
111 116
111 117
111 121
111 124
111 125
111 129
111 131
111 132
111 133
111 135
111 137
111 139
111 140
111 142
111 148
111 149
111 152
111 153
111 154
111 159
111 161
112 113
112 114
112 115
112 117
112 118
112 125
112 126
112 127
112 129
112 130
112 131
112 132
112 133
112 134
112 135
112 136
112 137
112 138
112 141
112 142
112 144
112 146
112 147
112 150
112 151
112 152
112 153
112 154
112 158
112 160
113 114
113 115
113 116
113 117
113 118
113 122
113 125
113 126
113 129
113 130
113 131
113 133
113 134
113 136
113 137
113 139
113 141
113 142
113 143
113 144
113 145
113 146
113 149
113 150
113 151
113 152
113 153
113 156
113 157
113 158
114 116
114 117
114 118
114 121
114 124
114 125
114 126
114 127
114 128
114 129
114 130
114 131
114 132
114 133
114 134
114 137
114 138
114 139
114 140
114 141
114 142
114 145
114 146
114 147
114 150
114 151
114 152
114 153
114 154
114 156
114 157
114 158
114 159
114 160
114 161
115 116
115 117
115 118
115 119
115 122
115 123
115 125
115 128
115 129
115 130
115 131
115 133
115 135
115 136
115 137
115 138
115 139
115 141
115 142
115 145
115 146
115 147
115 148
115 149
115 150
115 151
115 152
115 153
115 156
115 158
115 159
115 160
116 118
116 123
116 126
116 129
116 130
116 133
116 137
116 138
116 139
116 142
116 147
116 154
116 155
116 156
116 158
116 159
116 161
117 118
117 119
117 120
117 122
117 125
117 126
117 127
117 128
117 130
117 131
117 133
117 137
117 138
117 139
117 141
117 142
117 143
117 144
117 145
117 146
117 147
117 148
117 150
117 151
117 152
117 154
117 155
117 157
117 158
117 159
117 161
118 120
118 126
118 127
118 128
118 129
118 130
118 131
118 133
118 135
118 136
118 137
118 138
118 140
118 142
118 144
118 146
118 147
118 148
118 149
118 150
118 151
118 152
118 154
118 155
118 158
118 160
118 161
119 120
119 122
119 125
119 129
119 133
119 134
119 142
119 150
119 154
119 157
119 158
120 130
120 131
120 133
120 135
120 138
120 142
120 151
120 152
120 154
120 157
121 125
121 126
121 134
121 142
121 151
121 154
122 125
122 127
122 129
122 133
122 135
122 142
122 146
122 147
122 154
122 158
123 129
123 133
123 137
123 146
123 147
123 154
124 127
124 128
124 133
124 135
124 137
124 138
124 142
124 143
124 147
124 152
124 153
124 154
124 161
125 128
125 129
125 130
125 131
125 133
125 134
125 135
125 137
125 138
125 139
125 140
125 141
125 142
125 143
125 145
125 146
125 147
125 151
125 152
125 157
125 158
125 159
125 160
126 128
126 129
126 131
126 133
126 135
126 137
126 138
126 139
126 140
126 141
126 142
126 147
126 149
126 150
126 151
126 152
126 153
126 154
126 157
126 158
126 159
127 129
127 131
127 134
127 136
127 137
127 138
127 139
127 140
127 142
127 145
127 151
127 152
127 154
127 158
127 161
128 129
128 133
128 134
128 137
128 138
128 142
128 145
128 146
128 147
128 149
128 151
128 152
128 154
128 156
128 158
128 160
129 130
129 131
129 133
129 134
129 137
129 138
129 142
129 143
129 146
129 147
129 149
129 151
129 153
129 154
129 155
129 156
129 157
129 160
130 133
130 134
130 137
130 140
130 142
130 147
130 152
130 154
130 157
130 158
130 160
131 132
131 133
131 134
131 135
131 136
131 137
131 138
131 139
131 141
131 142
131 143
131 145
131 146
131 147
131 149
131 151
131 152
131 154
131 155
131 159
131 161
132 137
132 139
132 141
132 147
132 152
132 154
132 157
132 158
133 134
133 135
133 136
133 138
133 139
133 140
133 141
133 142
133 143
133 145
133 146
133 147
133 148
133 150
133 151
133 152
133 153
133 154
133 155
133 156
133 157
133 158
133 159
134 137
134 138
134 139
134 141
134 142
134 143
134 145
134 150
134 151
134 152
134 153
134 154
134 155
134 157
134 158
134 160
134 161
135 136
135 137
135 138
135 142
135 146
135 147
135 150
135 152
135 153
135 154
136 139
136 147
136 148
136 149
136 150
136 153
136 157
136 158
136 159
136 160
136 161
137 138
137 139
137 140
137 142
137 143
137 144
137 145
137 146
137 147
137 148
137 151
137 152
137 154
137 158
137 159
137 161
138 139
138 140
138 141
138 142
138 143
138 145
138 147
138 149
138 150
138 151
138 152
138 153
138 154
138 157
138 158
138 159
138 160
138 161
139 141
139 145
139 147
139 150
139 152
139 153
139 155
139 157
139 158
139 159
139 160
139 161
140 141
140 146
140 148
140 150
140 152
140 154
140 160
140 161
141 145
141 146
141 147
141 148
141 149
141 151
141 152
141 155
141 157
141 158
141 159
142 143
142 146
142 147
142 148
142 150
142 151
142 152
142 153
142 155
142 158
142 160
142 161
143 144
143 145
143 149
143 153
143 157
143 158
144 149
144 150
144 151
144 157
145 147
145 148
145 149
145 151
145 152
145 157
145 158
145 161
146 147
146 148
146 151
146 152
146 153
146 154
146 157
146 158
146 159
147 148
147 149
147 150
147 151
147 152
147 153
147 154
147 157
147 158
147 159
147 160
147 161
148 150
148 152
148 157
148 159
149 150
149 151
149 152
149 154
149 155
149 159
149 160
149 161
150 151
150 152
150 153
150 154
150 155
150 158
150 159
150 161
151 152
151 155
151 158
151 160
152 153
152 154
152 155
152 157
152 158
152 160
152 161
153 157
153 159
154 155
154 157
154 158
154 159
154 161
155 158
155 159
157 158
157 159
157 160
157 161
158 159
158 161
159 160
159 161
160 161
