0 1
0 3
0 7
0 9
0 21
0 26
0 29
0 31
0 34
0 38
0 40
0 42
0 45
0 46
0 51
0 55
0 56
0 59
0 61
0 62
0 63
0 65
0 66
0 67
0 68
0 69
0 70
0 73
0 74
0 75
0 76
0 77
0 79
0 82
0 84
0 85
0 88
0 91
0 92
0 99
0 108
0 110
0 114
0 115
0 118
0 124
0 131
0 136
0 138
0 139
0 145
0 147
0 150
0 151
0 154
0 155
1 3
1 6
1 9
1 11
1 14
1 16
1 21
1 23
1 26
1 27
1 31
1 32
1 36
1 37
1 38
1 39
1 45
1 46
1 50
1 51
1 52
1 54
1 65
1 66
1 67
1 68
1 69
1 70
1 71
1 74
1 82
1 84
1 86
1 88
1 91
1 92
1 95
1 98
1 101
1 102
1 103
1 104
1 106
1 108
1 109
1 110
1 111
1 114
1 115
1 117
1 118
1 119
1 121
1 122
1 126
1 133
1 134
1 135
1 137
1 138
1 139
1 140
1 143
1 147
1 150
1 151
1 152
1 153
1 154
2 4
2 7
2 14
2 17
2 23
2 25
2 26
2 32
2 35
2 37
2 38
2 40
2 44
2 45
2 46
2 48
2 49
2 54
2 58
2 61
2 64
2 65
2 68
2 69
2 70
2 71
2 73
2 74
2 75
2 82
2 83
2 84
2 87
2 89
2 93
2 97
2 100
2 101
2 102
2 106
2 112
2 113
2 114
2 115
2 118
2 119
2 120
2 123
2 125
2 129
2 134
2 138
2 139
2 140
2 141
2 142
2 145
2 146
2 147
2 149
2 152
2 157
2 159
3 13
3 14
3 17
3 21
3 25
3 28
3 31
3 32
3 34
3 38
3 40
3 43
3 45
3 49
3 51
3 54
3 55
3 56
3 62
3 64
3 67
3 68
3 70
3 73
3 74
3 94
3 95
3 99
3 101
3 103
3 105
3 106
3 108
3 113
3 114
3 115
3 116
3 118
3 119
3 125
3 127
3 133
3 134
3 136
3 137
3 142
3 143
3 145
3 147
3 152
3 154
3 157
3 159
4 5
4 6
4 7
4 9
4 11
4 13
4 14
4 15
4 18
4 22
4 25
4 26
4 28
4 29
4 30
4 35
4 36
4 38
4 39
4 40
4 43
4 44
4 45
4 46
4 48
4 49
4 51
4 52
4 54
4 55
4 56
4 59
4 60
4 61
4 62
4 64
4 65
4 66
4 67
4 68
4 69
4 70
4 71
4 72
4 74
4 75
4 76
4 77
4 78
4 79
4 80
4 83
4 84
4 85
4 89
4 90
4 91
4 92
4 93
4 94
4 95
4 96
4 97
4 98
4 99
4 100
4 101
4 103
4 105
4 106
4 107
4 108
4 109
4 111
4 112
4 113
4 114
4 115
4 117
4 118
4 119
4 125
4 126
4 127
4 128
4 129
4 130
4 131
4 133
4 136
4 137
4 138
4 139
4 141
4 142
4 144
4 145
4 146
4 149
4 150
4 151
4 152
4 153
4 156
4 157
4 158
4 159
4 160
5 6
5 11
5 14
5 18
5 19
5 21
5 24
5 25
5 26
5 31
5 35
5 43
5 49
5 50
5 52
5 53
5 54
5 56
5 58
5 59
5 63
5 64
5 65
5 66
5 69
5 75
5 79
5 86
5 89
5 98
5 102
5 103
5 108
5 109
5 111
5 112
5 113
5 114
5 127
5 134
5 139
5 147
5 151
5 152
5 155
5 157
6 7
6 11
6 12
6 14
6 17
6 18
6 24
6 25
6 26
6 29
6 30
6 31
6 32
6 35
6 36
6 37
6 38
6 39
6 40
6 42
6 43
6 44
6 45
6 48
6 49
6 51
6 52
6 54
6 57
6 58
6 60
6 63
6 64
6 65
6 66
6 67
6 68
6 69
6 70
6 71
6 72
6 74
6 75
6 77
6 79
6 80
6 83
6 84
6 85
6 86
6 88
6 89
6 91
6 95
6 97
6 98
6 99
6 100
6 101
6 102
6 103
6 105
6 106
6 107
6 108
6 109
6 110
6 111
6 113
6 115
6 116
6 117
6 119
6 121
6 125
6 126
6 127
6 128
6 129
6 131
6 132
6 133
6 135
6 136
6 137
6 138
6 141
6 142
6 143
6 150
6 151
6 152
6 153
6 154
6 155
6 156
6 158
6 159
6 160
7 8
7 9
7 10
7 11
7 12
7 15
7 16
7 17
7 18
7 19
7 20
7 21
7 23
7 24
7 25
7 26
7 27
7 28
7 31
7 32
7 34
7 35
7 36
7 37
7 38
7 39
7 42
7 45
7 46
7 49
7 51
7 52
7 54
7 55
7 58
7 59
7 61
7 62
7 63
7 65
7 66
7 67
7 68
7 69
7 70
7 71
7 72
7 73
7 74
7 75
7 77
7 79
7 80
7 83
7 84
7 86
7 88
7 89
7 90
7 91
7 92
7 93
7 94
7 96
7 97
7 98
7 99
7 102
7 103
7 105
7 106
7 108
7 109
7 110
7 114
7 115
7 116
7 117
7 118
7 122
7 123
7 125
7 127
7 128
7 129
7 130
7 131
7 132
7 133
7 134
7 136
7 137
7 138
7 139
7 140
7 141
7 143
7 147
7 150
7 151
7 152
7 154
7 155
7 156
7 157
7 158
7 160
7 161
8 11
8 19
8 20
8 21
8 28
8 32
8 35
8 38
8 39
8 45
8 49
8 56
8 63
8 64
8 66
8 67
8 68
8 74
8 93
8 94
8 97
8 98
8 100
8 102
8 105
8 108
8 112
8 114
8 115
8 127
8 128
8 131
8 134
8 137
8 138
8 139
8 142
8 147
8 148
8 152
8 153
8 154
8 157
8 158
8 159
8 161
9 11
9 12
9 14
9 17
9 19
9 21
9 25
9 28
9 29
9 30
9 31
9 34
9 36
9 43
9 44
9 45
9 49
9 51
9 52
9 54
9 55
9 58
9 63
9 64
9 65
9 66
9 67
9 68
9 70
9 71
9 72
9 75
9 79
9 80
9 81
9 83
9 84
9 86
9 89
9 90
9 92
9 94
9 99
9 102
9 103
9 106
9 109
9 111
9 113
9 114
9 115
9 118
9 119
9 131
9 133
9 135
9 138
9 139
9 141
9 142
9 146
9 147
9 148
9 150
9 151
9 152
9 153
9 158
9 159
9 161
10 11
10 19
10 21
10 22
10 26
10 29
10 31
10 32
10 33
10 34
10 35
10 40
10 41
10 42
10 43
10 44
10 45
10 50
10 51
10 52
10 54
10 56
10 58
10 59
10 62
10 63
10 64
10 66
10 67
10 68
10 72
10 73
10 74
10 75
10 77
10 79
10 84
10 89
10 91
10 98
10 101
10 102
10 103
10 104
10 105
10 107
10 108
10 110
10 113
10 114
10 115
10 125
10 126
10 128
10 129
10 130
10 131
10 133
10 138
10 146
10 147
10 150
10 151
10 152
10 154
10 158
10 159
10 161
11 14
11 15
11 16
11 18
11 21
11 22
11 25
11 26
11 30
11 31
11 32
11 34
11 35
11 39
11 40
11 41
11 42
11 45
11 46
11 49
11 51
11 53
11 54
11 55
11 56
11 57
11 58
11 59
11 61
11 63
11 64
11 66
11 69
11 70
11 71
11 72
11 73
11 74
11 75
11 77
11 80
11 81
11 82
11 83
11 87
11 89
11 92
11 94
11 97
11 100
11 101
11 105
11 106
11 107
11 108
11 109
11 111
11 113
11 114
11 116
11 117
11 121
11 126
11 127
11 129
11 130
11 131
11 133
11 134
11 135
11 136
11 137
11 138
11 139
11 140
11 143
11 146
11 147
11 148
11 149
11 150
11 152
11 153
11 154
11 155
11 156
11 157
12 13
12 14
12 19
12 25
12 26
12 28
12 30
12 32
12 40
12 41
12 42
12 45
12 49
12 51
12 52
12 56
12 58
12 66
12 73
12 77
12 79
12 84
12 89
12 90
12 91
12 93
12 94
12 95
12 96
12 98
12 99
12 101
12 106
12 107
12 111
12 112
12 113
12 114
12 115
12 117
12 118
12 119
12 121
12 122
12 130
12 131
12 134
12 145
12 147
12 150
12 151
12 152
12 154
12 157
12 158
12 159
12 160
12 161
13 14
13 17
13 19
13 22
13 24
13 25
13 32
13 34
13 36
13 38
13 40
13 42
13 45
13 47
13 51
13 52
13 54
13 55
13 56
13 57
13 58
13 59
13 61
13 63
13 64
13 65
13 66
13 72
13 73
13 74
13 75
13 79
13 82
13 83
13 84
13 86
13 88
13 89
13 94
13 97
13 99
13 100
13 101
13 102
13 106
13 108
13 109
13 113
13 114
13 115
13 117
13 121
13 122
13 125
13 126
13 128
13 129
13 130
13 131
13 132
13 133
13 134
13 137
13 138
13 140
13 141
13 142
13 143
13 147
13 150
13 152
13 154
13 157
13 158
13 160
14 16
14 18
14 19
14 20
14 22
14 23
14 25
14 26
14 29
14 30
14 31
14 32
14 34
14 35
14 36
14 38
14 39
14 40
14 44
14 45
14 46
14 47
14 49
14 50
14 52
14 53
14 54
14 55
14 56
14 57
14 58
14 59
14 61
14 62
14 63
14 64
14 65
14 66
14 67
14 71
14 72
14 73
14 74
14 75
14 77
14 79
14 80
14 84
14 85
14 86
14 87
14 88
14 89
14 91
14 93
14 94
14 95
14 96
14 97
14 98
14 100
14 101
14 102
14 103
14 104
14 105
14 106
14 107
14 108
14 109
14 110
14 112
14 113
14 114
14 115
14 116
14 117
14 118
14 121
14 122
14 123
14 125
14 126
14 128
14 129
14 130
14 131
14 132
14 133
14 134
14 135
14 136
14 137
14 138
14 139
14 140
14 141
14 142
14 143
14 145
14 146
14 147
14 148
14 149
14 150
14 152
14 154
14 156
14 157
14 158
14 159
14 161
15 19
15 21
15 23
15 26
15 27
15 31
15 32
15 38
15 39
15 40
15 42
15 43
15 44
15 49
15 53
15 56
15 58
15 62
15 63
15 64
15 65
15 68
15 70
15 72
15 75
15 77
15 79
15 80
15 83
15 86
15 90
15 93
15 94
15 96
15 97
15 99
15 105
15 106
15 108
15 113
15 117
15 118
15 120
15 124
15 125
15 130
15 131
15 132
15 135
15 138
15 141
15 142
15 146
15 147
15 149
15 154
15 158
15 159
15 161
16 18
16 21
16 28
16 32
16 34
16 39
16 45
16 51
16 56
16 58
16 62
16 64
16 66
16 69
16 71
16 73
16 79
16 80
16 88
16 89
16 93
16 101
16 106
16 113
16 114
16 115
16 117
16 119
16 129
16 131
16 134
16 135
16 142
16 146
16 147
16 150
16 151
16 152
16 153
16 155
16 156
16 157
16 159
17 19
17 21
17 30
17 32
17 38
17 41
17 44
17 45
17 49
17 51
17 54
17 56
17 58
17 59
17 60
17 63
17 64
17 66
17 67
17 69
17 75
17 77
17 84
17 88
17 96
17 99
17 100
17 101
17 102
17 103
17 108
17 114
17 115
17 124
17 126
17 146
17 158
18 19
18 20
18 22
18 27
18 30
18 31
18 32
18 37
18 38
18 40
18 43
18 46
18 48
18 49
18 51
18 54
18 56
18 57
18 58
18 62
18 63
18 64
18 65
18 66
18 67
18 68
18 72
18 75
18 77
18 81
18 82
18 89
18 91
18 93
18 94
18 98
18 101
18 102
18 104
18 106
18 107
18 108
18 111
18 112
18 113
18 116
18 118
18 125
18 126
18 128
18 129
18 130
18 131
18 132
18 137
18 138
18 142
18 144
18 145
18 146
18 147
18 150
18 151
18 152
18 153
18 157
18 159
18 161
19 21
19 23
19 25
19 26
19 27
19 28
19 30
19 31
19 32
19 33
19 35
19 37
19 38
19 40
19 42
19 44
19 46
19 47
19 48
19 50
19 51
19 52
19 53
19 55
19 56
19 58
19 59
19 61
19 62
19 63
19 64
19 65
19 66
19 67
19 68
19 69
19 70
19 71
19 72
19 73
19 74
19 75
19 76
19 77
19 79
19 82
19 83
19 84
19 85
19 86
19 87
19 88
19 89
19 91
19 92
19 94
19 97
19 100
19 101
19 102
19 103
19 104
19 105
19 106
19 107
19 109
19 112
19 113
19 114
19 116
19 117
19 118
19 122
19 123
19 125
19 128
19 129
19 131
19 133
19 134
19 135
19 137
19 138
19 141
19 142
19 143
19 145
19 146
19 147
19 148
19 149
19 150
19 151
19 152
19 153
19 155
19 157
19 158
19 159
19 160
19 161
20 21
20 22
20 26
20 34
20 35
20 36
20 37
20 39
20 45
20 46
20 48
20 51
20 54
20 55
20 57
20 63
20 64
20 65
20 66
20 67
20 68
20 72
20 75
20 76
20 77
20 78
20 79
20 83
20 84
20 88
20 103
20 106
20 108
20 117
20 126
20 128
20 131
20 133
20 137
20 138
20 142
20 147
20 149
20 152
20 153
20 156
20 158
21 23
21 24
21 25
21 26
21 27
21 28
21 30
21 31
21 32
21 34
21 35
21 36
21 37
21 38
21 39
21 40
21 41
21 43
21 44
21 45
21 46
21 48
21 49
21 54
21 55
21 56
21 58
21 59
21 61
21 62
21 64
21 66
21 67
21 68
21 69
21 70
21 71
21 72
21 73
21 74
21 75
21 76
21 79
21 80
21 84
21 86
21 88
21 89
21 91
21 93
21 94
21 95
21 97
21 100
21 101
21 102
21 103
21 105
21 106
21 107
21 109
21 110
21 111
21 113
21 114
21 115
21 116
21 117
21 118
21 119
21 122
21 125
21 129
21 130
21 131
21 133
21 134
21 136
21 137
21 138
21 139
21 141
21 142
21 144
21 145
21 146
21 147
21 148
21 149
21 150
21 151
21 152
21 154
21 156
21 157
21 158
21 159
21 160
21 161
22 25
22 30
22 32
22 37
22 42
22 43
22 45
22 46
22 51
22 53
22 56
22 66
22 68
22 69
22 73
22 79
22 80
22 87
22 88
22 93
22 94
22 101
22 102
22 105
22 106
22 111
22 112
22 113
22 114
22 117
22 119
22 125
22 133
22 134
22 137
22 139
22 152
22 157
22 158
22 161
23 26
23 27
23 30
23 31
23 45
23 49
23 53
23 55
23 59
23 67
23 71
23 72
23 73
23 74
23 75
23 85
23 89
23 93
23 100
23 101
23 106
23 108
23 109
23 115
23 117
23 118
23 128
23 129
23 133
23 134
23 137
23 147
23 150
23 152
23 153
23 154
23 158
24 25
24 26
24 29
24 30
24 31
24 33
24 35
24 38
24 44
24 49
24 51
24 53
24 63
24 64
24 65
24 66
24 68
24 69
24 72
24 74
24 77
24 80
24 87
24 91
24 94
24 99
24 105
24 108
24 115
24 118
24 120
24 124
24 126
24 127
24 128
24 131
24 133
24 138
24 139
24 146
24 147
24 154
24 155
24 157
24 161
25 26
25 30
25 32
25 33
25 36
25 37
25 38
25 39
25 40
25 43
25 44
25 49
25 51
25 52
25 53
25 54
25 56
25 57
25 58
25 59
25 60
25 62
25 63
25 65
25 66
25 67
25 69
25 70
25 72
25 73
25 74
25 75
25 77
25 78
25 79
25 80
25 82
25 83
25 86
25 87
25 89
25 91
25 92
25 93
25 94
25 97
25 101
25 103
25 104
25 105
25 107
25 108
25 109
25 110
25 111
25 117
25 118
25 121
25 125
25 126
25 127
25 130
25 133
25 134
25 136
25 137
25 138
25 139
25 142
25 143
25 145
25 146
25 150
25 152
25 155
25 158
25 159
25 161
26 28
26 29
26 30
26 32
26 34
26 35
26 36
26 38
26 39
26 42
26 43
26 44
26 45
26 46
26 47
26 48
26 49
26 50
26 51
26 52
26 54
26 55
26 56
26 58
26 59
26 60
26 61
26 62
26 63
26 64
26 65
26 66
26 67
26 68
26 71
26 72
26 74
26 75
26 77
26 78
26 79
26 80
26 81
26 82
26 86
26 87
26 89
26 90
26 91
26 92
26 93
26 94
26 97
26 98
26 101
26 102
26 103
26 105
26 106
26 107
26 108
26 109
26 111
26 112
26 113
26 114
26 115
26 116
26 117
26 118
26 122
26 125
26 126
26 127
26 128
26 129
26 131
26 133
26 134
26 135
26 136
26 137
26 139
26 140
26 141
26 142
26 144
26 146
26 147
26 148
26 150
26 152
26 153
26 154
26 155
26 156
26 158
26 161
27 31
27 35
27 38
27 40
27 45
27 48
27 54
27 56
27 63
27 64
27 65
27 68
27 70
27 71
27 74
27 79
27 87
27 101
27 108
27 109
27 112
27 117
27 125
27 129
27 130
27 141
27 142
27 143
27 148
27 151
27 158
27 161
28 30
28 31
28 32
28 34
28 35
28 39
28 42
28 44
28 45
28 46
28 50
28 54
28 56
28 60
28 64
28 65
28 66
28 67
28 69
28 71
28 72
28 73
28 74
28 80
28 81
28 83
28 87
28 88
28 97
28 105
28 106
28 109
28 110
28 112
28 114
28 117
28 118
28 131
28 133
28 134
28 137
28 138
28 140
28 145
28 147
28 150
28 151
28 153
28 154
28 158
28 161
29 35
29 38
29 42
29 44
29 51
29 52
29 53
29 54
29 56
29 58
29 59
29 67
29 71
29 72
29 74
29 78
29 79
29 80
29 89
29 93
29 96
29 99
29 102
29 107
29 108
29 109
29 115
29 117
29 118
29 130
29 131
29 133
29 134
29 136
29 138
29 140
29 147
29 151
29 152
29 153
29 157
29 158
29 159
29 161
30 31
30 32
30 34
30 36
30 37
30 38
30 39
30 40
30 42
30 43
30 44
30 49
30 50
30 51
30 53
30 54
30 55
30 56
30 58
30 59
30 61
30 62
30 64
30 67
30 68
30 69
30 70
30 71
30 72
30 74
30 75
30 76
30 77
30 79
30 80
30 82
30 84
30 88
30 89
30 90
30 91
30 94
30 96
30 97
30 99
30 100
30 101
30 102
30 104
30 106
30 108
30 109
30 113
30 115
30 116
30 117
30 118
30 120
30 125
30 126
30 129
30 131
30 133
30 134
30 135
30 136
30 137
30 138
30 142
30 145
30 146
30 147
30 150
30 151
30 152
30 153
30 154
30 157
30 158
30 159
30 160
30 161
31 32
31 33
31 34
31 37
31 38
31 40
31 43
31 45
31 46
31 49
31 50
31 51
31 53
31 54
31 57
31 59
31 61
31 62
31 63
31 64
31 65
31 66
31 67
31 69
31 70
31 71
31 72
31 73
31 74
31 75
31 76
31 77
31 78
31 79
31 81
31 87
31 88
31 89
31 90
31 91
31 92
31 93
31 94
31 97
31 98
31 99
31 101
31 102
31 104
31 105
31 106
31 107
31 108
31 109
31 110
31 112
31 114
31 115
31 117
31 118
31 119
31 123
31 125
31 126
31 128
31 130
31 131
31 134
31 135
31 136
31 137
31 138
31 140
31 141
31 142
31 145
31 146
31 147
31 148
31 149
31 150
31 151
31 152
31 153
31 154
31 157
31 159
31 160
31 161
32 34
32 36
32 39
32 40
32 41
32 44
32 45
32 48
32 50
32 51
32 54
32 55
32 56
32 57
32 60
32 61
32 62
32 63
32 64
32 65
32 66
32 67
32 68
32 69
32 70
32 71
32 72
32 73
32 74
32 75
32 76
32 79
32 81
32 82
32 83
32 84
32 85
32 87
32 88
32 89
32 90
32 91
32 93
32 97
32 100
32 101
32 102
32 103
32 106
32 107
32 108
32 109
32 113
32 114
32 115
32 116
32 117
32 118
32 121
32 122
32 125
32 126
32 129
32 130
32 133
32 134
32 136
32 137
32 138
32 139
32 141
32 143
32 145
32 147
32 148
32 150
32 152
32 153
32 154
32 157
32 158
32 161
33 36
33 40
33 41
33 44
33 51
33 52
33 54
33 56
33 63
33 66
33 69
33 86
33 87
33 97
33 102
33 105
33 106
33 111
33 112
33 115
33 127
33 134
33 137
33 138
33 143
33 154
33 155
34 38
34 44
34 46
34 51
34 54
34 64
34 67
34 69
34 71
34 72
34 73
34 76
34 77
34 82
34 84
34 94
34 101
34 102
34 103
34 105
34 107
34 108
34 109
34 111
34 112
34 113
34 114
34 117
34 118
34 125
34 127
34 129
34 133
34 137
34 138
34 139
34 141
34 142
34 143
34 145
34 148
34 150
34 152
34 156
34 157
34 160
34 161
35 36
35 38
35 40
35 42
35 43
35 44
35 45
35 49
35 50
35 51
35 54
35 55
35 56
35 58
35 59
35 61
35 62
35 64
35 65
35 66
35 67
35 68
35 69
35 70
35 71
35 72
35 73
35 74
35 76
35 77
35 80
35 83
35 89
35 92
35 94
35 95
35 96
35 97
35 98
35 99
35 100
35 101
35 102
35 103
35 104
35 105
35 107
35 108
35 109
35 113
35 114
35 116
35 117
35 118
35 121
35 125
35 126
35 127
35 128
35 129
35 132
35 133
35 136
35 138
35 142
35 143
35 146
35 148
35 149
35 151
35 153
35 154
35 157
35 158
35 159
35 161
36 38
36 40
36 41
36 44
36 45
36 49
36 50
36 51
36 52
36 56
36 63
36 64
36 66
36 67
36 68
36 69
36 71
36 74
36 75
36 76
36 77
36 81
36 83
36 84
36 85
36 88
36 89
36 90
36 91
36 92
36 93
36 94
36 96
36 97
36 101
36 102
36 106
36 108
36 111
36 112
36 113
36 115
36 117
36 118
36 119
36 128
36 129
36 131
36 132
36 133
36 137
36 139
36 140
36 141
36 142
36 144
36 145
36 146
36 147
36 150
36 151
36 153
36 154
36 155
36 156
36 157
36 158
36 161
37 38
37 40
37 44
37 45
37 46
37 49
37 50
37 51
37 53
37 54
37 62
37 64
37 67
37 68
37 70
37 72
37 73
37 77
37 78
37 79
37 80
37 82
37 86
37 87
37 88
37 89
37 94
37 95
37 101
37 102
37 103
37 105
37 106
37 107
37 109
37 112
37 113
37 114
37 115
37 116
37 117
37 127
37 129
37 130
37 134
37 135
37 136
37 137
37 138
37 139
37 142
37 145
37 146
37 148
37 152
37 153
37 154
37 158
37 160
37 161
38 39
38 40
38 43
38 45
38 48
38 49
38 50
38 52
38 54
38 55
38 56
38 58
38 59
38 60
38 61
38 62
38 63
38 64
38 65
38 66
38 67
38 68
38 70
38 71
38 73
38 74
38 76
38 79
38 82
38 83
38 84
38 85
38 86
38 87
38 88
38 89
38 90
38 91
38 92
38 93
38 94
38 98
38 101
38 102
38 103
38 105
38 106
38 107
38 108
38 112
38 114
38 115
38 117
38 118
38 119
38 122
38 125
38 126
38 129
38 131
38 133
38 134
38 137
38 138
38 139
38 140
38 141
38 142
38 143
38 145
38 147
38 148
38 150
38 151
38 152
38 153
38 154
38 158
38 159
38 160
38 161
39 40
39 41
39 42
39 44
39 48
39 50
39 54
39 55
39 56
39 59
39 60
39 61
39 65
39 67
39 68
39 70
39 72
39 73
39 79
39 80
39 82
39 83
39 87
39 88
39 89
39 90
39 91
39 94
39 96
39 100
39 101
39 102
39 105
39 106
39 107
39 109
39 115
39 116
39 117
39 118
39 119
39 122
39 126
39 133
39 136
39 138
39 140
39 143
39 145
39 146
39 147
39 149
39 150
39 152
39 153
39 157
39 158
39 160
40 42
40 44
40 45
40 46
40 47
40 49
40 50
40 51
40 52
40 55
40 56
40 57
40 58
40 60
40 61
40 62
40 64
40 65
40 66
40 67
40 68
40 69
40 70
40 71
40 72
40 74
40 75
40 77
40 79
40 80
40 81
40 83
40 84
40 85
40 87
40 89
40 90
40 91
40 92
40 93
40 94
40 95
40 97
40 100
40 101
40 102
40 103
40 105
40 106
40 107
40 108
40 110
40 111
40 112
40 113
40 114
40 115
40 116
40 118
40 119
40 123
40 126
40 129
40 131
40 132
40 133
40 134
40 135
40 137
40 138
40 139
40 140
40 142
40 143
40 144
40 146
40 147
40 149
40 150
40 151
40 152
40 154
40 155
40 157
40 158
40 159
40 160
40 161
41 50
41 55
41 57
41 65
41 66
41 67
41 69
41 70
41 73
41 75
41 79
41 83
41 87
41 94
41 95
41 97
41 102
41 103
41 106
41 107
41 115
41 116
41 117
41 118
41 128
41 139
41 150
41 151
41 152
41 153
42 43
42 49
42 56
42 57
42 58
42 59
42 63
42 64
42 65
42 67
42 68
42 69
42 71
42 72
42 73
42 74
42 79
42 82
42 83
42 84
42 88
42 92
42 94
42 101
42 102
42 109
42 110
42 111
42 112
42 113
42 114
42 115
42 116
42 118
42 119
42 120
42 121
42 131
42 134
42 137
42 138
42 139
42 140
42 141
42 143
42 147
42 149
42 152
42 153
42 154
42 155
42 157
42 161
43 45
43 46
43 48
43 49
43 50
43 53
43 54
43 55
43 56
43 61
43 62
43 64
43 65
43 66
43 67
43 69
43 70
43 71
43 72
43 73
43 75
43 79
43 82
43 88
43 93
43 94
43 95
43 96
43 98
43 100
43 101
43 102
43 103
43 104
43 105
43 106
43 112
43 113
43 114
43 115
43 117
43 118
43 121
43 125
43 129
43 133
43 134
43 136
43 137
43 138
43 139
43 140
43 141
43 142
43 143
43 147
43 149
43 152
43 154
43 157
43 158
43 161
44 45
44 46
44 49
44 51
44 52
44 54
44 55
44 56
44 59
44 63
44 64
44 65
44 66
44 67
44 68
44 69
44 70
44 71
44 72
44 73
44 74
44 75
44 77
44 79
44 80
44 81
44 84
44 89
44 92
44 93
44 97
44 98
44 99
44 101
44 102
44 103
44 105
44 106
44 107
44 108
44 109
44 111
44 112
44 114
44 115
44 116
44 118
44 119
44 125
44 126
44 127
44 129
44 131
44 133
44 137
44 138
44 139
44 140
44 141
44 142
44 143
44 146
44 147
44 149
44 150
44 151
44 152
44 154
44 155
44 157
44 158
44 159
44 160
44 161
45 47
45 48
45 49
45 50
45 51
45 52
45 54
45 55
45 56
45 59
45 62
45 63
45 64
45 66
45 67
45 68
45 69
45 70
45 71
45 73
45 74
45 79
45 81
45 83
45 84
45 85
45 87
45 88
45 89
45 90
45 91
45 92
45 93
45 94
45 95
45 97
45 99
45 100
45 101
45 102
45 103
45 104
45 106
45 107
45 108
45 109
45 110
45 111
45 112
45 113
45 114
45 115
45 116
45 118
45 124
45 125
45 126
45 129
45 131
45 133
45 134
45 135
45 137
45 138
45 139
45 141
45 142
45 146
45 147
45 150
45 151
45 152
45 153
45 157
45 158
45 160
45 161
46 49
46 50
46 51
46 52
46 56
46 62
46 63
46 65
46 68
46 70
46 71
46 72
46 73
46 74
46 77
46 79
46 81
46 82
46 85
46 86
46 87
46 88
46 89
46 93
46 94
46 98
46 102
46 103
46 105
46 106
46 107
46 108
46 109
46 112
46 114
46 115
46 118
46 121
46 125
46 130
46 133
46 134
46 137
46 138
46 141
46 142
46 143
46 147
46 149
46 150
46 152
46 154
46 158
46 159
47 51
47 54
47 55
47 63
47 64
47 68
47 71
47 74
47 80
47 94
47 95
47 101
47 114
47 115
47 117
47 118
47 129
47 130
47 133
47 134
47 138
47 139
48 49
48 51
48 52
48 55
48 66
48 67
48 68
48 70
48 72
48 79
48 94
48 98
48 101
48 103
48 104
48 105
48 109
48 112
48 117
48 118
48 120
48 125
48 127
48 129
48 137
48 142
48 147
48 149
48 151
48 154
48 157
48 158
49 51
49 52
49 54
49 55
49 58
49 61
49 62
49 64
49 65
49 66
49 67
49 68
49 69
49 70
49 71
49 73
49 75
49 78
49 79
49 80
49 83
49 84
49 85
49 86
49 88
49 89
49 91
49 94
49 95
49 96
49 97
49 98
49 99
49 100
49 101
49 102
49 103
49 105
49 106
49 107
49 108
49 109
49 112
49 113
49 114
49 115
49 116
49 117
49 118
49 120
49 124
49 125
49 126
49 127
49 128
49 131
49 133
49 134
49 135
49 136
49 137
49 138
49 139
49 140
49 142
49 143
49 145
49 146
49 147
49 148
49 149
49 150
49 151
49 152
49 153
49 154
49 157
49 158
49 159
49 160
49 161
50 52
50 54
50 56
50 57
50 58
50 62
50 63
50 65
50 66
50 67
50 68
50 69
50 70
50 72
50 74
50 77
50 80
50 82
50 85
50 87
50 88
50 89
50 92
50 99
50 106
50 112
50 115
50 116
50 117
50 118
50 125
50 126
50 127
50 129
50 131
50 134
50 137
50 138
50 143
50 146
50 147
50 150
50 151
50 153
50 155
50 156
50 161
51 52
51 53
51 54
51 56
51 57
51 59
51 63
51 64
51 65
51 66
51 67
51 68
51 69
51 70
51 71
51 72
51 73
51 74
51 76
51 78
51 79
51 80
51 83
51 84
51 87
51 88
51 89
51 90
51 91
51 93
51 94
51 95
51 96
51 97
51 98
51 99
51 100
51 101
51 102
51 103
51 104
51 106
51 107
51 108
51 109
51 110
51 112
51 113
51 114
51 115
51 117
51 118
51 119
51 122
51 123
51 125
51 126
51 130
51 131
51 132
51 135
51 136
51 137
51 138
51 139
51 141
51 142
51 143
51 146
51 147
51 148
51 149
51 150
51 151
51 152
51 153
51 154
51 157
51 159
51 161
52 53
52 54
52 55
52 58
52 61
52 62
52 63
52 64
52 69
52 70
52 71
52 72
52 80
52 82
52 89
52 91
52 92
52 95
52 97
52 100
52 101
52 103
52 104
52 106
52 108
52 109
52 114
52 123
52 126
52 128
52 129
52 131
52 133
52 134
52 137
52 138
52 140
52 141
52 142
52 143
52 146
52 147
52 149
52 151
52 154
52 157
52 158
52 161
53 54
53 56
53 64
53 65
53 66
53 67
53 69
53 72
53 74
53 76
53 80
53 82
53 87
53 93
53 94
53 95
53 99
53 101
53 102
53 106
53 108
53 113
53 114
53 118
53 125
53 126
53 129
53 131
53 133
53 135
53 137
53 138
53 139
53 141
53 142
53 143
53 145
53 151
53 152
53 154
53 156
54 55
54 56
54 58
54 59
54 61
54 62
54 63
54 64
54 65
54 66
54 67
54 68
54 69
54 70
54 71
54 73
54 74
54 75
54 77
54 79
54 80
54 81
54 82
54 83
54 84
54 85
54 86
54 87
54 88
54 89
54 90
54 91
54 93
54 94
54 95
54 96
54 97
54 98
54 100
54 101
54 102
54 103
54 105
54 106
54 107
54 108
54 109
54 110
54 111
54 112
54 114
54 115
54 116
54 117
54 118
54 119
54 124
54 125
54 126
54 127
54 129
54 131
54 132
54 133
54 134
54 135
54 136
54 137
54 138
54 140
54 141
54 142
54 143
54 146
54 147
54 149
54 150
54 151
54 152
54 153
54 154
54 155
54 156
54 157
54 158
54 159
54 160
54 161
55 56
55 58
55 61
55 63
55 64
55 65
55 67
55 68
55 71
55 72
55 73
55 74
55 75
55 76
55 77
55 79
55 81
55 82
55 83
55 84
55 87
55 88
55 89
55 91
55 95
55 97
55 101
55 102
55 104
55 105
55 106
55 108
55 110
55 114
55 115
55 116
55 117
55 118
55 122
55 125
55 126
55 127
55 128
55 131
55 132
55 133
55 135
55 136
55 137
55 141
55 142
55 143
55 145
55 146
55 149
55 151
55 152
55 154
55 157
55 158
55 161
56 64
56 65
56 66
56 68
56 69
56 70
56 71
56 72
56 73
56 74
56 75
56 77
56 79
56 80
56 81
56 83
56 85
56 86
56 88
56 89
56 90
56 94
56 95
56 96
56 98
56 99
56 102
56 103
56 104
56 105
56 106
56 107
56 108
56 109
56 110
56 111
56 112
56 113
56 114
56 115
56 116
56 117
56 118
56 121
56 122
56 126
56 127
56 128
56 129
56 130
56 131
56 133
56 134
56 136
56 137
56 138
56 139
56 140
56 142
56 143
56 145
56 146
56 147
56 149
56 152
56 155
56 156
56 157
56 160
56 161
57 59
57 64
57 65
57 67
57 71
57 75
57 79
57 81
57 84
57 87
57 89
57 94
57 100
57 104
57 106
57 110
57 113
57 115
57 118
57 119
57 120
57 125
57 129
57 134
57 139
57 142
57 143
57 151
57 152
57 158
57 161
58 59
58 62
58 63
58 65
58 66
58 68
58 71
58 72
58 75
58 79
58 80
58 82
58 83
58 86
58 88
58 89
58 93
58 94
58 95
58 97
58 98
58 99
58 101
58 102
58 105
58 106
58 108
58 110
58 112
58 113
58 114
58 116
58 117
58 118
58 126
58 129
58 130
58 131
58 132
58 133
58 135
58 137
58 138
58 141
58 145
58 146
58 147
58 148
58 150
58 151
58 152
58 154
58 155
58 158
58 159
58 161
59 61
59 66
59 67
59 68
59 69
59 70
59 72
59 73
59 76
59 77
59 79
59 80
59 82
59 88
59 89
59 92
59 93
59 94
59 95
59 98
59 101
59 102
59 106
59 107
59 108
59 109
59 113
59 114
59 115
59 117
59 118
59 126
59 127
59 129
59 131
59 133
59 137
59 138
59 141
59 142
59 143
59 146
59 147
59 151
59 152
59 153
59 157
59 158
59 159
59 161
60 63
60 67
60 69
60 70
60 75
60 76
60 79
60 84
60 92
60 94
60 96
60 98
60 114
60 117
60 133
60 135
60 137
60 142
60 152
60 154
60 158
61 64
61 65
61 67
61 68
61 70
61 71
61 72
61 74
61 75
61 80
61 84
61 85
61 87
61 88
61 89
61 92
61 93
61 94
61 95
61 97
61 100
61 101
61 102
61 105
61 107
61 112
61 115
61 117
61 119
61 120
61 125
61 129
61 130
61 133
61 134
61 135
61 137
61 138
61 139
61 146
61 147
61 152
61 153
61 154
61 157
61 158
62 63
62 64
62 66
62 67
62 69
62 70
62 72
62 73
62 79
62 80
62 83
62 86
62 87
62 88
62 89
62 91
62 94
62 102
62 106
62 107
62 108
62 109
62 118
62 119
62 125
62 129
62 131
62 133
62 134
62 137
62 138
62 143
62 145
62 146
62 147
62 151
62 157
62 161
63 64
63 65
63 66
63 67
63 68
63 69
63 71
63 72
63 73
63 74
63 75
63 77
63 82
63 84
63 87
63 88
63 89
63 93
63 94
63 99
63 100
63 101
63 102
63 104
63 106
63 107
63 108
63 109
63 110
63 111
63 112
63 113
63 114
63 115
63 117
63 118
63 123
63 125
63 129
63 130
63 131
63 133
63 134
63 135
63 137
63 138
63 140
63 141
63 142
63 147
63 148
63 149
63 150
63 152
63 153
63 154
63 157
63 158
63 161
64 65
64 66
64 67
64 68
64 69
64 70
64 71
64 72
64 73
64 74
64 77
64 79
64 80
64 82
64 83
64 84
64 86
64 87
64 88
64 89
64 91
64 92
64 93
64 94
64 95
64 96
64 97
64 99
64 100
64 101
64 102
64 103
64 104
64 106
64 108
64 110
64 112
64 113
64 114
64 115
64 116
64 117
64 118
64 119
64 121
64 123
64 127
64 128
64 129
64 130
64 131
64 133
64 134
64 136
64 137
64 138
64 139
64 141
64 142
64 146
64 147
64 148
64 150
64 151
64 152
64 154
64 155
64 156
64 157
64 158
64 159
64 160
64 161
65 66
65 67
65 68
65 69
65 70
65 71
65 72
65 73
65 74
65 75
65 77
65 79
65 80
65 82
65 83
65 84
65 85
65 86
65 87
65 88
65 89
65 90
65 93
65 97
65 98
65 99
65 101
65 105
65 106
65 107
65 108
65 110
65 111
65 115
65 116
65 117
65 120
65 121
65 122
65 123
65 125
65 126
65 128
65 129
65 130
65 131
65 132
65 133
65 134
65 136
65 137
65 139
65 141
65 145
65 147
65 148
65 150
65 151
65 152
65 153
65 154
65 155
65 156
65 157
65 158
65 159
65 160
66 67
66 69
66 70
66 71
66 72
66 74
66 75
66 76
66 79
66 83
66 84
66 87
66 88
66 89
66 92
66 93
66 95
66 96
66 97
66 99
66 100
66 101
66 102
66 103
66 105
66 106
66 108
66 109
66 110
66 112
66 114
66 116
66 118
66 119
66 126
66 129
66 130
66 131
66 134
66 136
66 137
66 140
66 145
66 147
66 149
66 150
66 152
66 154
66 157
66 158
66 159
66 160
67 68
67 69
67 70
67 71
67 72
67 73
67 74
67 75
67 76
67 77
67 79
67 83
67 84
67 85
67 88
67 89
67 91
67 92
67 93
67 95
67 97
67 98
67 99
67 100
67 101
67 102
67 103
67 104
67 106
67 108
67 109
67 110
67 111
67 112
67 113
67 114
67 115
67 116
67 117
67 119
67 120
67 125
67 126
67 127
67 129
67 130
67 131
67 132
67 133
67 134
67 135
67 137
67 138
67 141
67 142
67 144
67 145
67 146
67 147
67 150
67 152
67 153
67 154
67 157
67 158
67 159
67 160
67 161
68 70
68 71
68 72
68 73
68 74
68 75
68 76
68 77
68 79
68 81
68 83
68 84
68 85
68 86
68 88
68 89
68 91
68 93
68 94
68 95
68 96
68 99
68 101
68 102
68 105
68 106
68 109
68 110
68 111
68 113
68 115
68 116
68 119
68 120
68 122
68 123
68 125
68 126
68 127
68 128
68 129
68 130
68 131
68 133
68 134
68 135
68 136
68 137
68 138
68 141
68 142
68 143
68 144
68 145
68 146
68 147
68 150
68 151
68 152
68 153
68 154
68 155
68 157
68 158
68 160
68 161
69 70
69 71
69 72
69 73
69 74
69 75
69 77
69 79
69 80
69 81
69 82
69 83
69 84
69 87
69 88
69 89
69 94
69 95
69 100
69 101
69 102
69 103
69 105
69 106
69 108
69 109
69 110
69 112
69 114
69 115
69 116
69 117
69 118
69 119
69 124
69 125
69 127
69 128
69 129
69 131
69 132
69 133
69 136
69 137
69 138
69 139
69 140
69 141
69 143
69 146
69 147
69 148
69 149
69 150
69 152
69 153
69 154
69 155
69 156
69 157
69 158
69 160
69 161
70 71
70 72
70 73
70 74
70 75
70 77
70 79
70 80
70 81
70 84
70 86
70 87
70 88
70 89
70 90
70 92
70 94
70 95
70 97
70 98
70 99
70 100
70 101
70 102
70 103
70 105
70 106
70 107
70 108
70 109
70 110
70 111
70 112
70 113
70 114
70 115
70 116
70 117
70 118
70 120
70 121
70 124
70 125
70 127
70 128
70 129
70 131
70 132
70 133
70 134
70 135
70 136
70 138
70 139
70 140
70 141
70 142
70 143
70 144
70 145
70 146
70 147
70 148
70 149
70 151
70 152
70 153
70 154
70 155
70 157
70 158
70 161
71 72
71 73
71 74
71 75
71 76
71 79
71 80
71 81
71 84
71 85
71 86
71 88
71 91
71 92
71 94
71 97
71 99
71 101
71 102
71 103
71 106
71 107
71 108
71 111
71 112
71 113
71 114
71 115
71 117
71 119
71 120
71 123
71 125
71 126
71 128
71 129
71 130
71 131
71 133
71 134
71 135
71 136
71 137
71 138
71 140
71 141
71 142
71 143
71 147
71 149
71 152
71 153
71 154
71 157
71 158
71 160
71 161
72 73
72 74
72 75
72 76
72 77
72 80
72 81
72 85
72 86
72 87
72 88
72 90
72 92
72 93
72 94
72 95
72 97
72 99
72 102
72 104
72 106
72 107
72 108
72 109
72 111
72 112
72 114
72 115
72 117
72 118
72 120
72 122
72 124
72 125
72 126
72 127
72 129
72 130
72 133
72 134
72 135
72 136
72 137
72 138
72 139
72 140
72 141
72 142
72 143
72 144
72 145
72 146
72 147
72 148
72 149
72 150
72 151
72 152
72 154
72 155
72 156
72 159
72 160
73 74
73 76
73 77
73 78
73 79
73 84
73 86
73 87
73 91
73 93
73 94
73 96
73 98
73 100
73 101
73 102
73 103
73 105
73 106
73 107
73 108
73 111
73 112
73 113
73 114
73 115
73 116
73 118
73 120
73 124
73 125
73 126
73 128
73 131
73 133
73 134
73 135
73 136
73 137
73 138
73 139
73 140
73 142
73 143
73 146
73 147
73 148
73 149
73 151
73 152
73 153
73 154
73 156
73 157
73 158
74 76
74 79
74 82
74 83
74 86
74 88
74 89
74 90
74 92
74 93
74 94
74 95
74 96
74 97
74 98
74 101
74 102
74 103
74 104
74 106
74 107
74 109
74 110
74 111
74 112
74 114
74 115
74 116
74 117
74 118
74 120
74 122
74 123
74 125
74 126
74 128
74 129
74 130
74 131
74 133
74 134
74 136
74 137
74 138
74 141
74 142
74 143
74 146
74 148
74 149
74 151
74 152
74 154
74 157
74 158
74 160
74 161
75 76
75 77
75 79
75 80
75 83
75 87
75 88
75 89
75 90
75 91
75 92
75 94
75 98
75 102
75 104
75 106
75 107
75 111
75 112
75 113
75 114
75 117
75 118
75 119
75 120
75 125
75 126
75 128
75 129
75 133
75 136
75 137
75 138
75 142
75 143
75 145
75 147
75 149
75 151
75 152
75 153
75 154
75 155
75 156
75 157
75 158
75 161
76 86
76 91
76 95
76 102
76 104
76 106
76 108
76 114
76 115
76 119
76 128
76 130
76 137
76 138
76 142
76 147
76 149
76 150
76 151
76 152
77 80
77 85
77 86
77 89
77 92
77 93
77 94
77 95
77 96
77 97
77 99
77 101
77 102
77 103
77 106
77 108
77 109
77 113
77 114
77 115
77 117
77 118
77 119
77 122
77 125
77 128
77 129
77 131
77 133
77 134
77 135
77 136
77 138
77 139
77 142
77 143
77 145
77 146
77 147
77 150
77 151
77 152
77 154
77 158
77 161
78 82
78 89
78 92
78 94
78 97
78 101
78 108
78 110
78 111
78 129
78 131
78 133
78 137
78 138
78 154
78 155
79 82
79 83
79 84
79 86
79 87
79 88
79 91
79 92
79 94
79 97
79 99
79 100
79 101
79 102
79 103
79 105
79 106
79 107
79 108
79 109
79 113
79 114
79 115
79 117
79 118
79 124
79 125
79 126
79 128
79 129
79 131
79 132
79 133
79 134
79 135
79 137
79 138
79 139
79 141
79 142
79 143
79 144
79 146
79 147
79 149
79 150
79 151
79 153
79 154
79 157
79 158
79 160
80 82
80 83
80 84
80 87
80 88
80 91
80 93
80 94
80 96
80 97
80 99
80 101
80 103
80 106
80 107
80 108
80 109
80 112
80 115
80 117
80 118
80 122
80 125
80 126
80 127
80 129
80 130
80 133
80 134
80 135
80 136
80 137
80 138
80 139
80 141
80 142
80 146
80 147
80 149
80 150
80 151
80 158
80 159
80 160
81 83
81 93
81 94
81 99
81 101
81 102
81 104
81 106
81 108
81 109
81 110
81 111
81 112
81 118
81 125
81 130
81 133
81 134
81 135
81 137
81 142
81 146
81 147
81 151
81 154
81 157
81 158
81 161
82 84
82 86
82 89
82 93
82 98
82 109
82 110
82 111
82 114
82 117
82 118
82 120
82 129
82 131
82 145
82 147
82 150
82 151
82 154
82 157
83 87
83 88
83 89
83 91
83 94
83 97
83 100
83 101
83 106
83 107
83 114
83 115
83 117
83 119
83 122
83 126
83 129
83 130
83 131
83 133
83 134
83 138
83 139
83 141
83 142
83 146
83 151
83 153
83 154
83 157
83 161
84 85
84 86
84 87
84 88
84 89
84 90
84 91
84 95
84 96
84 99
84 101
84 102
84 106
84 108
84 109
84 110
84 111
84 113
84 114
84 115
84 117
84 118
84 119
84 120
84 122
84 125
84 126
84 129
84 130
84 131
84 132
84 133
84 134
84 141
84 142
84 146
84 147
84 149
84 150
84 151
84 152
84 154
84 155
84 157
84 158
84 159
84 161
85 91
85 94
85 95
85 97
85 108
85 110
85 114
85 115
85 117
85 122
85 124
85 125
85 128
85 130
85 131
85 134
85 137
85 139
85 142
85 145
85 148
85 150
85 151
85 152
85 153
85 154
85 157
85 158
85 159
86 89
86 90
86 91
86 97
86 101
86 106
86 111
86 113
86 114
86 115
86 116
86 118
86 119
86 125
86 129
86 131
86 137
86 138
86 140
86 142
86 146
86 147
86 150
86 151
86 152
86 154
86 156
86 157
86 159
86 161
87 88
87 89
87 90
87 92
87 94
87 99
87 100
87 101
87 102
87 103
87 105
87 106
87 107
87 108
87 111
87 112
87 113
87 114
87 117
87 118
87 119
87 125
87 128
87 129
87 130
87 131
87 132
87 133
87 134
87 135
87 138
87 139
87 140
87 141
87 145
87 146
87 147
87 149
87 150
87 151
87 152
87 153
87 154
87 161
88 89
88 91
88 94
88 95
88 96
88 97
88 101
88 105
88 108
88 109
88 112
88 113
88 115
88 118
88 119
88 120
88 122
88 123
88 126
88 127
88 129
88 132
88 136
88 137
88 138
88 142
88 147
88 148
88 152
88 153
88 156
88 157
88 158
88 161
89 90
89 91
89 92
89 93
89 94
89 95
89 96
89 97
89 98
89 99
89 100
89 101
89 102
89 103
89 104
89 105
89 106
89 107
89 109
89 110
89 111
89 112
89 113
89 114
89 115
89 116
89 117
89 118
89 119
89 121
89 123
89 125
89 126
89 128
89 129
89 131
89 133
89 134
89 135
89 136
89 137
89 138
89 139
89 140
89 141
89 142
89 143
89 146
89 147
89 149
89 150
89 151
89 152
89 153
89 154
89 158
89 159
89 160
89 161
90 99
90 103
90 106
90 109
90 111
90 114
90 129
90 130
90 132
90 133
90 134
90 135
90 137
90 141
90 149
90 150
90 151
90 152
90 154
90 159
91 92
91 94
91 100
91 101
91 104
91 105
91 106
91 108
91 109
91 110
91 112
91 114
91 115
91 116
91 118
91 125
91 127
91 131
91 138
91 141
91 143
91 151
91 152
91 153
92 93
92 94
92 95
92 97
92 98
92 99
92 100
92 102
92 106
92 108
92 109
92 111
92 112
92 113
92 115
92 116
92 117
92 118
92 119
92 127
92 129
92 131
92 133
92 136
92 137
92 138
92 139
92 141
92 145
92 146
92 147
92 152
92 153
92 157
92 158
92 160
92 161
93 94
93 97
93 100
93 102
93 103
93 105
93 107
93 108
93 109
93 110
93 112
93 113
93 114
93 117
93 118
93 119
93 125
93 130
93 133
93 137
93 138
93 139
93 141
93 142
93 146
93 150
93 152
93 154
93 155
93 156
93 157
93 158
93 159
93 161
94 97
94 100
94 102
94 103
94 104
94 105
94 106
94 107
94 108
94 113
94 114
94 115
94 117
94 118
94 119
94 120
94 122
94 123
94 132
94 133
94 134
94 135
94 136
94 137
94 138
94 140
94 142
94 143
94 145
94 146
94 147
94 149
94 151
94 153
94 154
94 155
94 157
94 158
94 159
94 160
94 161
95 99
95 101
95 102
95 103
95 107
95 108
95 109
95 110
95 111
95 114
95 115
95 116
95 117
95 118
95 119
95 125
95 129
95 130
95 131
95 132
95 133
95 136
95 138
95 141
95 142
95 143
95 145
95 146
95 147
95 151
95 152
95 153
95 155
95 157
95 158
95 161
96 102
96 105
96 107
96 112
96 115
96 117
96 118
96 121
96 122
96 129
96 131
96 135
96 136
96 137
96 140
96 141
96 142
96 143
96 145
96 147
96 153
96 154
96 158
96 160
96 161
97 98
97 101
97 102
97 105
97 107
97 108
97 113
97 114
97 115
97 116
97 117
97 118
97 121
97 125
97 129
97 130
97 131
97 132
97 133
97 137
97 139
97 140
97 141
97 142
97 145
97 146
97 147
97 148
97 149
97 151
97 152
97 153
97 154
97 157
97 158
97 159
97 160
97 161
98 101
98 102
98 103
98 104
98 105
98 110
98 111
98 114
98 115
98 116
98 117
98 124
98 125
98 126
98 129
98 131
98 133
98 136
98 137
98 139
98 140
98 142
98 147
98 151
98 154
98 159
98 160
98 161
99 105
99 106
99 109
99 110
99 111
99 113
99 114
99 115
99 116
99 117
99 118
99 119
99 120
99 125
99 129
99 131
99 133
99 137
99 142
99 146
99 147
99 148
99 150
99 151
99 152
99 153
99 157
99 158
100 101
100 102
100 105
100 109
100 114
100 115
100 116
100 117
100 119
100 125
100 130
100 131
100 133
100 134
100 137
100 138
100 139
100 140
100 145
100 146
100 147
100 151
100 157
100 158
101 102
101 103
101 104
101 106
101 107
101 108
101 109
101 110
101 111
101 112
101 113
101 114
101 115
101 116
101 117
101 118
101 119
101 120
101 123
101 125
101 126
101 127
101 128
101 129
101 130
101 131
101 133
101 134
101 135
101 136
101 137
101 138
101 139
101 141
101 142
101 143
101 145
101 146
101 147
101 149
101 150
101 151
101 152
101 153
101 154
101 157
101 158
101 160
102 103
102 105
102 106
102 107
102 109
102 111
102 114
102 115
102 117
102 118
102 119
102 121
102 123
102 126
102 127
102 128
102 129
102 130
102 131
102 134
102 135
102 136
102 137
102 140
102 143
102 145
102 146
102 147
102 148
102 149
102 150
102 151
102 152
102 153
102 154
102 155
102 157
102 158
102 160
103 104
103 106
103 108
103 109
103 113
103 114
103 115
103 118
103 121
103 126
103 127
103 129
103 130
103 131
103 133
103 137
103 138
103 139
103 143
103 144
103 145
103 146
103 147
103 148
103 152
103 160
103 161
104 106
104 109
104 114
104 115
104 116
104 118
104 127
104 130
104 133
104 138
104 140
104 143
104 146
104 147
104 150
104 152
104 153
104 154
105 106
105 108
105 109
105 111
105 112
105 113
105 115
105 117
105 119
105 125
105 126
105 129
105 130
105 131
105 133
105 134
105 137
105 142
105 145
105 148
105 150
105 153
105 154
105 156
105 157
105 158
105 160
105 161
106 108
106 109
106 111
106 112
106 113
106 114
106 115
106 116
106 117
106 118
106 119
106 121
106 122
106 125
106 126
106 127
106 129
106 130
106 131
106 133
106 135
106 136
106 138
106 139
106 142
106 143
106 144
106 145
106 146
106 147
106 148
106 150
106 151
106 152
106 153
106 155
106 156
106 157
106 159
106 161
107 108
107 112
107 116
107 118
107 122
107 123
107 125
107 128
107 130
107 131
107 133
107 134
107 135
107 136
107 137
107 141
107 142
107 147
107 148
107 149
107 150
107 151
107 154
107 157
107 158
107 159
107 161
108 109
108 110
108 111
108 113
108 114
108 115
108 116
108 117
108 118
108 124
108 125
108 127
108 129
108 131
108 132
108 133
108 134
108 137
108 138
108 139
108 142
108 143
108 145
108 146
108 147
108 149
108 151
108 152
108 154
108 159
108 160
108 161
109 110
109 112
109 113
109 114
109 115
109 117
109 119
109 123
109 125
109 127
109 128
109 130
109 131
109 133
109 137
109 138
109 140
109 141
109 142
109 146
109 147
109 149
109 150
109 151
109 153
109 154
109 156
109 159
110 113
110 115
110 122
110 128
110 134
110 137
110 149
110 151
110 152
110 157
110 158
110 161
111 112
111 113
111 114
111 115
111 117
111 118
111 120
111 127
111 128
111 129
111 130
111 131
111 133
111 134
111 136
111 137
111 138
111 139
111 140
111 142
111 145
111 146
111 147
111 150
111 152
111 154
111 158
111 159
111 160
111 161
112 113
112 114
112 116
112 117
112 118
112 122
112 125
112 131
112 133
112 134
112 137
112 138
112 139
112 140
112 141
112 142
112 143
112 145
112 146
112 147
112 148
112 150
112 151
112 152
112 153
112 154
112 156
112 157
112 158
112 159
112 161
113 114
113 115
113 116
113 118
113 121
113 123
113 125
113 126
113 127
113 129
113 131
113 132
113 133
113 137
113 138
113 140
113 141
113 142
113 143
113 146
113 147
113 149
113 150
113 152
113 153
113 154
113 156
113 157
113 158
113 159
113 161
114 115
114 116
114 117
114 118
114 119
114 121
114 123
114 125
114 126
114 128
114 130
114 131
114 133
114 134
114 137
114 138
114 141
114 142
114 144
114 146
114 148
114 149
114 150
114 151
114 153
114 154
114 155
114 156
114 157
114 158
114 160
114 161
115 116
115 117
115 118
115 120
115 122
115 125
115 126
115 127
115 129
115 131
115 133
115 134
115 136
115 137
115 138
115 139
115 140
115 141
115 142
115 146
115 147
115 148
115 149
115 150
115 152
115 153
115 155
115 159
115 160
115 161
116 117
116 121
116 122
116 129
116 130
116 133
116 134
116 136
116 137
116 138
116 142
116 143
116 146
116 147
116 151
116 152
116 153
116 155
116 156
116 158
116 160
116 161
117 118
117 119
117 126
117 130
117 131
117 133
117 134
117 135
117 137
117 138
117 140
117 141
117 142
117 146
117 147
117 148
117 150
117 152
117 153
117 154
117 155
117 157
117 159
117 160
117 161
118 122
118 124
118 125
118 126
118 128
118 129
118 130
118 133
118 134
118 135
118 136
118 138
118 139
118 140
118 141
118 142
118 144
118 145
118 146
118 147
118 149
118 150
118 152
118 153
118 154
118 155
118 157
118 158
119 120
119 129
119 133
119 134
119 135
119 136
119 139
119 142
119 143
119 147
119 151
119 152
119 153
119 161
120 121
120 125
120 131
120 138
120 142
120 145
120 150
120 151
120 153
120 154
121 125
121 126
121 129
121 134
121 138
121 153
122 125
122 130
122 131
122 133
122 142
122 146
122 154
122 158
122 160
123 125
123 129
123 131
123 135
123 138
123 141
123 152
123 154
124 129
124 130
124 133
124 137
124 138
124 139
124 147
124 150
124 153
125 126
125 127
125 129
125 130
125 131
125 133
125 134
125 136
125 141
125 142
125 145
125 146
125 147
125 148
125 149
125 150
125 151
125 152
125 154
125 157
125 158
125 159
126 128
126 130
126 131
126 133
126 137
126 140
126 144
126 147
126 154
126 157
126 158
126 159
126 161
127 128
127 129
127 133
127 138
127 139
127 142
127 149
127 150
127 151
127 160
128 129
128 130
128 131
128 133
128 137
128 138
128 142
128 144
128 147
128 151
128 154
128 157
128 158
129 130
129 131
129 132
129 133
129 134
129 135
129 136
129 138
129 139
129 140
129 141
129 142
129 143
129 144
129 146
129 147
129 149
129 151
129 152
129 153
129 154
129 157
129 158
129 159
129 161
130 131
130 133
130 134
130 135
130 141
130 142
130 143
130 144
130 146
130 150
130 152
130 153
130 154
130 155
130 157
130 158
131 133
131 134
131 135
131 137
131 138
131 139
131 140
131 141
131 142
131 145
131 146
131 147
131 150
131 151
131 152
131 153
131 154
131 159
131 161
132 140
132 145
132 146
132 148
132 155
132 157
133 134
133 137
133 138
133 139
133 140
133 141
133 142
133 146
133 147
133 148
133 149
133 150
133 151
133 152
133 153
133 154
133 155
133 157
133 158
133 159
133 161
134 135
134 136
134 137
134 138
134 139
134 140
134 142
134 143
134 144
134 146
134 149
134 150
134 151
134 152
134 153
134 154
134 157
134 158
134 159
134 160
134 161
135 137
135 138
135 139
135 141
135 142
135 144
135 145
135 147
135 148
135 152
135 154
135 155
135 158
135 159
135 160
136 137
136 138
136 139
136 147
136 150
136 151
136 152
136 160
137 138
137 139
137 140
137 144
137 145
137 146
137 147
137 148
137 149
137 150
137 151
137 152
137 153
137 154
137 156
137 157
137 158
137 159
137 160
137 161
138 139
138 140
138 141
138 142
138 143
138 146
138 147
138 148
138 149
138 150
138 151
138 152
138 153
138 154
138 156
138 157
138 158
138 159
138 160
138 161
139 147
139 151
139 152
139 154
139 157
139 159
140 146
140 158
140 161
141 142
141 146
141 147
141 150
141 151
141 154
141 157
141 158
141 161
142 144
142 145
142 146
142 147
142 149
142 150
142 151
142 152
142 153
142 154
142 155
142 156
142 159
142 161
143 147
143 148
143 149
143 150
143 152
143 153
143 154
143 157
143 158
143 159
143 161
144 154
144 157
145 146
145 147
145 151
145 152
145 154
145 158
145 159
145 161
146 147
146 149
146 151
146 152
146 154
146 155
146 157
146 161
147 149
147 150
147 151
147 152
147 154
147 157
147 158
147 159
147 160
148 150
148 152
148 154
148 157
148 158
148 159
149 151
149 152
149 155
150 151
150 152
150 153
150 157
150 158
150 161
151 152
151 153
151 154
151 155
151 157
151 158
151 161
152 153
152 154
152 155
152 156
152 157
152 158
152 161
153 154
153 155
153 160
153 161
154 157
154 158
154 159
154 160
154 161
155 156
155 157
155 158
155 161
156 158
156 159
157 158
157 159
157 161
158 159
158 160
158 161
