0 4
0 7
0 11
0 14
0 19
0 21
0 23
0 25
0 27
0 30
0 31
0 34
0 35
0 36
0 38
0 43
0 44
0 45
0 47
0 49
0 52
0 54
0 56
0 58
0 59
0 61
0 63
0 64
0 65
0 67
0 68
0 70
0 71
0 74
0 75
0 77
0 84
0 89
0 90
0 91
0 93
0 94
0 97
0 99
0 100
0 102
0 106
0 107
0 109
0 110
0 112
0 114
0 118
0 124
0 127
0 128
0 129
0 133
0 134
0 138
0 141
0 142
0 150
0 151
0 152
0 153
0 154
0 157
0 158
1 4
1 11
1 14
1 21
1 23
1 24
1 31
1 34
1 35
1 36
1 40
1 42
1 43
1 49
1 50
1 51
1 52
1 54
1 56
1 57
1 58
1 62
1 64
1 65
1 66
1 67
1 68
1 69
1 70
1 72
1 73
1 74
1 77
1 80
1 82
1 83
1 93
1 97
1 98
1 99
1 102
1 104
1 108
1 109
1 114
1 116
1 118
1 126
1 127
1 129
1 133
1 134
1 138
1 139
1 140
1 141
1 142
1 143
1 147
1 151
1 152
1 154
1 157
1 158
1 159
1 160
2 3
2 4
2 7
2 10
2 12
2 14
2 21
2 25
2 27
2 29
2 30
2 32
2 38
2 39
2 42
2 46
2 51
2 53
2 54
2 56
2 58
2 61
2 62
2 63
2 64
2 65
2 66
2 67
2 68
2 69
2 71
2 72
2 74
2 75
2 77
2 83
2 86
2 87
2 94
2 96
2 102
2 107
2 108
2 114
2 115
2 125
2 126
2 134
2 139
2 141
2 142
2 145
2 151
2 152
2 155
3 4
3 6
3 14
3 16
3 19
3 25
3 27
3 29
3 31
3 32
3 37
3 38
3 39
3 40
3 44
3 45
3 49
3 51
3 53
3 65
3 66
3 69
3 70
3 71
3 84
3 88
3 89
3 90
3 95
3 97
3 98
3 101
3 102
3 105
3 106
3 108
3 112
3 115
3 116
3 117
3 126
3 132
3 133
3 139
3 142
3 143
3 149
3 150
3 151
3 152
3 157
3 158
3 160
3 161
4 6
4 7
4 8
4 9
4 10
4 11
4 13
4 14
4 15
4 19
4 21
4 23
4 24
4 26
4 28
4 29
4 31
4 32
4 35
4 36
4 37
4 38
4 40
4 41
4 43
4 44
4 45
4 46
4 48
4 50
4 51
4 52
4 54
4 55
4 56
4 58
4 59
4 61
4 64
4 65
4 66
4 67
4 68
4 69
4 70
4 71
4 72
4 73
4 74
4 75
4 77
4 79
4 80
4 82
4 83
4 85
4 87
4 88
4 89
4 90
4 93
4 94
4 96
4 97
4 99
4 102
4 105
4 108
4 109
4 110
4 112
4 113
4 114
4 115
4 117
4 118
4 119
4 121
4 122
4 125
4 129
4 130
4 131
4 133
4 135
4 136
4 137
4 139
4 140
4 141
4 143
4 146
4 147
4 148
4 150
4 151
4 152
4 153
4 155
4 157
4 158
4 159
4 161
5 12
5 13
5 14
5 15
5 16
5 17
5 19
5 26
5 31
5 32
5 35
5 39
5 53
5 55
5 56
5 58
5 63
5 71
5 73
5 75
5 79
5 80
5 83
5 85
5 88
5 89
5 94
5 98
5 100
5 103
5 109
5 113
5 115
5 117
5 119
5 125
5 129
5 134
5 139
5 146
5 152
5 157
6 9
6 10
6 11
6 12
6 14
6 16
6 17
6 18
6 19
6 21
6 22
6 24
6 26
6 27
6 28
6 29
6 30
6 31
6 32
6 33
6 34
6 35
6 36
6 38
6 40
6 42
6 43
6 44
6 45
6 46
6 48
6 49
6 50
6 51
6 52
6 53
6 54
6 55
6 56
6 58
6 62
6 63
6 64
6 65
6 66
6 67
6 69
6 70
6 71
6 72
6 73
6 74
6 75
6 76
6 79
6 80
6 82
6 83
6 86
6 88
6 89
6 91
6 92
6 93
6 94
6 95
6 96
6 97
6 98
6 99
6 100
6 101
6 102
6 103
6 104
6 105
6 106
6 107
6 108
6 109
6 111
6 112
6 113
6 114
6 115
6 116
6 117
6 118
6 121
6 122
6 124
6 125
6 127
6 129
6 130
6 131
6 132
6 133
6 134
6 135
6 137
6 138
6 140
6 141
6 142
6 143
6 144
6 145
6 147
6 148
6 150
6 151
6 152
6 153
6 154
6 155
6 157
6 158
6 159
6 160
7 8
7 9
7 10
7 11
7 12
7 13
7 14
7 18
7 19
7 20
7 24
7 25
7 26
7 27
7 30
7 31
7 32
7 33
7 35
7 37
7 38
7 39
7 40
7 43
7 45
7 49
7 50
7 51
7 52
7 53
7 54
7 55
7 56
7 57
7 58
7 62
7 64
7 65
7 66
7 67
7 69
7 71
7 72
7 73
7 74
7 79
7 82
7 84
7 86
7 88
7 89
7 91
7 92
7 93
7 94
7 96
7 97
7 98
7 99
7 101
7 102
7 103
7 104
7 105
7 106
7 107
7 109
7 115
7 116
7 117
7 118
7 122
7 123
7 125
7 126
7 130
7 131
7 133
7 135
7 137
7 138
7 140
7 142
7 143
7 147
7 149
7 150
7 152
7 154
7 157
7 158
7 160
8 19
8 20
8 21
8 23
8 26
8 32
8 36
8 38
8 39
8 45
8 51
8 53
8 54
8 56
8 59
8 64
8 65
8 68
8 69
8 70
8 72
8 74
8 77
8 79
8 82
8 83
8 85
8 94
8 102
8 105
8 119
8 123
8 125
8 127
8 129
8 130
8 135
8 137
8 138
8 150
9 14
9 16
9 19
9 20
9 21
9 26
9 27
9 29
9 30
9 31
9 34
9 35
9 36
9 38
9 39
9 40
9 42
9 44
9 49
9 50
9 52
9 54
9 56
9 59
9 62
9 64
9 65
9 66
9 67
9 68
9 69
9 70
9 71
9 72
9 73
9 74
9 77
9 79
9 83
9 87
9 89
9 93
9 94
9 95
9 96
9 97
9 98
9 101
9 102
9 106
9 108
9 109
9 111
9 113
9 115
9 117
9 118
9 125
9 130
9 131
9 133
9 134
9 135
9 136
9 138
9 140
9 142
9 149
9 151
9 152
9 153
9 158
10 11
10 13
10 16
10 19
10 21
10 23
10 26
10 27
10 29
10 30
10 35
10 37
10 38
10 40
10 43
10 44
10 45
10 49
10 51
10 53
10 54
10 55
10 56
10 62
10 63
10 64
10 66
10 67
10 68
10 72
10 73
10 75
10 76
10 79
10 83
10 86
10 87
10 88
10 89
10 91
10 92
10 93
10 94
10 95
10 102
10 106
10 107
10 109
10 111
10 112
10 113
10 114
10 118
10 125
10 126
10 128
10 129
10 131
10 133
10 134
10 135
10 136
10 139
10 142
10 145
10 147
10 148
10 150
10 151
10 152
10 153
10 154
10 157
10 160
10 161
11 12
11 13
11 20
11 21
11 23
11 26
11 30
11 31
11 34
11 35
11 36
11 37
11 38
11 39
11 40
11 43
11 45
11 48
11 49
11 50
11 51
11 53
11 54
11 55
11 56
11 57
11 62
11 65
11 66
11 67
11 68
11 69
11 70
11 71
11 72
11 73
11 75
11 76
11 77
11 78
11 79
11 80
11 84
11 85
11 91
11 92
11 94
11 95
11 96
11 101
11 103
11 104
11 105
11 106
11 107
11 108
11 109
11 114
11 115
11 116
11 118
11 120
11 124
11 126
11 128
11 130
11 131
11 133
11 134
11 135
11 137
11 138
11 139
11 141
11 142
11 143
11 145
11 146
11 147
11 150
11 151
11 152
11 154
11 155
11 158
11 160
12 20
12 21
12 25
12 26
12 28
12 30
12 31
12 32
12 38
12 42
12 46
12 48
12 49
12 51
12 54
12 56
12 58
12 60
12 61
12 63
12 65
12 68
12 71
12 72
12 74
12 78
12 79
12 80
12 93
12 94
12 98
12 99
12 101
12 103
12 106
12 107
12 108
12 109
12 110
12 111
12 113
12 114
12 115
12 117
12 118
12 120
12 123
12 129
12 131
12 133
12 134
12 135
12 136
12 137
12 143
12 147
12 152
12 154
12 155
12 156
12 157
12 158
12 160
12 161
13 14
13 18
13 19
13 20
13 21
13 23
13 25
13 26
13 29
13 30
13 31
13 34
13 35
13 36
13 39
13 42
13 45
13 49
13 52
13 54
13 56
13 57
13 64
13 65
13 67
13 68
13 72
13 73
13 74
13 75
13 76
13 77
13 79
13 84
13 94
13 96
13 97
13 102
13 103
13 104
13 105
13 106
13 108
13 109
13 112
13 113
13 114
13 126
13 128
13 129
13 134
13 136
13 137
13 139
13 146
13 147
13 150
13 155
13 161
14 15
14 18
14 19
14 20
14 21
14 22
14 23
14 24
14 25
14 27
14 28
14 30
14 31
14 32
14 35
14 37
14 39
14 40
14 41
14 42
14 43
14 45
14 46
14 48
14 49
14 50
14 51
14 52
14 53
14 54
14 55
14 56
14 58
14 59
14 64
14 65
14 66
14 67
14 68
14 70
14 71
14 72
14 74
14 75
14 77
14 79
14 80
14 83
14 85
14 86
14 87
14 88
14 89
14 90
14 91
14 92
14 93
14 94
14 95
14 96
14 97
14 99
14 100
14 101
14 102
14 104
14 105
14 108
14 109
14 111
14 112
14 114
14 115
14 117
14 118
14 123
14 124
14 125
14 126
14 128
14 130
14 131
14 132
14 133
14 135
14 136
14 138
14 139
14 140
14 141
14 142
14 143
14 145
14 146
14 147
14 150
14 151
14 152
14 153
14 154
14 155
14 157
14 158
14 159
14 160
14 161
15 18
15 21
15 28
15 30
15 32
15 36
15 38
15 39
15 40
15 44
15 45
15 49
15 55
15 65
15 67
15 68
15 70
15 71
15 74
15 76
15 88
15 92
15 101
15 102
15 103
15 106
15 108
15 111
15 112
15 114
15 115
15 116
15 117
15 118
15 127
15 128
15 129
15 130
15 133
15 134
15 139
15 141
15 142
15 147
15 149
15 150
15 151
15 152
15 158
15 160
16 20
16 21
16 28
16 31
16 33
16 34
16 35
16 39
16 40
16 42
16 45
16 46
16 49
16 50
16 51
16 54
16 56
16 57
16 67
16 69
16 71
16 72
16 73
16 79
16 80
16 82
16 89
16 92
16 95
16 96
16 101
16 104
16 112
16 113
16 114
16 115
16 117
16 118
16 125
16 133
16 137
16 145
16 146
16 152
16 153
16 157
16 159
17 18
17 21
17 27
17 28
17 31
17 34
17 37
17 38
17 46
17 49
17 53
17 54
17 56
17 63
17 70
17 71
17 72
17 75
17 80
17 87
17 91
17 103
17 106
17 108
17 109
17 112
17 113
17 114
17 117
17 127
17 133
17 137
17 148
17 152
17 158
17 160
18 19
18 25
18 26
18 30
18 32
18 35
18 42
18 44
18 45
18 46
18 49
18 52
18 54
18 56
18 57
18 58
18 61
18 62
18 64
18 65
18 66
18 67
18 68
18 70
18 72
18 73
18 74
18 77
18 79
18 80
18 84
18 86
18 89
18 93
18 94
18 102
18 105
18 107
18 108
18 109
18 111
18 112
18 115
18 117
18 119
18 128
18 129
18 131
18 134
18 136
18 137
18 143
18 148
18 151
18 152
18 153
18 154
18 155
18 157
18 158
18 159
18 161
19 21
19 25
19 26
19 27
19 28
19 29
19 31
19 32
19 33
19 34
19 36
19 37
19 40
19 41
19 44
19 45
19 46
19 48
19 50
19 51
19 52
19 54
19 56
19 58
19 59
19 62
19 64
19 65
19 67
19 68
19 69
19 71
19 72
19 73
19 74
19 75
19 76
19 77
19 78
19 80
19 81
19 82
19 84
19 86
19 87
19 88
19 89
19 90
19 91
19 92
19 93
19 94
19 95
19 96
19 97
19 98
19 101
19 102
19 103
19 105
19 106
19 109
19 112
19 113
19 114
19 115
19 116
19 118
19 119
19 122
19 125
19 128
19 129
19 130
19 131
19 133
19 134
19 137
19 138
19 139
19 141
19 142
19 145
19 146
19 150
19 151
19 153
19 154
19 155
19 156
19 157
19 158
19 159
20 31
20 32
20 34
20 35
20 38
20 39
20 40
20 42
20 53
20 54
20 56
20 58
20 63
20 64
20 67
20 71
20 72
20 74
20 79
20 85
20 87
20 88
20 91
20 93
20 94
20 101
20 102
20 117
20 118
20 131
20 132
20 133
20 135
20 137
20 151
20 153
20 158
20 160
21 24
21 26
21 29
21 30
21 31
21 33
21 35
21 36
21 38
21 40
21 41
21 44
21 45
21 50
21 51
21 53
21 54
21 57
21 58
21 59
21 61
21 62
21 64
21 65
21 66
21 67
21 68
21 69
21 70
21 71
21 73
21 74
21 77
21 79
21 80
21 86
21 87
21 89
21 93
21 94
21 96
21 97
21 98
21 99
21 100
21 101
21 105
21 108
21 110
21 112
21 113
21 114
21 115
21 118
21 119
21 122
21 124
21 125
21 128
21 129
21 130
21 131
21 132
21 138
21 139
21 140
21 141
21 142
21 145
21 147
21 150
21 151
21 152
21 153
21 154
21 155
21 156
21 157
21 158
21 159
21 161
22 23
22 26
22 30
22 31
22 32
22 34
22 38
22 40
22 44
22 45
22 46
22 50
22 51
22 53
22 54
22 56
22 59
22 63
22 67
22 69
22 70
22 72
22 77
22 87
22 95
22 98
22 100
22 101
22 102
22 109
22 110
22 112
22 115
22 117
22 118
22 125
22 128
22 131
22 134
22 139
22 144
22 145
22 146
22 148
22 149
22 152
22 153
22 154
22 158
23 25
23 26
23 27
23 31
23 35
23 37
23 40
23 44
23 49
23 51
23 54
23 58
23 62
23 63
23 67
23 70
23 71
23 72
23 77
23 82
23 89
23 97
23 105
23 108
23 109
23 113
23 117
23 118
23 120
23 125
23 129
23 133
23 137
23 138
23 142
23 147
23 151
23 152
23 157
23 160
24 28
24 31
24 35
24 40
24 51
24 54
24 55
24 59
24 64
24 65
24 67
24 70
24 74
24 76
24 79
24 84
24 87
24 88
24 89
24 91
24 104
24 106
24 108
24 112
24 115
24 118
24 119
24 126
24 127
24 131
24 138
24 139
24 146
24 147
24 149
24 152
24 157
25 26
25 28
25 29
25 31
25 32
25 34
25 36
25 39
25 45
25 49
25 51
25 52
25 54
25 55
25 56
25 58
25 65
25 68
25 72
25 74
25 75
25 79
25 80
25 81
25 83
25 84
25 85
25 87
25 89
25 91
25 94
25 95
25 97
25 98
25 100
25 101
25 103
25 105
25 106
25 107
25 109
25 111
25 113
25 114
25 115
25 117
25 118
25 124
25 125
25 126
25 127
25 129
25 130
25 131
25 133
25 134
25 135
25 137
25 140
25 142
25 146
25 147
25 148
25 151
25 153
25 154
25 155
25 157
25 159
25 161
26 28
26 29
26 30
26 31
26 32
26 33
26 34
26 35
26 36
26 38
26 43
26 44
26 45
26 46
26 47
26 49
26 51
26 52
26 54
26 56
26 57
26 58
26 59
26 61
26 62
26 64
26 65
26 66
26 67
26 68
26 69
26 70
26 71
26 72
26 73
26 74
26 76
26 79
26 80
26 82
26 84
26 86
26 87
26 88
26 89
26 91
26 94
26 95
26 96
26 99
26 100
26 101
26 102
26 103
26 104
26 106
26 107
26 108
26 110
26 112
26 113
26 114
26 115
26 116
26 117
26 120
26 122
26 123
26 125
26 126
26 127
26 128
26 129
26 130
26 131
26 133
26 134
26 135
26 136
26 137
26 138
26 139
26 140
26 141
26 142
26 144
26 147
26 148
26 149
26 150
26 151
26 152
26 153
26 154
26 156
26 157
26 158
27 32
27 45
27 49
27 51
27 58
27 61
27 65
27 67
27 69
27 70
27 74
27 81
27 82
27 84
27 94
27 100
27 102
27 109
27 111
27 112
27 117
27 125
27 128
27 130
27 137
27 139
27 142
27 151
28 33
28 34
28 36
28 39
28 40
28 43
28 44
28 47
28 51
28 54
28 59
28 64
28 66
28 67
28 68
28 70
28 71
28 72
28 74
28 75
28 79
28 84
28 85
28 86
28 89
28 92
28 98
28 99
28 101
28 102
28 106
28 108
28 111
28 114
28 118
28 130
28 131
28 136
28 140
28 145
28 146
28 151
28 153
28 159
28 161
29 32
29 33
29 36
29 37
29 38
29 39
29 43
29 44
29 45
29 49
29 50
29 54
29 56
29 58
29 62
29 63
29 64
29 65
29 66
29 67
29 68
29 69
29 70
29 71
29 72
29 76
29 77
29 79
29 80
29 81
29 93
29 94
29 97
29 99
29 101
29 105
29 108
29 111
29 112
29 118
29 119
29 125
29 131
29 133
29 137
29 138
29 146
29 147
29 152
29 153
29 157
29 158
29 160
29 161
30 31
30 34
30 35
30 36
30 38
30 39
30 40
30 42
30 43
30 44
30 45
30 46
30 47
30 49
30 50
30 51
30 52
30 54
30 55
30 56
30 58
30 62
30 63
30 65
30 66
30 67
30 68
30 70
30 72
30 73
30 74
30 75
30 76
30 79
30 80
30 82
30 83
30 88
30 89
30 90
30 91
30 92
30 93
30 94
30 95
30 97
30 98
30 101
30 102
30 106
30 107
30 108
30 109
30 113
30 114
30 115
30 116
30 117
30 118
30 119
30 120
30 124
30 126
30 127
30 129
30 130
30 131
30 132
30 134
30 135
30 137
30 139
30 141
30 142
30 143
30 145
30 146
30 147
30 151
30 152
30 153
30 154
30 156
30 157
30 160
30 161
31 32
31 33
31 34
31 35
31 36
31 37
31 38
31 39
31 40
31 42
31 43
31 44
31 45
31 48
31 49
31 51
31 52
31 54
31 55
31 56
31 59
31 60
31 62
31 63
31 64
31 65
31 66
31 67
31 68
31 69
31 70
31 71
31 72
31 74
31 76
31 79
31 80
31 81
31 82
31 83
31 84
31 86
31 87
31 88
31 89
31 90
31 91
31 92
31 93
31 96
31 97
31 98
31 99
31 101
31 104
31 105
31 106
31 107
31 108
31 109
31 111
31 112
31 113
31 115
31 116
31 117
31 118
31 122
31 126
31 127
31 129
31 130
31 131
31 134
31 135
31 136
31 137
31 138
31 139
31 140
31 141
31 142
31 144
31 145
31 146
31 147
31 148
31 150
31 151
31 152
31 153
31 154
31 155
31 157
31 158
31 159
31 161
32 34
32 35
32 36
32 38
32 39
32 41
32 42
32 43
32 44
32 45
32 46
32 48
32 49
32 51
32 53
32 54
32 56
32 59
32 63
32 64
32 65
32 66
32 67
32 68
32 69
32 70
32 72
32 73
32 74
32 75
32 76
32 77
32 81
32 82
32 83
32 84
32 87
32 90
32 92
32 93
32 95
32 97
32 98
32 99
32 101
32 104
32 106
32 109
32 114
32 115
32 117
32 118
32 119
32 121
32 122
32 123
32 125
32 126
32 127
32 129
32 130
32 131
32 133
32 137
32 138
32 139
32 142
32 143
32 147
32 150
32 151
32 154
32 157
32 158
32 159
32 161
33 36
33 38
33 40
33 45
33 50
33 51
33 54
33 59
33 62
33 64
33 68
33 69
33 75
33 77
33 78
33 82
33 83
33 84
33 89
33 92
33 93
33 94
33 97
33 102
33 105
33 112
33 114
33 117
33 118
33 125
33 126
33 127
33 129
33 130
33 131
33 134
33 135
33 137
33 142
33 146
33 152
33 154
33 159
33 160
34 35
34 40
34 44
34 50
34 52
34 54
34 56
34 57
34 64
34 66
34 67
34 72
34 76
34 80
34 88
34 89
34 90
34 91
34 94
34 95
34 106
34 108
34 109
34 112
34 115
34 117
34 119
34 128
34 133
34 134
34 137
34 138
34 143
34 149
34 150
34 153
34 154
34 157
34 158
34 159
34 160
34 161
35 38
35 39
35 40
35 42
35 44
35 45
35 46
35 48
35 49
35 51
35 54
35 55
35 56
35 59
35 61
35 62
35 64
35 66
35 67
35 68
35 69
35 70
35 71
35 72
35 74
35 75
35 76
35 77
35 79
35 82
35 83
35 84
35 86
35 88
35 89
35 91
35 93
35 94
35 95
35 96
35 99
35 101
35 102
35 103
35 106
35 109
35 110
35 112
35 113
35 114
35 115
35 116
35 117
35 118
35 121
35 124
35 125
35 126
35 127
35 131
35 132
35 133
35 134
35 136
35 138
35 139
35 141
35 142
35 146
35 147
35 148
35 149
35 150
35 151
35 152
35 154
35 157
35 158
35 159
35 161
36 38
36 40
36 43
36 44
36 45
36 46
36 49
36 51
36 54
36 55
36 56
36 57
36 58
36 59
36 61
36 62
36 63
36 64
36 65
36 67
36 68
36 72
36 77
36 78
36 80
36 86
36 88
36 94
36 95
36 97
36 99
36 100
36 102
36 103
36 106
36 108
36 114
36 116
36 117
36 118
36 121
36 123
36 125
36 127
36 128
36 129
36 131
36 133
36 136
36 137
36 138
36 139
36 143
36 145
36 147
36 150
36 153
36 154
36 157
36 158
36 159
36 161
37 38
37 39
37 40
37 43
37 44
37 45
37 51
37 52
37 54
37 55
37 58
37 65
37 66
37 72
37 74
37 75
37 77
37 79
37 87
37 88
37 89
37 91
37 92
37 93
37 94
37 95
37 101
37 102
37 105
37 106
37 109
37 112
37 114
37 115
37 117
37 118
37 124
37 126
37 127
37 129
37 130
37 131
37 133
37 135
37 137
37 138
37 141
37 142
37 152
37 153
37 154
37 155
37 157
37 158
38 40
38 42
38 43
38 44
38 45
38 46
38 49
38 50
38 51
38 52
38 54
38 61
38 63
38 64
38 65
38 66
38 67
38 69
38 70
38 71
38 72
38 73
38 74
38 75
38 78
38 79
38 84
38 85
38 86
38 87
38 88
38 89
38 93
38 98
38 100
38 101
38 102
38 105
38 106
38 107
38 108
38 109
38 112
38 114
38 115
38 117
38 121
38 124
38 126
38 127
38 129
38 133
38 134
38 136
38 137
38 138
38 139
38 140
38 141
38 142
38 145
38 146
38 147
38 149
38 151
38 152
38 153
38 154
38 158
38 161
39 40
39 43
39 44
39 49
39 50
39 51
39 52
39 56
39 57
39 58
39 64
39 67
39 69
39 71
39 72
39 74
39 77
39 79
39 82
39 83
39 86
39 87
39 88
39 89
39 92
39 93
39 97
39 98
39 101
39 102
39 104
39 106
39 108
39 110
39 111
39 112
39 113
39 114
39 115
39 117
39 121
39 122
39 126
39 131
39 133
39 134
39 137
39 138
39 141
39 143
39 145
39 146
39 147
39 150
39 151
39 153
39 154
39 155
39 158
39 159
40 42
40 43
40 44
40 45
40 46
40 47
40 48
40 49
40 50
40 53
40 54
40 55
40 56
40 57
40 58
40 59
40 61
40 62
40 63
40 65
40 67
40 68
40 70
40 71
40 73
40 75
40 79
40 80
40 83
40 84
40 87
40 88
40 89
40 90
40 91
40 92
40 93
40 94
40 97
40 98
40 99
40 100
40 101
40 102
40 103
40 104
40 105
40 107
40 108
40 109
40 113
40 114
40 115
40 117
40 118
40 124
40 125
40 127
40 128
40 129
40 130
40 131
40 132
40 133
40 136
40 137
40 138
40 139
40 140
40 141
40 142
40 143
40 145
40 146
40 147
40 148
40 149
40 150
40 151
40 152
40 154
40 155
40 157
40 158
40 160
41 43
41 58
41 61
41 64
41 70
41 72
41 74
41 75
41 78
41 81
41 87
41 98
41 100
41 106
41 108
41 109
41 117
41 118
41 125
41 129
41 131
41 133
41 137
41 142
41 144
41 146
41 152
41 153
41 154
42 43
42 44
42 45
42 47
42 49
42 51
42 52
42 54
42 56
42 58
42 61
42 63
42 64
42 65
42 67
42 69
42 70
42 72
42 73
42 74
42 75
42 77
42 78
42 80
42 84
42 87
42 88
42 91
42 95
42 97
42 101
42 102
42 106
42 108
42 114
42 116
42 117
42 118
42 121
42 125
42 126
42 129
42 133
42 135
42 137
42 138
42 141
42 143
42 146
42 147
42 151
42 154
42 157
42 159
43 45
43 48
43 49
43 50
43 51
43 53
43 54
43 64
43 69
43 70
43 72
43 73
43 74
43 76
43 77
43 79
43 80
43 82
43 85
43 89
43 93
43 94
43 98
43 102
43 106
43 107
43 108
43 109
43 111
43 112
43 113
43 114
43 115
43 117
43 120
43 125
43 126
43 128
43 131
43 132
43 133
43 134
43 139
43 140
43 143
43 144
43 146
43 147
43 151
43 152
43 155
43 156
43 157
43 159
43 161
44 45
44 46
44 47
44 49
44 51
44 52
44 53
44 54
44 55
44 56
44 62
44 64
44 65
44 66
44 67
44 68
44 69
44 70
44 71
44 72
44 73
44 74
44 75
44 77
44 78
44 79
44 80
44 81
44 82
44 83
44 84
44 89
44 91
44 93
44 94
44 95
44 98
44 99
44 101
44 102
44 103
44 106
44 107
44 108
44 109
44 113
44 114
44 115
44 116
44 117
44 118
44 119
44 121
44 125
44 126
44 129
44 131
44 133
44 136
44 138
44 139
44 142
44 143
44 147
44 150
44 151
44 152
44 153
44 154
44 155
44 156
44 158
44 160
44 161
45 46
45 47
45 48
45 49
45 51
45 54
45 55
45 58
45 59
45 64
45 65
45 66
45 67
45 68
45 69
45 70
45 71
45 72
45 73
45 74
45 75
45 76
45 77
45 79
45 80
45 82
45 83
45 84
45 86
45 87
45 89
45 90
45 92
45 93
45 94
45 98
45 99
45 100
45 101
45 102
45 103
45 105
45 106
45 107
45 108
45 109
45 110
45 111
45 113
45 115
45 116
45 118
45 120
45 121
45 124
45 125
45 126
45 127
45 128
45 129
45 131
45 132
45 134
45 135
45 136
45 137
45 138
45 139
45 140
45 143
45 145
45 146
45 152
45 153
45 154
45 155
45 157
45 158
45 161
46 49
46 50
46 51
46 54
46 55
46 56
46 58
46 59
46 60
46 63
46 64
46 68
46 70
46 71
46 72
46 73
46 75
46 77
46 80
46 83
46 84
46 85
46 87
46 88
46 89
46 94
46 95
46 96
46 97
46 98
46 100
46 101
46 102
46 104
46 105
46 106
46 107
46 109
46 113
46 115
46 116
46 117
46 118
46 125
46 126
46 129
46 133
46 134
46 137
46 138
46 139
46 141
46 142
46 146
46 147
46 150
46 151
46 152
46 154
46 161
47 61
47 66
47 72
47 79
47 87
47 96
47 97
47 100
47 102
47 106
47 116
47 117
47 128
47 129
47 133
47 139
47 148
47 152
48 51
48 58
48 59
48 63
48 64
48 65
48 67
48 68
48 70
48 72
48 74
48 76
48 79
48 80
48 86
48 87
48 89
48 107
48 114
48 115
48 117
48 119
48 124
48 130
48 138
48 149
48 150
48 152
48 153
48 154
48 158
48 159
48 161
49 51
49 52
49 54
49 55
49 56
49 57
49 58
49 59
49 60
49 61
49 65
49 67
49 68
49 69
49 70
49 71
49 72
49 73
49 74
49 75
49 77
49 78
49 79
49 80
49 81
49 82
49 83
49 84
49 85
49 88
49 89
49 90
49 91
49 92
49 94
49 97
49 101
49 102
49 103
49 104
49 106
49 108
49 109
49 111
49 112
49 113
49 114
49 116
49 117
49 118
49 120
49 123
49 124
49 125
49 127
49 129
49 130
49 131
49 132
49 133
49 134
49 135
49 137
49 139
49 141
49 142
49 143
49 144
49 145
49 146
49 147
49 149
49 150
49 151
49 152
49 154
49 155
49 156
49 160
49 161
50 51
50 53
50 54
50 55
50 56
50 58
50 62
50 63
50 64
50 65
50 66
50 67
50 68
50 69
50 70
50 71
50 72
50 74
50 75
50 79
50 83
50 85
50 87
50 88
50 89
50 91
50 101
50 106
50 107
50 108
50 109
50 110
50 111
50 115
50 117
50 125
50 128
50 131
50 137
50 138
50 139
50 143
50 147
50 148
50 149
50 151
50 152
50 154
50 155
50 157
50 160
50 161
51 53
51 54
51 55
51 56
51 57
51 58
51 59
51 60
51 61
51 64
51 65
51 66
51 67
51 68
51 69
51 70
51 72
51 76
51 79
51 80
51 82
51 84
51 86
51 87
51 89
51 90
51 91
51 93
51 94
51 95
51 97
51 98
51 99
51 101
51 102
51 103
51 105
51 106
51 108
51 109
51 112
51 113
51 114
51 115
51 116
51 117
51 118
51 119
51 121
51 124
51 125
51 126
51 128
51 129
51 131
51 134
51 135
51 136
51 137
51 138
51 139
51 141
51 142
51 143
51 144
51 145
51 146
51 147
51 148
51 149
51 150
51 151
51 152
51 154
51 158
51 159
51 160
51 161
52 54
52 55
52 56
52 58
52 61
52 64
52 65
52 66
52 67
52 68
52 69
52 70
52 71
52 72
52 74
52 75
52 77
52 78
52 79
52 80
52 84
52 86
52 87
52 88
52 89
52 90
52 91
52 94
52 99
52 101
52 102
52 103
52 104
52 105
52 106
52 107
52 108
52 111
52 114
52 115
52 117
52 118
52 120
52 122
52 125
52 128
52 129
52 130
52 133
52 136
52 137
52 138
52 139
52 140
52 142
52 145
52 146
52 147
52 148
52 151
52 153
52 154
52 157
52 158
53 54
53 56
53 59
53 60
53 63
53 65
53 66
53 70
53 72
53 73
53 74
53 76
53 82
53 85
53 89
53 92
53 94
53 95
53 98
53 100
53 101
53 102
53 103
53 106
53 108
53 113
53 114
53 117
53 118
53 125
53 126
53 130
53 134
53 137
53 142
53 147
53 148
53 150
53 151
53 153
53 154
53 158
53 160
54 56
54 58
54 60
54 61
54 62
54 63
54 64
54 65
54 66
54 67
54 69
54 70
54 71
54 72
54 73
54 74
54 75
54 77
54 78
54 79
54 83
54 85
54 86
54 88
54 89
54 91
54 92
54 93
54 94
54 95
54 97
54 98
54 99
54 101
54 102
54 103
54 105
54 106
54 107
54 108
54 109
54 111
54 112
54 114
54 117
54 118
54 119
54 122
54 123
54 125
54 126
54 127
54 130
54 131
54 134
54 136
54 137
54 138
54 139
54 140
54 141
54 142
54 146
54 147
54 149
54 150
54 151
54 152
54 153
54 154
54 155
54 157
54 158
54 159
54 161
55 56
55 57
55 58
55 59
55 60
55 64
55 65
55 66
55 71
55 73
55 74
55 75
55 77
55 79
55 84
55 86
55 88
55 89
55 91
55 92
55 94
55 97
55 99
55 100
55 101
55 102
55 105
55 106
55 112
55 113
55 114
55 117
55 118
55 119
55 122
55 128
55 129
55 131
55 132
55 133
55 134
55 136
55 137
55 138
55 140
55 141
55 142
55 143
55 147
55 151
55 152
55 154
55 155
55 157
55 160
56 58
56 59
56 60
56 61
56 63
56 64
56 65
56 66
56 67
56 69
56 70
56 71
56 72
56 74
56 76
56 77
56 78
56 79
56 80
56 82
56 83
56 84
56 87
56 88
56 89
56 90
56 91
56 92
56 94
56 95
56 97
56 98
56 101
56 104
56 106
56 107
56 108
56 109
56 110
56 111
56 112
56 115
56 117
56 118
56 119
56 124
56 125
56 126
56 127
56 128
56 129
56 130
56 131
56 132
56 133
56 134
56 137
56 138
56 140
56 142
56 145
56 146
56 147
56 148
56 149
56 151
56 152
56 153
56 154
56 155
56 156
56 157
56 159
56 160
57 67
57 70
57 71
57 72
57 79
57 80
57 82
57 83
57 84
57 89
57 91
57 92
57 93
57 94
57 95
57 97
57 101
57 104
57 105
57 107
57 112
57 125
57 130
57 131
57 132
57 133
57 136
57 138
57 142
57 146
57 150
57 151
57 156
57 157
57 159
57 160
57 161
58 61
58 63
58 64
58 65
58 68
58 69
58 70
58 72
58 74
58 77
58 78
58 79
58 80
58 83
58 85
58 88
58 89
58 91
58 92
58 93
58 94
58 95
58 96
58 99
58 101
58 104
58 105
58 106
58 107
58 108
58 109
58 114
58 115
58 116
58 118
58 125
58 127
58 128
58 129
58 130
58 131
58 134
58 135
58 137
58 138
58 145
58 146
58 149
58 150
58 151
58 152
58 153
58 154
58 155
58 157
58 158
58 159
59 60
59 61
59 62
59 64
59 67
59 68
59 72
59 74
59 77
59 79
59 83
59 86
59 87
59 88
59 93
59 100
59 101
59 102
59 105
59 112
59 113
59 114
59 127
59 129
59 130
59 131
59 132
59 134
59 137
59 138
59 139
59 142
59 144
59 146
59 147
59 149
59 150
59 151
59 152
59 153
59 157
59 158
59 159
59 161
60 65
60 66
60 68
60 71
60 75
60 80
60 95
60 98
60 106
60 112
60 113
60 117
60 130
60 132
60 138
60 140
60 142
60 149
60 152
60 153
60 154
60 160
61 62
61 64
61 65
61 68
61 69
61 71
61 72
61 74
61 75
61 77
61 79
61 82
61 83
61 84
61 87
61 89
61 92
61 99
61 101
61 102
61 103
61 106
61 114
61 117
61 118
61 119
61 122
61 124
61 127
61 128
61 129
61 130
61 134
61 135
61 137
61 138
61 144
61 145
61 147
61 148
61 149
61 150
61 151
61 153
61 154
61 157
61 158
62 64
62 65
62 66
62 67
62 68
62 69
62 70
62 71
62 74
62 75
62 78
62 79
62 82
62 83
62 84
62 85
62 86
62 89
62 91
62 98
62 100
62 106
62 108
62 112
62 114
62 117
62 118
62 125
62 126
62 129
62 131
62 133
62 134
62 135
62 137
62 138
62 140
62 141
62 142
62 146
62 151
62 160
63 64
63 66
63 67
63 68
63 69
63 70
63 72
63 73
63 76
63 77
63 79
63 80
63 83
63 84
63 85
63 87
63 92
63 94
63 100
63 101
63 102
63 105
63 106
63 107
63 109
63 110
63 114
63 115
63 117
63 120
63 125
63 127
63 129
63 133
63 134
63 136
63 137
63 138
63 139
63 142
63 146
63 147
63 150
63 151
63 152
63 153
63 154
63 156
63 157
63 159
63 161
64 65
64 66
64 67
64 68
64 69
64 70
64 71
64 72
64 73
64 74
64 76
64 77
64 80
64 83
64 84
64 85
64 86
64 87
64 88
64 89
64 90
64 91
64 92
64 94
64 95
64 96
64 97
64 98
64 100
64 101
64 102
64 104
64 105
64 106
64 107
64 108
64 109
64 111
64 112
64 113
64 114
64 117
64 118
64 119
64 120
64 122
64 123
64 125
64 128
64 130
64 131
64 132
64 133
64 134
64 136
64 137
64 138
64 140
64 141
64 142
64 144
64 145
64 146
64 147
64 148
64 149
64 150
64 151
64 152
64 153
64 154
64 155
64 156
64 157
64 158
64 159
64 160
65 66
65 67
65 68
65 69
65 70
65 71
65 72
65 74
65 75
65 76
65 77
65 79
65 80
65 81
65 82
65 83
65 84
65 85
65 87
65 89
65 91
65 92
65 93
65 94
65 95
65 96
65 97
65 98
65 99
65 100
65 101
65 103
65 107
65 108
65 109
65 111
65 114
65 115
65 117
65 120
65 122
65 124
65 126
65 128
65 129
65 130
65 131
65 133
65 134
65 135
65 137
65 138
65 139
65 142
65 143
65 145
65 147
65 148
65 149
65 150
65 151
65 152
65 154
65 155
65 156
65 157
65 158
65 161
66 67
66 69
66 70
66 71
66 73
66 74
66 76
66 77
66 80
66 81
66 82
66 84
66 86
66 89
66 90
66 92
66 97
66 98
66 99
66 100
66 101
66 102
66 105
66 106
66 107
66 108
66 109
66 114
66 115
66 117
66 118
66 125
66 126
66 128
66 129
66 130
66 133
66 134
66 139
66 141
66 142
66 143
66 145
66 146
66 147
66 148
66 149
66 151
66 152
66 153
66 154
66 155
66 157
66 158
66 160
67 68
67 69
67 70
67 71
67 72
67 73
67 74
67 75
67 79
67 80
67 81
67 82
67 83
67 84
67 85
67 86
67 87
67 88
67 89
67 91
67 93
67 94
67 95
67 96
67 97
67 100
67 102
67 103
67 105
67 106
67 107
67 108
67 109
67 110
67 111
67 112
67 113
67 114
67 115
67 116
67 117
67 118
67 119
67 121
67 124
67 125
67 126
67 129
67 130
67 131
67 133
67 134
67 136
67 137
67 138
67 139
67 140
67 141
67 142
67 143
67 144
67 147
67 148
67 150
67 151
67 152
67 153
67 154
67 157
67 158
67 161
68 69
68 70
68 71
68 72
68 73
68 74
68 75
68 76
68 77
68 79
68 80
68 81
68 83
68 84
68 86
68 87
68 89
68 90
68 93
68 95
68 97
68 98
68 99
68 100
68 102
68 103
68 104
68 106
68 107
68 108
68 109
68 111
68 112
68 114
68 115
68 117
68 118
68 119
68 120
68 123
68 124
68 125
68 126
68 127
68 128
68 129
68 130
68 131
68 132
68 133
68 134
68 136
68 137
68 138
68 141
68 142
68 145
68 146
68 150
68 151
68 152
68 153
68 154
68 155
68 156
68 157
68 158
68 159
68 160
68 161
69 70
69 71
69 72
69 73
69 74
69 79
69 80
69 81
69 85
69 86
69 87
69 88
69 89
69 90
69 91
69 92
69 94
69 96
69 97
69 98
69 99
69 101
69 102
69 106
69 108
69 110
69 111
69 113
69 114
69 115
69 116
69 117
69 123
69 127
69 129
69 130
69 131
69 133
69 134
69 135
69 137
69 138
69 139
69 142
69 143
69 146
69 147
69 148
69 149
69 151
69 152
69 154
69 155
69 157
69 159
69 160
69 161
70 71
70 72
70 73
70 74
70 75
70 76
70 77
70 78
70 79
70 80
70 81
70 82
70 83
70 87
70 89
70 91
70 93
70 94
70 95
70 99
70 100
70 102
70 106
70 107
70 108
70 109
70 110
70 111
70 112
70 113
70 114
70 116
70 117
70 118
70 119
70 121
70 122
70 124
70 125
70 126
70 129
70 131
70 133
70 134
70 135
70 138
70 141
70 142
70 143
70 146
70 147
70 148
70 150
70 151
70 152
70 153
70 154
70 155
70 157
70 159
70 160
70 161
71 72
71 73
71 74
71 75
71 76
71 79
71 80
71 82
71 83
71 84
71 86
71 87
71 88
71 89
71 91
71 92
71 93
71 95
71 97
71 98
71 99
71 100
71 101
71 102
71 103
71 104
71 105
71 106
71 107
71 108
71 109
71 110
71 112
71 114
71 115
71 117
71 118
71 119
71 120
71 121
71 122
71 125
71 126
71 129
71 130
71 132
71 133
71 134
71 137
71 138
71 142
71 143
71 146
71 147
71 148
71 151
71 152
71 153
71 154
71 155
71 156
71 157
71 158
71 159
71 160
71 161
72 73
72 74
72 75
72 76
72 78
72 79
72 80
72 81
72 82
72 83
72 84
72 85
72 87
72 88
72 89
72 90
72 91
72 92
72 94
72 95
72 96
72 97
72 101
72 102
72 103
72 104
72 106
72 107
72 108
72 111
72 112
72 113
72 114
72 115
72 116
72 117
72 118
72 120
72 121
72 123
72 124
72 125
72 126
72 127
72 128
72 129
72 130
72 133
72 135
72 138
72 140
72 141
72 142
72 144
72 145
72 146
72 147
72 149
72 150
72 151
72 152
72 154
72 155
72 157
72 158
72 159
73 74
73 75
73 79
73 81
73 89
73 91
73 92
73 94
73 96
73 97
73 98
73 99
73 100
73 101
73 102
73 103
73 104
73 105
73 106
73 109
73 110
73 111
73 112
73 113
73 114
73 115
73 116
73 117
73 120
73 122
73 125
73 126
73 128
73 129
73 131
73 135
73 137
73 138
73 142
73 146
73 147
73 149
73 150
73 151
73 152
73 154
73 155
73 161
74 77
74 78
74 79
74 82
74 83
74 84
74 85
74 86
74 87
74 88
74 89
74 90
74 92
74 93
74 94
74 97
74 99
74 101
74 104
74 105
74 106
74 107
74 110
74 112
74 113
74 114
74 115
74 116
74 117
74 118
74 119
74 121
74 124
74 126
74 128
74 129
74 131
74 133
74 134
74 137
74 138
74 139
74 140
74 141
74 142
74 143
74 144
74 145
74 146
74 147
74 149
74 150
74 151
74 152
74 154
74 155
74 156
74 158
74 159
74 160
74 161
75 76
75 77
75 79
75 80
75 84
75 87
75 88
75 91
75 93
75 94
75 95
75 96
75 97
75 102
75 103
75 104
75 105
75 106
75 108
75 109
75 112
75 113
75 114
75 115
75 116
75 118
75 123
75 125
75 131
75 132
75 133
75 137
75 138
75 139
75 141
75 142
75 145
75 147
75 151
75 152
75 153
75 157
75 158
75 159
75 161
76 79
76 83
76 87
76 93
76 95
76 97
76 101
76 103
76 106
76 110
76 113
76 115
76 116
76 118
76 119
76 129
76 130
76 133
76 135
76 137
76 138
76 145
76 146
76 151
76 152
76 156
76 157
76 158
76 160
77 79
77 82
77 83
77 84
77 86
77 88
77 89
77 93
77 94
77 95
77 97
77 98
77 100
77 101
77 102
77 103
77 104
77 108
77 109
77 111
77 114
77 115
77 116
77 117
77 118
77 124
77 127
77 129
77 131
77 132
77 133
77 134
77 137
77 139
77 141
77 142
77 143
77 146
77 147
77 150
77 152
77 153
77 154
77 155
77 156
77 157
77 158
77 160
77 161
78 103
78 113
78 115
78 117
78 139
78 141
78 146
78 150
78 151
79 80
79 82
79 84
79 86
79 87
79 88
79 89
79 92
79 93
79 94
79 97
79 98
79 99
79 100
79 101
79 102
79 103
79 105
79 106
79 107
79 108
79 109
79 111
79 112
79 113
79 114
79 115
79 118
79 119
79 122
79 123
79 126
79 127
79 128
79 129
79 130
79 131
79 133
79 134
79 135
79 136
79 137
79 138
79 139
79 140
79 141
79 142
79 145
79 147
79 148
79 149
79 150
79 151
79 152
79 153
79 154
79 155
79 156
79 157
79 158
79 159
79 160
79 161
80 83
80 84
80 88
80 89
80 91
80 94
80 95
80 96
80 99
80 101
80 102
80 105
80 107
80 108
80 110
80 111
80 112
80 113
80 114
80 115
80 116
80 117
80 126
80 128
80 129
80 130
80 131
80 134
80 135
80 136
80 137
80 139
80 142
80 147
80 150
80 151
80 152
80 153
80 154
80 155
80 157
80 161
81 87
81 93
81 94
81 96
81 97
81 99
81 102
81 106
81 107
81 113
81 114
81 115
81 117
81 118
81 122
81 125
81 131
81 134
81 136
81 137
81 144
81 146
81 147
81 152
81 153
81 154
81 160
82 83
82 85
82 87
82 89
82 94
82 95
82 101
82 102
82 103
82 105
82 106
82 107
82 108
82 113
82 114
82 115
82 117
82 118
82 129
82 130
82 133
82 134
82 137
82 139
82 141
82 146
82 150
82 151
82 152
82 153
82 157
82 158
83 84
83 87
83 90
83 91
83 92
83 94
83 96
83 97
83 100
83 101
83 106
83 108
83 111
83 113
83 115
83 121
83 124
83 125
83 127
83 131
83 141
83 142
83 145
83 147
83 152
83 158
83 161
84 86
84 87
84 88
84 89
84 91
84 93
84 94
84 96
84 97
84 101
84 102
84 104
84 106
84 109
84 111
84 112
84 113
84 114
84 115
84 117
84 118
84 119
84 122
84 126
84 128
84 130
84 131
84 132
84 134
84 135
84 137
84 138
84 142
84 143
84 145
84 146
84 148
84 149
84 150
84 152
84 153
84 154
84 156
84 157
84 158
84 161
85 89
85 94
85 95
85 98
85 104
85 106
85 109
85 113
85 115
85 117
85 122
85 125
85 126
85 127
85 129
85 131
85 134
85 137
85 138
85 139
85 140
85 146
85 149
85 150
85 152
85 158
86 87
86 89
86 93
86 95
86 96
86 98
86 100
86 101
86 102
86 103
86 106
86 109
86 110
86 111
86 113
86 114
86 115
86 118
86 122
86 125
86 126
86 127
86 131
86 133
86 134
86 139
86 141
86 142
86 145
86 146
86 147
86 152
86 158
86 160
87 89
87 91
87 92
87 93
87 96
87 97
87 101
87 102
87 103
87 106
87 107
87 108
87 110
87 111
87 113
87 114
87 115
87 117
87 118
87 126
87 130
87 131
87 132
87 133
87 134
87 135
87 136
87 137
87 138
87 140
87 141
87 142
87 150
87 153
87 154
87 155
87 158
87 160
88 89
88 90
88 91
88 93
88 98
88 100
88 101
88 102
88 106
88 107
88 108
88 113
88 114
88 118
88 125
88 126
88 127
88 128
88 130
88 131
88 133
88 134
88 135
88 138
88 140
88 142
88 150
88 151
88 152
88 153
88 154
88 157
88 159
89 94
89 95
89 97
89 98
89 99
89 100
89 101
89 102
89 104
89 105
89 106
89 107
89 108
89 109
89 110
89 111
89 112
89 113
89 114
89 115
89 117
89 118
89 120
89 123
89 126
89 129
89 131
89 133
89 134
89 135
89 136
89 137
89 138
89 141
89 142
89 143
89 144
89 145
89 146
89 147
89 149
89 150
89 151
89 152
89 154
89 157
89 158
89 159
89 160
90 98
90 102
90 103
90 104
90 107
90 110
90 111
90 114
90 115
90 117
90 118
90 125
90 126
90 129
90 134
90 137
90 138
90 142
90 145
90 147
90 152
90 161
91 93
91 94
91 97
91 99
91 100
91 101
91 102
91 103
91 109
91 110
91 112
91 113
91 114
91 115
91 126
91 131
91 134
91 135
91 137
91 138
91 140
91 141
91 142
91 146
91 147
91 149
91 151
91 153
91 154
91 157
92 94
92 95
92 97
92 101
92 105
92 106
92 107
92 108
92 112
92 113
92 115
92 117
92 118
92 119
92 125
92 129
92 131
92 137
92 138
92 139
92 142
92 147
92 150
92 152
92 153
92 154
92 157
92 159
92 160
93 94
93 98
93 99
93 100
93 101
93 102
93 106
93 107
93 108
93 109
93 114
93 118
93 120
93 131
93 134
93 137
93 138
93 140
93 143
93 145
93 149
93 150
93 153
93 154
93 157
93 161
94 95
94 96
94 98
94 100
94 101
94 105
94 106
94 108
94 109
94 111
94 112
94 114
94 115
94 116
94 118
94 119
94 121
94 122
94 123
94 126
94 127
94 128
94 130
94 131
94 133
94 137
94 138
94 139
94 141
94 142
94 143
94 145
94 146
94 147
94 149
94 150
94 151
94 152
94 154
94 155
94 156
94 158
94 159
94 161
95 99
95 100
95 101
95 105
95 113
95 115
95 128
95 133
95 134
95 137
95 138
95 142
95 143
95 144
95 147
95 149
95 150
95 152
95 154
95 157
96 97
96 100
96 101
96 112
96 113
96 116
96 119
96 122
96 126
96 128
96 131
96 137
96 139
96 141
96 142
96 147
96 152
96 154
96 158
97 99
97 101
97 103
97 105
97 107
97 109
97 114
97 115
97 116
97 118
97 125
97 126
97 130
97 131
97 132
97 133
97 134
97 135
97 136
97 138
97 139
97 140
97 141
97 143
97 145
97 146
97 147
97 151
97 152
97 153
97 158
97 161
98 101
98 102
98 103
98 107
98 108
98 111
98 112
98 114
98 116
98 118
98 120
98 121
98 126
98 128
98 129
98 130
98 131
98 132
98 133
98 135
98 137
98 138
98 139
98 141
98 142
98 151
98 152
98 154
98 155
98 158
99 101
99 109
99 111
99 112
99 113
99 115
99 117
99 125
99 126
99 129
99 130
99 131
99 133
99 134
99 135
99 136
99 138
99 143
99 146
99 147
99 149
99 151
99 152
99 155
99 158
99 159
99 160
99 161
100 101
100 105
100 106
100 107
100 108
100 111
100 112
100 113
100 114
100 118
100 120
100 129
100 132
100 133
100 135
100 138
100 139
100 141
100 142
100 145
100 146
100 147
100 149
100 150
100 152
100 154
100 155
100 157
100 158
101 105
101 106
101 107
101 108
101 109
101 111
101 112
101 113
101 114
101 115
101 117
101 121
101 122
101 123
101 125
101 126
101 129
101 130
101 131
101 133
101 134
101 135
101 136
101 137
101 138
101 139
101 140
101 141
101 143
101 145
101 146
101 147
101 149
101 150
101 151
101 152
101 153
101 154
101 155
101 156
101 159
101 160
101 161
102 103
102 105
102 108
102 109
102 110
102 111
102 112
102 114
102 115
102 116
102 117
102 118
102 119
102 122
102 123
102 125
102 126
102 127
102 130
102 131
102 132
102 133
102 134
102 136
102 137
102 139
102 140
102 141
102 142
102 147
102 149
102 150
102 152
102 153
102 154
102 155
102 156
102 159
102 161
103 105
103 106
103 107
103 108
103 111
103 112
103 113
103 114
103 115
103 118
103 119
103 122
103 125
103 126
103 127
103 130
103 131
103 133
103 134
103 138
103 142
103 143
103 148
103 150
103 151
103 152
103 154
103 157
103 158
103 159
103 161
104 105
104 106
104 117
104 122
104 125
104 130
104 131
104 133
104 137
104 138
104 142
104 145
104 147
104 151
104 152
104 153
104 154
104 161
105 106
105 108
105 111
105 112
105 113
105 114
105 115
105 116
105 117
105 118
105 119
105 122
105 124
105 129
105 132
105 133
105 134
105 135
105 137
105 138
105 139
105 140
105 141
105 144
105 145
105 146
105 147
105 148
105 150
105 151
105 152
105 153
105 157
105 159
105 160
105 161
106 107
106 108
106 109
106 110
106 111
106 112
106 113
106 114
106 115
106 116
106 117
106 118
106 119
106 121
106 122
106 123
106 126
106 129
106 130
106 131
106 133
106 134
106 135
106 136
106 137
106 139
106 140
106 141
106 142
106 147
106 148
106 149
106 150
106 151
106 152
106 154
106 155
106 158
106 160
106 161
107 108
107 110
107 112
107 113
107 114
107 115
107 116
107 117
107 118
107 124
107 125
107 126
107 129
107 131
107 133
107 135
107 137
107 138
107 145
107 146
107 147
107 151
107 153
107 155
108 109
108 111
108 112
108 114
108 115
108 118
108 119
108 121
108 125
108 126
108 127
108 129
108 130
108 131
108 132
108 134
108 135
108 137
108 138
108 139
108 141
108 142
108 143
108 145
108 146
108 147
108 148
108 150
108 151
108 152
108 153
108 154
108 157
108 158
108 161
109 110
109 112
109 113
109 114
109 115
109 116
109 118
109 123
109 125
109 127
109 128
109 130
109 131
109 132
109 133
109 134
109 137
109 138
109 140
109 142
109 144
109 145
109 147
109 148
109 150
109 151
109 152
109 153
109 154
109 159
109 161
110 112
110 114
110 118
110 124
110 125
110 126
110 128
110 129
110 131
110 132
110 133
110 134
110 137
110 138
110 139
110 142
110 150
110 152
110 153
110 154
110 158
110 161
111 113
111 114
111 117
111 121
111 125
111 129
111 133
111 139
111 141
111 142
111 145
111 151
111 153
111 154
111 157
111 158
111 159
111 160
111 161
112 114
112 115
112 118
112 119
112 125
112 129
112 131
112 132
112 134
112 138
112 139
112 142
112 143
112 145
112 146
112 147
112 151
112 152
112 154
112 158
112 159
112 161
113 115
113 116
113 117
113 118
113 119
113 123
113 125
113 126
113 129
113 130
113 131
113 133
113 134
113 136
113 137
113 138
113 139
113 142
113 146
113 147
113 148
113 150
113 151
113 152
113 153
113 154
113 157
113 158
113 161
114 115
114 116
114 117
114 120
114 126
114 128
114 129
114 130
114 131
114 132
114 133
114 134
114 135
114 136
114 137
114 138
114 140
114 142
114 143
114 144
114 145
114 146
114 147
114 148
114 149
114 150
114 151
114 152
114 153
114 154
114 155
114 156
114 158
114 159
114 160
115 117
115 119
115 120
115 122
115 125
115 126
115 128
115 129
115 130
115 131
115 132
115 133
115 134
115 135
115 137
115 138
115 139
115 141
115 142
115 144
115 145
115 146
115 147
115 152
115 153
115 154
115 156
115 157
115 158
115 159
115 161
116 117
116 118
116 121
116 125
116 126
116 128
116 129
116 131
116 133
116 134
116 137
116 138
116 142
116 145
116 147
116 152
116 153
116 154
116 156
116 158
116 159
117 118
117 119
117 121
117 123
117 124
117 126
117 129
117 131
117 133
117 134
117 136
117 137
117 140
117 141
117 142
117 144
117 146
117 147
117 149
117 150
117 151
117 152
117 154
117 155
117 157
117 158
117 160
117 161
118 119
118 120
118 122
118 124
118 125
118 126
118 127
118 129
118 130
118 131
118 132
118 133
118 134
118 135
118 136
118 137
118 139
118 142
118 145
118 146
118 147
118 148
118 150
118 151
118 152
118 154
118 155
118 157
118 158
118 159
118 160
118 161
119 125
119 127
119 134
119 137
119 138
119 140
119 142
119 143
119 145
119 146
119 151
119 152
119 153
119 154
119 158
119 161
120 126
120 127
120 133
120 138
120 140
120 144
120 146
120 147
120 154
120 157
120 161
121 130
121 137
121 138
121 139
121 147
121 154
121 157
122 125
122 127
122 129
122 133
122 134
122 136
122 137
122 142
122 145
122 146
122 147
122 151
122 152
122 154
123 129
123 130
123 131
123 135
123 138
123 143
123 146
123 154
123 160
124 125
124 130
124 131
124 134
124 138
124 142
124 150
125 129
125 130
125 131
125 134
125 136
125 137
125 138
125 139
125 142
125 146
125 147
125 148
125 149
125 150
125 151
125 152
125 154
125 155
125 157
125 158
125 159
125 160
125 161
126 127
126 133
126 134
126 135
126 137
126 138
126 142
126 143
126 145
126 146
126 147
126 150
126 152
126 153
126 154
126 157
126 161
127 129
127 130
127 131
127 132
127 139
127 142
127 145
127 146
127 148
127 151
127 157
127 159
128 129
128 130
128 131
128 132
128 133
128 137
128 138
128 141
128 146
128 149
128 151
128 152
128 153
128 154
128 157
128 159
128 161
129 130
129 131
129 132
129 133
129 134
129 135
129 136
129 137
129 138
129 140
129 141
129 142
129 143
129 145
129 146
129 147
129 148
129 149
129 151
129 152
129 154
129 155
129 157
129 160
129 161
130 131
130 139
130 141
130 142
130 146
130 147
130 150
130 152
130 154
130 157
130 158
130 160
131 132
131 133
131 134
131 135
131 138
131 139
131 141
131 142
131 143
131 145
131 146
131 147
131 148
131 150
131 151
131 152
131 153
131 154
131 155
131 157
131 158
131 159
131 160
131 161
132 136
132 137
132 139
132 159
133 134
133 135
133 138
133 139
133 141
133 142
133 146
133 149
133 150
133 151
133 152
133 153
133 154
133 155
133 158
133 160
133 161
134 135
134 136
134 137
134 138
134 140
134 141
134 142
134 143
134 145
134 146
134 147
134 150
134 151
134 152
134 154
134 155
134 157
134 158
134 159
134 160
134 161
135 136
135 137
135 139
135 142
135 150
135 151
135 152
135 154
135 155
135 156
135 157
135 160
135 161
136 137
136 138
136 139
136 143
136 144
136 149
136 150
136 151
136 152
136 154
136 158
137 138
137 139
137 140
137 142
137 143
137 145
137 147
137 149
137 150
137 151
137 152
137 153
137 154
137 155
137 157
137 158
137 159
137 160
137 161
138 139
138 141
138 142
138 143
138 144
138 145
138 146
138 147
138 148
138 149
138 150
138 151
138 152
138 153
138 154
138 155
138 159
138 161
139 140
139 141
139 142
139 146
139 147
139 148
139 151
139 152
139 153
139 157
139 158
139 161
140 142
140 153
140 157
140 159
141 142
141 146
141 147
141 149
141 150
141 152
141 153
141 154
141 155
141 157
141 158
141 159
142 143
142 145
142 146
142 149
142 150
142 151
142 152
142 153
142 154
142 157
142 158
142 160
142 161
143 144
143 145
143 147
143 154
143 157
143 159
143 160
143 161
144 149
144 154
144 155
145 146
145 148
145 150
145 151
145 152
145 154
145 155
145 156
145 157
145 158
145 159
146 149
146 153
146 157
146 158
146 159
146 160
146 161
147 148
147 150
147 151
147 152
147 153
147 154
147 155
147 158
147 159
147 160
148 150
148 157
149 150
149 151
149 152
149 154
149 158
150 153
150 154
150 158
150 159
150 160
150 161
151 152
151 153
151 154
151 155
151 156
151 157
151 158
152 153
152 154
152 155
152 156
152 158
152 159
152 160
153 154
153 158
153 159
154 157
154 160
154 161
155 157
155 159
156 157
157 159
157 160
157 161
158 159
158 160
158 161
