0 4
0 6
0 9
0 13
0 14
0 18
0 19
0 21
0 25
0 26
0 29
0 30
0 31
0 35
0 36
0 38
0 40
0 41
0 43
0 44
0 45
0 46
0 49
0 51
0 52
0 56
0 62
0 64
0 66
0 67
0 68
0 69
0 70
0 71
0 72
0 74
0 75
0 78
0 79
0 80
0 83
0 84
0 87
0 89
0 92
0 93
0 94
0 96
0 100
0 101
0 105
0 107
0 108
0 109
0 111
0 113
0 115
0 117
0 118
0 125
0 126
0 128
0 129
0 131
0 132
0 133
0 134
0 137
0 139
0 142
0 143
0 145
0 146
0 147
0 149
0 151
0 152
0 153
0 154
0 157
0 158
0 160
0 161
1 5
1 11
1 14
1 18
1 19
1 21
1 26
1 27
1 28
1 31
1 32
1 34
1 38
1 39
1 40
1 45
1 46
1 48
1 49
1 50
1 51
1 52
1 53
1 54
1 55
1 56
1 59
1 62
1 63
1 64
1 67
1 68
1 70
1 71
1 72
1 73
1 74
1 75
1 79
1 80
1 82
1 87
1 88
1 89
1 91
1 92
1 94
1 97
1 101
1 103
1 106
1 108
1 109
1 110
1 111
1 113
1 115
1 117
1 121
1 122
1 125
1 129
1 130
1 131
1 133
1 138
1 139
1 140
1 141
1 142
1 147
1 148
1 149
1 150
1 151
1 152
1 155
1 157
1 158
2 7
2 8
2 10
2 11
2 17
2 18
2 21
2 25
2 26
2 29
2 32
2 40
2 43
2 44
2 45
2 49
2 51
2 54
2 55
2 58
2 65
2 67
2 68
2 69
2 72
2 73
2 74
2 76
2 77
2 79
2 84
2 86
2 88
2 91
2 93
2 94
2 96
2 100
2 102
2 105
2 106
2 108
2 109
2 112
2 113
2 114
2 122
2 125
2 129
2 130
2 133
2 134
2 136
2 137
2 138
2 139
2 141
2 142
2 145
2 146
2 147
2 152
3 4
3 6
3 9
3 11
3 19
3 21
3 24
3 26
3 32
3 38
3 40
3 41
3 49
3 51
3 56
3 64
3 66
3 67
3 69
3 70
3 72
3 74
3 77
3 83
3 86
3 98
3 101
3 103
3 105
3 108
3 112
3 114
3 115
3 118
3 125
3 127
3 129
3 131
3 133
3 134
3 136
3 137
3 139
3 141
3 142
3 143
3 145
3 146
3 147
3 149
3 151
3 152
3 154
3 155
4 6
4 7
4 8
4 9
4 10
4 11
4 12
4 13
4 14
4 15
4 16
4 19
4 21
4 22
4 24
4 25
4 26
4 30
4 31
4 32
4 33
4 35
4 36
4 37
4 38
4 40
4 41
4 44
4 45
4 49
4 50
4 51
4 52
4 54
4 55
4 56
4 57
4 58
4 61
4 62
4 63
4 64
4 65
4 66
4 67
4 68
4 69
4 70
4 71
4 72
4 73
4 74
4 77
4 79
4 80
4 82
4 83
4 84
4 86
4 87
4 88
4 89
4 91
4 92
4 93
4 94
4 97
4 98
4 99
4 100
4 101
4 104
4 105
4 106
4 108
4 109
4 111
4 112
4 113
4 116
4 117
4 118
4 119
4 125
4 126
4 128
4 129
4 130
4 131
4 133
4 134
4 136
4 137
4 138
4 139
4 141
4 142
4 147
4 149
4 150
4 151
4 152
4 154
4 155
4 158
4 160
4 161
5 6
5 7
5 9
5 12
5 18
5 24
5 30
5 32
5 37
5 44
5 45
5 46
5 49
5 51
5 54
5 55
5 56
5 58
5 60
5 61
5 64
5 68
5 70
5 72
5 74
5 75
5 77
5 81
5 86
5 89
5 92
5 93
5 96
5 97
5 98
5 101
5 106
5 111
5 112
5 117
5 125
5 129
5 130
5 137
5 138
5 141
5 145
5 146
5 147
5 151
5 154
5 155
6 7
6 8
6 9
6 11
6 12
6 13
6 14
6 16
6 21
6 22
6 24
6 25
6 26
6 30
6 31
6 33
6 35
6 38
6 40
6 41
6 44
6 45
6 46
6 47
6 48
6 49
6 50
6 53
6 54
6 56
6 59
6 62
6 63
6 64
6 66
6 67
6 69
6 70
6 71
6 72
6 74
6 75
6 76
6 77
6 79
6 81
6 82
6 83
6 84
6 85
6 86
6 89
6 90
6 91
6 92
6 93
6 94
6 95
6 96
6 97
6 101
6 102
6 104
6 105
6 106
6 107
6 108
6 109
6 110
6 111
6 112
6 113
6 114
6 115
6 117
6 118
6 119
6 122
6 124
6 125
6 126
6 127
6 128
6 129
6 130
6 131
6 133
6 134
6 135
6 136
6 137
6 138
6 139
6 140
6 141
6 142
6 146
6 147
6 148
6 149
6 150
6 151
6 152
6 153
6 154
6 155
6 156
6 157
6 158
6 159
6 160
6 161
7 8
7 9
7 10
7 11
7 13
7 14
7 18
7 19
7 20
7 21
7 22
7 23
7 25
7 26
7 27
7 29
7 30
7 31
7 32
7 33
7 35
7 36
7 38
7 39
7 41
7 42
7 43
7 44
7 45
7 46
7 48
7 49
7 50
7 51
7 52
7 53
7 54
7 55
7 56
7 58
7 61
7 62
7 63
7 64
7 65
7 66
7 67
7 68
7 69
7 70
7 71
7 74
7 75
7 77
7 79
7 80
7 81
7 82
7 83
7 84
7 85
7 87
7 89
7 91
7 93
7 94
7 95
7 96
7 97
7 98
7 101
7 103
7 104
7 105
7 106
7 107
7 108
7 109
7 111
7 112
7 113
7 114
7 115
7 117
7 118
7 119
7 124
7 125
7 128
7 129
7 130
7 131
7 132
7 133
7 134
7 136
7 137
7 140
7 141
7 142
7 143
7 145
7 146
7 147
7 148
7 150
7 151
7 152
7 154
7 155
7 157
7 158
7 159
7 160
7 161
8 10
8 11
8 12
8 14
8 18
8 19
8 21
8 25
8 26
8 30
8 31
8 32
8 36
8 37
8 39
8 40
8 44
8 45
8 48
8 51
8 52
8 54
8 58
8 59
8 61
8 66
8 67
8 69
8 71
8 72
8 82
8 83
8 84
8 86
8 87
8 88
8 90
8 93
8 94
8 97
8 98
8 100
8 104
8 105
8 108
8 111
8 113
8 115
8 117
8 125
8 129
8 130
8 133
8 134
8 137
8 138
8 142
8 143
8 146
8 150
8 151
8 158
8 160
8 161
9 10
9 11
9 14
9 18
9 19
9 21
9 26
9 30
9 31
9 32
9 34
9 38
9 40
9 42
9 44
9 48
9 51
9 54
9 55
9 56
9 58
9 59
9 60
9 61
9 63
9 65
9 66
9 67
9 70
9 71
9 72
9 73
9 74
9 76
9 77
9 80
9 81
9 86
9 89
9 92
9 93
9 94
9 95
9 99
9 101
9 102
9 103
9 104
9 105
9 108
9 109
9 110
9 111
9 112
9 113
9 114
9 118
9 120
9 121
9 124
9 125
9 126
9 127
9 128
9 129
9 130
9 131
9 134
9 138
9 139
9 141
9 142
9 143
9 146
9 149
9 151
9 152
9 153
9 156
9 158
9 161
10 11
10 12
10 14
10 21
10 24
10 25
10 26
10 28
10 31
10 35
10 36
10 39
10 40
10 44
10 45
10 46
10 49
10 50
10 53
10 54
10 55
10 58
10 59
10 62
10 63
10 64
10 65
10 66
10 70
10 72
10 74
10 77
10 82
10 83
10 84
10 86
10 87
10 89
10 91
10 93
10 95
10 97
10 100
10 102
10 105
10 106
10 107
10 108
10 109
10 111
10 113
10 114
10 117
10 118
10 125
10 127
10 128
10 129
10 130
10 131
10 132
10 133
10 134
10 135
10 136
10 138
10 139
10 141
10 142
10 143
10 146
10 147
10 148
10 149
10 150
10 151
10 152
10 153
10 154
10 157
10 158
10 159
11 16
11 18
11 19
11 21
11 23
11 24
11 25
11 26
11 31
11 32
11 33
11 34
11 35
11 36
11 38
11 39
11 40
11 41
11 44
11 45
11 47
11 48
11 50
11 51
11 54
11 55
11 56
11 57
11 58
11 59
11 64
11 65
11 67
11 68
11 69
11 70
11 71
11 72
11 73
11 74
11 79
11 82
11 83
11 84
11 85
11 87
11 89
11 91
11 92
11 94
11 95
11 96
11 97
11 98
11 99
11 100
11 101
11 102
11 105
11 106
11 107
11 108
11 110
11 111
11 112
11 113
11 115
11 116
11 117
11 118
11 119
11 123
11 126
11 127
11 130
11 131
11 134
11 138
11 139
11 140
11 141
11 143
11 146
11 147
11 148
11 149
11 150
11 151
11 152
11 153
11 154
11 155
11 157
11 158
11 159
11 160
11 161
12 17
12 18
12 19
12 21
12 26
12 30
12 31
12 32
12 35
12 38
12 39
12 40
12 41
12 42
12 43
12 44
12 46
12 49
12 51
12 54
12 56
12 61
12 64
12 65
12 68
12 72
12 73
12 74
12 76
12 79
12 83
12 84
12 86
12 87
12 88
12 89
12 90
12 91
12 105
12 108
12 112
12 113
12 114
12 116
12 117
12 118
12 119
12 120
12 129
12 130
12 133
12 134
12 139
12 141
12 142
12 149
12 151
12 152
12 153
12 154
12 155
12 157
12 158
12 159
12 160
12 161
13 14
13 15
13 16
13 19
13 24
13 26
13 29
13 30
13 32
13 35
13 36
13 40
13 44
13 54
13 55
13 56
13 57
13 59
13 61
13 65
13 66
13 67
13 68
13 70
13 74
13 76
13 77
13 79
13 83
13 84
13 86
13 88
13 89
13 91
13 94
13 97
13 100
13 102
13 105
13 106
13 108
13 112
13 113
13 114
13 117
13 118
13 126
13 129
13 130
13 131
13 133
13 134
13 135
13 136
13 138
13 139
13 141
13 142
13 146
13 152
13 153
13 154
13 157
14 16
14 18
14 19
14 20
14 24
14 25
14 26
14 29
14 30
14 31
14 32
14 34
14 35
14 37
14 40
14 41
14 42
14 44
14 45
14 48
14 49
14 50
14 51
14 52
14 53
14 54
14 56
14 57
14 58
14 59
14 64
14 65
14 66
14 67
14 69
14 70
14 71
14 72
14 73
14 74
14 75
14 78
14 79
14 81
14 83
14 84
14 85
14 87
14 88
14 89
14 92
14 93
14 97
14 99
14 100
14 101
14 102
14 104
14 105
14 107
14 108
14 109
14 110
14 112
14 113
14 114
14 115
14 116
14 117
14 118
14 120
14 121
14 123
14 124
14 125
14 128
14 129
14 131
14 132
14 135
14 136
14 137
14 138
14 140
14 142
14 143
14 144
14 146
14 147
14 148
14 149
14 150
14 151
14 152
14 154
14 155
14 157
14 158
14 160
15 18
15 19
15 20
15 25
15 28
15 30
15 31
15 33
15 35
15 40
15 44
15 45
15 47
15 49
15 50
15 51
15 54
15 55
15 56
15 64
15 65
15 66
15 67
15 68
15 70
15 71
15 72
15 74
15 76
15 77
15 82
15 86
15 87
15 89
15 92
15 97
15 99
15 100
15 101
15 102
15 103
15 104
15 105
15 106
15 108
15 111
15 114
15 117
15 118
15 125
15 129
15 131
15 133
15 134
15 137
15 138
15 142
15 143
15 150
15 151
15 152
15 153
15 158
15 161
16 19
16 21
16 23
16 31
16 32
16 33
16 36
16 38
16 39
16 41
16 44
16 45
16 49
16 54
16 55
16 56
16 58
16 59
16 64
16 67
16 69
16 74
16 76
16 77
16 79
16 86
16 89
16 92
16 96
16 101
16 105
16 109
16 112
16 113
16 114
16 115
16 125
16 127
16 128
16 129
16 131
16 134
16 138
16 142
16 148
16 150
16 151
16 152
16 153
16 155
16 158
16 161
17 22
17 25
17 26
17 31
17 36
17 40
17 42
17 45
17 48
17 49
17 56
17 65
17 68
17 69
17 72
17 73
17 75
17 79
17 86
17 89
17 90
17 101
17 103
17 104
17 105
17 107
17 109
17 111
17 113
17 115
17 118
17 119
17 127
17 134
17 138
17 146
17 157
17 160
18 19
18 20
18 26
18 30
18 32
18 35
18 36
18 39
18 40
18 41
18 42
18 45
18 48
18 49
18 50
18 51
18 55
18 56
18 64
18 65
18 66
18 67
18 68
18 69
18 70
18 71
18 72
18 74
18 79
18 80
18 81
18 84
18 86
18 88
18 89
18 93
18 94
18 97
18 101
18 102
18 103
18 105
18 106
18 107
18 109
18 110
18 111
18 112
18 114
18 115
18 116
18 117
18 118
18 123
18 125
18 126
18 127
18 129
18 130
18 131
18 137
18 138
18 140
18 141
18 142
18 148
18 151
18 152
18 153
18 154
18 155
18 156
18 157
18 160
18 161
19 20
19 21
19 22
19 24
19 25
19 26
19 30
19 31
19 32
19 34
19 35
19 36
19 37
19 38
19 39
19 40
19 41
19 42
19 43
19 44
19 45
19 46
19 48
19 50
19 51
19 52
19 53
19 54
19 55
19 56
19 57
19 58
19 59
19 60
19 64
19 65
19 66
19 67
19 68
19 69
19 70
19 71
19 72
19 73
19 76
19 77
19 79
19 80
19 83
19 84
19 89
19 91
19 92
19 94
19 96
19 98
19 99
19 101
19 102
19 103
19 104
19 105
19 106
19 107
19 108
19 110
19 111
19 112
19 113
19 114
19 115
19 116
19 117
19 123
19 124
19 125
19 126
19 127
19 128
19 129
19 131
19 133
19 135
19 136
19 138
19 139
19 141
19 143
19 145
19 147
19 148
19 149
19 150
19 151
19 152
19 153
19 154
19 155
19 156
19 157
19 158
19 159
19 160
19 161
20 22
20 26
20 29
20 31
20 34
20 35
20 38
20 40
20 45
20 54
20 64
20 65
20 67
20 69
20 70
20 71
20 73
20 74
20 76
20 80
20 88
20 90
20 91
20 101
20 102
20 106
20 108
20 117
20 119
20 125
20 131
20 133
20 134
20 137
20 139
20 142
20 144
20 147
20 150
20 152
20 156
20 158
20 161
21 23
21 25
21 26
21 27
21 29
21 30
21 31
21 32
21 33
21 34
21 35
21 36
21 38
21 40
21 41
21 42
21 44
21 45
21 47
21 49
21 51
21 54
21 55
21 58
21 60
21 61
21 63
21 65
21 66
21 67
21 68
21 69
21 70
21 71
21 73
21 74
21 75
21 76
21 77
21 79
21 80
21 81
21 82
21 86
21 89
21 90
21 91
21 92
21 94
21 97
21 99
21 100
21 101
21 105
21 106
21 107
21 108
21 109
21 110
21 111
21 112
21 113
21 114
21 115
21 116
21 117
21 118
21 125
21 127
21 129
21 130
21 131
21 132
21 133
21 134
21 137
21 138
21 139
21 140
21 142
21 143
21 145
21 146
21 148
21 149
21 151
21 152
21 154
21 157
21 158
21 159
22 25
22 26
22 29
22 32
22 35
22 38
22 40
22 41
22 42
22 43
22 49
22 51
22 55
22 62
22 63
22 64
22 65
22 67
22 69
22 71
22 72
22 74
22 76
22 77
22 88
22 89
22 93
22 94
22 96
22 101
22 103
22 108
22 112
22 113
22 117
22 118
22 120
22 124
22 128
22 131
22 133
22 134
22 136
22 137
22 143
22 145
22 146
22 147
22 151
22 152
22 153
22 154
22 155
22 157
22 160
22 161
23 30
23 32
23 35
23 37
23 38
23 49
23 51
23 52
23 54
23 56
23 59
23 60
23 61
23 63
23 65
23 66
23 67
23 70
23 74
23 88
23 89
23 91
23 92
23 93
23 94
23 97
23 98
23 101
23 102
23 108
23 113
23 114
23 115
23 116
23 117
23 118
23 119
23 125
23 126
23 129
23 130
23 131
23 133
23 134
23 137
23 138
23 141
23 146
23 147
23 149
23 150
23 152
23 154
23 158
24 25
24 26
24 28
24 30
24 31
24 32
24 35
24 36
24 38
24 40
24 42
24 44
24 45
24 46
24 49
24 50
24 51
24 52
24 54
24 56
24 57
24 58
24 64
24 65
24 67
24 71
24 72
24 76
24 82
24 86
24 88
24 89
24 95
24 97
24 98
24 99
24 100
24 101
24 102
24 103
24 105
24 107
24 108
24 109
24 110
24 111
24 112
24 113
24 118
24 125
24 127
24 129
24 134
24 136
24 137
24 138
24 140
24 141
24 142
24 143
24 146
24 150
24 151
24 152
24 154
24 155
24 157
24 158
24 159
24 160
24 161
25 26
25 30
25 31
25 33
25 34
25 35
25 36
25 37
25 39
25 41
25 44
25 45
25 46
25 49
25 51
25 52
25 53
25 54
25 56
25 58
25 60
25 65
25 66
25 67
25 70
25 71
25 72
25 74
25 77
25 79
25 81
25 84
25 86
25 87
25 88
25 89
25 93
25 94
25 103
25 104
25 105
25 107
25 108
25 111
25 115
25 116
25 118
25 120
25 125
25 126
25 127
25 128
25 129
25 130
25 131
25 132
25 133
25 134
25 135
25 136
25 138
25 139
25 141
25 142
25 143
25 146
25 149
25 150
25 152
25 153
25 158
26 30
26 31
26 33
26 34
26 35
26 37
26 38
26 39
26 40
26 41
26 42
26 43
26 44
26 45
26 46
26 48
26 49
26 50
26 51
26 52
26 53
26 54
26 56
26 58
26 61
26 62
26 64
26 65
26 66
26 67
26 68
26 69
26 70
26 71
26 72
26 73
26 74
26 75
26 77
26 79
26 80
26 82
26 83
26 84
26 86
26 87
26 89
26 91
26 92
26 94
26 97
26 99
26 100
26 101
26 104
26 105
26 106
26 107
26 108
26 109
26 111
26 113
26 114
26 115
26 116
26 117
26 118
26 121
26 125
26 126
26 127
26 129
26 131
26 133
26 134
26 135
26 136
26 137
26 138
26 139
26 140
26 141
26 142
26 145
26 146
26 147
26 149
26 150
26 151
26 152
26 153
26 154
26 157
26 158
26 159
26 161
27 30
27 38
27 39
27 46
27 49
27 58
27 64
27 65
27 68
27 70
27 72
27 74
27 75
27 80
27 84
27 87
27 89
27 97
27 102
27 106
27 108
27 109
27 111
27 113
27 114
27 115
27 117
27 123
27 129
27 133
27 137
27 140
27 142
27 149
27 154
27 157
27 158
27 159
28 30
28 32
28 34
28 35
28 37
28 38
28 40
28 44
28 51
28 61
28 62
28 63
28 64
28 65
28 66
28 67
28 68
28 70
28 74
28 75
28 77
28 84
28 86
28 89
28 93
28 100
28 102
28 104
28 105
28 106
28 107
28 114
28 117
28 118
28 120
28 121
28 128
28 134
28 137
28 138
28 148
28 149
28 152
28 156
28 157
28 158
28 160
28 161
29 30
29 32
29 36
29 40
29 44
29 46
29 51
29 54
29 57
29 58
29 64
29 67
29 69
29 70
29 71
29 74
29 75
29 77
29 79
29 84
29 86
29 89
29 93
29 103
29 105
29 107
29 109
29 111
29 112
29 123
29 125
29 131
29 133
29 135
29 137
29 138
29 150
29 151
29 152
29 154
29 157
29 158
29 161
30 31
30 32
30 33
30 34
30 35
30 36
30 37
30 38
30 39
30 40
30 41
30 42
30 43
30 44
30 45
30 46
30 47
30 48
30 49
30 50
30 51
30 53
30 54
30 55
30 56
30 57
30 58
30 60
30 62
30 64
30 65
30 67
30 68
30 69
30 70
30 72
30 73
30 74
30 75
30 76
30 77
30 78
30 79
30 80
30 81
30 82
30 83
30 84
30 87
30 88
30 94
30 96
30 97
30 98
30 99
30 101
30 102
30 103
30 105
30 106
30 107
30 108
30 109
30 112
30 114
30 115
30 116
30 117
30 118
30 119
30 120
30 125
30 126
30 129
30 130
30 131
30 132
30 133
30 134
30 136
30 137
30 139
30 142
30 146
30 147
30 149
30 151
30 153
30 154
30 155
30 158
30 159
30 161
31 33
31 34
31 35
31 36
31 37
31 38
31 40
31 41
31 42
31 43
31 44
31 46
31 48
31 49
31 50
31 51
31 52
31 53
31 54
31 56
31 58
31 60
31 61
31 63
31 66
31 68
31 69
31 70
31 71
31 72
31 73
31 74
31 75
31 76
31 77
31 79
31 80
31 81
31 82
31 83
31 84
31 85
31 87
31 88
31 89
31 91
31 92
31 93
31 94
31 97
31 98
31 100
31 101
31 102
31 105
31 108
31 109
31 110
31 112
31 113
31 114
31 115
31 116
31 117
31 118
31 119
31 120
31 121
31 124
31 125
31 126
31 127
31 128
31 129
31 130
31 131
31 134
31 135
31 137
31 138
31 139
31 141
31 142
31 143
31 145
31 146
31 147
31 150
31 151
31 152
31 154
31 155
31 157
31 158
31 159
31 160
31 161
32 34
32 35
32 36
32 39
32 40
32 42
32 43
32 45
32 47
32 48
32 49
32 51
32 52
32 53
32 55
32 56
32 57
32 58
32 59
32 61
32 62
32 64
32 65
32 66
32 67
32 68
32 70
32 71
32 72
32 73
32 74
32 75
32 76
32 82
32 84
32 86
32 87
32 88
32 89
32 91
32 93
32 94
32 96
32 97
32 98
32 99
32 100
32 101
32 102
32 103
32 105
32 106
32 107
32 108
32 112
32 113
32 114
32 115
32 117
32 118
32 119
32 121
32 122
32 124
32 125
32 126
32 127
32 128
32 129
32 130
32 131
32 133
32 134
32 135
32 136
32 137
32 138
32 139
32 141
32 145
32 146
32 147
32 151
32 152
32 153
32 154
32 157
32 158
32 159
32 160
32 161
33 41
33 42
33 44
33 47
33 51
33 55
33 56
33 63
33 64
33 65
33 67
33 68
33 71
33 72
33 74
33 77
33 79
33 84
33 87
33 88
33 92
33 95
33 100
33 101
33 112
33 113
33 114
33 115
33 116
33 117
33 118
33 125
33 133
33 135
33 149
33 151
33 152
33 153
33 154
33 155
33 157
33 159
34 35
34 36
34 39
34 40
34 41
34 44
34 49
34 52
34 54
34 55
34 64
34 66
34 68
34 70
34 71
34 72
34 73
34 74
34 78
34 79
34 82
34 84
34 87
34 93
34 94
34 99
34 101
34 103
34 104
34 105
34 106
34 108
34 109
34 111
34 113
34 114
34 117
34 118
34 124
34 129
34 131
34 134
34 136
34 137
34 138
34 139
34 140
34 145
34 151
34 154
34 157
34 158
34 160
35 37
35 38
35 40
35 42
35 43
35 44
35 45
35 46
35 50
35 51
35 52
35 54
35 56
35 58
35 59
35 62
35 63
35 64
35 66
35 67
35 68
35 70
35 71
35 72
35 74
35 75
35 77
35 79
35 81
35 82
35 85
35 87
35 88
35 89
35 91
35 92
35 93
35 94
35 96
35 100
35 101
35 102
35 103
35 104
35 105
35 106
35 108
35 109
35 115
35 118
35 121
35 123
35 128
35 129
35 131
35 134
35 139
35 142
35 143
35 146
35 149
35 150
35 151
35 152
35 153
35 154
35 155
35 158
35 160
35 161
36 37
36 38
36 39
36 40
36 44
36 46
36 49
36 50
36 51
36 52
36 55
36 56
36 59
36 61
36 65
36 66
36 69
36 70
36 71
36 72
36 73
36 74
36 75
36 76
36 77
36 79
36 80
36 82
36 84
36 87
36 89
36 90
36 91
36 92
36 93
36 94
36 99
36 101
36 102
36 103
36 104
36 105
36 107
36 108
36 111
36 112
36 113
36 114
36 115
36 116
36 117
36 118
36 121
36 126
36 128
36 129
36 130
36 131
36 132
36 133
36 134
36 136
36 137
36 138
36 139
36 143
36 145
36 146
36 147
36 149
36 150
36 151
36 152
36 153
36 154
36 156
36 157
36 158
36 161
37 38
37 39
37 40
37 42
37 43
37 44
37 45
37 49
37 51
37 52
37 56
37 58
37 59
37 61
37 66
37 69
37 70
37 71
37 72
37 73
37 74
37 77
37 79
37 80
37 82
37 83
37 89
37 93
37 94
37 95
37 96
37 97
37 101
37 102
37 104
37 105
37 106
37 107
37 108
37 109
37 110
37 113
37 114
37 119
37 121
37 125
37 129
37 130
37 131
37 135
37 136
37 137
37 138
37 141
37 142
37 144
37 146
37 147
37 149
37 151
37 152
37 154
37 156
37 157
37 158
38 39
38 43
38 44
38 45
38 46
38 48
38 49
38 50
38 51
38 52
38 53
38 54
38 55
38 56
38 58
38 59
38 60
38 63
38 64
38 66
38 67
38 68
38 69
38 70
38 73
38 74
38 75
38 76
38 77
38 78
38 82
38 83
38 84
38 86
38 87
38 89
38 93
38 94
38 95
38 96
38 97
38 98
38 100
38 101
38 102
38 103
38 104
38 105
38 107
38 108
38 109
38 110
38 111
38 112
38 113
38 114
38 115
38 117
38 118
38 122
38 124
38 127
38 128
38 129
38 131
38 132
38 133
38 134
38 135
38 136
38 137
38 138
38 139
38 140
38 141
38 142
38 145
38 146
38 149
38 150
38 151
38 152
38 153
38 154
38 157
38 158
38 160
38 161
39 44
39 46
39 48
39 49
39 51
39 52
39 53
39 54
39 58
39 61
39 63
39 64
39 65
39 66
39 69
39 70
39 72
39 74
39 79
39 82
39 83
39 85
39 87
39 89
39 90
39 94
39 99
39 100
39 101
39 102
39 105
39 106
39 109
39 111
39 113
39 114
39 117
39 118
39 130
39 131
39 133
39 134
39 137
39 138
39 139
39 141
39 142
39 143
39 144
39 145
39 146
39 151
39 152
39 153
39 154
39 156
39 157
39 158
39 159
39 161
40 41
40 42
40 44
40 45
40 46
40 49
40 50
40 52
40 54
40 55
40 56
40 57
40 59
40 61
40 62
40 63
40 64
40 65
40 66
40 67
40 68
40 69
40 70
40 71
40 72
40 73
40 75
40 76
40 78
40 79
40 80
40 81
40 84
40 86
40 89
40 91
40 93
40 94
40 95
40 97
40 98
40 99
40 100
40 101
40 102
40 103
40 104
40 105
40 106
40 108
40 109
40 111
40 112
40 113
40 114
40 115
40 116
40 118
40 121
40 125
40 127
40 128
40 129
40 131
40 132
40 133
40 134
40 135
40 137
40 138
40 139
40 142
40 143
40 144
40 147
40 148
40 150
40 151
40 152
40 153
40 154
40 155
40 157
40 158
40 159
40 160
40 161
41 42
41 51
41 58
41 59
41 68
41 69
41 72
41 74
41 80
41 83
41 91
41 100
41 101
41 102
41 105
41 114
41 115
41 125
41 128
41 130
41 134
41 137
41 138
41 140
41 147
41 150
41 152
41 154
41 158
41 161
42 43
42 44
42 45
42 49
42 50
42 51
42 53
42 55
42 59
42 62
42 65
42 66
42 67
42 70
42 71
42 73
42 74
42 79
42 80
42 84
42 85
42 86
42 89
42 91
42 92
42 93
42 94
42 95
42 96
42 97
42 98
42 99
42 101
42 102
42 104
42 106
42 107
42 108
42 112
42 113
42 114
42 115
42 120
42 123
42 128
42 130
42 133
42 134
42 136
42 137
42 138
42 142
42 147
42 150
42 151
42 152
42 154
42 155
42 158
42 160
42 161
43 45
43 49
43 51
43 56
43 61
43 64
43 66
43 67
43 68
43 69
43 74
43 75
43 77
43 83
43 84
43 85
43 87
43 89
43 91
43 95
43 96
43 97
43 98
43 99
43 101
43 102
43 103
43 105
43 106
43 108
43 109
43 112
43 113
43 114
43 115
43 118
43 128
43 129
43 131
43 133
43 137
43 138
43 142
43 145
43 146
43 150
43 152
43 153
43 154
43 157
43 158
43 159
43 160
44 45
44 46
44 48
44 49
44 50
44 51
44 52
44 54
44 56
44 58
44 64
44 65
44 66
44 67
44 68
44 69
44 70
44 71
44 72
44 73
44 74
44 75
44 76
44 77
44 80
44 84
44 86
44 87
44 88
44 89
44 90
44 93
44 94
44 96
44 97
44 98
44 99
44 101
44 102
44 104
44 105
44 106
44 108
44 109
44 111
44 112
44 113
44 114
44 115
44 116
44 117
44 118
44 119
44 125
44 126
44 128
44 129
44 130
44 131
44 132
44 134
44 136
44 137
44 138
44 139
44 140
44 141
44 142
44 143
44 148
44 150
44 151
44 152
44 154
44 156
44 158
44 161
45 46
45 49
45 51
45 54
45 57
45 58
45 59
45 62
45 63
45 64
45 65
45 66
45 67
45 68
45 69
45 70
45 71
45 73
45 74
45 75
45 77
45 79
45 80
45 82
45 83
45 84
45 85
45 86
45 87
45 89
45 90
45 92
45 93
45 94
45 95
45 97
45 98
45 99
45 100
45 101
45 102
45 104
45 105
45 106
45 107
45 109
45 110
45 111
45 112
45 113
45 114
45 115
45 116
45 117
45 119
45 120
45 121
45 124
45 125
45 127
45 128
45 129
45 131
45 133
45 134
45 135
45 136
45 137
45 138
45 140
45 141
45 142
45 144
45 146
45 147
45 149
45 151
45 153
45 154
45 155
45 157
45 158
45 160
45 161
46 48
46 49
46 51
46 52
46 54
46 63
46 64
46 67
46 68
46 69
46 70
46 71
46 72
46 73
46 74
46 75
46 77
46 78
46 83
46 84
46 87
46 88
46 95
46 97
46 102
46 103
46 105
46 106
46 108
46 109
46 111
46 112
46 114
46 115
46 116
46 117
46 118
46 120
46 121
46 125
46 126
46 128
46 131
46 133
46 134
46 138
46 140
46 141
46 142
46 145
46 147
46 148
46 152
46 153
46 154
46 157
46 160
46 161
47 50
47 54
47 55
47 59
47 61
47 64
47 67
47 68
47 69
47 72
47 73
47 77
47 92
47 93
47 100
47 101
47 106
47 108
47 110
47 111
47 115
47 118
47 129
47 131
47 135
47 138
47 148
47 151
47 153
47 154
47 158
48 49
48 50
48 54
48 65
48 69
48 70
48 74
48 75
48 79
48 82
48 83
48 91
48 94
48 98
48 103
48 106
48 114
48 118
48 119
48 125
48 130
48 131
48 133
48 134
48 137
48 138
48 146
48 150
48 151
48 152
48 155
48 161
49 51
49 52
49 55
49 56
49 58
49 61
49 62
49 64
49 65
49 67
49 68
49 69
49 70
49 71
49 72
49 74
49 75
49 76
49 77
49 79
49 82
49 83
49 84
49 87
49 88
49 89
49 92
49 93
49 94
49 97
49 99
49 100
49 101
49 102
49 103
49 104
49 105
49 106
49 107
49 108
49 110
49 113
49 115
49 116
49 118
49 119
49 123
49 127
49 129
49 130
49 131
49 133
49 134
49 137
49 138
49 139
49 140
49 141
49 142
49 145
49 146
49 147
49 149
49 150
49 151
49 152
49 153
49 154
49 155
49 157
49 158
49 159
49 160
50 51
50 52
50 54
50 55
50 62
50 63
50 64
50 66
50 68
50 70
50 71
50 72
50 73
50 75
50 77
50 79
50 83
50 84
50 86
50 88
50 89
50 94
50 97
50 98
50 99
50 101
50 102
50 104
50 105
50 106
50 108
50 110
50 111
50 112
50 114
50 117
50 118
50 122
50 125
50 129
50 130
50 131
50 132
50 133
50 134
50 138
50 139
50 141
50 142
50 145
50 146
50 147
50 148
50 149
50 150
50 151
50 152
50 153
50 154
50 155
50 159
50 160
51 52
51 53
51 54
51 55
51 56
51 57
51 59
51 61
51 64
51 66
51 67
51 68
51 69
51 70
51 71
51 72
51 73
51 74
51 75
51 76
51 77
51 78
51 79
51 81
51 82
51 84
51 85
51 86
51 87
51 88
51 89
51 90
51 91
51 94
51 95
51 96
51 97
51 99
51 101
51 102
51 103
51 104
51 106
51 107
51 108
51 112
51 113
51 114
51 115
51 117
51 118
51 119
51 124
51 125
51 126
51 128
51 129
51 130
51 131
51 133
51 134
51 135
51 137
51 138
51 139
51 140
51 141
51 143
51 144
51 145
51 146
51 147
51 148
51 149
51 151
51 152
51 153
51 154
51 155
51 158
51 159
51 161
52 54
52 55
52 56
52 57
52 61
52 63
52 64
52 65
52 69
52 70
52 72
52 73
52 74
52 75
52 77
52 79
52 84
52 85
52 86
52 88
52 90
52 91
52 94
52 97
52 100
52 101
52 105
52 107
52 108
52 109
52 111
52 112
52 115
52 117
52 118
52 123
52 130
52 131
52 133
52 134
52 135
52 136
52 137
52 138
52 140
52 142
52 147
52 150
52 151
52 152
52 153
52 154
52 155
52 158
52 160
52 161
53 54
53 56
53 57
53 58
53 63
53 64
53 65
53 68
53 70
53 71
53 73
53 77
53 79
53 84
53 86
53 89
53 91
53 93
53 101
53 103
53 104
53 106
53 108
53 112
53 114
53 115
53 117
53 118
53 129
53 136
53 138
53 140
53 142
53 145
53 147
53 150
53 152
53 153
53 154
53 155
53 156
53 159
53 161
54 55
54 56
54 57
54 58
54 59
54 61
54 63
54 64
54 65
54 66
54 67
54 68
54 69
54 71
54 73
54 74
54 75
54 76
54 77
54 79
54 81
54 84
54 87
54 88
54 89
54 91
54 93
54 94
54 96
54 98
54 100
54 101
54 102
54 103
54 104
54 106
54 107
54 108
54 109
54 110
54 112
54 113
54 114
54 115
54 116
54 117
54 118
54 119
54 120
54 121
54 122
54 125
54 126
54 127
54 128
54 129
54 130
54 131
54 133
54 134
54 135
54 137
54 138
54 139
54 140
54 141
54 142
54 145
54 146
54 147
54 148
54 149
54 151
54 152
54 153
54 154
54 155
54 157
54 158
54 160
54 161
55 56
55 58
55 59
55 60
55 61
55 62
55 64
55 66
55 68
55 69
55 70
55 74
55 75
55 79
55 80
55 81
55 82
55 84
55 85
55 86
55 87
55 88
55 89
55 92
55 94
55 95
55 96
55 98
55 100
55 101
55 103
55 105
55 106
55 107
55 108
55 109
55 110
55 113
55 114
55 118
55 119
55 123
55 126
55 127
55 128
55 129
55 131
55 134
55 136
55 137
55 142
55 143
55 144
55 145
55 148
55 149
55 150
55 152
55 153
55 155
55 156
55 157
55 158
55 159
55 161
56 57
56 58
56 59
56 62
56 63
56 64
56 65
56 66
56 67
56 68
56 69
56 70
56 71
56 72
56 73
56 75
56 76
56 77
56 79
56 80
56 81
56 82
56 83
56 84
56 87
56 89
56 91
56 93
56 94
56 95
56 96
56 97
56 98
56 100
56 101
56 102
56 103
56 104
56 105
56 106
56 108
56 109
56 110
56 111
56 112
56 113
56 114
56 115
56 117
56 118
56 119
56 122
56 125
56 126
56 127
56 128
56 129
56 130
56 131
56 133
56 134
56 135
56 137
56 138
56 139
56 140
56 141
56 142
56 143
56 147
56 148
56 149
56 150
56 151
56 152
56 154
56 155
56 157
56 158
56 159
56 160
57 59
57 65
57 67
57 69
57 70
57 71
57 72
57 73
57 75
57 82
57 89
57 91
57 92
57 93
57 94
57 98
57 99
57 101
57 102
57 106
57 108
57 109
57 113
57 115
57 117
57 118
57 124
57 127
57 128
57 133
57 134
57 138
57 140
57 142
57 143
57 146
57 147
57 149
57 150
57 151
57 152
57 153
57 155
57 156
57 159
58 60
58 63
58 65
58 66
58 67
58 68
58 69
58 70
58 71
58 72
58 73
58 74
58 75
58 76
58 77
58 79
58 80
58 82
58 86
58 88
58 89
58 91
58 92
58 95
58 99
58 100
58 101
58 102
58 103
58 104
58 105
58 108
58 109
58 111
58 113
58 114
58 115
58 116
58 117
58 118
58 121
58 124
58 129
58 130
58 131
58 132
58 133
58 137
58 138
58 140
58 141
58 142
58 145
58 146
58 147
58 149
58 150
58 151
58 152
58 154
58 158
59 63
59 65
59 66
59 67
59 68
59 70
59 72
59 73
59 77
59 79
59 80
59 85
59 88
59 89
59 90
59 93
59 94
59 97
59 98
59 99
59 107
59 109
59 112
59 114
59 115
59 117
59 118
59 122
59 125
59 126
59 128
59 133
59 134
59 135
59 136
59 138
59 139
59 141
59 142
59 145
59 147
59 150
59 151
59 152
59 153
59 154
59 157
59 158
59 159
59 160
59 161
60 67
60 68
60 80
60 87
60 89
60 97
60 108
60 115
60 133
60 134
60 142
60 146
60 151
60 152
60 154
61 63
61 65
61 66
61 67
61 69
61 71
61 74
61 77
61 83
61 84
61 85
61 86
61 94
61 105
61 107
61 113
61 114
61 115
61 116
61 119
61 129
61 130
61 134
61 135
61 138
61 141
61 142
61 146
61 151
61 156
61 158
61 161
62 63
62 65
62 66
62 67
62 68
62 69
62 70
62 71
62 72
62 77
62 78
62 80
62 83
62 84
62 86
62 88
62 93
62 94
62 101
62 102
62 105
62 106
62 108
62 110
62 111
62 112
62 114
62 115
62 117
62 125
62 126
62 128
62 129
62 130
62 131
62 132
62 133
62 137
62 138
62 139
62 142
62 145
62 149
62 150
63 64
63 65
63 66
63 67
63 68
63 69
63 70
63 72
63 73
63 74
63 75
63 76
63 77
63 79
63 80
63 82
63 84
63 85
63 86
63 87
63 88
63 89
63 94
63 98
63 99
63 100
63 101
63 105
63 106
63 108
63 109
63 111
63 112
63 113
63 115
63 116
63 120
63 121
63 122
63 124
63 125
63 126
63 132
63 133
63 134
63 135
63 137
63 138
63 139
63 141
63 142
63 143
63 145
63 146
63 147
63 148
63 151
63 154
63 155
63 157
63 158
63 159
63 161
64 65
64 66
64 68
64 70
64 71
64 72
64 73
64 74
64 75
64 76
64 79
64 80
64 82
64 84
64 86
64 87
64 88
64 90
64 93
64 97
64 98
64 100
64 101
64 102
64 104
64 105
64 106
64 108
64 109
64 111
64 112
64 113
64 114
64 116
64 117
64 118
64 120
64 122
64 124
64 125
64 126
64 128
64 129
64 131
64 133
64 134
64 135
64 137
64 138
64 139
64 140
64 142
64 143
64 145
64 146
64 147
64 149
64 150
64 151
64 152
64 153
64 154
64 157
64 158
64 160
64 161
65 67
65 68
65 69
65 70
65 71
65 72
65 73
65 74
65 76
65 77
65 80
65 81
65 82
65 83
65 84
65 85
65 86
65 87
65 88
65 89
65 90
65 91
65 92
65 93
65 94
65 96
65 99
65 100
65 101
65 102
65 105
65 106
65 107
65 108
65 112
65 113
65 114
65 115
65 116
65 117
65 119
65 120
65 121
65 122
65 125
65 127
65 128
65 129
65 131
65 133
65 134
65 135
65 136
65 137
65 138
65 139
65 141
65 142
65 143
65 145
65 146
65 147
65 150
65 151
65 152
65 154
65 155
65 157
65 158
65 159
65 160
65 161
66 67
66 68
66 69
66 70
66 71
66 72
66 73
66 74
66 75
66 76
66 79
66 81
66 82
66 83
66 85
66 86
66 87
66 89
66 90
66 91
66 92
66 94
66 95
66 96
66 97
66 99
66 101
66 102
66 103
66 106
66 107
66 108
66 109
66 111
66 112
66 113
66 114
66 115
66 116
66 117
66 118
66 120
66 121
66 122
66 124
66 126
66 127
66 129
66 130
66 131
66 133
66 134
66 137
66 138
66 139
66 140
66 141
66 145
66 146
66 147
66 148
66 149
66 150
66 151
66 152
66 153
66 154
66 156
66 157
66 158
66 159
66 160
66 161
67 68
67 69
67 70
67 71
67 72
67 74
67 75
67 76
67 77
67 78
67 79
67 80
67 84
67 86
67 87
67 88
67 89
67 90
67 93
67 94
67 95
67 96
67 97
67 98
67 101
67 102
67 105
67 106
67 107
67 108
67 109
67 110
67 111
67 112
67 113
67 114
67 115
67 116
67 117
67 118
67 119
67 121
67 124
67 125
67 126
67 127
67 128
67 129
67 130
67 131
67 132
67 133
67 134
67 135
67 136
67 137
67 138
67 139
67 141
67 142
67 143
67 144
67 146
67 147
67 150
67 151
67 152
67 153
67 155
67 157
67 158
67 159
67 160
67 161
68 69
68 70
68 71
68 72
68 73
68 74
68 75
68 76
68 78
68 79
68 80
68 82
68 83
68 85
68 86
68 88
68 89
68 92
68 93
68 94
68 96
68 99
68 101
68 102
68 103
68 105
68 106
68 107
68 108
68 109
68 110
68 111
68 112
68 115
68 116
68 117
68 118
68 122
68 123
68 125
68 126
68 127
68 128
68 129
68 130
68 133
68 134
68 135
68 136
68 138
68 139
68 140
68 142
68 147
68 148
68 149
68 150
68 151
68 152
68 153
68 154
68 158
68 159
68 161
69 70
69 71
69 72
69 74
69 76
69 77
69 79
69 80
69 81
69 82
69 83
69 84
69 86
69 87
69 88
69 89
69 90
69 91
69 92
69 93
69 94
69 100
69 101
69 102
69 104
69 105
69 106
69 109
69 112
69 114
69 115
69 116
69 117
69 118
69 119
69 122
69 125
69 126
69 128
69 129
69 131
69 132
69 133
69 136
69 139
69 140
69 141
69 142
69 145
69 147
69 148
69 149
69 150
69 151
69 152
69 153
69 154
69 158
69 159
69 161
70 71
70 72
70 73
70 74
70 75
70 79
70 81
70 83
70 85
70 86
70 87
70 88
70 89
70 91
70 92
70 93
70 94
70 95
70 96
70 97
70 99
70 100
70 101
70 102
70 103
70 104
70 106
70 108
70 111
70 112
70 113
70 114
70 115
70 116
70 117
70 118
70 119
70 122
70 123
70 125
70 127
70 129
70 130
70 131
70 133
70 134
70 135
70 136
70 137
70 138
70 139
70 140
70 142
70 145
70 146
70 147
70 148
70 149
70 151
70 152
70 153
70 154
70 155
70 156
70 157
70 158
70 159
70 161
71 72
71 73
71 74
71 75
71 76
71 77
71 79
71 80
71 81
71 83
71 88
71 90
71 92
71 94
71 95
71 96
71 98
71 99
71 100
71 101
71 104
71 105
71 106
71 107
71 108
71 110
71 111
71 112
71 113
71 114
71 115
71 116
71 118
71 119
71 121
71 126
71 127
71 130
71 131
71 133
71 137
71 138
71 139
71 140
71 141
71 142
71 145
71 146
71 149
71 150
71 153
71 154
71 157
71 158
71 159
71 160
71 161
72 73
72 74
72 76
72 78
72 79
72 80
72 81
72 82
72 84
72 85
72 87
72 88
72 89
72 90
72 91
72 92
72 93
72 97
72 99
72 101
72 102
72 103
72 104
72 105
72 106
72 107
72 108
72 109
72 111
72 112
72 113
72 114
72 115
72 117
72 118
72 121
72 123
72 124
72 125
72 126
72 127
72 128
72 129
72 130
72 131
72 132
72 133
72 134
72 135
72 137
72 138
72 139
72 141
72 142
72 145
72 147
72 148
72 149
72 150
72 151
72 152
72 154
72 156
72 157
72 158
72 161
73 74
73 75
73 77
73 84
73 86
73 87
73 88
73 89
73 91
73 92
73 93
73 94
73 95
73 96
73 97
73 100
73 101
73 102
73 105
73 106
73 111
73 113
73 115
73 116
73 118
73 119
73 121
73 123
73 126
73 129
73 131
73 132
73 133
73 134
73 137
73 138
73 141
73 142
73 143
73 147
73 150
73 151
73 152
73 153
73 155
73 156
73 157
73 158
73 159
73 160
73 161
74 75
74 77
74 80
74 81
74 82
74 83
74 84
74 85
74 86
74 88
74 89
74 92
74 93
74 94
74 95
74 96
74 97
74 99
74 100
74 101
74 102
74 103
74 104
74 105
74 106
74 107
74 108
74 109
74 111
74 112
74 114
74 115
74 117
74 118
74 121
74 122
74 124
74 125
74 126
74 127
74 128
74 129
74 130
74 133
74 134
74 135
74 136
74 137
74 138
74 139
74 140
74 142
74 143
74 144
74 145
74 146
74 147
74 148
74 149
74 150
74 152
74 154
74 155
74 156
74 158
74 159
74 160
74 161
75 76
75 82
75 83
75 84
75 85
75 86
75 88
75 89
75 90
75 93
75 94
75 95
75 96
75 97
75 100
75 101
75 102
75 103
75 105
75 106
75 108
75 109
75 111
75 113
75 114
75 115
75 117
75 120
75 124
75 125
75 126
75 127
75 131
75 133
75 134
75 135
75 138
75 141
75 142
75 145
75 147
75 149
75 150
75 151
75 152
75 153
75 154
75 158
75 160
76 77
76 79
76 82
76 84
76 85
76 86
76 88
76 89
76 96
76 97
76 98
76 99
76 100
76 101
76 102
76 103
76 104
76 105
76 106
76 108
76 109
76 111
76 113
76 114
76 117
76 125
76 126
76 127
76 128
76 129
76 130
76 131
76 133
76 134
76 136
76 137
76 138
76 144
76 145
76 146
76 147
76 149
76 150
76 151
76 152
76 153
76 154
76 158
76 159
76 160
76 161
77 79
77 80
77 84
77 87
77 88
77 89
77 90
77 91
77 93
77 94
77 97
77 98
77 99
77 100
77 101
77 102
77 104
77 105
77 106
77 107
77 108
77 109
77 110
77 111
77 112
77 113
77 114
77 115
77 117
77 118
77 122
77 124
77 125
77 127
77 128
77 129
77 131
77 133
77 134
77 136
77 137
77 138
77 139
77 141
77 142
77 143
77 145
77 146
77 147
77 149
77 150
77 151
77 153
77 154
77 158
77 159
77 160
77 161
78 84
78 85
78 88
78 93
78 94
78 101
78 102
78 105
78 108
78 111
78 115
78 117
78 125
78 132
78 134
78 147
78 148
78 149
78 150
78 161
79 80
79 81
79 82
79 83
79 84
79 85
79 86
79 88
79 89
79 91
79 92
79 93
79 94
79 97
79 98
79 101
79 102
79 103
79 104
79 105
79 106
79 107
79 108
79 109
79 110
79 111
79 112
79 113
79 114
79 115
79 116
79 117
79 118
79 119
79 120
79 122
79 123
79 124
79 125
79 126
79 127
79 128
79 129
79 130
79 132
79 133
79 134
79 135
79 137
79 138
79 139
79 141
79 142
79 143
79 146
79 148
79 149
79 150
79 151
79 152
79 154
79 155
79 157
79 158
79 160
79 161
80 82
80 84
80 85
80 86
80 89
80 90
80 94
80 97
80 98
80 99
80 101
80 102
80 104
80 106
80 108
80 109
80 111
80 112
80 113
80 115
80 116
80 117
80 118
80 124
80 125
80 129
80 130
80 131
80 133
80 134
80 135
80 136
80 137
80 139
80 141
80 142
80 143
80 146
80 147
80 150
80 151
80 152
80 153
80 154
80 155
80 157
80 160
81 87
81 88
81 94
81 99
81 101
81 106
81 108
81 111
81 112
81 113
81 114
81 115
81 117
81 125
81 128
81 134
81 137
81 138
81 139
81 143
81 151
81 152
81 156
81 157
81 158
81 160
82 87
82 88
82 89
82 94
82 95
82 101
82 102
82 103
82 106
82 107
82 108
82 111
82 112
82 113
82 117
82 126
82 127
82 131
82 134
82 137
82 138
82 139
82 140
82 141
82 142
82 151
82 152
82 158
82 159
83 84
83 87
83 88
83 89
83 94
83 97
83 98
83 99
83 101
83 102
83 103
83 105
83 106
83 108
83 109
83 110
83 112
83 113
83 114
83 115
83 116
83 117
83 118
83 125
83 126
83 129
83 131
83 134
83 136
83 137
83 138
83 139
83 140
83 142
83 146
83 148
83 150
83 151
83 155
83 161
84 85
84 87
84 88
84 89
84 91
84 92
84 93
84 97
84 98
84 99
84 100
84 101
84 102
84 103
84 108
84 109
84 110
84 111
84 114
84 115
84 116
84 118
84 121
84 123
84 124
84 126
84 127
84 129
84 130
84 131
84 133
84 135
84 136
84 137
84 138
84 141
84 142
84 143
84 145
84 146
84 147
84 148
84 149
84 150
84 152
84 153
84 154
84 155
84 156
84 157
84 158
84 159
84 160
85 88
85 89
85 91
85 97
85 99
85 101
85 105
85 106
85 108
85 113
85 114
85 115
85 117
85 127
85 128
85 129
85 131
85 136
85 137
85 140
85 145
85 146
85 147
85 149
85 150
85 151
85 154
85 157
85 158
86 88
86 89
86 91
86 93
86 94
86 96
86 98
86 101
86 102
86 103
86 104
86 106
86 108
86 109
86 110
86 112
86 113
86 114
86 117
86 118
86 120
86 122
86 123
86 125
86 126
86 128
86 129
86 130
86 133
86 134
86 136
86 137
86 138
86 139
86 141
86 142
86 144
86 147
86 151
86 152
86 153
86 154
86 161
87 88
87 89
87 90
87 94
87 95
87 98
87 101
87 102
87 105
87 106
87 107
87 108
87 109
87 111
87 112
87 113
87 117
87 119
87 121
87 125
87 126
87 128
87 129
87 130
87 131
87 133
87 134
87 136
87 138
87 139
87 141
87 142
87 147
87 148
87 150
87 151
87 152
87 153
87 154
87 155
87 158
87 160
88 92
88 93
88 94
88 97
88 98
88 101
88 105
88 111
88 113
88 114
88 117
88 120
88 124
88 128
88 129
88 130
88 131
88 132
88 133
88 134
88 135
88 137
88 138
88 139
88 141
88 142
88 143
88 146
88 147
88 149
88 154
88 157
88 158
88 159
89 91
89 92
89 94
89 95
89 96
89 97
89 99
89 100
89 101
89 102
89 103
89 104
89 105
89 106
89 107
89 109
89 110
89 111
89 114
89 115
89 116
89 117
89 118
89 120
89 127
89 129
89 130
89 131
89 133
89 134
89 137
89 138
89 139
89 141
89 142
89 143
89 146
89 147
89 149
89 151
89 152
89 153
89 154
89 155
89 158
89 159
89 160
90 96
90 97
90 98
90 99
90 102
90 106
90 108
90 113
90 114
90 117
90 125
90 133
90 134
90 135
90 137
90 139
90 147
90 151
90 154
90 158
90 160
90 161
91 93
91 94
91 98
91 102
91 106
91 107
91 108
91 110
91 111
91 113
91 115
91 117
91 118
91 119
91 124
91 129
91 130
91 135
91 136
91 137
91 138
91 139
91 142
91 145
91 146
91 147
91 149
91 152
91 154
91 157
91 158
92 93
92 94
92 99
92 100
92 101
92 105
92 106
92 112
92 113
92 116
92 117
92 118
92 122
92 125
92 127
92 128
92 129
92 130
92 131
92 133
92 134
92 137
92 139
92 147
92 148
92 150
92 151
92 152
92 153
92 154
93 94
93 95
93 97
93 101
93 102
93 105
93 106
93 107
93 108
93 109
93 113
93 115
93 117
93 118
93 122
93 125
93 126
93 129
93 130
93 132
93 133
93 134
93 135
93 136
93 137
93 141
93 142
93 146
93 147
93 148
93 149
93 150
93 151
93 152
93 153
93 154
93 155
93 158
93 161
94 98
94 100
94 101
94 102
94 103
94 104
94 106
94 108
94 109
94 111
94 113
94 115
94 116
94 117
94 118
94 122
94 125
94 126
94 128
94 129
94 131
94 133
94 134
94 136
94 137
94 138
94 139
94 142
94 145
94 147
94 150
94 151
94 152
94 154
94 156
94 157
94 158
94 159
94 160
94 161
95 97
95 102
95 106
95 108
95 113
95 115
95 117
95 125
95 129
95 135
95 137
95 138
95 141
95 146
95 147
95 150
95 154
95 155
95 160
95 161
96 97
96 101
96 102
96 109
96 114
96 115
96 117
96 118
96 123
96 124
96 127
96 129
96 134
96 137
96 138
96 140
96 141
96 143
96 145
96 147
96 148
96 150
96 153
96 158
96 161
97 99
97 100
97 101
97 102
97 104
97 106
97 109
97 111
97 112
97 113
97 114
97 115
97 117
97 118
97 119
97 123
97 124
97 125
97 127
97 128
97 129
97 134
97 135
97 137
97 138
97 139
97 140
97 141
97 142
97 147
97 148
97 150
97 152
97 153
97 154
97 155
97 157
97 158
97 159
98 101
98 102
98 103
98 105
98 106
98 107
98 108
98 112
98 114
98 115
98 117
98 123
98 125
98 126
98 128
98 129
98 130
98 131
98 133
98 134
98 139
98 141
98 142
98 145
98 146
98 147
98 148
98 149
98 151
98 154
98 158
98 161
99 101
99 103
99 106
99 107
99 111
99 113
99 114
99 115
99 118
99 125
99 126
99 131
99 132
99 133
99 134
99 136
99 137
99 138
99 139
99 140
99 142
99 145
99 148
99 150
99 152
99 153
99 158
99 160
100 101
100 102
100 105
100 106
100 107
100 108
100 109
100 112
100 115
100 117
100 126
100 127
100 128
100 129
100 130
100 131
100 134
100 136
100 138
100 141
100 142
100 143
100 144
100 145
100 147
100 149
100 150
100 151
100 152
100 153
100 159
100 161
101 102
101 103
101 104
101 105
101 106
101 107
101 108
101 109
101 111
101 112
101 113
101 114
101 115
101 116
101 117
101 118
101 119
101 120
101 122
101 124
101 125
101 126
101 127
101 128
101 131
101 132
101 133
101 137
101 138
101 139
101 141
101 142
101 143
101 144
101 145
101 146
101 147
101 148
101 149
101 150
101 151
101 152
101 153
101 154
101 157
101 158
101 159
101 160
101 161
102 103
102 104
102 105
102 106
102 108
102 109
102 110
102 111
102 112
102 113
102 114
102 115
102 116
102 117
102 118
102 119
102 120
102 122
102 125
102 129
102 130
102 131
102 133
102 134
102 135
102 137
102 138
102 139
102 140
102 143
102 145
102 146
102 147
102 150
102 152
102 153
102 154
102 155
102 156
102 157
102 158
102 159
102 160
102 161
103 105
103 106
103 107
103 108
103 109
103 110
103 115
103 116
103 118
103 129
103 133
103 137
103 138
103 139
103 141
103 142
103 145
103 152
103 153
103 156
103 158
103 159
104 105
104 106
104 112
104 115
104 125
104 126
104 128
104 129
104 132
104 133
104 134
104 137
104 138
104 139
104 141
104 142
104 145
104 147
104 153
104 154
104 160
105 106
105 107
105 108
105 109
105 111
105 113
105 117
105 118
105 119
105 121
105 122
105 125
105 128
105 129
105 130
105 133
105 139
105 141
105 145
105 146
105 147
105 150
105 151
105 152
105 153
105 154
105 155
105 158
105 159
106 107
106 108
106 109
106 110
106 112
106 113
106 114
106 115
106 116
106 117
106 118
106 119
106 122
106 125
106 126
106 127
106 129
106 131
106 132
106 133
106 134
106 135
106 136
106 137
106 138
106 140
106 142
106 143
106 144
106 147
106 149
106 150
106 152
106 153
106 154
106 155
106 158
106 159
106 160
107 108
107 110
107 112
107 113
107 114
107 115
107 116
107 117
107 119
107 123
107 127
107 128
107 129
107 133
107 134
107 137
107 138
107 141
107 142
107 143
107 145
107 146
107 147
107 150
107 151
107 154
107 158
107 159
107 160
107 161
108 109
108 110
108 112
108 113
108 114
108 115
108 117
108 118
108 120
108 121
108 125
108 126
108 127
108 128
108 129
108 130
108 131
108 133
108 134
108 135
108 136
108 138
108 139
108 140
108 141
108 142
108 143
108 144
108 145
108 149
108 151
108 153
108 154
108 156
108 157
108 158
108 161
109 110
109 112
109 113
109 114
109 115
109 116
109 117
109 128
109 129
109 134
109 135
109 136
109 138
109 139
109 140
109 141
109 142
109 145
109 147
109 149
109 150
109 152
109 154
109 155
109 158
109 159
109 160
109 161
110 113
110 114
110 117
110 118
110 122
110 124
110 125
110 133
110 134
110 137
110 141
110 143
110 145
110 147
110 148
110 150
110 151
110 154
110 158
110 159
111 112
111 114
111 115
111 118
111 119
111 122
111 123
111 124
111 126
111 129
111 131
111 133
111 134
111 135
111 138
111 141
111 142
111 144
111 145
111 146
111 147
111 150
111 152
111 153
111 157
111 158
112 113
112 115
112 116
112 125
112 126
112 127
112 129
112 133
112 134
112 136
112 137
112 138
112 139
112 140
112 141
112 142
112 147
112 150
112 151
112 152
112 153
112 154
112 157
112 158
112 159
112 161
113 115
113 117
113 118
113 119
113 120
113 125
113 126
113 128
113 129
113 130
113 131
113 132
113 133
113 134
113 136
113 137
113 138
113 139
113 141
113 142
113 143
113 145
113 146
113 147
113 148
113 150
113 151
113 152
113 153
113 154
113 155
113 157
113 158
113 160
113 161
114 115
114 117
114 118
114 119
114 120
114 121
114 122
114 123
114 125
114 126
114 129
114 130
114 131
114 133
114 134
114 135
114 136
114 137
114 139
114 141
114 142
114 145
114 146
114 147
114 148
114 149
114 150
114 151
114 152
114 153
114 154
114 155
114 157
114 161
115 116
115 117
115 118
115 121
115 126
115 129
115 130
115 131
115 133
115 134
115 135
115 136
115 137
115 138
115 139
115 140
115 141
115 142
115 145
115 146
115 147
115 149
115 150
115 151
115 152
115 154
115 155
115 158
115 159
116 118
116 121
116 123
116 125
116 129
116 130
116 131
116 132
116 133
116 135
116 137
116 139
116 140
116 141
116 142
116 143
116 145
116 146
116 147
116 149
116 151
116 152
116 153
116 154
116 159
116 160
117 118
117 122
117 125
117 126
117 128
117 129
117 130
117 131
117 133
117 134
117 135
117 136
117 137
117 138
117 139
117 141
117 142
117 144
117 145
117 147
117 148
117 150
117 151
117 153
117 154
117 155
117 156
117 157
117 158
117 160
117 161
118 119
118 122
118 123
118 125
118 126
118 129
118 130
118 131
118 133
118 134
118 135
118 136
118 137
118 138
118 139
118 140
118 141
118 142
118 143
118 144
118 145
118 147
118 148
118 149
118 150
118 151
118 152
118 154
118 155
118 157
118 158
118 159
118 160
118 161
119 129
119 131
119 134
119 137
119 138
119 139
119 152
119 154
119 158
120 125
120 127
120 128
120 129
120 130
120 139
120 147
120 158
121 129
121 134
121 148
121 149
121 151
121 152
121 158
122 125
122 131
122 134
122 140
122 141
122 142
122 147
122 152
122 158
123 127
123 129
123 131
123 132
123 134
123 136
123 137
123 141
123 146
123 147
123 151
123 152
123 154
124 126
124 129
124 131
124 135
124 137
124 138
124 144
124 153
125 126
125 128
125 129
125 130
125 131
125 133
125 134
125 137
125 138
125 142
125 143
125 144
125 145
125 146
125 147
125 149
125 150
125 151
125 152
125 153
125 154
125 155
125 156
125 157
125 158
125 160
126 127
126 129
126 133
126 134
126 137
126 139
126 145
126 148
126 150
126 152
126 157
126 160
127 129
127 130
127 131
127 133
127 135
127 136
127 138
127 139
127 141
127 142
127 150
127 152
127 154
127 155
127 157
127 160
128 129
128 130
128 133
128 134
128 136
128 138
128 139
128 141
128 145
128 146
128 149
128 150
128 152
128 154
128 155
128 158
128 159
128 161
129 130
129 131
129 133
129 134
129 135
129 137
129 138
129 139
129 141
129 142
129 144
129 145
129 146
129 147
129 148
129 149
129 151
129 152
129 153
129 154
129 155
129 157
129 158
129 159
129 160
129 161
130 131
130 133
130 134
130 135
130 136
130 137
130 138
130 139
130 141
130 142
130 147
130 150
130 153
130 155
130 156
130 158
130 159
130 160
130 161
131 132
131 133
131 134
131 135
131 136
131 137
131 138
131 139
131 141
131 142
131 143
131 145
131 146
131 147
131 148
131 149
131 150
131 151
131 154
131 156
131 158
131 159
131 160
131 161
132 135
132 152
132 153
132 157
132 158
133 134
133 135
133 136
133 137
133 138
133 140
133 141
133 142
133 143
133 144
133 146
133 147
133 148
133 150
133 151
133 152
133 153
133 154
133 155
133 156
133 157
133 158
133 159
133 160
134 135
134 136
134 137
134 139
134 141
134 142
134 143
134 144
134 145
134 146
134 147
134 148
134 149
134 150
134 151
134 152
134 153
134 154
134 156
134 157
134 158
134 159
134 161
135 138
135 142
135 146
135 147
135 149
135 150
135 151
135 154
135 156
135 158
135 161
136 141
136 142
136 147
136 150
136 151
136 152
136 155
136 158
136 160
137 138
137 139
137 140
137 142
137 143
137 145
137 146
137 147
137 150
137 151
137 152
137 153
137 154
137 156
137 157
137 158
137 159
137 160
137 161
138 139
138 140
138 142
138 143
138 145
138 146
138 147
138 149
138 150
138 153
138 154
138 158
138 159
138 160
139 140
139 141
139 142
139 145
139 146
139 147
139 148
139 149
139 150
139 151
139 152
139 153
139 154
139 158
139 159
139 161
140 145
140 147
140 149
140 151
140 157
140 158
140 159
140 160
141 144
141 147
141 149
141 150
141 151
141 152
141 153
141 154
141 155
141 156
141 157
141 158
141 159
141 161
142 143
142 144
142 145
142 147
142 149
142 150
142 151
142 152
142 153
142 154
142 155
142 157
142 158
142 159
142 161
143 147
143 149
143 152
143 153
143 154
143 157
143 158
144 152
144 156
145 147
145 149
145 152
145 154
145 156
145 157
145 158
145 159
145 160
145 161
146 149
146 150
146 151
146 152
146 154
146 156
146 158
146 159
146 161
147 148
147 149
147 150
147 151
147 152
147 153
147 154
147 155
147 157
147 158
147 160
147 161
148 150
148 152
148 154
148 160
148 161
149 150
149 153
149 154
149 155
149 157
149 158
149 160
150 151
150 152
150 153
150 158
150 161
151 152
151 154
151 155
151 157
151 158
151 159
151 160
151 161
152 153
152 154
152 155
152 157
152 158
152 159
152 160
152 161
153 154
153 155
153 158
153 160
153 161
154 155
154 157
154 158
154 159
154 161
155 158
155 161
156 158
157 158
157 160
157 161
158 159
158 160
159 160
159 161
160 161
