0 1
0 4
0 6
0 9
0 11
0 15
0 18
0 19
0 20
0 21
0 22
0 25
0 26
0 29
0 30
0 31
0 33
0 35
0 40
0 41
0 44
0 45
0 46
0 50
0 54
0 56
0 57
0 63
0 64
0 65
0 66
0 68
0 70
0 71
0 72
0 73
0 74
0 75
0 77
0 79
0 80
0 81
0 83
0 86
0 87
0 88
0 89
0 90
0 97
0 98
0 99
0 101
0 102
0 103
0 105
0 108
0 109
0 110
0 113
0 114
0 115
0 116
0 118
0 125
0 131
0 133
0 137
0 141
0 142
0 143
0 145
0 146
0 147
0 149
0 150
0 151
0 152
0 154
0 157
0 159
0 161
1 4
1 5
1 6
1 7
1 10
1 19
1 20
1 22
1 24
1 25
1 26
1 30
1 31
1 35
1 36
1 38
1 39
1 40
1 42
1 44
1 45
1 46
1 49
1 50
1 51
1 53
1 54
1 64
1 65
1 67
1 68
1 70
1 71
1 72
1 75
1 79
1 83
1 84
1 85
1 86
1 87
1 88
1 91
1 94
1 96
1 99
1 100
1 102
1 105
1 106
1 109
1 110
1 112
1 113
1 114
1 115
1 116
1 118
1 123
1 125
1 129
1 130
1 131
1 138
1 139
1 142
1 146
1 147
1 150
1 151
1 152
1 153
1 154
1 157
1 158
1 161
2 4
2 7
2 11
2 12
2 14
2 16
2 19
2 21
2 24
2 25
2 26
2 31
2 33
2 35
2 37
2 39
2 40
2 44
2 45
2 48
2 54
2 56
2 65
2 66
2 68
2 69
2 70
2 71
2 75
2 77
2 79
2 81
2 83
2 85
2 86
2 89
2 91
2 92
2 94
2 99
2 101
2 102
2 104
2 106
2 109
2 111
2 112
2 113
2 115
2 118
2 119
2 127
2 128
2 129
2 131
2 133
2 136
2 138
2 139
2 142
2 143
2 148
2 151
2 152
2 154
2 156
2 158
2 159
2 160
2 161
3 7
3 10
3 13
3 17
3 19
3 28
3 30
3 31
3 36
3 40
3 44
3 45
3 46
3 53
3 54
3 55
3 56
3 59
3 62
3 64
3 67
3 69
3 70
3 72
3 74
3 79
3 81
3 89
3 92
3 94
3 97
3 98
3 101
3 102
3 105
3 106
3 108
3 109
3 110
3 112
3 114
3 119
3 125
3 127
3 128
3 129
3 131
3 133
3 136
3 137
3 138
3 139
3 141
3 142
3 146
3 147
3 151
3 152
3 153
3 154
3 155
3 157
3 158
3 160
4 5
4 6
4 8
4 9
4 11
4 12
4 13
4 14
4 15
4 16
4 19
4 20
4 22
4 23
4 25
4 26
4 29
4 30
4 31
4 32
4 35
4 36
4 37
4 39
4 44
4 45
4 48
4 49
4 50
4 52
4 54
4 55
4 56
4 57
4 58
4 59
4 61
4 62
4 63
4 65
4 66
4 67
4 69
4 70
4 71
4 72
4 74
4 76
4 77
4 78
4 80
4 83
4 84
4 85
4 86
4 88
4 89
4 90
4 91
4 93
4 94
4 95
4 96
4 97
4 98
4 99
4 101
4 102
4 105
4 106
4 108
4 109
4 110
4 111
4 112
4 113
4 114
4 115
4 117
4 118
4 123
4 125
4 127
4 128
4 129
4 130
4 131
4 133
4 134
4 135
4 138
4 139
4 140
4 141
4 142
4 143
4 145
4 146
4 147
4 149
4 150
4 151
4 152
4 153
4 154
4 157
4 158
4 159
4 160
4 161
5 6
5 11
5 14
5 19
5 25
5 30
5 31
5 32
5 35
5 37
5 38
5 42
5 45
5 46
5 49
5 62
5 63
5 65
5 67
5 68
5 72
5 79
5 84
5 89
5 90
5 94
5 97
5 100
5 101
5 102
5 106
5 108
5 113
5 114
5 115
5 118
5 122
5 125
5 128
5 129
5 134
5 147
5 148
5 149
5 152
5 153
5 154
5 155
5 159
5 160
6 7
6 9
6 10
6 14
6 15
6 16
6 19
6 20
6 21
6 22
6 23
6 25
6 27
6 28
6 29
6 30
6 31
6 32
6 34
6 35
6 36
6 37
6 38
6 39
6 40
6 42
6 44
6 45
6 46
6 49
6 50
6 51
6 52
6 53
6 54
6 55
6 56
6 58
6 59
6 61
6 63
6 65
6 67
6 68
6 69
6 70
6 71
6 72
6 73
6 74
6 75
6 76
6 79
6 80
6 82
6 83
6 84
6 86
6 87
6 89
6 90
6 93
6 94
6 96
6 97
6 98
6 99
6 100
6 101
6 102
6 103
6 105
6 106
6 107
6 108
6 111
6 112
6 113
6 115
6 116
6 117
6 118
6 124
6 125
6 126
6 127
6 128
6 130
6 132
6 133
6 135
6 136
6 137
6 138
6 139
6 140
6 141
6 142
6 143
6 145
6 146
6 147
6 148
6 149
6 150
6 151
6 152
6 153
6 154
6 155
6 156
6 158
6 159
6 160
7 9
7 10
7 11
7 13
7 14
7 15
7 16
7 19
7 21
7 22
7 24
7 26
7 28
7 30
7 31
7 32
7 33
7 34
7 35
7 36
7 38
7 39
7 42
7 43
7 44
7 45
7 46
7 47
7 48
7 49
7 50
7 51
7 52
7 54
7 55
7 56
7 58
7 59
7 60
7 62
7 63
7 64
7 65
7 66
7 67
7 68
7 69
7 71
7 72
7 73
7 74
7 75
7 76
7 77
7 79
7 82
7 83
7 84
7 86
7 87
7 88
7 89
7 92
7 93
7 94
7 96
7 99
7 101
7 102
7 104
7 105
7 106
7 107
7 108
7 109
7 111
7 112
7 113
7 114
7 115
7 116
7 117
7 118
7 119
7 120
7 121
7 122
7 123
7 125
7 127
7 128
7 129
7 130
7 132
7 133
7 134
7 135
7 136
7 137
7 138
7 139
7 140
7 141
7 142
7 143
7 145
7 146
7 147
7 149
7 150
7 151
7 152
7 153
7 154
7 158
7 159
7 161
8 13
8 14
8 18
8 19
8 21
8 24
8 30
8 35
8 36
8 37
8 38
8 40
8 45
8 48
8 50
8 51
8 54
8 56
8 57
8 58
8 61
8 63
8 64
8 66
8 67
8 68
8 70
8 75
8 79
8 87
8 93
8 97
8 99
8 101
8 102
8 106
8 111
8 113
8 114
8 115
8 117
8 118
8 120
8 121
8 124
8 125
8 129
8 133
8 137
8 138
8 139
8 142
8 146
8 147
8 149
8 151
8 154
8 155
8 157
8 158
8 161
9 10
9 12
9 14
9 15
9 18
9 19
9 21
9 22
9 26
9 27
9 30
9 31
9 32
9 34
9 35
9 36
9 40
9 43
9 45
9 46
9 51
9 54
9 56
9 58
9 59
9 61
9 62
9 63
9 65
9 66
9 67
9 68
9 69
9 70
9 72
9 73
9 77
9 79
9 82
9 84
9 85
9 88
9 89
9 91
9 93
9 94
9 97
9 99
9 100
9 103
9 107
9 108
9 111
9 114
9 115
9 116
9 117
9 118
9 119
9 122
9 125
9 127
9 129
9 131
9 133
9 134
9 135
9 137
9 139
9 141
9 142
9 143
9 145
9 146
9 150
9 151
9 154
9 156
9 157
10 11
10 16
10 18
10 21
10 22
10 30
10 32
10 35
10 36
10 40
10 43
10 44
10 45
10 49
10 50
10 51
10 53
10 54
10 55
10 56
10 58
10 59
10 61
10 63
10 64
10 65
10 66
10 67
10 68
10 69
10 71
10 72
10 74
10 75
10 79
10 80
10 81
10 82
10 83
10 84
10 86
10 87
10 88
10 89
10 91
10 94
10 97
10 98
10 101
10 102
10 103
10 104
10 105
10 106
10 107
10 108
10 109
10 111
10 113
10 114
10 115
10 116
10 118
10 120
10 121
10 125
10 126
10 129
10 130
10 131
10 133
10 134
10 135
10 138
10 139
10 141
10 142
10 144
10 145
10 150
10 152
10 154
10 155
10 157
10 158
10 159
10 161
11 12
11 13
11 19
11 22
11 25
11 26
11 28
11 29
11 31
11 32
11 33
11 34
11 35
11 36
11 37
11 39
11 40
11 41
11 43
11 44
11 45
11 46
11 48
11 49
11 51
11 53
11 54
11 56
11 57
11 58
11 59
11 61
11 64
11 65
11 66
11 67
11 68
11 69
11 71
11 72
11 73
11 74
11 76
11 77
11 81
11 82
11 83
11 84
11 86
11 87
11 88
11 89
11 90
11 91
11 92
11 94
11 97
11 98
11 99
11 101
11 102
11 103
11 104
11 105
11 106
11 108
11 109
11 111
11 112
11 113
11 114
11 115
11 116
11 118
11 121
11 122
11 123
11 124
11 125
11 126
11 128
11 129
11 130
11 131
11 133
11 134
11 135
11 136
11 137
11 138
11 141
11 142
11 143
11 146
11 147
11 148
11 149
11 150
11 151
11 152
11 153
11 154
11 158
11 159
11 160
11 161
12 13
12 14
12 19
12 21
12 26
12 31
12 32
12 33
12 34
12 35
12 38
12 40
12 42
12 44
12 45
12 49
12 51
12 52
12 58
12 59
12 61
12 62
12 63
12 65
12 68
12 69
12 71
12 74
12 75
12 77
12 79
12 80
12 86
12 87
12 90
12 91
12 92
12 94
12 98
12 102
12 104
12 105
12 108
12 111
12 112
12 114
12 115
12 117
12 118
12 122
12 124
12 125
12 127
12 128
12 131
12 133
12 134
12 135
12 137
12 138
12 142
12 152
12 153
12 157
12 158
12 159
13 14
13 15
13 18
13 19
13 23
13 25
13 26
13 28
13 30
13 31
13 32
13 35
13 37
13 38
13 40
13 43
13 45
13 46
13 49
13 51
13 54
13 55
13 56
13 59
13 61
13 64
13 66
13 67
13 69
13 72
13 75
13 77
13 78
13 79
13 81
13 84
13 85
13 86
13 90
13 91
13 92
13 103
13 105
13 108
13 109
13 112
13 113
13 114
13 115
13 116
13 117
13 118
13 125
13 126
13 128
13 129
13 133
13 134
13 137
13 138
13 141
13 142
13 143
13 146
13 147
13 148
13 150
13 151
13 152
13 154
13 159
13 160
13 161
14 15
14 16
14 18
14 19
14 20
14 21
14 22
14 23
14 24
14 25
14 26
14 30
14 31
14 32
14 33
14 35
14 36
14 37
14 38
14 39
14 40
14 41
14 42
14 44
14 46
14 47
14 48
14 49
14 50
14 51
14 52
14 54
14 55
14 57
14 58
14 59
14 60
14 62
14 63
14 64
14 65
14 66
14 67
14 68
14 69
14 70
14 72
14 73
14 74
14 75
14 76
14 77
14 79
14 80
14 81
14 82
14 84
14 85
14 87
14 89
14 90
14 91
14 92
14 93
14 94
14 96
14 97
14 98
14 99
14 100
14 101
14 102
14 103
14 104
14 105
14 106
14 107
14 108
14 111
14 112
14 114
14 115
14 117
14 118
14 125
14 126
14 127
14 129
14 130
14 131
14 132
14 133
14 134
14 135
14 136
14 137
14 138
14 139
14 141
14 142
14 145
14 147
14 148
14 149
14 150
14 152
14 153
14 154
14 157
14 158
14 159
15 19
15 24
15 25
15 28
15 30
15 31
15 35
15 37
15 38
15 40
15 45
15 48
15 50
15 55
15 58
15 60
15 61
15 64
15 66
15 68
15 69
15 70
15 72
15 77
15 79
15 80
15 87
15 89
15 93
15 95
15 97
15 100
15 101
15 103
15 107
15 108
15 111
15 113
15 115
15 118
15 125
15 126
15 128
15 129
15 131
15 133
15 134
15 137
15 138
15 139
15 143
15 145
15 146
15 147
15 151
15 152
15 153
15 154
15 157
15 159
15 160
16 19
16 21
16 23
16 26
16 32
16 34
16 37
16 38
16 40
16 42
16 43
16 44
16 48
16 51
16 52
16 54
16 56
16 61
16 62
16 64
16 66
16 67
16 68
16 69
16 70
16 71
16 74
16 76
16 77
16 82
16 84
16 91
16 92
16 95
16 96
16 102
16 103
16 105
16 107
16 109
16 112
16 113
16 115
16 117
16 118
16 120
16 122
16 125
16 131
16 133
16 134
16 137
16 138
16 142
16 146
16 149
16 150
16 151
16 152
16 153
16 158
16 160
17 20
17 21
17 24
17 38
17 40
17 45
17 51
17 56
17 64
17 67
17 68
17 72
17 79
17 87
17 93
17 95
17 103
17 106
17 114
17 116
17 125
17 126
17 128
17 131
17 135
17 137
17 138
17 142
17 144
17 145
17 147
17 151
17 157
17 158
17 159
17 161
18 19
18 24
18 26
18 30
18 31
18 34
18 35
18 36
18 38
18 43
18 44
18 45
18 49
18 51
18 52
18 54
18 55
18 57
18 58
18 59
18 65
18 66
18 67
18 68
18 69
18 70
18 71
18 72
18 74
18 77
18 79
18 84
18 85
18 86
18 87
18 88
18 90
18 91
18 92
18 94
18 97
18 101
18 105
18 106
18 107
18 109
18 111
18 112
18 118
18 128
18 130
18 131
18 133
18 134
18 135
18 136
18 138
18 139
18 140
18 142
18 145
18 146
18 147
18 149
18 150
18 151
18 152
18 153
18 154
18 157
18 158
18 160
19 21
19 22
19 23
19 24
19 26
19 27
19 28
19 30
19 31
19 32
19 34
19 35
19 37
19 41
19 42
19 45
19 46
19 47
19 49
19 50
19 51
19 52
19 53
19 54
19 58
19 59
19 62
19 63
19 64
19 66
19 67
19 68
19 69
19 70
19 73
19 74
19 75
19 76
19 79
19 80
19 81
19 84
19 85
19 86
19 88
19 89
19 90
19 91
19 92
19 93
19 94
19 96
19 97
19 99
19 101
19 102
19 103
19 104
19 105
19 106
19 107
19 108
19 109
19 110
19 111
19 112
19 115
19 116
19 117
19 118
19 119
19 125
19 126
19 128
19 129
19 130
19 131
19 133
19 134
19 136
19 137
19 138
19 139
19 140
19 141
19 142
19 143
19 145
19 146
19 147
19 149
19 150
19 151
19 152
19 153
19 154
19 155
19 156
19 157
19 158
19 159
19 160
20 25
20 26
20 29
20 31
20 35
20 36
20 38
20 42
20 43
20 45
20 52
20 54
20 56
20 69
20 72
20 84
20 90
20 93
20 95
20 102
20 103
20 105
20 106
20 107
20 111
20 114
20 116
20 118
20 122
20 125
20 130
20 131
20 133
20 137
20 139
20 142
20 145
20 152
20 158
20 159
20 161
21 23
21 24
21 25
21 26
21 29
21 30
21 32
21 34
21 35
21 37
21 38
21 41
21 42
21 44
21 50
21 51
21 53
21 54
21 55
21 56
21 57
21 58
21 59
21 60
21 61
21 63
21 64
21 65
21 66
21 67
21 68
21 69
21 70
21 71
21 72
21 73
21 74
21 76
21 79
21 81
21 83
21 84
21 88
21 89
21 90
21 92
21 93
21 94
21 97
21 99
21 101
21 105
21 106
21 112
21 113
21 115
21 117
21 118
21 119
21 125
21 127
21 128
21 129
21 130
21 131
21 133
21 135
21 136
21 137
21 138
21 139
21 141
21 142
21 143
21 144
21 145
21 146
21 147
21 148
21 149
21 150
21 151
21 152
21 158
21 159
21 161
22 26
22 27
22 29
22 31
22 32
22 33
22 38
22 39
22 44
22 45
22 49
22 52
22 56
22 57
22 58
22 64
22 68
22 72
22 74
22 79
22 80
22 84
22 87
22 88
22 89
22 92
22 94
22 95
22 96
22 97
22 99
22 102
22 105
22 106
22 108
22 109
22 111
22 112
22 114
22 115
22 116
22 117
22 118
22 119
22 125
22 128
22 129
22 131
22 134
22 137
22 138
22 139
22 140
22 148
22 149
22 155
22 158
23 26
23 30
23 31
23 40
23 42
23 45
23 46
23 49
23 51
23 54
23 56
23 58
23 66
23 71
23 74
23 75
23 77
23 79
23 80
23 83
23 84
23 88
23 89
23 93
23 94
23 97
23 98
23 101
23 102
23 103
23 105
23 106
23 114
23 117
23 131
23 134
23 138
23 142
23 143
23 145
23 147
23 151
23 152
23 158
23 161
24 25
24 26
24 28
24 30
24 31
24 32
24 35
24 38
24 39
24 40
24 45
24 46
24 50
24 51
24 54
24 55
24 56
24 58
24 63
24 66
24 68
24 69
24 70
24 71
24 72
24 73
24 74
24 77
24 79
24 83
24 84
24 85
24 86
24 88
24 89
24 90
24 94
24 95
24 97
24 98
24 99
24 101
24 102
24 103
24 104
24 105
24 107
24 108
24 109
24 111
24 114
24 116
24 117
24 118
24 125
24 129
24 130
24 131
24 133
24 134
24 135
24 141
24 142
24 145
24 146
24 147
24 148
24 151
24 152
24 153
24 154
24 156
24 157
24 158
24 159
24 160
24 161
25 26
25 28
25 31
25 35
25 36
25 37
25 41
25 45
25 46
25 47
25 49
25 51
25 52
25 54
25 55
25 58
25 59
25 61
25 64
25 66
25 67
25 68
25 69
25 70
25 71
25 72
25 73
25 77
25 79
25 82
25 84
25 86
25 87
25 88
25 89
25 90
25 92
25 99
25 100
25 101
25 102
25 103
25 104
25 105
25 106
25 107
25 108
25 109
25 110
25 112
25 113
25 114
25 115
25 116
25 117
25 118
25 121
25 122
25 124
25 125
25 126
25 129
25 130
25 131
25 133
25 134
25 135
25 136
25 137
25 138
25 139
25 140
25 141
25 142
25 143
25 144
25 147
25 150
25 152
25 153
25 157
25 158
25 161
26 28
26 29
26 30
26 31
26 32
26 34
26 35
26 36
26 37
26 38
26 39
26 40
26 41
26 42
26 43
26 44
26 45
26 46
26 47
26 48
26 49
26 51
26 52
26 53
26 54
26 55
26 56
26 58
26 61
26 62
26 63
26 64
26 65
26 66
26 67
26 68
26 70
26 71
26 72
26 74
26 75
26 78
26 79
26 80
26 81
26 82
26 83
26 84
26 85
26 86
26 88
26 89
26 90
26 92
26 93
26 94
26 96
26 97
26 99
26 100
26 101
26 102
26 104
26 105
26 106
26 107
26 108
26 109
26 110
26 112
26 113
26 114
26 115
26 117
26 118
26 119
26 120
26 123
26 124
26 125
26 127
26 128
26 129
26 130
26 131
26 133
26 134
26 135
26 139
26 142
26 144
26 145
26 146
26 147
26 148
26 149
26 150
26 151
26 152
26 153
26 154
26 155
26 157
26 158
26 160
26 161
27 31
27 37
27 42
27 45
27 49
27 51
27 52
27 55
27 64
27 71
27 82
27 83
27 85
27 96
27 99
27 100
27 102
27 106
27 112
27 113
27 119
27 123
27 128
27 129
27 135
27 137
27 140
27 150
27 151
27 154
27 158
28 31
28 32
28 35
28 36
28 37
28 41
28 45
28 49
28 53
28 54
28 56
28 58
28 63
28 64
28 65
28 70
28 71
28 72
28 74
28 85
28 87
28 89
28 94
28 96
28 97
28 101
28 102
28 106
28 107
28 108
28 117
28 118
28 125
28 131
28 133
28 134
28 137
28 138
28 141
28 143
28 147
28 148
28 151
28 152
28 153
28 154
28 161
29 30
29 35
29 39
29 40
29 44
29 49
29 53
29 56
29 64
29 69
29 79
29 94
29 106
29 107
29 109
29 113
29 118
29 120
29 123
29 137
29 138
29 143
29 146
29 147
29 151
29 152
29 154
29 158
29 160
30 31
30 32
30 33
30 34
30 35
30 36
30 37
30 38
30 39
30 40
30 41
30 43
30 45
30 46
30 47
30 50
30 51
30 52
30 53
30 54
30 55
30 56
30 57
30 58
30 62
30 63
30 64
30 65
30 66
30 67
30 68
30 69
30 70
30 73
30 74
30 75
30 76
30 79
30 80
30 84
30 85
30 86
30 87
30 89
30 90
30 91
30 93
30 94
30 95
30 98
30 100
30 101
30 102
30 103
30 104
30 105
30 107
30 108
30 109
30 112
30 113
30 114
30 115
30 119
30 120
30 122
30 124
30 125
30 126
30 127
30 128
30 131
30 132
30 133
30 134
30 136
30 137
30 138
30 141
30 142
30 143
30 147
30 148
30 150
30 151
30 152
30 153
30 154
30 159
30 160
30 161
31 32
31 33
31 34
31 35
31 36
31 37
31 38
31 39
31 40
31 41
31 42
31 44
31 45
31 46
31 47
31 49
31 50
31 51
31 52
31 54
31 55
31 56
31 57
31 59
31 60
31 62
31 63
31 64
31 66
31 67
31 68
31 69
31 70
31 71
31 72
31 73
31 74
31 75
31 76
31 77
31 79
31 82
31 83
31 84
31 85
31 86
31 88
31 89
31 91
31 93
31 94
31 95
31 97
31 98
31 99
31 100
31 101
31 102
31 103
31 104
31 105
31 106
31 107
31 108
31 109
31 111
31 113
31 114
31 115
31 116
31 117
31 118
31 119
31 120
31 124
31 125
31 126
31 127
31 128
31 129
31 130
31 131
31 132
31 133
31 134
31 135
31 137
31 138
31 139
31 140
31 141
31 142
31 146
31 147
31 148
31 149
31 150
31 151
31 152
31 153
31 154
31 155
31 156
31 157
31 158
31 160
31 161
32 33
32 34
32 35
32 36
32 37
32 38
32 39
32 42
32 44
32 45
32 46
32 49
32 50
32 51
32 53
32 54
32 57
32 58
32 59
32 60
32 63
32 64
32 65
32 66
32 67
32 68
32 69
32 70
32 72
32 73
32 74
32 75
32 77
32 79
32 83
32 84
32 85
32 86
32 89
32 91
32 92
32 93
32 94
32 96
32 97
32 98
32 99
32 100
32 101
32 103
32 104
32 105
32 106
32 107
32 108
32 109
32 110
32 111
32 114
32 117
32 118
32 121
32 123
32 124
32 125
32 126
32 127
32 129
32 131
32 132
32 134
32 135
32 136
32 137
32 138
32 139
32 141
32 142
32 143
32 145
32 146
32 147
32 148
32 152
32 153
32 154
32 155
32 157
32 160
32 161
33 38
33 39
33 40
33 42
33 45
33 49
33 56
33 60
33 64
33 65
33 66
33 70
33 72
33 73
33 74
33 75
33 77
33 82
33 83
33 86
33 89
33 92
33 100
33 106
33 113
33 114
33 115
33 117
33 126
33 131
33 134
33 138
33 142
33 150
33 157
33 158
33 160
33 161
34 35
34 37
34 40
34 43
34 44
34 46
34 47
34 49
34 50
34 52
34 56
34 57
34 64
34 65
34 66
34 68
34 70
34 71
34 73
34 75
34 77
34 79
34 83
34 84
34 89
34 90
34 91
34 93
34 98
34 99
34 102
34 103
34 105
34 106
34 108
34 109
34 111
34 112
34 115
34 118
34 119
34 121
34 125
34 128
34 129
34 130
34 138
34 139
34 142
34 143
34 147
34 150
34 151
34 152
34 153
34 154
34 158
35 36
35 38
35 40
35 42
35 43
35 44
35 45
35 49
35 50
35 51
35 53
35 54
35 58
35 59
35 63
35 64
35 66
35 67
35 68
35 70
35 71
35 72
35 73
35 74
35 76
35 77
35 79
35 80
35 82
35 83
35 84
35 85
35 86
35 89
35 90
35 92
35 93
35 94
35 97
35 100
35 101
35 102
35 103
35 106
35 108
35 111
35 112
35 113
35 114
35 115
35 117
35 118
35 120
35 123
35 125
35 129
35 130
35 133
35 136
35 137
35 138
35 145
35 146
35 147
35 148
35 149
35 150
35 151
35 152
35 153
35 154
35 158
35 161
36 38
36 40
36 41
36 43
36 45
36 46
36 49
36 50
36 53
36 54
36 58
36 59
36 61
36 63
36 64
36 65
36 67
36 68
36 69
36 71
36 72
36 73
36 75
36 77
36 79
36 80
36 82
36 84
36 86
36 87
36 88
36 89
36 91
36 92
36 93
36 94
36 96
36 99
36 101
36 102
36 106
36 108
36 109
36 110
36 111
36 112
36 113
36 116
36 117
36 118
36 119
36 126
36 130
36 131
36 133
36 134
36 137
36 138
36 139
36 141
36 142
36 145
36 146
36 147
36 150
36 151
36 152
36 155
36 157
36 158
36 161
37 38
37 40
37 42
37 44
37 45
37 46
37 49
37 51
37 52
37 54
37 56
37 59
37 62
37 64
37 65
37 66
37 67
37 68
37 70
37 74
37 76
37 79
37 80
37 81
37 82
37 83
37 86
37 88
37 89
37 91
37 92
37 93
37 94
37 97
37 99
37 100
37 103
37 105
37 106
37 107
37 109
37 111
37 113
37 114
37 115
37 118
37 119
37 121
37 122
37 125
37 127
37 129
37 131
37 133
37 134
37 135
37 137
37 138
37 142
37 146
37 147
37 149
37 151
37 152
37 153
37 157
37 158
37 161
38 39
38 43
38 44
38 45
38 47
38 48
38 49
38 52
38 53
38 54
38 55
38 58
38 59
38 61
38 62
38 64
38 65
38 66
38 67
38 69
38 72
38 73
38 74
38 75
38 77
38 78
38 79
38 80
38 81
38 82
38 84
38 86
38 88
38 89
38 91
38 94
38 95
38 97
38 98
38 99
38 100
38 101
38 102
38 103
38 104
38 105
38 106
38 109
38 111
38 113
38 114
38 115
38 125
38 127
38 128
38 129
38 131
38 133
38 134
38 135
38 137
38 138
38 139
38 140
38 141
38 142
38 144
38 146
38 147
38 148
38 151
38 153
38 154
38 155
38 157
38 158
38 159
38 160
38 161
39 41
39 42
39 45
39 46
39 47
39 49
39 50
39 54
39 62
39 64
39 65
39 66
39 67
39 69
39 71
39 73
39 74
39 77
39 79
39 84
39 86
39 87
39 88
39 89
39 92
39 94
39 97
39 99
39 102
39 103
39 107
39 108
39 111
39 112
39 113
39 114
39 115
39 116
39 126
39 129
39 131
39 133
39 134
39 136
39 137
39 138
39 142
39 143
39 146
39 147
39 150
39 151
39 158
39 159
40 42
40 43
40 44
40 45
40 46
40 47
40 48
40 49
40 51
40 54
40 55
40 56
40 57
40 58
40 59
40 60
40 61
40 63
40 64
40 65
40 66
40 67
40 69
40 70
40 71
40 72
40 73
40 74
40 75
40 76
40 77
40 79
40 80
40 82
40 83
40 84
40 85
40 87
40 88
40 89
40 90
40 92
40 93
40 95
40 96
40 97
40 101
40 104
40 105
40 106
40 107
40 109
40 110
40 111
40 112
40 113
40 114
40 115
40 116
40 117
40 122
40 123
40 125
40 127
40 128
40 129
40 131
40 133
40 134
40 135
40 136
40 137
40 138
40 139
40 141
40 142
40 145
40 147
40 148
40 149
40 150
40 151
40 152
40 153
40 154
40 155
40 156
40 157
40 159
41 50
41 51
41 54
41 56
41 64
41 65
41 67
41 68
41 69
41 70
41 74
41 79
41 89
41 91
41 92
41 93
41 94
41 96
41 99
41 100
41 101
41 106
41 108
41 109
41 117
41 118
41 125
41 129
41 131
41 137
41 138
41 139
41 142
41 151
41 152
42 44
42 45
42 46
42 49
42 51
42 54
42 55
42 56
42 65
42 66
42 68
42 69
42 70
42 71
42 72
42 73
42 74
42 75
42 76
42 78
42 79
42 80
42 82
42 86
42 88
42 89
42 90
42 92
42 94
42 97
42 105
42 109
42 111
42 112
42 115
42 117
42 118
42 120
42 125
42 128
42 130
42 131
42 134
42 138
42 139
42 146
42 147
42 150
42 154
42 157
42 158
42 159
42 160
43 44
43 45
43 51
43 53
43 54
43 55
43 56
43 63
43 64
43 66
43 67
43 68
43 70
43 71
43 72
43 73
43 75
43 79
43 83
43 87
43 89
43 92
43 95
43 97
43 99
43 100
43 101
43 102
43 104
43 105
43 106
43 107
43 108
43 109
43 111
43 112
43 113
43 114
43 115
43 117
43 127
43 128
43 129
43 130
43 131
43 134
43 135
43 138
43 145
43 147
43 150
43 151
43 152
43 154
43 158
43 159
43 160
44 45
44 46
44 49
44 51
44 52
44 53
44 54
44 55
44 56
44 58
44 59
44 61
44 64
44 65
44 66
44 67
44 68
44 70
44 72
44 74
44 75
44 79
44 80
44 82
44 84
44 85
44 86
44 89
44 91
44 92
44 93
44 95
44 96
44 97
44 99
44 100
44 101
44 102
44 104
44 105
44 106
44 108
44 109
44 112
44 113
44 114
44 115
44 117
44 118
44 119
44 120
44 121
44 122
44 123
44 125
44 129
44 131
44 133
44 134
44 136
44 137
44 138
44 139
44 141
44 142
44 143
44 145
44 146
44 147
44 148
44 149
44 150
44 152
44 153
44 155
44 156
44 158
45 46
45 47
45 49
45 50
45 51
45 52
45 53
45 54
45 55
45 56
45 57
45 58
45 59
45 61
45 63
45 64
45 65
45 66
45 67
45 68
45 69
45 70
45 71
45 72
45 73
45 74
45 75
45 76
45 78
45 79
45 80
45 81
45 82
45 83
45 84
45 85
45 86
45 87
45 88
45 89
45 91
45 92
45 93
45 94
45 95
45 96
45 98
45 100
45 105
45 106
45 107
45 108
45 110
45 112
45 113
45 114
45 115
45 117
45 118
45 120
45 124
45 125
45 126
45 129
45 130
45 131
45 133
45 134
45 135
45 137
45 138
45 139
45 140
45 141
45 142
45 144
45 145
45 149
45 150
45 152
45 153
45 154
45 155
45 157
45 159
45 160
46 49
46 51
46 54
46 56
46 57
46 58
46 60
46 63
46 64
46 66
46 67
46 68
46 69
46 71
46 74
46 75
46 76
46 77
46 79
46 82
46 84
46 89
46 91
46 94
46 95
46 99
46 101
46 102
46 106
46 107
46 108
46 113
46 114
46 115
46 117
46 118
46 124
46 128
46 129
46 130
46 131
46 133
46 134
46 135
46 136
46 137
46 139
46 142
46 146
46 150
46 151
46 152
46 153
46 154
46 161
47 51
47 52
47 54
47 55
47 56
47 65
47 66
47 68
47 70
47 71
47 78
47 79
47 80
47 84
47 99
47 100
47 101
47 106
47 108
47 112
47 113
47 115
47 118
47 125
47 131
47 134
47 137
47 139
47 142
47 152
47 153
47 154
47 158
48 49
48 52
48 54
48 55
48 58
48 67
48 69
48 73
48 75
48 79
48 80
48 88
48 92
48 93
48 97
48 99
48 101
48 102
48 103
48 106
48 107
48 110
48 115
48 117
48 118
48 131
48 133
48 134
48 135
48 138
48 142
48 145
48 147
48 150
48 151
48 153
48 159
49 50
49 51
49 53
49 54
49 55
49 56
49 58
49 61
49 63
49 64
49 65
49 66
49 67
49 68
49 69
49 71
49 72
49 73
49 74
49 75
49 76
49 77
49 79
49 81
49 82
49 83
49 84
49 86
49 87
49 88
49 89
49 90
49 91
49 92
49 93
49 94
49 95
49 97
49 98
49 99
49 100
49 101
49 102
49 103
49 105
49 106
49 107
49 108
49 109
49 110
49 111
49 112
49 113
49 115
49 117
49 118
49 119
49 120
49 121
49 122
49 123
49 124
49 125
49 127
49 129
49 130
49 131
49 132
49 133
49 134
49 137
49 138
49 139
49 142
49 143
49 145
49 146
49 147
49 148
49 151
49 152
49 153
49 155
49 157
49 158
49 160
49 161
50 51
50 53
50 54
50 58
50 62
50 64
50 65
50 67
50 68
50 70
50 71
50 72
50 73
50 74
50 75
50 79
50 86
50 87
50 89
50 91
50 92
50 93
50 95
50 99
50 102
50 103
50 105
50 106
50 107
50 108
50 109
50 110
50 111
50 112
50 113
50 114
50 115
50 117
50 118
50 120
50 122
50 125
50 127
50 129
50 130
50 131
50 133
50 134
50 135
50 140
50 147
50 150
50 151
50 152
50 154
50 157
50 158
50 159
50 161
51 52
51 56
51 58
51 59
51 61
51 62
51 66
51 67
51 68
51 70
51 71
51 72
51 73
51 74
51 77
51 79
51 80
51 81
51 82
51 84
51 85
51 86
51 89
51 92
51 93
51 94
51 95
51 96
51 97
51 99
51 100
51 101
51 102
51 103
51 104
51 106
51 107
51 108
51 109
51 111
51 112
51 113
51 114
51 115
51 116
51 117
51 118
51 120
51 121
51 123
51 125
51 126
51 127
51 128
51 129
51 130
51 131
51 132
51 133
51 134
51 135
51 136
51 137
51 138
51 139
51 141
51 142
51 143
51 145
51 146
51 147
51 148
51 149
51 150
51 151
51 152
51 153
51 154
51 156
51 157
51 158
51 159
51 160
51 161
52 53
52 54
52 56
52 58
52 59
52 62
52 63
52 64
52 65
52 66
52 67
52 71
52 74
52 82
52 86
52 93
52 94
52 95
52 97
52 101
52 102
52 108
52 111
52 112
52 114
52 115
52 117
52 118
52 126
52 127
52 130
52 131
52 132
52 133
52 134
52 138
52 145
52 148
52 151
52 155
52 157
52 158
52 160
52 161
53 54
53 56
53 59
53 64
53 65
53 67
53 68
53 71
53 75
53 76
53 77
53 81
53 84
53 89
53 91
53 93
53 94
53 96
53 97
53 101
53 103
53 105
53 106
53 108
53 109
53 113
53 117
53 128
53 130
53 134
53 137
53 138
53 146
53 147
53 149
53 151
53 152
53 153
53 155
53 157
53 159
53 161
54 55
54 56
54 58
54 59
54 60
54 63
54 64
54 65
54 66
54 67
54 68
54 69
54 70
54 71
54 72
54 73
54 75
54 77
54 79
54 80
54 81
54 82
54 84
54 86
54 88
54 89
54 91
54 92
54 95
54 96
54 97
54 101
54 102
54 103
54 104
54 105
54 106
54 107
54 108
54 109
54 110
54 111
54 112
54 113
54 114
54 115
54 117
54 118
54 122
54 123
54 125
54 126
54 130
54 131
54 132
54 133
54 134
54 135
54 136
54 137
54 138
54 139
54 140
54 141
54 142
54 144
54 145
54 147
54 148
54 152
54 153
54 154
54 155
54 157
54 158
54 160
54 161
55 56
55 57
55 58
55 59
55 60
55 63
55 64
55 65
55 66
55 67
55 69
55 70
55 71
55 72
55 73
55 74
55 75
55 77
55 79
55 80
55 84
55 86
55 89
55 90
55 91
55 92
55 97
55 98
55 100
55 102
55 103
55 106
55 108
55 110
55 112
55 113
55 114
55 115
55 116
55 117
55 119
55 125
55 126
55 128
55 129
55 130
55 131
55 133
55 134
55 135
55 137
55 138
55 139
55 142
55 143
55 145
55 147
55 149
55 150
55 152
55 153
55 154
55 155
55 156
55 157
55 158
56 57
56 58
56 59
56 60
56 62
56 63
56 64
56 65
56 66
56 67
56 68
56 69
56 70
56 72
56 73
56 74
56 75
56 77
56 79
56 83
56 86
56 87
56 88
56 89
56 90
56 91
56 92
56 93
56 94
56 95
56 96
56 97
56 98
56 100
56 101
56 102
56 104
56 105
56 106
56 107
56 108
56 109
56 111
56 112
56 113
56 115
56 116
56 117
56 118
56 122
56 123
56 124
56 125
56 126
56 127
56 129
56 131
56 133
56 134
56 135
56 136
56 137
56 139
56 140
56 141
56 145
56 146
56 147
56 148
56 149
56 151
56 154
56 155
56 157
56 158
56 159
56 161
57 58
57 65
57 67
57 69
57 71
57 72
57 73
57 74
57 77
57 81
57 84
57 91
57 101
57 103
57 106
57 113
57 114
57 117
57 123
57 125
57 129
57 131
57 136
57 137
57 141
57 142
57 145
57 146
57 147
57 149
57 152
57 153
57 154
57 158
58 61
58 62
58 64
58 65
58 66
58 68
58 70
58 71
58 72
58 73
58 74
58 75
58 77
58 79
58 80
58 81
58 84
58 85
58 87
58 89
58 90
58 94
58 95
58 96
58 98
58 99
58 100
58 101
58 102
58 103
58 105
58 107
58 108
58 112
58 113
58 114
58 118
58 122
58 123
58 125
58 126
58 127
58 128
58 129
58 130
58 131
58 133
58 135
58 137
58 138
58 139
58 142
58 143
58 144
58 147
58 149
58 150
58 151
58 152
58 153
58 154
58 155
58 156
58 157
58 158
58 159
58 161
59 64
59 65
59 69
59 70
59 72
59 73
59 74
59 75
59 76
59 79
59 80
59 83
59 88
59 89
59 90
59 92
59 94
59 99
59 101
59 102
59 105
59 106
59 107
59 108
59 109
59 111
59 112
59 113
59 114
59 115
59 117
59 127
59 128
59 129
59 130
59 131
59 133
59 134
59 135
59 137
59 139
59 140
59 142
59 146
59 151
59 152
59 153
59 157
59 159
60 62
60 66
60 93
60 95
60 101
60 113
60 115
60 125
60 129
60 131
60 134
60 137
60 138
60 139
60 142
60 144
60 153
60 155
60 157
60 161
61 64
61 66
61 67
61 69
61 72
61 75
61 78
61 79
61 84
61 87
61 89
61 93
61 96
61 100
61 101
61 106
61 108
61 111
61 113
61 114
61 115
61 118
61 125
61 126
61 128
61 129
61 132
61 133
61 134
61 138
61 142
61 146
61 147
61 151
61 156
61 157
61 161
62 64
62 69
62 72
62 74
62 77
62 84
62 86
62 88
62 89
62 93
62 97
62 101
62 102
62 106
62 109
62 113
62 114
62 116
62 117
62 124
62 126
62 129
62 131
62 132
62 134
62 135
62 136
62 137
62 138
62 141
62 142
62 146
62 147
62 152
62 153
62 154
62 157
62 161
63 64
63 65
63 66
63 67
63 68
63 69
63 70
63 71
63 73
63 74
63 76
63 77
63 79
63 80
63 84
63 86
63 87
63 88
63 89
63 90
63 92
63 94
63 96
63 101
63 102
63 103
63 105
63 106
63 107
63 108
63 109
63 110
63 112
63 114
63 115
63 116
63 117
63 118
63 119
63 120
63 124
63 126
63 128
63 130
63 131
63 133
63 134
63 136
63 137
63 139
63 140
63 141
63 142
63 145
63 146
63 150
63 151
63 152
63 154
63 158
63 159
63 161
64 65
64 66
64 67
64 68
64 69
64 70
64 71
64 72
64 73
64 74
64 75
64 76
64 77
64 79
64 80
64 81
64 82
64 84
64 85
64 86
64 87
64 88
64 89
64 91
64 92
64 93
64 94
64 96
64 97
64 99
64 100
64 101
64 102
64 103
64 104
64 105
64 106
64 107
64 108
64 109
64 111
64 113
64 114
64 115
64 117
64 118
64 119
64 120
64 125
64 126
64 129
64 130
64 131
64 132
64 133
64 134
64 135
64 137
64 138
64 139
64 140
64 141
64 142
64 143
64 146
64 147
64 149
64 150
64 151
64 152
64 153
64 154
64 155
64 156
64 159
64 160
64 161
65 66
65 67
65 68
65 70
65 73
65 74
65 75
65 76
65 78
65 79
65 83
65 84
65 85
65 86
65 88
65 89
65 90
65 94
65 95
65 97
65 98
65 99
65 100
65 101
65 102
65 103
65 104
65 105
65 106
65 107
65 108
65 112
65 113
65 114
65 115
65 117
65 118
65 122
65 124
65 125
65 129
65 131
65 132
65 133
65 134
65 135
65 136
65 137
65 138
65 139
65 140
65 142
65 144
65 145
65 146
65 147
65 150
65 152
65 154
65 155
65 157
65 158
65 159
65 160
65 161
66 67
66 68
66 70
66 71
66 72
66 74
66 75
66 76
66 77
66 79
66 82
66 84
66 86
66 87
66 88
66 89
66 90
66 91
66 92
66 93
66 94
66 95
66 97
66 98
66 99
66 101
66 105
66 106
66 108
66 109
66 113
66 114
66 115
66 116
66 126
66 127
66 128
66 129
66 131
66 133
66 134
66 135
66 136
66 137
66 138
66 141
66 142
66 143
66 145
66 146
66 147
66 149
66 150
66 151
66 152
66 153
66 154
66 155
66 158
66 159
66 160
66 161
67 68
67 70
67 71
67 73
67 75
67 77
67 79
67 81
67 82
67 83
67 84
67 85
67 87
67 89
67 90
67 92
67 93
67 94
67 97
67 98
67 100
67 101
67 102
67 103
67 105
67 106
67 107
67 108
67 109
67 110
67 113
67 114
67 116
67 117
67 118
67 120
67 122
67 123
67 125
67 126
67 127
67 128
67 129
67 130
67 131
67 132
67 133
67 134
67 135
67 136
67 137
67 138
67 139
67 140
67 142
67 143
67 145
67 147
67 149
67 150
67 151
67 152
67 153
67 154
67 155
67 156
67 157
67 158
67 160
67 161
68 69
68 70
68 71
68 72
68 73
68 74
68 75
68 76
68 79
68 80
68 81
68 82
68 83
68 84
68 86
68 87
68 88
68 89
68 90
68 91
68 94
68 97
68 99
68 101
68 102
68 104
68 105
68 106
68 107
68 108
68 109
68 110
68 111
68 112
68 113
68 115
68 116
68 117
68 120
68 122
68 125
68 127
68 128
68 129
68 130
68 131
68 133
68 134
68 135
68 136
68 137
68 138
68 139
68 140
68 142
68 143
68 146
68 147
68 149
68 150
68 151
68 152
68 153
68 154
68 157
68 158
68 159
68 160
68 161
69 70
69 71
69 72
69 73
69 74
69 79
69 81
69 82
69 83
69 84
69 85
69 86
69 87
69 89
69 92
69 93
69 96
69 97
69 98
69 100
69 101
69 102
69 103
69 104
69 105
69 106
69 107
69 108
69 109
69 111
69 112
69 113
69 114
69 115
69 116
69 117
69 118
69 120
69 122
69 125
69 126
69 127
69 128
69 129
69 130
69 131
69 136
69 137
69 138
69 139
69 140
69 141
69 142
69 143
69 147
69 148
69 149
69 150
69 151
69 153
69 157
69 158
69 160
69 161
70 71
70 73
70 74
70 75
70 77
70 78
70 79
70 80
70 81
70 82
70 83
70 84
70 85
70 86
70 87
70 88
70 89
70 90
70 92
70 94
70 95
70 96
70 97
70 99
70 101
70 103
70 105
70 106
70 108
70 109
70 110
70 113
70 115
70 117
70 118
70 119
70 120
70 124
70 125
70 126
70 127
70 128
70 130
70 131
70 133
70 134
70 135
70 136
70 138
70 139
70 140
70 142
70 144
70 147
70 148
70 149
70 150
70 151
70 153
70 154
70 155
70 157
70 158
70 161
71 72
71 74
71 75
71 77
71 78
71 79
71 81
71 83
71 84
71 85
71 87
71 88
71 89
71 90
71 91
71 92
71 93
71 96
71 97
71 100
71 101
71 102
71 104
71 105
71 106
71 107
71 109
71 111
71 112
71 113
71 114
71 115
71 116
71 118
71 119
71 122
71 125
71 128
71 129
71 130
71 131
71 133
71 134
71 135
71 136
71 137
71 138
71 141
71 142
71 143
71 145
71 146
71 147
71 149
71 150
71 151
71 152
71 153
71 154
71 157
71 158
72 73
72 74
72 75
72 77
72 79
72 80
72 83
72 84
72 85
72 86
72 87
72 88
72 89
72 91
72 92
72 93
72 94
72 96
72 97
72 98
72 100
72 101
72 102
72 103
72 104
72 105
72 106
72 107
72 108
72 109
72 110
72 111
72 112
72 113
72 114
72 118
72 119
72 122
72 124
72 125
72 126
72 127
72 128
72 129
72 130
72 131
72 132
72 133
72 134
72 135
72 137
72 138
72 139
72 140
72 142
72 143
72 144
72 147
72 149
72 150
72 151
72 152
72 153
72 154
72 155
72 157
72 158
72 159
72 160
72 161
73 74
73 75
73 76
73 78
73 79
73 80
73 82
73 83
73 87
73 89
73 95
73 96
73 97
73 98
73 99
73 100
73 101
73 102
73 108
73 109
73 111
73 113
73 114
73 116
73 117
73 118
73 119
73 120
73 122
73 125
73 128
73 129
73 130
73 133
73 134
73 137
73 138
73 142
73 145
73 146
73 147
73 150
73 152
73 154
73 158
73 159
73 160
73 161
74 75
74 76
74 77
74 79
74 80
74 81
74 82
74 83
74 84
74 85
74 86
74 88
74 92
74 93
74 94
74 96
74 97
74 99
74 100
74 101
74 102
74 103
74 104
74 105
74 106
74 107
74 108
74 109
74 110
74 111
74 112
74 113
74 114
74 115
74 116
74 117
74 118
74 119
74 120
74 121
74 125
74 126
74 128
74 129
74 130
74 131
74 133
74 134
74 135
74 136
74 137
74 138
74 139
74 140
74 141
74 142
74 145
74 146
74 147
74 149
74 150
74 152
74 153
74 154
74 156
74 157
74 158
74 160
74 161
75 76
75 77
75 79
75 81
75 82
75 83
75 86
75 89
75 90
75 93
75 94
75 95
75 96
75 98
75 99
75 101
75 102
75 103
75 105
75 106
75 108
75 110
75 111
75 112
75 114
75 115
75 116
75 117
75 122
75 125
75 127
75 128
75 129
75 130
75 131
75 132
75 133
75 134
75 136
75 137
75 139
75 142
75 144
75 145
75 147
75 148
75 150
75 151
75 152
75 154
75 157
75 158
75 160
75 161
76 79
76 82
76 86
76 88
76 89
76 92
76 93
76 97
76 98
76 99
76 101
76 103
76 105
76 106
76 107
76 108
76 114
76 118
76 121
76 125
76 133
76 137
76 138
76 139
76 145
76 147
76 149
76 150
76 151
76 152
76 154
76 157
76 158
76 161
77 80
77 82
77 85
77 86
77 88
77 90
77 92
77 93
77 94
77 97
77 100
77 101
77 102
77 104
77 105
77 106
77 108
77 109
77 113
77 114
77 115
77 117
77 118
77 120
77 123
77 125
77 126
77 127
77 128
77 129
77 130
77 131
77 133
77 134
77 135
77 137
77 138
77 139
77 140
77 143
77 144
77 146
77 147
77 150
77 152
77 153
77 154
77 155
77 156
77 160
78 101
78 125
78 126
78 133
78 135
78 137
78 142
78 147
78 148
78 152
78 157
79 80
79 81
79 82
79 83
79 84
79 86
79 89
79 92
79 93
79 94
79 95
79 99
79 100
79 101
79 102
79 103
79 105
79 106
79 107
79 108
79 109
79 110
79 113
79 115
79 116
79 117
79 118
79 125
79 126
79 127
79 128
79 129
79 130
79 131
79 132
79 133
79 135
79 136
79 137
79 138
79 139
79 140
79 142
79 145
79 146
79 147
79 149
79 150
79 151
79 152
79 153
79 155
79 157
79 158
79 160
79 161
80 82
80 83
80 84
80 86
80 91
80 94
80 95
80 96
80 97
80 98
80 100
80 102
80 103
80 106
80 108
80 111
80 112
80 113
80 114
80 115
80 117
80 126
80 129
80 130
80 131
80 135
80 136
80 137
80 138
80 141
80 142
80 147
80 150
80 151
80 152
80 153
80 154
80 155
80 156
80 158
80 159
80 161
81 86
81 87
81 90
81 93
81 94
81 100
81 101
81 102
81 109
81 110
81 115
81 118
81 119
81 123
81 125
81 128
81 129
81 131
81 133
81 134
81 137
81 139
81 142
81 147
81 151
81 152
81 154
81 155
81 158
81 161
82 83
82 89
82 91
82 93
82 94
82 95
82 97
82 100
82 101
82 102
82 107
82 112
82 113
82 114
82 115
82 117
82 118
82 119
82 125
82 126
82 129
82 130
82 131
82 132
82 134
82 138
82 141
82 142
82 146
82 149
82 150
82 151
82 152
82 153
82 154
82 155
82 158
82 161
83 88
83 89
83 90
83 91
83 95
83 99
83 105
83 107
83 108
83 112
83 113
83 115
83 117
83 119
83 128
83 130
83 133
83 134
83 137
83 138
83 143
83 146
83 147
83 151
83 152
83 154
83 158
83 160
83 161
84 88
84 89
84 94
84 96
84 97
84 98
84 99
84 101
84 102
84 103
84 104
84 105
84 106
84 107
84 108
84 110
84 111
84 112
84 114
84 115
84 116
84 117
84 118
84 125
84 126
84 127
84 129
84 130
84 131
84 134
84 135
84 137
84 138
84 139
84 140
84 141
84 142
84 143
84 146
84 147
84 148
84 150
84 151
84 152
84 154
84 155
84 156
84 158
84 161
85 86
85 92
85 93
85 98
85 101
85 103
85 106
85 111
85 114
85 116
85 117
85 119
85 120
85 128
85 129
85 133
85 136
85 137
85 138
85 139
85 141
85 145
85 146
85 153
85 154
85 155
85 157
85 158
85 160
86 87
86 88
86 89
86 91
86 93
86 94
86 97
86 101
86 105
86 106
86 108
86 109
86 112
86 113
86 114
86 115
86 117
86 118
86 119
86 125
86 129
86 131
86 134
86 135
86 136
86 138
86 139
86 142
86 151
86 152
86 153
86 157
86 158
86 159
86 161
87 88
87 89
87 93
87 97
87 99
87 100
87 101
87 102
87 105
87 106
87 107
87 108
87 109
87 113
87 114
87 115
87 116
87 118
87 120
87 126
87 128
87 129
87 130
87 131
87 132
87 133
87 134
87 135
87 136
87 141
87 142
87 145
87 146
87 147
87 149
87 153
87 154
87 157
87 159
87 160
88 89
88 93
88 94
88 95
88 98
88 100
88 101
88 102
88 103
88 105
88 107
88 108
88 111
88 113
88 114
88 116
88 117
88 124
88 125
88 127
88 128
88 129
88 131
88 133
88 137
88 138
88 139
88 141
88 143
88 148
88 150
88 152
88 153
88 154
88 155
88 159
88 161
89 90
89 92
89 93
89 95
89 97
89 98
89 99
89 100
89 101
89 102
89 103
89 104
89 105
89 106
89 108
89 109
89 110
89 111
89 112
89 113
89 114
89 115
89 116
89 117
89 118
89 120
89 124
89 125
89 126
89 127
89 128
89 129
89 130
89 131
89 133
89 135
89 136
89 137
89 138
89 139
89 141
89 142
89 143
89 145
89 146
89 147
89 148
89 149
89 151
89 152
89 153
89 154
89 156
89 157
89 158
89 159
89 161
90 93
90 101
90 102
90 106
90 108
90 109
90 111
90 113
90 114
90 115
90 125
90 127
90 131
90 134
90 135
90 138
90 139
90 141
90 145
90 146
90 147
90 149
90 152
90 156
90 158
91 94
91 95
91 97
91 101
91 104
91 105
91 106
91 109
91 110
91 111
91 114
91 115
91 118
91 125
91 130
91 132
91 133
91 135
91 136
91 137
91 139
91 141
91 142
91 146
91 147
91 148
91 150
91 151
91 152
91 153
91 154
91 157
91 158
91 161
92 93
92 94
92 97
92 98
92 100
92 101
92 102
92 105
92 106
92 107
92 113
92 114
92 116
92 118
92 120
92 123
92 127
92 129
92 131
92 134
92 137
92 138
92 140
92 141
92 142
92 146
92 147
92 148
92 149
92 152
92 154
92 155
92 158
92 159
92 160
92 161
93 94
93 95
93 100
93 104
93 105
93 106
93 108
93 109
93 112
93 113
93 115
93 117
93 118
93 123
93 130
93 131
93 132
93 133
93 135
93 137
93 139
93 140
93 141
93 142
93 143
93 144
93 146
93 147
93 150
93 152
93 153
93 154
93 155
93 157
93 160
93 161
94 97
94 101
94 102
94 104
94 106
94 107
94 108
94 109
94 111
94 112
94 114
94 115
94 117
94 118
94 121
94 123
94 125
94 126
94 127
94 129
94 130
94 131
94 133
94 134
94 135
94 136
94 137
94 138
94 139
94 140
94 143
94 144
94 145
94 146
94 147
94 150
94 151
94 152
94 153
94 154
94 155
94 156
94 157
94 160
95 100
95 101
95 106
95 108
95 109
95 112
95 113
95 116
95 119
95 129
95 130
95 131
95 133
95 134
95 135
95 137
95 140
95 142
95 145
95 148
95 150
95 151
95 153
96 101
96 102
96 106
96 108
96 109
96 114
96 115
96 118
96 119
96 125
96 131
96 133
96 141
96 147
96 148
96 154
96 160
96 161
97 98
97 99
97 100
97 101
97 102
97 103
97 104
97 105
97 106
97 107
97 108
97 110
97 113
97 114
97 115
97 117
97 118
97 123
97 124
97 125
97 128
97 131
97 134
97 137
97 138
97 139
97 140
97 141
97 142
97 143
97 145
97 146
97 147
97 149
97 150
97 151
97 152
97 153
97 156
97 157
97 158
97 159
97 160
98 101
98 105
98 107
98 108
98 111
98 113
98 114
98 115
98 117
98 118
98 122
98 129
98 130
98 131
98 132
98 133
98 134
98 135
98 137
98 139
98 141
98 145
98 147
98 149
98 151
98 152
98 153
98 154
98 160
99 100
99 101
99 102
99 104
99 106
99 107
99 108
99 109
99 111
99 112
99 114
99 115
99 116
99 117
99 119
99 122
99 129
99 131
99 133
99 134
99 136
99 137
99 138
99 144
99 146
99 149
99 150
99 151
99 152
99 153
99 154
99 155
99 158
99 159
100 101
100 102
100 104
100 108
100 110
100 112
100 113
100 114
100 115
100 117
100 118
100 125
100 126
100 129
100 130
100 131
100 133
100 134
100 136
100 139
100 141
100 142
100 143
100 146
100 152
100 154
100 155
100 157
100 158
100 159
100 160
100 161
101 103
101 105
101 106
101 107
101 108
101 109
101 111
101 112
101 113
101 114
101 115
101 116
101 117
101 118
101 120
101 123
101 124
101 125
101 129
101 130
101 131
101 132
101 133
101 134
101 135
101 136
101 137
101 138
101 139
101 141
101 142
101 143
101 146
101 147
101 149
101 150
101 151
101 152
101 153
101 154
101 157
101 158
101 159
101 160
101 161
102 105
102 106
102 108
102 110
102 111
102 112
102 113
102 114
102 116
102 117
102 118
102 119
102 123
102 126
102 127
102 128
102 129
102 130
102 131
102 134
102 135
102 136
102 137
102 138
102 139
102 140
102 141
102 142
102 143
102 145
102 146
102 149
102 150
102 151
102 153
102 154
102 155
102 156
102 157
102 158
102 159
102 160
102 161
103 105
103 107
103 112
103 118
103 122
103 125
103 126
103 129
103 131
103 133
103 134
103 137
103 141
103 142
103 146
103 148
103 151
103 152
103 154
103 157
103 158
103 160
103 161
104 105
104 106
104 107
104 110
104 112
104 113
104 114
104 117
104 118
104 125
104 126
104 127
104 128
104 129
104 130
104 131
104 134
104 141
104 142
104 143
104 149
104 150
104 151
104 154
104 157
104 158
105 108
105 109
105 110
105 111
105 112
105 113
105 114
105 115
105 116
105 118
105 119
105 120
105 123
105 126
105 128
105 129
105 130
105 131
105 133
105 134
105 135
105 138
105 139
105 140
105 141
105 142
105 143
105 147
105 148
105 149
105 150
105 152
105 153
105 154
105 155
105 158
105 160
105 161
106 108
106 109
106 111
106 112
106 113
106 117
106 118
106 119
106 120
106 122
106 123
106 125
106 126
106 127
106 128
106 129
106 131
106 133
106 134
106 135
106 137
106 138
106 139
106 142
106 146
106 147
106 151
106 157
106 158
106 159
106 160
107 108
107 109
107 112
107 114
107 115
107 117
107 125
107 128
107 130
107 131
107 133
107 134
107 135
107 136
107 137
107 138
107 139
107 141
107 142
107 145
107 147
107 149
107 151
107 152
107 154
107 159
107 160
107 161
108 111
108 113
108 114
108 115
108 117
108 118
108 119
108 121
108 123
108 124
108 125
108 126
108 127
108 128
108 129
108 130
108 131
108 133
108 134
108 135
108 136
108 137
108 138
108 139
108 140
108 142
108 143
108 144
108 146
108 147
108 150
108 151
108 152
108 153
108 154
108 155
108 156
108 157
108 158
109 111
109 113
109 114
109 115
109 117
109 118
109 122
109 125
109 126
109 129
109 130
109 131
109 133
109 134
109 137
109 139
109 140
109 142
109 143
109 145
109 146
109 147
109 148
109 150
109 151
109 152
109 153
109 154
109 158
109 159
109 160
109 161
110 113
110 115
110 116
110 117
110 118
110 126
110 129
110 130
110 131
110 133
110 134
110 137
110 138
110 139
110 140
110 154
110 157
110 160
111 113
111 115
111 116
111 117
111 118
111 125
111 127
111 129
111 131
111 133
111 134
111 137
111 139
111 140
111 141
111 142
111 146
111 147
111 148
111 149
111 150
111 151
111 152
111 153
111 155
111 157
111 158
111 160
112 114
112 115
112 117
112 118
112 125
112 127
112 130
112 131
112 133
112 134
112 137
112 138
112 142
112 143
112 145
112 146
112 147
112 148
112 149
112 150
112 152
112 154
112 155
112 157
112 158
112 160
113 114
113 115
113 116
113 117
113 118
113 119
113 120
113 122
113 125
113 130
113 131
113 133
113 134
113 136
113 137
113 138
113 139
113 140
113 141
113 144
113 145
113 146
113 147
113 149
113 151
113 152
113 153
113 154
113 155
113 157
113 158
113 159
113 161
114 115
114 116
114 117
114 118
114 119
114 124
114 125
114 126
114 128
114 129
114 130
114 133
114 134
114 136
114 137
114 138
114 139
114 140
114 142
114 144
114 146
114 147
114 148
114 149
114 150
114 151
114 152
114 153
114 154
114 157
114 158
114 159
114 160
114 161
115 116
115 120
115 125
115 126
115 128
115 129
115 130
115 131
115 132
115 133
115 134
115 135
115 136
115 137
115 138
115 139
115 142
115 143
115 145
115 147
115 148
115 150
115 151
115 152
115 153
115 154
115 155
115 156
115 157
115 158
115 160
115 161
116 117
116 118
116 119
116 123
116 124
116 125
116 127
116 128
116 130
116 131
116 132
116 133
116 135
116 139
116 142
116 145
116 146
116 149
116 150
116 151
116 156
116 157
116 158
116 159
116 160
117 118
117 120
117 122
117 125
117 126
117 127
117 128
117 129
117 130
117 131
117 132
117 136
117 137
117 138
117 139
117 140
117 142
117 143
117 145
117 146
117 147
117 148
117 149
117 150
117 151
117 152
117 153
117 154
117 155
117 157
117 158
117 159
117 160
117 161
118 124
118 125
118 130
118 131
118 133
118 136
118 137
118 138
118 139
118 140
118 141
118 143
118 147
118 148
118 149
118 150
118 151
118 152
118 153
118 154
118 156
118 157
118 158
118 159
118 161
119 125
119 133
119 136
119 138
119 141
119 144
119 149
119 150
119 151
119 152
119 153
119 154
119 155
119 158
119 160
120 133
120 138
120 145
120 146
120 152
120 157
120 158
120 159
120 160
121 133
121 136
121 145
121 147
121 152
121 154
121 161
122 125
122 129
122 133
122 138
122 139
122 153
122 155
123 125
123 127
123 129
123 130
123 134
123 137
123 142
123 151
123 152
123 156
123 157
124 125
124 130
124 133
124 138
124 146
124 151
124 152
124 153
124 154
124 155
125 126
125 127
125 128
125 129
125 130
125 131
125 132
125 133
125 134
125 135
125 136
125 137
125 138
125 139
125 140
125 141
125 142
125 143
125 145
125 146
125 147
125 150
125 151
125 152
125 153
125 154
125 155
125 157
125 158
125 160
125 161
126 127
126 129
126 130
126 131
126 134
126 135
126 137
126 138
126 139
126 142
126 146
126 147
126 150
126 151
126 152
126 153
126 158
126 159
126 160
126 161
127 129
127 131
127 133
127 134
127 137
127 139
127 141
127 142
127 145
127 146
127 147
127 149
127 150
127 152
127 153
127 154
127 155
127 158
127 161
128 130
128 131
128 133
128 134
128 137
128 139
128 141
128 142
128 146
128 147
128 149
128 150
128 151
128 154
128 156
128 157
128 158
128 159
128 160
128 161
129 130
129 131
129 133
129 134
129 135
129 136
129 138
129 139
129 140
129 141
129 142
129 146
129 147
129 148
129 149
129 150
129 151
129 152
129 154
129 155
129 157
129 158
129 159
129 160
129 161
130 131
130 133
130 134
130 135
130 136
130 138
130 140
130 142
130 143
130 146
130 147
130 148
130 149
130 152
130 153
130 154
130 156
130 158
130 160
130 161
131 133
131 134
131 135
131 136
131 138
131 141
131 142
131 146
131 147
131 149
131 150
131 151
131 152
131 153
131 154
131 155
131 158
131 161
132 133
132 137
132 138
132 139
132 147
132 152
132 158
132 160
133 134
133 135
133 136
133 137
133 138
133 139
133 140
133 141
133 142
133 146
133 147
133 148
133 149
133 150
133 151
133 152
133 153
133 154
133 157
133 158
134 135
134 136
134 138
134 139
134 140
134 141
134 142
134 143
134 145
134 146
134 147
134 150
134 151
134 152
134 154
134 155
134 156
134 157
134 158
134 160
134 161
135 137
135 138
135 139
135 141
135 142
135 143
135 145
135 148
135 150
135 151
135 153
135 154
135 158
136 137
136 138
136 141
136 142
136 143
136 146
136 149
136 150
136 151
136 152
136 154
136 158
136 160
137 138
137 139
137 141
137 142
137 143
137 144
137 146
137 147
137 149
137 150
137 151
137 152
137 153
137 154
137 155
137 156
137 158
137 159
138 139
138 141
138 142
138 143
138 144
138 146
138 147
138 149
138 150
138 151
138 152
138 153
138 154
138 155
138 158
138 159
138 160
138 161
139 140
139 142
139 143
139 146
139 147
139 149
139 151
139 152
139 153
139 154
139 156
139 157
139 158
139 160
139 161
140 141
140 143
140 146
140 147
140 149
140 150
140 151
140 152
140 153
140 154
140 157
140 158
140 159
141 142
141 143
141 147
141 149
141 151
141 152
141 154
141 156
141 157
141 158
141 159
141 160
141 161
142 145
142 146
142 147
142 149
142 150
142 152
142 153
142 154
142 155
142 156
142 157
142 158
142 160
142 161
143 146
143 149
143 151
143 152
143 153
143 158
143 161
144 151
144 153
144 154
144 160
144 161
145 146
145 147
145 150
145 152
145 154
145 157
145 158
145 160
145 161
146 147
146 149
146 150
146 152
146 154
146 158
146 159
147 148
147 150
147 151
147 152
147 153
147 154
147 156
147 157
147 160
148 151
148 158
148 160
149 150
149 152
149 153
149 154
149 158
149 161
150 151
150 152
150 153
150 154
150 155
150 157
150 158
150 159
151 152
151 153
151 154
151 155
151 156
151 157
151 158
151 159
151 160
152 153
152 154
152 155
152 156
152 157
152 158
152 161
153 154
153 155
153 156
153 157
153 158
153 161
154 155
154 156
154 157
154 158
154 159
154 160
154 161
155 158
156 158
157 158
157 160
158 161
159 160
159 161
