0 2
0 6
0 7
0 10
0 14
0 15
0 16
0 21
0 24
0 25
0 26
0 30
0 31
0 34
0 37
0 38
0 39
0 40
0 43
0 44
0 45
0 46
0 49
0 50
0 54
0 63
0 65
0 66
0 67
0 69
0 70
0 72
0 75
0 79
0 80
0 82
0 84
0 85
0 87
0 88
0 89
0 90
0 91
0 94
0 96
0 98
0 100
0 101
0 102
0 106
0 108
0 110
0 111
0 112
0 114
0 115
0 116
0 118
0 121
0 126
0 128
0 129
0 131
0 133
0 134
0 137
0 138
0 142
0 145
0 146
0 148
0 150
0 151
0 152
0 153
0 157
0 158
0 159
0 160
1 3
1 4
1 5
1 7
1 8
1 14
1 18
1 19
1 24
1 26
1 30
1 34
1 36
1 38
1 39
1 43
1 44
1 45
1 46
1 49
1 50
1 51
1 53
1 54
1 56
1 59
1 61
1 64
1 65
1 66
1 67
1 68
1 69
1 70
1 74
1 75
1 76
1 78
1 79
1 80
1 84
1 86
1 87
1 89
1 91
1 92
1 93
1 94
1 97
1 99
1 101
1 104
1 107
1 111
1 112
1 114
1 116
1 117
1 126
1 129
1 130
1 131
1 132
1 133
1 135
1 137
1 138
1 140
1 142
1 147
1 149
1 150
1 151
1 153
1 158
1 160
2 3
2 6
2 11
2 13
2 21
2 26
2 29
2 30
2 31
2 34
2 38
2 39
2 44
2 46
2 49
2 51
2 64
2 65
2 69
2 70
2 71
2 72
2 73
2 74
2 75
2 79
2 81
2 82
2 83
2 89
2 93
2 95
2 97
2 99
2 102
2 104
2 105
2 106
2 107
2 113
2 114
2 115
2 117
2 118
2 120
2 124
2 125
2 129
2 130
2 131
2 133
2 136
2 137
2 138
2 139
2 144
2 150
2 152
2 153
2 154
2 157
2 159
2 160
2 161
3 4
3 8
3 10
3 11
3 12
3 13
3 14
3 19
3 21
3 24
3 26
3 27
3 28
3 29
3 30
3 31
3 32
3 37
3 40
3 49
3 50
3 54
3 56
3 63
3 64
3 65
3 66
3 69
3 77
3 79
3 83
3 84
3 89
3 94
3 97
3 98
3 101
3 102
3 104
3 106
3 108
3 113
3 114
3 115
3 116
3 117
3 118
3 127
3 128
3 130
3 131
3 133
3 135
3 141
3 142
3 146
3 147
3 150
3 151
3 154
3 155
3 158
4 6
4 7
4 8
4 9
4 11
4 12
4 14
4 15
4 18
4 19
4 20
4 22
4 23
4 24
4 25
4 26
4 28
4 29
4 31
4 32
4 35
4 36
4 38
4 39
4 40
4 42
4 44
4 45
4 46
4 47
4 48
4 49
4 50
4 51
4 53
4 54
4 56
4 57
4 58
4 59
4 61
4 62
4 64
4 66
4 68
4 70
4 71
4 72
4 74
4 76
4 79
4 81
4 82
4 84
4 87
4 88
4 89
4 90
4 91
4 92
4 93
4 94
4 97
4 98
4 99
4 100
4 101
4 102
4 103
4 104
4 105
4 106
4 107
4 108
4 109
4 111
4 112
4 113
4 114
4 115
4 117
4 118
4 119
4 125
4 127
4 129
4 132
4 134
4 135
4 136
4 137
4 138
4 139
4 141
4 142
4 143
4 145
4 146
4 147
4 148
4 149
4 150
4 151
4 152
4 153
4 154
4 155
4 157
4 158
4 160
4 161
5 6
5 7
5 10
5 11
5 14
5 20
5 21
5 24
5 25
5 30
5 34
5 38
5 40
5 42
5 43
5 44
5 45
5 47
5 48
5 51
5 54
5 55
5 57
5 58
5 65
5 66
5 68
5 70
5 71
5 74
5 77
5 79
5 88
5 91
5 93
5 94
5 97
5 100
5 102
5 109
5 111
5 112
5 113
5 116
5 118
5 126
5 129
5 133
5 134
5 139
5 147
5 153
5 154
5 155
5 158
5 159
5 160
6 7
6 9
6 10
6 12
6 13
6 14
6 16
6 22
6 24
6 25
6 26
6 27
6 28
6 29
6 30
6 31
6 32
6 34
6 36
6 38
6 40
6 44
6 45
6 48
6 49
6 51
6 52
6 53
6 54
6 55
6 56
6 60
6 63
6 64
6 67
6 68
6 69
6 70
6 71
6 72
6 74
6 75
6 76
6 77
6 79
6 80
6 81
6 83
6 84
6 85
6 87
6 88
6 90
6 92
6 93
6 94
6 96
6 97
6 98
6 99
6 100
6 101
6 102
6 103
6 104
6 105
6 106
6 108
6 109
6 110
6 111
6 113
6 114
6 115
6 116
6 118
6 121
6 122
6 125
6 126
6 129
6 130
6 131
6 133
6 134
6 137
6 138
6 139
6 140
6 141
6 143
6 145
6 146
6 148
6 149
6 150
6 151
6 152
6 154
6 155
6 156
6 157
6 158
6 159
6 160
6 161
7 8
7 9
7 10
7 11
7 12
7 13
7 14
7 15
7 16
7 18
7 19
7 21
7 22
7 23
7 24
7 25
7 26
7 28
7 29
7 30
7 31
7 32
7 33
7 35
7 36
7 37
7 38
7 39
7 40
7 41
7 42
7 43
7 44
7 45
7 47
7 48
7 49
7 50
7 51
7 53
7 54
7 55
7 56
7 58
7 59
7 60
7 61
7 62
7 63
7 64
7 65
7 66
7 67
7 68
7 69
7 70
7 71
7 72
7 74
7 76
7 77
7 80
7 81
7 82
7 83
7 84
7 85
7 88
7 90
7 91
7 92
7 93
7 94
7 95
7 96
7 97
7 98
7 100
7 101
7 102
7 103
7 104
7 105
7 106
7 108
7 109
7 110
7 111
7 112
7 113
7 114
7 115
7 117
7 119
7 123
7 124
7 125
7 126
7 127
7 128
7 129
7 131
7 132
7 133
7 134
7 135
7 136
7 137
7 138
7 139
7 140
7 141
7 142
7 143
7 145
7 146
7 147
7 149
7 151
7 152
7 153
7 154
7 156
7 157
7 159
7 160
8 9
8 12
8 14
8 21
8 22
8 31
8 32
8 40
8 45
8 46
8 51
8 52
8 55
8 56
8 58
8 61
8 65
8 66
8 68
8 69
8 70
8 71
8 72
8 73
8 77
8 106
8 107
8 109
8 110
8 113
8 114
8 115
8 127
8 134
8 138
8 145
8 147
8 148
8 150
8 152
8 158
8 161
9 11
9 12
9 13
9 14
9 19
9 21
9 23
9 25
9 26
9 27
9 30
9 31
9 32
9 34
9 35
9 36
9 37
9 38
9 40
9 42
9 43
9 44
9 45
9 47
9 49
9 53
9 54
9 56
9 57
9 58
9 64
9 67
9 68
9 69
9 70
9 71
9 72
9 73
9 74
9 75
9 77
9 79
9 81
9 84
9 86
9 87
9 88
9 89
9 92
9 93
9 97
9 99
9 100
9 101
9 102
9 104
9 107
9 108
9 110
9 111
9 112
9 113
9 114
9 115
9 116
9 117
9 118
9 121
9 123
9 124
9 125
9 126
9 127
9 129
9 130
9 131
9 133
9 134
9 138
9 140
9 143
9 145
9 146
9 147
9 148
9 150
9 152
9 154
9 158
9 159
10 11
10 14
10 16
10 19
10 21
10 23
10 24
10 26
10 29
10 30
10 31
10 35
10 39
10 43
10 45
10 46
10 48
10 50
10 52
10 53
10 55
10 58
10 64
10 65
10 66
10 67
10 68
10 69
10 70
10 71
10 72
10 74
10 77
10 83
10 84
10 85
10 86
10 89
10 92
10 93
10 94
10 97
10 98
10 100
10 101
10 102
10 103
10 108
10 109
10 110
10 112
10 114
10 115
10 117
10 122
10 125
10 129
10 130
10 131
10 133
10 134
10 135
10 137
10 138
10 140
10 141
10 142
10 146
10 147
10 149
10 150
10 151
10 152
10 154
10 155
10 157
10 158
10 159
11 13
11 15
11 18
11 19
11 21
11 22
11 24
11 25
11 26
11 28
11 29
11 30
11 31
11 32
11 33
11 34
11 36
11 38
11 42
11 43
11 44
11 45
11 46
11 49
11 51
11 55
11 56
11 57
11 59
11 61
11 62
11 63
11 64
11 65
11 66
11 67
11 68
11 69
11 70
11 71
11 72
11 74
11 75
11 76
11 77
11 78
11 79
11 82
11 83
11 84
11 85
11 86
11 87
11 88
11 92
11 94
11 96
11 97
11 98
11 100
11 101
11 102
11 103
11 105
11 106
11 107
11 109
11 110
11 111
11 112
11 113
11 114
11 116
11 117
11 118
11 121
11 122
11 125
11 126
11 127
11 128
11 129
11 130
11 131
11 133
11 134
11 135
11 137
11 138
11 139
11 140
11 141
11 142
11 145
11 146
11 147
11 148
11 150
11 151
11 152
11 153
11 154
11 157
11 159
11 160
12 15
12 19
12 21
12 22
12 26
12 28
12 30
12 31
12 33
12 34
12 36
12 37
12 38
12 40
12 44
12 45
12 46
12 49
12 50
12 54
12 55
12 56
12 58
12 59
12 60
12 63
12 65
12 66
12 67
12 68
12 71
12 72
12 73
12 74
12 75
12 76
12 77
12 79
12 84
12 86
12 89
12 90
12 91
12 94
12 95
12 96
12 99
12 101
12 106
12 107
12 108
12 109
12 111
12 112
12 114
12 115
12 118
12 122
12 125
12 127
12 129
12 131
12 134
12 137
12 140
12 141
12 146
12 147
12 151
12 154
12 155
12 156
12 157
12 158
13 16
13 21
13 22
13 24
13 26
13 30
13 31
13 32
13 33
13 40
13 45
13 48
13 51
13 52
13 54
13 56
13 63
13 64
13 65
13 67
13 70
13 71
13 73
13 74
13 75
13 76
13 79
13 80
13 84
13 89
13 91
13 92
13 94
13 106
13 108
13 110
13 114
13 115
13 117
13 118
13 119
13 125
13 126
13 127
13 128
13 129
13 130
13 131
13 133
13 136
13 139
13 141
13 142
13 148
13 149
13 151
13 152
13 158
13 159
13 161
14 15
14 16
14 17
14 19
14 20
14 21
14 24
14 25
14 26
14 28
14 30
14 31
14 32
14 33
14 34
14 35
14 37
14 38
14 39
14 40
14 41
14 43
14 44
14 45
14 46
14 47
14 50
14 51
14 52
14 53
14 54
14 56
14 57
14 58
14 59
14 60
14 61
14 62
14 63
14 64
14 65
14 67
14 68
14 69
14 70
14 71
14 72
14 73
14 74
14 75
14 77
14 79
14 80
14 81
14 82
14 83
14 84
14 85
14 86
14 87
14 91
14 92
14 94
14 95
14 96
14 97
14 98
14 99
14 100
14 101
14 102
14 103
14 105
14 106
14 107
14 108
14 109
14 110
14 112
14 113
14 115
14 116
14 117
14 118
14 119
14 123
14 125
14 126
14 127
14 128
14 129
14 130
14 131
14 133
14 134
14 136
14 137
14 138
14 139
14 141
14 142
14 143
14 145
14 146
14 147
14 148
14 149
14 150
14 151
14 152
14 153
14 155
14 156
14 157
14 158
14 160
14 161
15 21
15 25
15 26
15 31
15 32
15 35
15 38
15 39
15 40
15 42
15 43
15 44
15 45
15 49
15 51
15 52
15 55
15 56
15 58
15 64
15 65
15 69
15 70
15 72
15 75
15 76
15 77
15 79
15 83
15 85
15 87
15 93
15 94
15 100
15 101
15 102
15 105
15 106
15 109
15 113
15 115
15 116
15 125
15 130
15 133
15 134
15 136
15 137
15 138
15 139
15 145
15 146
15 147
15 150
15 152
15 154
15 155
15 161
16 25
16 26
16 30
16 32
16 34
16 35
16 37
16 38
16 40
16 44
16 45
16 46
16 49
16 50
16 53
16 55
16 56
16 58
16 60
16 61
16 64
16 65
16 66
16 69
16 70
16 71
16 73
16 74
16 85
16 88
16 89
16 91
16 93
16 99
16 100
16 105
16 106
16 107
16 110
16 115
16 116
16 118
16 125
16 129
16 130
16 131
16 134
16 135
16 137
16 138
16 145
16 146
16 148
16 150
16 151
16 152
16 156
16 158
17 21
17 24
17 30
17 31
17 32
17 36
17 43
17 45
17 46
17 54
17 56
17 58
17 64
17 68
17 69
17 70
17 84
17 93
17 97
17 101
17 103
17 111
17 114
17 115
17 118
17 125
17 129
17 134
17 137
17 150
17 151
17 154
17 160
18 21
18 26
18 31
18 32
18 36
18 37
18 38
18 39
18 40
18 41
18 42
18 44
18 45
18 46
18 49
18 50
18 51
18 54
18 55
18 56
18 57
18 58
18 59
18 61
18 64
18 65
18 70
18 71
18 72
18 73
18 74
18 80
18 81
18 85
18 88
18 89
18 92
18 101
18 105
18 106
18 108
18 109
18 113
18 115
18 116
18 117
18 118
18 125
18 126
18 127
18 129
18 132
18 133
18 134
18 136
18 142
18 143
18 144
18 146
18 148
18 149
18 150
18 152
18 153
18 154
18 159
18 161
19 21
19 23
19 24
19 26
19 29
19 30
19 31
19 34
19 36
19 38
19 39
19 40
19 41
19 42
19 43
19 45
19 46
19 48
19 49
19 50
19 51
19 53
19 54
19 56
19 58
19 59
19 61
19 62
19 64
19 65
19 66
19 67
19 68
19 69
19 70
19 71
19 72
19 74
19 75
19 77
19 79
19 81
19 82
19 84
19 85
19 86
19 88
19 89
19 90
19 92
19 95
19 96
19 97
19 98
19 99
19 101
19 102
19 103
19 104
19 106
19 107
19 110
19 111
19 112
19 113
19 114
19 115
19 116
19 117
19 118
19 119
19 124
19 125
19 128
19 132
19 133
19 134
19 135
19 136
19 137
19 138
19 139
19 141
19 147
19 149
19 150
19 151
19 152
19 153
19 154
19 155
19 157
19 158
19 160
19 161
20 22
20 27
20 30
20 31
20 32
20 33
20 38
20 44
20 45
20 48
20 49
20 52
20 53
20 54
20 56
20 64
20 65
20 68
20 69
20 70
20 72
20 73
20 74
20 76
20 79
20 82
20 83
20 84
20 97
20 101
20 107
20 109
20 113
20 114
20 115
20 117
20 129
20 133
20 134
20 136
20 137
20 138
20 141
20 142
20 146
20 152
20 154
20 161
21 24
21 26
21 31
21 32
21 34
21 35
21 36
21 38
21 39
21 40
21 41
21 43
21 44
21 45
21 48
21 49
21 50
21 51
21 52
21 55
21 56
21 57
21 59
21 61
21 64
21 66
21 67
21 71
21 72
21 74
21 76
21 79
21 82
21 83
21 84
21 86
21 87
21 88
21 89
21 91
21 92
21 93
21 94
21 97
21 98
21 99
21 100
21 101
21 102
21 103
21 104
21 105
21 106
21 107
21 108
21 110
21 111
21 112
21 114
21 115
21 116
21 117
21 118
21 119
21 121
21 124
21 125
21 126
21 127
21 128
21 129
21 130
21 131
21 133
21 134
21 135
21 137
21 142
21 145
21 146
21 147
21 148
21 149
21 152
21 153
21 154
21 155
21 157
21 158
21 160
21 161
22 24
22 27
22 28
22 31
22 32
22 43
22 47
22 50
22 51
22 53
22 55
22 64
22 66
22 68
22 69
22 70
22 71
22 72
22 74
22 75
22 82
22 83
22 89
22 94
22 98
22 101
22 104
22 106
22 107
22 108
22 109
22 111
22 112
22 113
22 114
22 115
22 118
22 119
22 125
22 129
22 130
22 131
22 132
22 133
22 134
22 135
22 136
22 139
22 141
22 142
22 143
22 145
22 146
22 147
22 152
22 153
22 154
22 157
23 26
23 31
23 35
23 38
23 40
23 46
23 49
23 54
23 56
23 57
23 58
23 60
23 62
23 64
23 65
23 67
23 69
23 73
23 74
23 75
23 78
23 85
23 86
23 88
23 90
23 92
23 94
23 100
23 104
23 106
23 114
23 116
23 117
23 125
23 129
23 130
23 133
23 136
23 138
23 139
23 141
23 142
23 146
23 147
23 152
23 153
24 26
24 31
24 32
24 35
24 37
24 38
24 40
24 43
24 44
24 45
24 46
24 49
24 56
24 57
24 58
24 61
24 66
24 67
24 69
24 70
24 71
24 72
24 73
24 74
24 75
24 76
24 77
24 79
24 86
24 89
24 91
24 92
24 93
24 94
24 97
24 101
24 102
24 105
24 106
24 107
24 108
24 111
24 112
24 113
24 114
24 115
24 117
24 118
24 123
24 124
24 125
24 126
24 129
24 131
24 132
24 134
24 137
24 138
24 140
24 142
24 143
24 145
24 146
24 147
24 149
24 151
24 152
24 153
24 154
24 156
24 157
24 158
24 159
24 161
25 29
25 30
25 31
25 35
25 36
25 37
25 38
25 42
25 44
25 46
25 49
25 52
25 53
25 54
25 56
25 58
25 63
25 64
25 65
25 67
25 68
25 69
25 70
25 71
25 72
25 74
25 75
25 76
25 77
25 79
25 80
25 82
25 83
25 84
25 86
25 89
25 91
25 93
25 94
25 95
25 96
25 97
25 101
25 102
25 103
25 104
25 105
25 106
25 107
25 108
25 109
25 114
25 115
25 116
25 117
25 120
25 123
25 125
25 126
25 127
25 131
25 133
25 134
25 135
25 137
25 142
25 146
25 147
25 150
25 151
25 152
25 153
25 157
25 158
25 161
26 28
26 30
26 31
26 32
26 33
26 34
26 35
26 36
26 37
26 38
26 39
26 40
26 41
26 45
26 46
26 47
26 50
26 51
26 52
26 54
26 55
26 56
26 57
26 58
26 61
26 62
26 64
26 65
26 66
26 67
26 68
26 69
26 70
26 71
26 73
26 74
26 77
26 79
26 80
26 82
26 84
26 87
26 88
26 89
26 91
26 92
26 94
26 97
26 98
26 99
26 100
26 101
26 105
26 106
26 107
26 108
26 110
26 112
26 113
26 115
26 116
26 117
26 118
26 119
26 121
26 122
26 124
26 125
26 129
26 131
26 133
26 134
26 136
26 137
26 138
26 139
26 140
26 141
26 142
26 143
26 145
26 146
26 147
26 151
26 153
26 154
26 155
26 158
26 160
27 31
27 32
27 37
27 46
27 50
27 51
27 58
27 65
27 84
27 87
27 94
27 100
27 102
27 106
27 109
27 114
27 123
27 125
27 129
27 141
27 146
27 152
27 154
27 159
27 160
28 30
28 31
28 36
28 45
28 47
28 50
28 51
28 55
28 56
28 63
28 65
28 67
28 71
28 72
28 77
28 79
28 80
28 81
28 87
28 88
28 89
28 91
28 95
28 101
28 102
28 104
28 105
28 106
28 108
28 109
28 115
28 116
28 127
28 130
28 133
28 138
28 139
28 142
28 145
28 152
28 154
28 157
28 158
29 31
29 33
29 37
29 38
29 40
29 45
29 49
29 51
29 53
29 55
29 59
29 67
29 68
29 69
29 70
29 71
29 72
29 73
29 79
29 83
29 88
29 93
29 98
29 101
29 104
29 105
29 106
29 109
29 112
29 114
29 115
29 116
29 117
29 118
29 131
29 133
29 138
29 141
29 145
29 147
29 149
29 150
29 151
29 153
29 159
30 31
30 32
30 33
30 34
30 35
30 36
30 37
30 38
30 40
30 42
30 43
30 44
30 45
30 46
30 47
30 49
30 51
30 52
30 53
30 54
30 56
30 58
30 61
30 62
30 63
30 64
30 65
30 66
30 67
30 68
30 69
30 70
30 71
30 72
30 74
30 76
30 80
30 82
30 84
30 85
30 87
30 88
30 89
30 90
30 91
30 93
30 94
30 97
30 101
30 102
30 104
30 106
30 107
30 108
30 109
30 110
30 111
30 112
30 113
30 115
30 116
30 117
30 118
30 125
30 126
30 128
30 130
30 131
30 132
30 133
30 134
30 135
30 136
30 137
30 138
30 139
30 140
30 141
30 142
30 143
30 145
30 146
30 147
30 149
30 150
30 151
30 152
30 153
30 154
30 157
30 158
30 160
31 32
31 34
31 35
31 38
31 39
31 40
31 41
31 43
31 44
31 45
31 46
31 47
31 48
31 49
31 50
31 52
31 54
31 55
31 56
31 57
31 58
31 59
31 61
31 62
31 63
31 65
31 67
31 68
31 69
31 70
31 72
31 73
31 74
31 75
31 76
31 77
31 79
31 80
31 82
31 83
31 84
31 85
31 86
31 87
31 88
31 89
31 91
31 92
31 93
31 94
31 95
31 97
31 99
31 100
31 102
31 103
31 104
31 105
31 106
31 107
31 108
31 109
31 111
31 112
31 113
31 114
31 115
31 116
31 117
31 118
31 119
31 123
31 124
31 125
31 128
31 129
31 130
31 131
31 134
31 135
31 136
31 137
31 138
31 139
31 140
31 141
31 142
31 143
31 145
31 147
31 148
31 150
31 151
31 152
31 153
31 154
31 155
31 156
31 157
31 158
31 159
31 161
32 35
32 37
32 40
32 42
32 44
32 45
32 46
32 48
32 49
32 50
32 55
32 56
32 57
32 58
32 60
32 61
32 62
32 64
32 65
32 66
32 68
32 69
32 70
32 71
32 74
32 76
32 77
32 79
32 81
32 82
32 83
32 84
32 87
32 88
32 93
32 94
32 95
32 97
32 98
32 99
32 101
32 102
32 103
32 105
32 106
32 108
32 109
32 111
32 112
32 113
32 114
32 115
32 117
32 118
32 124
32 125
32 126
32 130
32 131
32 133
32 134
32 135
32 136
32 137
32 139
32 142
32 145
32 146
32 147
32 148
32 149
32 150
32 152
32 153
32 154
32 155
32 158
32 159
32 161
33 45
33 46
33 49
33 50
33 52
33 54
33 56
33 62
33 63
33 66
33 68
33 71
33 74
33 79
33 85
33 88
33 89
33 92
33 97
33 98
33 99
33 101
33 102
33 104
33 105
33 106
33 107
33 109
33 110
33 117
33 125
33 128
33 133
33 134
33 136
33 137
33 139
33 141
33 146
33 147
33 151
33 154
34 35
34 37
34 40
34 41
34 43
34 49
34 51
34 53
34 54
34 55
34 58
34 65
34 66
34 67
34 68
34 69
34 71
34 73
34 74
34 75
34 76
34 82
34 83
34 88
34 89
34 93
34 95
34 101
34 108
34 109
34 113
34 117
34 118
34 119
34 123
34 125
34 126
34 129
34 130
34 131
34 137
34 138
34 141
34 142
34 146
34 147
34 148
34 151
34 152
34 153
34 154
34 157
34 158
34 160
35 37
35 40
35 42
35 44
35 49
35 50
35 51
35 52
35 54
35 55
35 56
35 57
35 58
35 59
35 60
35 61
35 62
35 64
35 65
35 66
35 68
35 70
35 71
35 72
35 73
35 75
35 78
35 79
35 80
35 81
35 82
35 83
35 84
35 85
35 87
35 94
35 97
35 98
35 99
35 104
35 106
35 112
35 113
35 114
35 115
35 116
35 118
35 124
35 125
35 126
35 128
35 129
35 130
35 131
35 132
35 134
35 137
35 138
35 142
35 146
35 147
35 148
35 150
35 151
35 152
35 153
35 154
35 155
35 157
35 158
35 159
35 161
36 38
36 39
36 40
36 42
36 44
36 45
36 46
36 49
36 50
36 51
36 55
36 56
36 58
36 60
36 61
36 62
36 64
36 65
36 68
36 69
36 70
36 72
36 73
36 74
36 77
36 79
36 81
36 83
36 87
36 89
36 90
36 91
36 92
36 94
36 95
36 96
36 98
36 101
36 102
36 103
36 104
36 105
36 106
36 109
36 112
36 114
36 115
36 119
36 121
36 125
36 127
36 133
36 134
36 135
36 136
36 137
36 138
36 139
36 141
36 145
36 146
36 147
36 148
36 153
36 158
36 159
36 160
36 161
37 38
37 39
37 40
37 44
37 50
37 53
37 54
37 55
37 56
37 57
37 61
37 62
37 64
37 65
37 66
37 68
37 69
37 70
37 71
37 72
37 73
37 77
37 79
37 80
37 84
37 86
37 91
37 94
37 100
37 101
37 104
37 106
37 107
37 109
37 112
37 114
37 115
37 118
37 124
37 125
37 126
37 128
37 129
37 130
37 131
37 133
37 137
37 142
37 143
37 144
37 145
37 146
37 147
37 151
37 153
37 154
37 157
37 159
37 161
38 40
38 42
38 44
38 46
38 49
38 50
38 51
38 52
38 53
38 54
38 56
38 58
38 60
38 62
38 63
38 64
38 65
38 66
38 67
38 68
38 69
38 70
38 71
38 72
38 73
38 74
38 75
38 76
38 77
38 79
38 80
38 81
38 82
38 85
38 87
38 88
38 89
38 91
38 93
38 95
38 97
38 98
38 102
38 104
38 105
38 106
38 111
38 112
38 113
38 115
38 116
38 117
38 118
38 120
38 122
38 123
38 124
38 125
38 127
38 128
38 129
38 130
38 131
38 133
38 134
38 135
38 136
38 138
38 139
38 140
38 141
38 142
38 143
38 145
38 146
38 147
38 150
38 153
38 156
38 157
38 158
38 159
38 160
38 161
39 43
39 44
39 46
39 49
39 51
39 52
39 53
39 55
39 58
39 64
39 65
39 67
39 70
39 74
39 79
39 80
39 84
39 86
39 89
39 92
39 93
39 94
39 97
39 98
39 99
39 103
39 105
39 106
39 107
39 108
39 111
39 112
39 113
39 114
39 115
39 117
39 118
39 119
39 120
39 127
39 129
39 131
39 134
39 139
39 141
39 142
39 145
39 146
39 147
39 150
39 151
39 152
39 153
39 158
39 161
40 43
40 44
40 45
40 46
40 47
40 49
40 51
40 52
40 54
40 55
40 56
40 57
40 58
40 60
40 61
40 63
40 64
40 65
40 66
40 67
40 68
40 69
40 70
40 71
40 72
40 73
40 74
40 75
40 76
40 77
40 79
40 81
40 82
40 83
40 84
40 85
40 86
40 87
40 88
40 89
40 91
40 93
40 94
40 95
40 96
40 97
40 98
40 99
40 100
40 101
40 102
40 103
40 104
40 105
40 106
40 107
40 108
40 109
40 110
40 111
40 113
40 114
40 116
40 117
40 118
40 119
40 121
40 122
40 125
40 126
40 127
40 128
40 129
40 130
40 131
40 133
40 134
40 135
40 137
40 138
40 139
40 141
40 142
40 145
40 146
40 147
40 149
40 151
40 152
40 155
40 157
40 158
40 160
40 161
41 49
41 52
41 54
41 55
41 57
41 63
41 65
41 69
41 75
41 77
41 79
41 86
41 88
41 89
41 93
41 97
41 98
41 100
41 101
41 102
41 106
41 109
41 110
41 112
41 119
41 128
41 134
41 139
41 149
41 150
41 151
41 155
41 157
41 158
41 159
42 45
42 46
42 49
42 51
42 53
42 56
42 57
42 58
42 61
42 64
42 65
42 66
42 67
42 68
42 71
42 72
42 73
42 77
42 80
42 82
42 84
42 87
42 91
42 94
42 96
42 97
42 102
42 103
42 106
42 108
42 109
42 111
42 112
42 113
42 115
42 116
42 118
42 119
42 121
42 125
42 129
42 130
42 131
42 133
42 134
42 138
42 139
42 142
42 143
42 145
42 146
42 147
42 149
42 150
42 151
42 152
42 154
42 157
42 158
42 160
43 46
43 48
43 49
43 50
43 54
43 55
43 56
43 57
43 63
43 65
43 66
43 67
43 68
43 69
43 70
43 72
43 73
43 74
43 75
43 77
43 79
43 80
43 84
43 85
43 86
43 87
43 89
43 90
43 97
43 99
43 101
43 102
43 105
43 106
43 107
43 108
43 109
43 112
43 114
43 115
43 118
43 119
43 125
43 127
43 129
43 130
43 131
43 133
43 134
43 135
43 137
43 138
43 139
43 142
43 145
43 149
43 150
43 151
43 152
43 153
43 154
43 158
44 45
44 46
44 47
44 49
44 50
44 51
44 54
44 55
44 56
44 58
44 59
44 63
44 65
44 66
44 68
44 69
44 70
44 71
44 72
44 73
44 74
44 76
44 77
44 79
44 80
44 82
44 84
44 85
44 86
44 87
44 88
44 89
44 91
44 92
44 93
44 94
44 96
44 98
44 99
44 100
44 101
44 102
44 105
44 106
44 107
44 108
44 110
44 114
44 115
44 118
44 120
44 121
44 124
44 125
44 126
44 128
44 129
44 130
44 131
44 133
44 134
44 137
44 138
44 139
44 141
44 142
44 143
44 144
44 147
44 149
44 150
44 151
44 152
44 153
44 154
44 157
44 158
44 159
45 46
45 48
45 49
45 50
45 51
45 52
45 53
45 54
45 56
45 57
45 58
45 59
45 61
45 62
45 63
45 64
45 65
45 66
45 67
45 68
45 69
45 70
45 72
45 73
45 74
45 76
45 77
45 79
45 80
45 81
45 83
45 84
45 86
45 89
45 91
45 92
45 93
45 94
45 95
45 96
45 97
45 98
45 99
45 101
45 103
45 104
45 105
45 106
45 108
45 109
45 110
45 111
45 112
45 114
45 115
45 116
45 117
45 118
45 122
45 125
45 127
45 129
45 130
45 131
45 132
45 133
45 134
45 135
45 137
45 138
45 139
45 140
45 141
45 143
45 147
45 148
45 149
45 150
45 151
45 152
45 153
45 154
45 155
45 157
45 158
45 159
45 160
45 161
46 49
46 50
46 51
46 52
46 54
46 55
46 56
46 60
46 62
46 63
46 64
46 66
46 67
46 68
46 69
46 70
46 71
46 73
46 74
46 77
46 79
46 80
46 82
46 84
46 87
46 88
46 91
46 94
46 97
46 101
46 102
46 103
46 106
46 108
46 112
46 113
46 114
46 115
46 117
46 118
46 121
46 125
46 129
46 131
46 133
46 134
46 135
46 136
46 137
46 138
46 139
46 141
46 142
46 145
46 146
46 147
46 148
46 151
46 152
46 153
46 157
46 158
46 161
47 48
47 54
47 57
47 64
47 69
47 71
47 74
47 76
47 77
47 79
47 87
47 91
47 93
47 102
47 114
47 115
47 125
47 131
47 133
47 135
47 138
47 139
47 140
47 141
47 147
47 151
47 152
47 155
47 157
47 158
47 161
48 49
48 54
48 55
48 57
48 58
48 62
48 64
48 66
48 68
48 72
48 74
48 79
48 82
48 83
48 86
48 91
48 93
48 94
48 95
48 96
48 97
48 98
48 101
48 102
48 107
48 108
48 112
48 113
48 115
48 116
48 117
48 118
48 122
48 127
48 130
48 133
48 137
48 138
48 139
48 140
48 143
48 146
48 147
48 151
48 153
48 154
48 159
48 160
48 161
49 50
49 51
49 53
49 54
49 55
49 56
49 57
49 58
49 64
49 65
49 66
49 67
49 68
49 69
49 71
49 72
49 73
49 74
49 75
49 76
49 77
49 78
49 80
49 81
49 82
49 83
49 84
49 85
49 86
49 87
49 88
49 89
49 91
49 92
49 93
49 94
49 95
49 96
49 97
49 99
49 101
49 102
49 104
49 105
49 106
49 107
49 108
49 109
49 113
49 114
49 115
49 116
49 117
49 118
49 119
49 121
49 125
49 128
49 129
49 130
49 131
49 132
49 133
49 134
49 135
49 136
49 137
49 138
49 139
49 140
49 141
49 142
49 145
49 146
49 147
49 148
49 149
49 150
49 151
49 154
49 155
49 157
49 158
49 159
50 51
50 55
50 58
50 59
50 62
50 65
50 66
50 67
50 68
50 69
50 70
50 71
50 72
50 73
50 74
50 75
50 76
50 77
50 79
50 80
50 81
50 82
50 83
50 84
50 89
50 90
50 93
50 94
50 95
50 98
50 100
50 101
50 102
50 105
50 107
50 108
50 109
50 112
50 114
50 115
50 117
50 119
50 125
50 127
50 129
50 131
50 133
50 134
50 136
50 138
50 139
50 141
50 142
50 143
50 144
50 147
50 148
50 149
50 150
50 152
50 153
50 154
50 157
50 159
51 52
51 54
51 56
51 57
51 58
51 59
51 61
51 62
51 63
51 64
51 65
51 66
51 67
51 68
51 69
51 70
51 71
51 72
51 74
51 76
51 77
51 78
51 79
51 80
51 81
51 83
51 84
51 86
51 88
51 89
51 90
51 91
51 93
51 94
51 95
51 97
51 98
51 99
51 101
51 102
51 103
51 104
51 105
51 106
51 108
51 109
51 111
51 112
51 114
51 115
51 116
51 118
51 119
51 121
51 125
51 126
51 128
51 129
51 130
51 131
51 133
51 136
51 137
51 138
51 139
51 140
51 142
51 143
51 144
51 145
51 146
51 147
51 148
51 150
51 151
51 153
51 154
51 155
51 158
51 159
51 161
52 53
52 54
52 55
52 56
52 57
52 58
52 61
52 63
52 66
52 67
52 70
52 71
52 73
52 74
52 76
52 79
52 82
52 84
52 91
52 92
52 94
52 96
52 99
52 104
52 105
52 106
52 109
52 111
52 113
52 114
52 115
52 118
52 125
52 127
52 128
52 129
52 131
52 133
52 134
52 135
52 136
52 137
52 138
52 140
52 141
52 142
52 143
52 144
52 147
52 148
52 154
52 155
52 157
52 158
52 160
52 161
53 54
53 55
53 58
53 63
53 64
53 65
53 67
53 70
53 71
53 72
53 74
53 76
53 79
53 80
53 82
53 89
53 90
53 94
53 97
53 99
53 102
53 103
53 105
53 106
53 107
53 108
53 109
53 114
53 115
53 116
53 117
53 120
53 126
53 131
53 132
53 133
53 135
53 137
53 139
53 140
53 143
53 146
53 152
53 153
53 159
53 161
54 55
54 56
54 58
54 62
54 63
54 64
54 65
54 66
54 67
54 68
54 69
54 70
54 71
54 73
54 74
54 75
54 76
54 77
54 80
54 81
54 82
54 84
54 86
54 88
54 89
54 91
54 92
54 93
54 96
54 97
54 98
54 99
54 100
54 102
54 103
54 105
54 106
54 107
54 108
54 109
54 112
54 113
54 114
54 115
54 117
54 118
54 119
54 120
54 124
54 125
54 126
54 128
54 129
54 130
54 131
54 133
54 134
54 135
54 136
54 137
54 138
54 140
54 142
54 144
54 145
54 146
54 147
54 148
54 149
54 150
54 151
54 152
54 154
54 155
54 157
54 158
54 159
54 160
54 161
55 56
55 59
55 61
55 64
55 66
55 67
55 68
55 69
55 70
55 71
55 72
55 73
55 74
55 75
55 81
55 83
55 84
55 85
55 87
55 89
55 91
55 93
55 100
55 102
55 103
55 104
55 105
55 106
55 108
55 109
55 111
55 112
55 114
55 116
55 117
55 118
55 120
55 122
55 125
55 126
55 127
55 129
55 130
55 131
55 132
55 134
55 135
55 136
55 137
55 138
55 139
55 141
55 142
55 143
55 145
55 146
55 147
55 150
55 151
55 152
55 153
55 154
55 155
55 157
55 158
55 160
55 161
56 58
56 59
56 61
56 63
56 64
56 65
56 68
56 69
56 72
56 73
56 74
56 75
56 76
56 77
56 79
56 81
56 82
56 85
56 86
56 87
56 88
56 89
56 90
56 92
56 93
56 94
56 95
56 97
56 98
56 99
56 100
56 102
56 103
56 104
56 105
56 106
56 107
56 108
56 109
56 110
56 111
56 112
56 113
56 114
56 115
56 117
56 121
56 123
56 124
56 125
56 128
56 130
56 131
56 132
56 133
56 134
56 135
56 137
56 138
56 139
56 141
56 142
56 145
56 146
56 147
56 148
56 150
56 151
56 152
56 153
56 154
56 155
56 157
56 158
56 159
56 160
57 60
57 61
57 65
57 67
57 69
57 72
57 74
57 77
57 82
57 87
57 89
57 91
57 94
57 102
57 108
57 109
57 113
57 114
57 115
57 117
57 125
57 126
57 129
57 131
57 133
57 136
57 137
57 140
57 141
57 142
57 143
57 150
57 152
57 154
57 160
58 59
58 62
58 63
58 64
58 66
58 67
58 69
58 70
58 72
58 73
58 74
58 75
58 77
58 78
58 79
58 80
58 81
58 86
58 87
58 88
58 89
58 90
58 91
58 92
58 94
58 95
58 98
58 101
58 102
58 106
58 113
58 114
58 117
58 118
58 120
58 123
58 125
58 126
58 127
58 128
58 129
58 131
58 133
58 134
58 135
58 137
58 139
58 141
58 143
58 145
58 147
58 148
58 149
58 151
58 152
58 153
58 154
58 155
58 157
58 158
58 159
58 160
58 161
59 62
59 64
59 67
59 68
59 69
59 71
59 74
59 75
59 77
59 79
59 80
59 83
59 85
59 86
59 88
59 89
59 90
59 94
59 95
59 96
59 97
59 101
59 103
59 107
59 108
59 109
59 112
59 113
59 114
59 115
59 116
59 117
59 125
59 129
59 131
59 133
59 136
59 137
59 138
59 139
59 141
59 142
59 146
59 148
59 149
59 151
59 152
59 154
59 157
59 158
59 160
59 161
60 67
60 74
60 83
60 84
60 97
60 106
60 115
60 145
60 147
60 151
60 154
60 157
60 158
61 64
61 66
61 67
61 70
61 72
61 73
61 74
61 79
61 81
61 84
61 89
61 90
61 92
61 93
61 95
61 100
61 102
61 103
61 107
61 108
61 109
61 114
61 115
61 123
61 125
61 129
61 137
61 139
61 142
61 147
61 149
61 150
61 151
61 152
61 157
61 159
62 63
62 64
62 65
62 71
62 73
62 75
62 79
62 82
62 84
62 88
62 89
62 99
62 106
62 107
62 108
62 109
62 115
62 117
62 119
62 128
62 131
62 133
62 134
62 138
62 141
62 149
62 151
62 155
62 158
62 160
63 64
63 65
63 68
63 70
63 71
63 72
63 74
63 75
63 77
63 79
63 80
63 84
63 85
63 86
63 87
63 89
63 92
63 94
63 95
63 96
63 97
63 98
63 99
63 101
63 105
63 106
63 108
63 109
63 111
63 112
63 113
63 114
63 115
63 116
63 117
63 118
63 120
63 121
63 123
63 127
63 128
63 130
63 134
63 138
63 140
63 143
63 144
63 146
63 150
63 151
63 152
63 153
63 154
63 159
63 161
64 65
64 66
64 67
64 68
64 69
64 70
64 71
64 72
64 74
64 75
64 78
64 79
64 80
64 82
64 84
64 85
64 86
64 88
64 89
64 90
64 92
64 94
64 95
64 97
64 98
64 99
64 100
64 101
64 102
64 104
64 105
64 106
64 107
64 108
64 111
64 112
64 113
64 114
64 115
64 117
64 118
64 120
64 121
64 129
64 130
64 131
64 133
64 134
64 135
64 137
64 138
64 139
64 141
64 143
64 145
64 147
64 150
64 151
64 152
64 153
64 154
64 155
64 157
64 160
64 161
65 66
65 67
65 68
65 70
65 71
65 72
65 73
65 74
65 75
65 77
65 78
65 79
65 80
65 83
65 84
65 85
65 86
65 88
65 89
65 91
65 92
65 94
65 95
65 99
65 100
65 101
65 102
65 103
65 104
65 106
65 107
65 109
65 110
65 111
65 113
65 114
65 115
65 116
65 118
65 122
65 125
65 129
65 130
65 131
65 133
65 134
65 135
65 137
65 138
65 139
65 140
65 141
65 142
65 144
65 145
65 146
65 147
65 148
65 149
65 150
65 151
65 153
65 154
65 155
65 158
65 159
65 161
66 67
66 68
66 69
66 70
66 72
66 74
66 76
66 78
66 79
66 80
66 82
66 83
66 85
66 87
66 88
66 89
66 92
66 94
66 97
66 98
66 99
66 100
66 101
66 102
66 105
66 106
66 107
66 108
66 111
66 112
66 113
66 115
66 116
66 117
66 118
66 119
66 122
66 124
66 125
66 129
66 130
66 131
66 132
66 133
66 134
66 135
66 136
66 137
66 138
66 139
66 141
66 142
66 145
66 146
66 147
66 149
66 150
66 152
66 153
66 154
66 155
66 156
66 157
66 159
67 69
67 70
67 71
67 72
67 73
67 74
67 75
67 76
67 77
67 79
67 80
67 81
67 83
67 84
67 85
67 86
67 87
67 88
67 91
67 93
67 94
67 95
67 96
67 97
67 98
67 101
67 102
67 103
67 106
67 107
67 108
67 109
67 111
67 112
67 113
67 114
67 115
67 117
67 118
67 119
67 120
67 121
67 124
67 125
67 127
67 128
67 129
67 130
67 131
67 133
67 134
67 135
67 136
67 137
67 138
67 139
67 141
67 142
67 146
67 147
67 148
67 151
67 152
67 154
67 157
67 158
67 160
67 161
68 69
68 70
68 72
68 75
68 77
68 79
68 80
68 81
68 82
68 83
68 84
68 85
68 88
68 89
68 92
68 93
68 94
68 96
68 97
68 98
68 99
68 100
68 101
68 102
68 103
68 105
68 106
68 108
68 110
68 111
68 112
68 113
68 114
68 115
68 117
68 118
68 119
68 123
68 125
68 126
68 127
68 128
68 130
68 131
68 132
68 133
68 134
68 137
68 138
68 139
68 140
68 141
68 142
68 145
68 146
68 147
68 150
68 151
68 152
68 154
68 155
68 157
68 158
68 159
68 160
68 161
69 70
69 71
69 72
69 73
69 74
69 75
69 77
69 78
69 79
69 80
69 81
69 83
69 84
69 85
69 87
69 89
69 90
69 91
69 92
69 93
69 99
69 100
69 101
69 102
69 103
69 104
69 106
69 107
69 108
69 109
69 111
69 112
69 113
69 115
69 116
69 117
69 118
69 119
69 121
69 125
69 126
69 128
69 129
69 130
69 131
69 133
69 136
69 137
69 138
69 139
69 140
69 142
69 147
69 148
69 150
69 151
69 152
69 153
69 154
69 157
69 158
69 159
69 160
69 161
70 72
70 74
70 75
70 76
70 77
70 79
70 80
70 83
70 84
70 86
70 87
70 88
70 89
70 90
70 91
70 94
70 95
70 97
70 99
70 100
70 101
70 102
70 103
70 105
70 106
70 107
70 108
70 109
70 110
70 111
70 112
70 113
70 114
70 115
70 116
70 117
70 118
70 123
70 125
70 126
70 127
70 128
70 129
70 130
70 133
70 134
70 135
70 136
70 137
70 138
70 139
70 140
70 141
70 142
70 143
70 144
70 145
70 146
70 149
70 151
70 152
70 154
70 155
70 157
70 158
70 159
70 161
71 72
71 73
71 75
71 77
71 79
71 80
71 81
71 82
71 84
71 86
71 87
71 89
71 91
71 94
71 97
71 98
71 99
71 100
71 101
71 103
71 106
71 107
71 108
71 109
71 110
71 111
71 112
71 113
71 116
71 117
71 125
71 126
71 127
71 129
71 130
71 131
71 132
71 133
71 134
71 137
71 138
71 139
71 143
71 145
71 146
71 151
71 152
71 153
71 155
71 156
71 157
71 158
71 161
72 73
72 74
72 75
72 76
72 77
72 78
72 80
72 83
72 85
72 87
72 88
72 89
72 90
72 91
72 92
72 93
72 94
72 95
72 96
72 97
72 99
72 100
72 101
72 102
72 103
72 106
72 107
72 108
72 109
72 110
72 111
72 112
72 113
72 114
72 115
72 116
72 117
72 118
72 119
72 122
72 123
72 124
72 125
72 126
72 128
72 129
72 130
72 131
72 132
72 133
72 136
72 137
72 138
72 139
72 140
72 142
72 145
72 146
72 147
72 148
72 150
72 151
72 152
72 153
72 157
72 158
72 160
72 161
73 74
73 76
73 77
73 79
73 80
73 83
73 86
73 87
73 88
73 89
73 92
73 93
73 94
73 95
73 97
73 98
73 99
73 101
73 102
73 103
73 105
73 106
73 108
73 113
73 114
73 117
73 118
73 124
73 125
73 127
73 128
73 129
73 131
73 133
73 134
73 135
73 137
73 138
73 139
73 140
73 141
73 142
73 143
73 144
73 145
73 146
73 149
73 151
73 154
73 157
73 159
73 160
74 75
74 77
74 79
74 80
74 81
74 83
74 84
74 87
74 88
74 89
74 91
74 92
74 94
74 96
74 97
74 98
74 99
74 101
74 102
74 103
74 104
74 106
74 107
74 108
74 109
74 110
74 111
74 112
74 113
74 114
74 115
74 116
74 117
74 118
74 119
74 121
74 122
74 125
74 126
74 127
74 128
74 129
74 130
74 133
74 134
74 135
74 137
74 138
74 139
74 141
74 142
74 146
74 147
74 148
74 150
74 151
74 152
74 153
74 154
74 155
74 157
74 158
74 159
74 160
74 161
75 76
75 77
75 79
75 81
75 83
75 84
75 88
75 89
75 91
75 93
75 94
75 100
75 101
75 102
75 105
75 108
75 111
75 112
75 113
75 114
75 115
75 116
75 117
75 118
75 120
75 121
75 125
75 126
75 127
75 129
75 131
75 132
75 133
75 134
75 136
75 137
75 138
75 140
75 142
75 143
75 145
75 146
75 147
75 149
75 150
75 151
75 152
75 153
75 157
75 158
75 161
76 77
76 78
76 84
76 86
76 87
76 90
76 92
76 93
76 94
76 95
76 96
76 97
76 99
76 100
76 106
76 111
76 112
76 113
76 114
76 122
76 125
76 127
76 128
76 131
76 136
76 137
76 139
76 145
76 147
76 148
76 151
76 152
76 153
76 157
76 159
76 161
77 79
77 80
77 81
77 82
77 83
77 84
77 87
77 89
77 93
77 95
77 96
77 97
77 101
77 102
77 105
77 107
77 108
77 109
77 110
77 112
77 113
77 114
77 115
77 116
77 117
77 119
77 125
77 126
77 127
77 128
77 131
77 133
77 134
77 135
77 136
77 139
77 140
77 143
77 146
77 147
77 150
77 151
77 152
77 153
77 157
77 158
77 160
77 161
78 81
78 97
78 98
78 101
78 106
78 109
78 113
78 115
78 126
78 134
78 138
78 140
78 142
78 149
78 152
78 157
78 160
79 80
79 81
79 84
79 85
79 86
79 89
79 91
79 92
79 93
79 94
79 96
79 97
79 98
79 99
79 100
79 101
79 102
79 103
79 104
79 105
79 106
79 107
79 108
79 109
79 111
79 112
79 113
79 114
79 115
79 117
79 118
79 119
79 121
79 125
79 126
79 127
79 128
79 129
79 130
79 131
79 133
79 134
79 137
79 138
79 139
79 140
79 141
79 142
79 143
79 144
79 145
79 146
79 147
79 148
79 149
79 150
79 151
79 152
79 153
79 154
79 155
79 157
79 158
79 159
79 160
79 161
80 81
80 84
80 88
80 89
80 92
80 93
80 94
80 97
80 100
80 101
80 102
80 103
80 105
80 106
80 107
80 109
80 110
80 111
80 112
80 114
80 115
80 117
80 125
80 129
80 131
80 133
80 134
80 135
80 136
80 145
80 146
80 147
80 148
80 149
80 151
80 152
80 153
80 154
80 155
80 159
80 160
80 161
81 89
81 97
81 101
81 102
81 105
81 106
81 109
81 112
81 115
81 117
81 118
81 119
81 125
81 127
81 128
81 129
81 132
81 133
81 134
81 136
81 137
81 138
81 140
81 142
81 144
81 146
81 147
81 149
81 152
81 158
81 160
81 161
82 84
82 86
82 93
82 97
82 102
82 103
82 107
82 108
82 114
82 115
82 117
82 123
82 128
82 130
82 134
82 136
82 137
82 138
82 139
82 141
82 142
82 146
82 147
82 151
82 153
82 160
82 161
83 85
83 89
83 92
83 93
83 94
83 99
83 100
83 101
83 102
83 104
83 105
83 107
83 108
83 113
83 114
83 115
83 116
83 117
83 118
83 119
83 123
83 128
83 130
83 134
83 135
83 141
83 142
83 143
83 147
83 148
83 150
83 151
83 152
83 153
83 158
83 160
83 161
84 85
84 86
84 89
84 91
84 96
84 97
84 99
84 101
84 102
84 103
84 106
84 107
84 108
84 109
84 111
84 112
84 113
84 114
84 115
84 116
84 117
84 118
84 124
84 125
84 128
84 129
84 130
84 131
84 133
84 137
84 138
84 142
84 143
84 145
84 146
84 147
84 149
84 150
84 151
84 152
84 153
84 154
84 155
84 157
85 89
85 94
85 100
85 101
85 102
85 103
85 107
85 108
85 110
85 114
85 116
85 117
85 118
85 122
85 125
85 129
85 133
85 134
85 137
85 139
85 141
85 142
85 147
85 148
85 153
85 154
85 161
86 88
86 89
86 90
86 91
86 94
86 97
86 101
86 102
86 105
86 106
86 108
86 109
86 111
86 113
86 114
86 115
86 116
86 117
86 118
86 123
86 125
86 129
86 130
86 131
86 132
86 133
86 134
86 135
86 137
86 138
86 139
86 142
86 143
86 145
86 147
86 148
86 150
86 154
86 157
86 158
86 159
86 160
87 88
87 89
87 93
87 96
87 99
87 100
87 101
87 102
87 103
87 107
87 108
87 110
87 112
87 113
87 114
87 115
87 118
87 123
87 125
87 126
87 127
87 128
87 129
87 131
87 133
87 134
87 135
87 137
87 139
87 142
87 150
87 151
87 154
87 157
87 158
87 161
88 89
88 91
88 93
88 94
88 95
88 96
88 99
88 100
88 105
88 106
88 108
88 110
88 112
88 114
88 115
88 117
88 118
88 120
88 122
88 125
88 126
88 127
88 129
88 131
88 133
88 134
88 136
88 137
88 138
88 141
88 146
88 147
88 150
88 152
88 154
88 158
89 90
89 91
89 92
89 93
89 94
89 97
89 99
89 100
89 102
89 103
89 105
89 106
89 107
89 109
89 111
89 112
89 113
89 115
89 116
89 117
89 118
89 120
89 124
89 125
89 126
89 127
89 128
89 129
89 130
89 131
89 133
89 135
89 137
89 139
89 141
89 142
89 145
89 146
89 147
89 148
89 149
89 150
89 151
89 152
89 153
89 154
89 157
89 158
89 161
90 93
90 95
90 98
90 99
90 102
90 111
90 114
90 115
90 126
90 129
90 133
90 138
90 141
90 147
90 150
90 151
90 154
90 155
90 158
90 161
91 93
91 94
91 97
91 99
91 100
91 101
91 106
91 107
91 108
91 109
91 113
91 114
91 115
91 117
91 118
91 126
91 129
91 131
91 133
91 134
91 135
91 138
91 141
91 142
91 143
91 146
91 147
91 148
91 150
91 152
91 154
91 157
91 158
91 160
92 93
92 94
92 96
92 100
92 101
92 106
92 107
92 109
92 112
92 113
92 115
92 117
92 118
92 119
92 126
92 127
92 128
92 129
92 131
92 133
92 134
92 135
92 137
92 138
92 141
92 142
92 146
92 147
92 149
92 150
92 154
92 155
92 160
92 161
93 97
93 98
93 99
93 101
93 102
93 104
93 105
93 106
93 108
93 109
93 110
93 111
93 113
93 115
93 117
93 125
93 126
93 129
93 130
93 131
93 133
93 134
93 135
93 137
93 138
93 139
93 140
93 142
93 143
93 145
93 146
93 147
93 151
93 152
93 153
93 154
93 155
93 159
93 160
94 95
94 96
94 97
94 99
94 101
94 102
94 103
94 106
94 107
94 108
94 109
94 110
94 111
94 112
94 113
94 114
94 115
94 116
94 117
94 118
94 119
94 120
94 122
94 125
94 126
94 127
94 128
94 131
94 133
94 134
94 135
94 136
94 137
94 138
94 140
94 141
94 143
94 144
94 145
94 146
94 147
94 148
94 149
94 150
94 151
94 152
94 154
94 155
94 157
94 158
94 161
95 97
95 99
95 100
95 101
95 102
95 103
95 105
95 106
95 108
95 109
95 112
95 125
95 126
95 127
95 128
95 130
95 131
95 132
95 136
95 138
95 140
95 142
95 143
95 153
95 154
95 156
95 160
96 98
96 99
96 102
96 104
96 106
96 108
96 109
96 111
96 113
96 114
96 115
96 117
96 118
96 125
96 128
96 129
96 134
96 135
96 138
96 139
96 142
96 143
96 147
96 150
96 151
96 152
96 154
96 161
97 98
97 100
97 101
97 102
97 104
97 105
97 107
97 108
97 111
97 112
97 113
97 114
97 115
97 116
97 118
97 120
97 122
97 124
97 125
97 129
97 130
97 131
97 132
97 133
97 135
97 137
97 142
97 145
97 147
97 149
97 150
97 151
97 152
97 154
97 157
97 158
97 159
98 100
98 102
98 105
98 106
98 108
98 113
98 117
98 126
98 128
98 129
98 130
98 131
98 133
98 134
98 138
98 140
98 142
98 147
98 150
98 151
98 152
98 153
98 157
98 158
98 160
98 161
99 101
99 102
99 104
99 105
99 106
99 107
99 108
99 111
99 112
99 114
99 118
99 125
99 128
99 129
99 133
99 134
99 136
99 137
99 139
99 141
99 147
99 149
99 150
99 151
99 152
99 154
99 155
99 156
99 158
99 160
99 161
100 101
100 102
100 104
100 107
100 108
100 111
100 113
100 114
100 120
100 125
100 127
100 129
100 133
100 135
100 136
100 137
100 138
100 140
100 142
100 145
100 146
100 147
100 151
100 153
100 157
100 158
100 161
101 102
101 103
101 104
101 106
101 107
101 108
101 109
101 110
101 111
101 112
101 113
101 114
101 115
101 116
101 117
101 118
101 119
101 122
101 124
101 125
101 126
101 127
101 128
101 129
101 130
101 131
101 132
101 133
101 134
101 135
101 136
101 137
101 138
101 139
101 140
101 142
101 145
101 146
101 147
101 148
101 149
101 150
101 151
101 152
101 153
101 154
101 157
101 158
101 159
101 161
102 103
102 105
102 106
102 107
102 108
102 109
102 110
102 111
102 112
102 113
102 114
102 115
102 117
102 118
102 119
102 125
102 128
102 129
102 131
102 133
102 134
102 135
102 136
102 137
102 138
102 140
102 142
102 143
102 145
102 146
102 147
102 149
102 151
102 152
102 153
102 154
102 158
102 160
102 161
103 105
103 106
103 107
103 109
103 114
103 115
103 116
103 125
103 126
103 129
103 133
103 135
103 137
103 138
103 139
103 142
103 143
103 147
103 151
103 152
103 154
103 158
103 160
103 161
104 106
104 111
104 113
104 114
104 118
104 126
104 133
104 134
104 135
104 136
104 137
104 138
104 146
104 148
104 152
104 156
104 157
104 158
104 159
104 160
104 161
105 110
105 111
105 112
105 113
105 114
105 115
105 116
105 117
105 118
105 122
105 124
105 126
105 129
105 130
105 131
105 133
105 134
105 135
105 136
105 137
105 138
105 139
105 141
105 142
105 146
105 147
105 149
105 150
105 151
105 152
105 153
105 157
105 158
105 160
106 109
106 110
106 111
106 112
106 113
106 114
106 115
106 116
106 117
106 118
106 119
106 121
106 123
106 125
106 126
106 127
106 128
106 129
106 131
106 133
106 135
106 136
106 137
106 138
106 139
106 140
106 141
106 142
106 143
106 145
106 147
106 148
106 149
106 151
106 152
106 153
106 155
106 156
106 157
106 158
106 159
106 160
106 161
107 108
107 110
107 111
107 112
107 113
107 114
107 116
107 118
107 119
107 125
107 126
107 129
107 131
107 133
107 134
107 135
107 137
107 138
107 139
107 141
107 145
107 146
107 147
107 151
107 154
107 157
107 158
108 109
108 111
108 113
108 115
108 117
108 118
108 120
108 121
108 122
108 124
108 126
108 127
108 128
108 129
108 131
108 133
108 135
108 136
108 137
108 139
108 140
108 141
108 142
108 145
108 146
108 147
108 149
108 150
108 151
108 152
108 153
108 154
108 155
108 157
108 158
108 159
108 161
109 110
109 111
109 113
109 114
109 115
109 117
109 118
109 125
109 126
109 127
109 128
109 133
109 135
109 137
109 138
109 141
109 145
109 147
109 151
109 152
109 153
109 154
109 157
109 158
109 161
110 113
110 114
110 115
110 118
110 128
110 129
110 130
110 131
110 133
110 136
110 138
110 142
110 148
110 151
110 153
110 158
110 160
111 112
111 113
111 115
111 117
111 118
111 124
111 129
111 131
111 133
111 134
111 135
111 136
111 137
111 138
111 141
111 142
111 145
111 146
111 147
111 151
111 152
111 153
111 154
111 155
111 156
111 158
112 113
112 114
112 115
112 116
112 117
112 125
112 126
112 128
112 129
112 130
112 131
112 137
112 138
112 139
112 141
112 142
112 144
112 148
112 150
112 151
112 154
112 155
112 157
112 158
112 160
113 114
113 115
113 116
113 117
113 118
113 119
113 122
113 123
113 125
113 126
113 128
113 129
113 131
113 133
113 134
113 135
113 137
113 139
113 140
113 141
113 143
113 146
113 147
113 149
113 150
113 151
113 152
113 153
113 157
113 158
113 159
113 160
113 161
114 115
114 116
114 117
114 118
114 119
114 122
114 123
114 124
114 125
114 126
114 128
114 129
114 130
114 131
114 132
114 133
114 134
114 137
114 138
114 139
114 140
114 141
114 142
114 143
114 144
114 145
114 146
114 147
114 150
114 151
114 152
114 153
114 154
114 156
114 157
114 158
114 159
114 160
114 161
115 116
115 118
115 119
115 120
115 121
115 122
115 124
115 125
115 126
115 128
115 129
115 130
115 131
115 133
115 134
115 136
115 137
115 139
115 140
115 141
115 142
115 143
115 145
115 146
115 147
115 149
115 150
115 151
115 152
115 154
115 155
115 158
115 159
115 160
115 161
116 117
116 118
116 119
116 127
116 129
116 131
116 132
116 134
116 135
116 137
116 140
116 141
116 142
116 143
116 145
116 146
116 147
116 148
116 151
116 152
116 154
116 156
116 157
116 158
116 159
117 121
117 125
117 127
117 129
117 130
117 131
117 133
117 134
117 135
117 137
117 138
117 139
117 142
117 143
117 144
117 145
117 146
117 150
117 151
117 152
117 153
117 154
117 155
117 157
117 159
117 160
117 161
118 119
118 120
118 121
118 125
118 126
118 129
118 130
118 133
118 134
118 136
118 137
118 138
118 139
118 140
118 141
118 142
118 143
118 146
118 147
118 149
118 150
118 151
118 152
118 154
118 155
118 156
118 157
118 158
118 159
118 160
118 161
119 131
119 134
119 135
119 137
119 139
119 141
119 146
119 150
119 158
119 160
120 125
120 128
120 131
120 133
120 138
120 142
120 144
120 147
120 153
120 154
121 130
121 134
121 138
121 142
122 125
122 128
122 134
122 138
122 139
122 147
122 149
122 150
122 154
122 156
122 157
122 158
122 161
123 126
123 129
123 134
123 137
123 138
123 149
123 152
123 161
124 125
124 126
124 131
124 137
124 150
124 153
124 158
124 160
125 126
125 129
125 130
125 131
125 133
125 134
125 135
125 137
125 138
125 139
125 142
125 143
125 145
125 146
125 148
125 149
125 150
125 151
125 152
125 153
125 154
125 155
125 157
125 158
125 159
125 160
125 161
126 128
126 129
126 130
126 131
126 133
126 136
126 137
126 138
126 142
126 143
126 146
126 150
126 151
126 152
126 153
126 157
126 158
127 128
127 131
127 132
127 133
127 134
127 137
127 138
127 140
127 141
127 142
127 147
127 149
127 151
127 152
127 153
127 156
127 157
127 158
127 161
128 130
128 131
128 133
128 134
128 136
128 137
128 138
128 139
128 142
128 144
128 145
128 147
128 149
128 150
128 151
128 152
128 153
128 154
128 156
128 157
128 158
128 161
129 130
129 131
129 133
129 134
129 135
129 137
129 138
129 139
129 141
129 142
129 143
129 145
129 146
129 148
129 149
129 150
129 151
129 152
129 154
129 156
129 157
129 158
129 160
129 161
130 133
130 134
130 136
130 137
130 139
130 140
130 142
130 145
130 150
130 151
130 152
130 153
130 154
130 157
130 158
130 159
130 160
130 161
131 133
131 134
131 137
131 139
131 141
131 143
131 144
131 145
131 146
131 147
131 148
131 149
131 150
131 151
131 152
131 153
131 156
131 158
131 159
131 160
131 161
132 133
132 134
132 137
132 139
132 141
132 143
132 151
132 153
132 161
133 134
133 135
133 137
133 138
133 139
133 140
133 142
133 143
133 144
133 145
133 146
133 148
133 149
133 150
133 151
133 152
133 153
133 154
133 157
133 158
133 161
134 136
134 137
134 138
134 139
134 142
134 143
134 145
134 146
134 147
134 148
134 150
134 151
134 152
134 153
134 154
134 156
134 157
134 158
134 160
134 161
135 137
135 139
135 141
135 142
135 143
135 145
135 146
135 147
135 149
135 150
135 151
135 152
135 153
135 154
135 155
135 156
135 157
135 160
136 137
136 146
136 147
136 149
136 154
136 155
136 157
136 158
136 161
137 140
137 141
137 142
137 143
137 145
137 146
137 148
137 149
137 150
137 151
137 152
137 153
137 154
137 155
137 157
137 158
137 159
137 161
138 139
138 141
138 142
138 143
138 144
138 149
138 150
138 151
138 152
138 153
138 156
138 157
138 158
138 159
138 160
138 161
139 141
139 142
139 146
139 147
139 148
139 150
139 152
139 153
139 154
139 155
139 157
139 158
139 159
139 160
139 161
140 141
140 142
140 147
140 151
140 153
140 154
140 155
140 157
140 159
140 161
141 142
141 146
141 148
141 150
141 151
141 152
141 153
141 154
141 161
142 143
142 145
142 147
142 148
142 149
142 151
142 152
142 153
142 154
142 155
142 156
142 157
142 158
142 159
142 160
142 161
143 145
143 146
143 149
143 150
143 151
143 152
143 158
144 148
144 152
144 155
145 146
145 147
145 150
145 151
145 152
145 153
145 154
145 155
145 157
145 158
145 160
145 161
146 147
146 148
146 149
146 150
146 151
146 152
146 153
146 154
146 157
146 158
146 160
147 149
147 150
147 151
147 152
147 153
147 154
147 155
147 157
147 158
147 159
147 160
147 161
148 149
148 150
148 151
148 152
148 153
148 158
148 160
149 150
149 152
149 153
150 151
150 152
150 153
150 154
150 155
150 156
150 157
150 158
150 159
150 161
151 152
151 153
151 154
151 155
151 157
151 158
151 159
151 160
152 153
152 154
152 155
152 156
152 157
152 158
152 159
152 160
152 161
153 154
153 157
153 159
153 160
154 155
154 156
154 157
154 158
154 160
154 161
155 160
156 157
156 158
156 160
157 158
157 159
157 161
158 159
158 160
158 161
159 161
160 161
