0 5
0 6
0 7
0 10
0 11
0 12
0 14
0 18
0 20
0 23
0 25
0 26
0 28
0 30
0 36
0 37
0 38
0 40
0 42
0 45
0 47
0 49
0 50
0 51
0 54
0 56
0 58
0 59
0 65
0 66
0 67
0 68
0 71
0 73
0 74
0 75
0 77
0 78
0 80
0 86
0 87
0 89
0 94
0 97
0 98
0 99
0 100
0 101
0 102
0 107
0 108
0 109
0 112
0 113
0 115
0 116
0 117
0 120
0 126
0 128
0 130
0 131
0 133
0 135
0 137
0 138
0 139
0 142
0 145
0 147
0 150
0 153
0 154
0 155
0 156
0 157
0 158
0 161
1 4
1 7
1 8
1 9
1 10
1 13
1 15
1 18
1 19
1 20
1 21
1 24
1 25
1 27
1 30
1 31
1 32
1 33
1 34
1 35
1 36
1 40
1 45
1 46
1 48
1 50
1 51
1 54
1 58
1 63
1 64
1 65
1 67
1 69
1 70
1 71
1 72
1 74
1 75
1 77
1 79
1 83
1 84
1 87
1 92
1 93
1 101
1 105
1 106
1 107
1 108
1 111
1 112
1 113
1 115
1 117
1 125
1 131
1 133
1 134
1 135
1 136
1 137
1 139
1 141
1 142
1 148
1 150
1 151
1 152
1 153
1 154
1 158
1 160
2 4
2 6
2 13
2 17
2 18
2 21
2 26
2 30
2 32
2 34
2 37
2 39
2 40
2 42
2 44
2 45
2 46
2 49
2 50
2 51
2 53
2 66
2 68
2 69
2 71
2 75
2 79
2 83
2 90
2 91
2 92
2 98
2 101
2 102
2 106
2 108
2 109
2 113
2 114
2 115
2 118
2 125
2 129
2 131
2 133
2 134
2 137
2 139
2 140
2 141
2 142
2 143
2 147
2 148
2 150
2 151
2 152
2 154
2 160
2 161
3 4
3 7
3 9
3 11
3 12
3 13
3 14
3 16
3 17
3 18
3 22
3 30
3 31
3 32
3 33
3 34
3 38
3 39
3 44
3 46
3 47
3 49
3 52
3 56
3 58
3 64
3 65
3 67
3 68
3 69
3 70
3 74
3 75
3 79
3 81
3 88
3 89
3 92
3 93
3 95
3 97
3 99
3 100
3 101
3 107
3 111
3 113
3 115
3 116
3 117
3 118
3 125
3 126
3 128
3 129
3 130
3 134
3 135
3 138
3 139
3 140
3 141
3 145
3 146
3 147
3 150
3 152
3 158
3 160
3 161
4 5
4 6
4 7
4 8
4 10
4 11
4 12
4 13
4 14
4 15
4 17
4 19
4 20
4 21
4 22
4 23
4 26
4 28
4 30
4 31
4 32
4 34
4 35
4 38
4 39
4 40
4 42
4 43
4 44
4 45
4 46
4 47
4 49
4 52
4 53
4 54
4 56
4 58
4 59
4 62
4 63
4 64
4 65
4 66
4 67
4 68
4 69
4 70
4 71
4 72
4 73
4 75
4 76
4 77
4 79
4 80
4 82
4 83
4 84
4 85
4 86
4 87
4 89
4 90
4 91
4 93
4 94
4 96
4 98
4 99
4 100
4 101
4 102
4 104
4 105
4 106
4 107
4 108
4 109
4 111
4 112
4 113
4 114
4 115
4 116
4 117
4 118
4 124
4 125
4 128
4 130
4 131
4 133
4 134
4 136
4 137
4 138
4 139
4 140
4 141
4 142
4 143
4 145
4 146
4 147
4 149
4 150
4 151
4 152
4 154
4 155
4 158
4 159
4 160
4 161
5 7
5 15
5 19
5 26
5 30
5 31
5 38
5 45
5 46
5 49
5 51
5 52
5 56
5 60
5 66
5 67
5 68
5 69
5 71
5 72
5 75
5 79
5 83
5 87
5 95
5 97
5 98
5 99
5 100
5 102
5 104
5 106
5 109
5 112
5 113
5 114
5 117
5 123
5 128
5 129
5 133
5 135
5 137
5 138
5 139
5 142
5 149
5 151
5 154
5 158
6 7
6 10
6 11
6 12
6 14
6 15
6 16
6 17
6 18
6 19
6 21
6 22
6 23
6 24
6 25
6 26
6 28
6 30
6 31
6 32
6 33
6 34
6 35
6 36
6 37
6 40
6 43
6 44
6 46
6 49
6 50
6 51
6 54
6 55
6 56
6 57
6 58
6 60
6 61
6 62
6 64
6 65
6 66
6 67
6 68
6 69
6 70
6 71
6 72
6 74
6 79
6 83
6 85
6 86
6 87
6 89
6 90
6 92
6 94
6 95
6 97
6 99
6 100
6 101
6 102
6 103
6 105
6 106
6 109
6 110
6 111
6 112
6 113
6 114
6 115
6 116
6 118
6 119
6 120
6 123
6 125
6 126
6 127
6 128
6 129
6 130
6 131
6 133
6 134
6 137
6 138
6 139
6 141
6 142
6 143
6 145
6 147
6 148
6 149
6 150
6 151
6 152
6 155
6 156
6 157
6 158
6 159
6 160
6 161
7 8
7 9
7 10
7 11
7 12
7 13
7 14
7 16
7 19
7 21
7 22
7 23
7 24
7 25
7 26
7 27
7 28
7 30
7 31
7 32
7 33
7 34
7 38
7 40
7 43
7 44
7 45
7 46
7 48
7 49
7 51
7 52
7 54
7 55
7 57
7 58
7 59
7 61
7 62
7 63
7 64
7 65
7 66
7 67
7 68
7 69
7 70
7 71
7 72
7 73
7 74
7 75
7 76
7 77
7 79
7 80
7 82
7 83
7 84
7 87
7 88
7 89
7 90
7 91
7 92
7 93
7 94
7 95
7 97
7 101
7 102
7 103
7 106
7 107
7 108
7 109
7 110
7 112
7 113
7 114
7 115
7 117
7 118
7 122
7 123
7 125
7 128
7 129
7 130
7 131
7 133
7 134
7 136
7 137
7 138
7 139
7 141
7 142
7 143
7 146
7 147
7 148
7 149
7 150
7 151
7 153
7 154
7 155
7 156
7 157
7 158
7 159
7 160
7 161
8 9
8 12
8 14
8 18
8 19
8 24
8 26
8 31
8 32
8 36
8 40
8 45
8 48
8 49
8 51
8 53
8 54
8 64
8 65
8 67
8 68
8 70
8 72
8 73
8 75
8 77
8 80
8 81
8 93
8 94
8 100
8 101
8 103
8 106
8 108
8 109
8 112
8 113
8 114
8 115
8 122
8 135
8 136
8 138
8 142
8 147
8 149
8 151
8 152
8 157
8 159
9 11
9 14
9 16
9 19
9 24
9 25
9 26
9 34
9 36
9 37
9 38
9 39
9 40
9 43
9 44
9 45
9 46
9 49
9 50
9 51
9 54
9 55
9 56
9 57
9 58
9 59
9 61
9 67
9 68
9 70
9 71
9 72
9 74
9 75
9 76
9 77
9 82
9 83
9 84
9 89
9 90
9 93
9 94
9 95
9 96
9 98
9 100
9 101
9 103
9 106
9 109
9 113
9 114
9 115
9 117
9 118
9 119
9 127
9 129
9 131
9 132
9 134
9 138
9 140
9 142
9 144
9 146
9 147
9 149
9 150
9 151
9 152
9 153
9 154
9 155
9 157
9 159
9 161
10 11
10 14
10 16
10 19
10 20
10 23
10 24
10 25
10 30
10 31
10 39
10 41
10 42
10 43
10 44
10 45
10 49
10 51
10 52
10 54
10 55
10 56
10 58
10 63
10 64
10 67
10 68
10 71
10 72
10 74
10 76
10 79
10 81
10 83
10 84
10 86
10 88
10 89
10 92
10 93
10 94
10 98
10 100
10 101
10 102
10 103
10 105
10 106
10 107
10 108
10 109
10 111
10 115
10 116
10 117
10 118
10 121
10 122
10 126
10 128
10 129
10 130
10 131
10 133
10 134
10 135
10 136
10 137
10 138
10 139
10 141
10 142
10 143
10 146
10 147
10 150
10 152
10 153
10 158
10 159
10 161
11 12
11 13
11 14
11 15
11 16
11 17
11 18
11 19
11 21
11 22
11 23
11 24
11 25
11 26
11 28
11 30
11 31
11 32
11 34
11 35
11 36
11 40
11 42
11 44
11 46
11 49
11 50
11 51
11 53
11 54
11 55
11 56
11 58
11 59
11 61
11 62
11 63
11 64
11 65
11 66
11 67
11 68
11 69
11 70
11 71
11 72
11 73
11 74
11 75
11 76
11 77
11 79
11 80
11 81
11 82
11 83
11 84
11 86
11 88
11 89
11 91
11 92
11 93
11 94
11 102
11 104
11 105
11 106
11 108
11 111
11 112
11 113
11 114
11 115
11 116
11 117
11 118
11 119
11 121
11 123
11 125
11 126
11 128
11 129
11 130
11 131
11 132
11 133
11 136
11 137
11 138
11 139
11 140
11 142
11 143
11 144
11 145
11 146
11 147
11 148
11 149
11 150
11 151
11 152
11 153
11 154
11 155
11 156
11 159
11 160
12 15
12 18
12 21
12 24
12 25
12 31
12 32
12 36
12 38
12 39
12 41
12 42
12 43
12 44
12 45
12 48
12 49
12 51
12 52
12 53
12 54
12 58
12 66
12 67
12 69
12 71
12 72
12 73
12 74
12 76
12 77
12 81
12 83
12 85
12 86
12 87
12 89
12 92
12 97
12 101
12 102
12 104
12 105
12 108
12 109
12 111
12 113
12 115
12 118
12 125
12 126
12 128
12 129
12 131
12 134
12 137
12 138
12 139
12 143
12 148
12 154
12 157
12 160
12 161
13 15
13 17
13 18
13 19
13 21
13 24
13 26
13 30
13 32
13 33
13 35
13 36
13 38
13 39
13 43
13 45
13 49
13 51
13 53
13 54
13 56
13 67
13 69
13 78
13 79
13 80
13 84
13 85
13 86
13 88
13 91
13 92
13 94
13 98
13 100
13 101
13 102
13 103
13 106
13 107
13 112
13 113
13 114
13 115
13 117
13 125
13 129
13 133
13 134
13 135
13 136
13 137
13 138
13 139
13 140
13 142
13 147
13 151
13 152
13 153
13 154
13 157
14 18
14 19
14 21
14 22
14 23
14 24
14 25
14 26
14 28
14 29
14 30
14 31
14 32
14 34
14 35
14 36
14 37
14 38
14 39
14 40
14 41
14 42
14 45
14 46
14 47
14 48
14 49
14 50
14 51
14 52
14 53
14 54
14 55
14 56
14 58
14 59
14 60
14 61
14 62
14 63
14 64
14 65
14 66
14 68
14 69
14 70
14 72
14 73
14 75
14 77
14 79
14 81
14 82
14 83
14 84
14 86
14 87
14 89
14 92
14 93
14 94
14 95
14 96
14 97
14 98
14 99
14 100
14 101
14 102
14 103
14 105
14 106
14 107
14 108
14 109
14 110
14 111
14 112
14 113
14 114
14 115
14 116
14 117
14 118
14 119
14 120
14 124
14 125
14 127
14 128
14 129
14 130
14 131
14 133
14 135
14 136
14 138
14 139
14 140
14 141
14 142
14 143
14 145
14 146
14 147
14 148
14 149
14 150
14 151
14 152
14 153
14 154
14 157
14 158
14 159
14 161
15 21
15 23
15 25
15 26
15 28
15 36
15 37
15 38
15 40
15 44
15 46
15 50
15 51
15 52
15 54
15 55
15 56
15 58
15 63
15 66
15 67
15 68
15 70
15 72
15 75
15 76
15 77
15 79
15 83
15 88
15 90
15 93
15 94
15 99
15 102
15 105
15 106
15 108
15 109
15 110
15 111
15 112
15 113
15 115
15 117
15 118
15 120
15 126
15 129
15 133
15 138
15 139
15 140
15 141
15 142
15 147
15 149
15 152
15 153
15 158
15 160
15 161
16 19
16 20
16 21
16 31
16 32
16 37
16 41
16 42
16 44
16 51
16 54
16 55
16 56
16 58
16 61
16 66
16 68
16 70
16 71
16 73
16 74
16 75
16 76
16 80
16 83
16 85
16 87
16 89
16 91
16 95
16 96
16 98
16 101
16 102
16 105
16 106
16 107
16 108
16 114
16 116
16 118
16 127
16 130
16 135
16 136
16 138
16 141
16 143
16 146
16 147
16 152
16 153
16 154
16 155
16 161
17 21
17 24
17 25
17 30
17 49
17 53
17 56
17 59
17 66
17 67
17 68
17 77
17 79
17 80
17 97
17 101
17 108
17 109
17 114
17 133
17 141
17 149
17 154
17 160
18 19
18 21
18 22
18 23
18 24
18 26
18 28
18 30
18 31
18 38
18 40
18 42
18 45
18 46
18 47
18 48
18 49
18 51
18 54
18 55
18 60
18 62
18 64
18 66
18 67
18 68
18 69
18 70
18 71
18 72
18 74
18 77
18 79
18 81
18 82
18 84
18 86
18 88
18 89
18 90
18 91
18 94
18 97
18 98
18 99
18 100
18 101
18 102
18 103
18 105
18 106
18 108
18 110
18 112
18 113
18 114
18 117
18 118
18 120
18 125
18 129
18 130
18 131
18 133
18 135
18 137
18 138
18 139
18 147
18 149
18 150
18 151
18 153
18 157
19 22
19 23
19 24
19 26
19 28
19 29
19 30
19 31
19 32
19 34
19 35
19 36
19 38
19 39
19 40
19 41
19 42
19 44
19 45
19 46
19 48
19 49
19 50
19 51
19 52
19 53
19 54
19 55
19 56
19 57
19 58
19 59
19 61
19 64
19 65
19 66
19 67
19 68
19 69
19 70
19 71
19 72
19 73
19 74
19 75
19 76
19 77
19 79
19 80
19 81
19 82
19 83
19 84
19 86
19 87
19 88
19 89
19 90
19 91
19 92
19 93
19 94
19 96
19 97
19 98
19 99
19 100
19 101
19 102
19 103
19 105
19 106
19 108
19 109
19 110
19 112
19 113
19 114
19 115
19 117
19 119
19 120
19 121
19 123
19 125
19 126
19 127
19 128
19 129
19 130
19 132
19 133
19 134
19 136
19 137
19 138
19 139
19 141
19 142
19 143
19 144
19 145
19 147
19 149
19 150
19 152
19 153
19 154
19 155
19 157
19 158
19 159
19 160
19 161
20 22
20 30
20 31
20 32
20 35
20 38
20 41
20 49
20 52
20 54
20 60
20 64
20 68
20 72
20 75
20 79
20 89
20 90
20 93
20 94
20 101
20 102
20 104
20 105
20 107
20 108
20 109
20 112
20 113
20 114
20 118
20 131
20 138
20 139
20 146
20 147
20 148
20 150
20 151
20 153
20 157
20 158
20 161
21 25
21 26
21 28
21 29
21 31
21 32
21 34
21 35
21 38
21 40
21 42
21 43
21 46
21 49
21 51
21 53
21 54
21 56
21 58
21 59
21 61
21 63
21 64
21 65
21 66
21 67
21 68
21 70
21 71
21 72
21 73
21 74
21 75
21 77
21 78
21 80
21 81
21 85
21 86
21 87
21 89
21 90
21 91
21 93
21 94
21 95
21 97
21 98
21 99
21 100
21 101
21 102
21 103
21 105
21 106
21 108
21 109
21 111
21 113
21 114
21 115
21 116
21 118
21 123
21 124
21 125
21 128
21 129
21 131
21 133
21 134
21 137
21 138
21 139
21 140
21 141
21 142
21 143
21 145
21 146
21 147
21 149
21 150
21 151
21 153
21 154
21 158
21 161
22 26
22 30
22 35
22 37
22 45
22 48
22 49
22 51
22 53
22 58
22 59
22 60
22 65
22 66
22 67
22 68
22 70
22 74
22 77
22 79
22 85
22 88
22 93
22 94
22 101
22 102
22 112
22 114
22 115
22 118
22 119
22 124
22 131
22 133
22 134
22 135
22 138
22 139
22 142
22 145
22 146
22 154
22 157
22 158
22 159
23 24
23 26
23 30
23 31
23 36
23 37
23 41
23 42
23 43
23 45
23 47
23 50
23 54
23 55
23 56
23 61
23 63
23 65
23 67
23 68
23 71
23 73
23 79
23 80
23 83
23 84
23 87
23 97
23 99
23 101
23 107
23 111
23 115
23 118
23 127
23 129
23 131
23 133
23 134
23 137
23 139
23 141
23 143
23 147
23 151
23 158
23 161
24 25
24 26
24 27
24 29
24 30
24 31
24 33
24 35
24 37
24 38
24 40
24 42
24 43
24 44
24 45
24 46
24 49
24 50
24 51
24 52
24 53
24 55
24 56
24 57
24 60
24 61
24 62
24 63
24 64
24 65
24 67
24 68
24 69
24 71
24 74
24 75
24 79
24 84
24 85
24 86
24 88
24 89
24 93
24 94
24 95
24 96
24 97
24 100
24 102
24 105
24 106
24 107
24 109
24 111
24 113
24 114
24 115
24 116
24 117
24 119
24 122
24 125
24 129
24 130
24 131
24 133
24 134
24 135
24 136
24 137
24 138
24 142
24 144
24 145
24 147
24 151
24 152
24 153
24 154
24 157
24 158
24 159
24 160
25 26
25 28
25 29
25 30
25 32
25 33
25 34
25 35
25 36
25 38
25 39
25 41
25 43
25 44
25 45
25 46
25 49
25 50
25 52
25 53
25 54
25 56
25 58
25 64
25 65
25 66
25 67
25 68
25 69
25 71
25 72
25 73
25 75
25 77
25 79
25 80
25 81
25 82
25 83
25 84
25 89
25 90
25 93
25 94
25 96
25 97
25 98
25 100
25 101
25 102
25 103
25 105
25 108
25 109
25 111
25 113
25 114
25 115
25 116
25 123
25 124
25 126
25 127
25 129
25 130
25 131
25 134
25 135
25 138
25 139
25 140
25 142
25 145
25 146
25 147
25 148
25 151
25 153
25 154
25 158
25 159
25 160
25 161
26 27
26 28
26 29
26 30
26 31
26 32
26 33
26 35
26 36
26 38
26 39
26 40
26 41
26 42
26 43
26 44
26 45
26 47
26 49
26 50
26 51
26 52
26 54
26 55
26 56
26 57
26 58
26 59
26 61
26 64
26 65
26 66
26 67
26 68
26 69
26 70
26 71
26 72
26 73
26 74
26 75
26 76
26 77
26 78
26 80
26 81
26 82
26 83
26 84
26 86
26 88
26 89
26 90
26 91
26 93
26 94
26 95
26 97
26 98
26 99
26 100
26 101
26 102
26 103
26 104
26 105
26 106
26 107
26 108
26 109
26 111
26 112
26 113
26 114
26 115
26 118
26 119
26 122
26 123
26 124
26 125
26 126
26 127
26 128
26 129
26 131
26 133
26 134
26 135
26 136
26 137
26 138
26 141
26 142
26 143
26 144
26 145
26 146
26 147
26 148
26 149
26 150
26 151
26 152
26 153
26 154
26 155
26 157
26 158
26 159
26 160
27 31
27 36
27 39
27 40
27 45
27 51
27 55
27 56
27 63
27 64
27 67
27 84
27 86
27 97
27 99
27 101
27 107
27 108
27 111
27 114
27 119
27 128
27 134
27 137
27 146
27 147
27 152
27 153
27 154
27 158
28 31
28 36
28 37
28 40
28 41
28 44
28 52
28 55
28 58
28 60
28 63
28 66
28 67
28 68
28 70
28 71
28 72
28 74
28 81
28 82
28 83
28 84
28 86
28 89
28 91
28 94
28 97
28 98
28 99
28 101
28 102
28 103
28 105
28 110
28 128
28 131
28 133
28 135
28 139
28 143
28 145
28 147
28 152
28 153
28 154
28 155
29 37
29 38
29 45
29 51
29 54
29 55
29 56
29 63
29 65
29 68
29 70
29 74
29 80
29 86
29 88
29 91
29 99
29 100
29 112
29 113
29 115
29 116
29 125
29 128
29 129
29 131
29 139
29 151
29 160
29 161
30 31
30 32
30 33
30 34
30 37
30 38
30 39
30 40
30 41
30 43
30 44
30 45
30 46
30 47
30 49
30 50
30 51
30 54
30 55
30 56
30 57
30 58
30 59
30 61
30 62
30 63
30 64
30 65
30 66
30 67
30 68
30 69
30 71
30 72
30 74
30 75
30 76
30 77
30 79
30 80
30 81
30 82
30 83
30 84
30 85
30 86
30 87
30 88
30 89
30 90
30 92
30 93
30 94
30 95
30 97
30 99
30 100
30 101
30 102
30 103
30 104
30 105
30 106
30 107
30 108
30 109
30 111
30 112
30 113
30 114
30 115
30 116
30 117
30 122
30 129
30 131
30 133
30 135
30 137
30 138
30 139
30 141
30 142
30 143
30 145
30 146
30 147
30 149
30 151
30 152
30 153
30 154
30 155
30 157
30 158
30 159
31 35
31 36
31 37
31 38
31 39
31 40
31 41
31 44
31 45
31 46
31 48
31 49
31 51
31 52
31 53
31 54
31 55
31 56
31 57
31 58
31 60
31 61
31 63
31 64
31 66
31 68
31 69
31 70
31 71
31 73
31 74
31 75
31 76
31 77
31 78
31 79
31 80
31 81
31 84
31 85
31 87
31 88
31 89
31 91
31 92
31 93
31 94
31 95
31 96
31 97
31 99
31 100
31 101
31 102
31 103
31 105
31 106
31 107
31 108
31 109
31 110
31 111
31 112
31 114
31 115
31 116
31 117
31 120
31 122
31 123
31 126
31 127
31 129
31 130
31 131
31 133
31 134
31 135
31 136
31 137
31 139
31 141
31 142
31 143
31 144
31 146
31 147
31 148
31 150
31 152
31 153
31 154
31 155
31 157
31 158
31 161
32 33
32 34
32 35
32 36
32 37
32 38
32 39
32 40
32 41
32 42
32 43
32 44
32 45
32 47
32 48
32 52
32 53
32 56
32 57
32 58
32 59
32 61
32 62
32 63
32 64
32 65
32 66
32 67
32 68
32 69
32 70
32 71
32 72
32 73
32 74
32 76
32 77
32 79
32 82
32 83
32 84
32 85
32 86
32 87
32 88
32 89
32 91
32 93
32 94
32 95
32 98
32 99
32 101
32 102
32 103
32 108
32 110
32 111
32 112
32 113
32 114
32 115
32 117
32 120
32 125
32 126
32 127
32 128
32 129
32 130
32 131
32 133
32 134
32 135
32 136
32 137
32 138
32 139
32 140
32 141
32 142
32 144
32 147
32 148
32 149
32 151
32 152
32 153
32 154
32 157
32 159
32 160
32 161
33 36
33 43
33 44
33 46
33 51
33 54
33 65
33 68
33 78
33 87
33 94
33 97
33 98
33 101
33 105
33 109
33 112
33 113
33 115
33 118
33 133
33 134
33 135
33 138
33 139
33 141
33 145
33 154
33 160
34 36
34 37
34 38
34 40
34 43
34 44
34 45
34 49
34 50
34 51
34 52
34 53
34 54
34 56
34 59
34 61
34 63
34 64
34 65
34 66
34 67
34 68
34 69
34 70
34 71
34 73
34 74
34 79
34 81
34 83
34 84
34 85
34 87
34 88
34 89
34 92
34 93
34 94
34 95
34 101
34 102
34 105
34 106
34 107
34 109
34 110
34 111
34 113
34 114
34 116
34 119
34 125
34 129
34 131
34 133
34 134
34 135
34 137
34 138
34 146
34 150
34 151
34 152
34 154
34 157
34 159
34 161
35 36
35 37
35 38
35 39
35 40
35 43
35 49
35 50
35 51
35 54
35 55
35 56
35 57
35 60
35 62
35 63
35 64
35 65
35 66
35 68
35 69
35 70
35 71
35 72
35 74
35 76
35 77
35 79
35 80
35 81
35 84
35 86
35 87
35 88
35 90
35 91
35 96
35 97
35 99
35 101
35 102
35 103
35 105
35 106
35 108
35 109
35 110
35 111
35 112
35 113
35 116
35 120
35 123
35 125
35 126
35 127
35 128
35 129
35 130
35 133
35 134
35 135
35 136
35 138
35 139
35 140
35 141
35 143
35 145
35 146
35 147
35 148
35 150
35 152
35 153
35 154
35 158
35 159
35 160
35 161
36 37
36 38
36 40
36 43
36 44
36 45
36 46
36 47
36 49
36 51
36 52
36 53
36 54
36 56
36 58
36 61
36 62
36 63
36 64
36 65
36 66
36 67
36 68
36 70
36 72
36 74
36 76
36 77
36 79
36 80
36 82
36 85
36 86
36 89
36 92
36 93
36 94
36 97
36 99
36 102
36 106
36 109
36 111
36 112
36 113
36 114
36 117
36 125
36 126
36 130
36 132
36 133
36 134
36 135
36 136
36 137
36 138
36 139
36 142
36 143
36 146
36 147
36 149
36 150
36 151
36 153
36 154
36 155
36 157
36 159
36 160
36 161
37 38
37 39
37 40
37 42
37 43
37 45
37 46
37 49
37 51
37 52
37 54
37 55
37 56
37 59
37 61
37 62
37 63
37 64
37 66
37 67
37 68
37 69
37 70
37 71
37 72
37 75
37 79
37 84
37 88
37 92
37 93
37 94
37 95
37 97
37 101
37 102
37 104
37 105
37 106
37 107
37 112
37 113
37 115
37 117
37 118
37 128
37 129
37 131
37 133
37 134
37 135
37 137
37 138
37 139
37 141
37 142
37 143
37 147
37 151
37 154
37 157
37 158
38 39
38 41
38 42
38 43
38 44
38 45
38 46
38 47
38 49
38 51
38 52
38 54
38 55
38 56
38 61
38 62
38 63
38 64
38 65
38 66
38 67
38 68
38 69
38 70
38 71
38 72
38 74
38 75
38 76
38 80
38 83
38 84
38 85
38 86
38 89
38 90
38 92
38 93
38 94
38 95
38 97
38 99
38 101
38 102
38 103
38 104
38 105
38 106
38 107
38 108
38 109
38 110
38 111
38 112
38 113
38 115
38 116
38 117
38 118
38 119
38 120
38 122
38 124
38 126
38 129
38 130
38 131
38 133
38 134
38 138
38 139
38 142
38 143
38 145
38 146
38 147
38 151
38 154
38 155
38 157
38 159
38 160
38 161
39 43
39 44
39 45
39 46
39 49
39 51
39 54
39 56
39 58
39 59
39 63
39 65
39 67
39 68
39 69
39 70
39 71
39 72
39 73
39 74
39 75
39 77
39 80
39 85
39 87
39 88
39 92
39 94
39 97
39 99
39 101
39 102
39 103
39 106
39 109
39 111
39 113
39 114
39 115
39 117
39 118
39 125
39 127
39 129
39 131
39 132
39 133
39 134
39 135
39 139
39 140
39 141
39 142
39 143
39 144
39 145
39 146
39 148
39 151
39 152
39 153
39 157
39 158
39 161
40 42
40 43
40 44
40 45
40 46
40 47
40 48
40 49
40 50
40 51
40 52
40 53
40 54
40 55
40 56
40 60
40 63
40 64
40 65
40 66
40 67
40 68
40 70
40 71
40 72
40 73
40 74
40 75
40 76
40 77
40 79
40 80
40 82
40 83
40 84
40 85
40 87
40 88
40 89
40 91
40 92
40 93
40 94
40 95
40 96
40 97
40 99
40 101
40 102
40 103
40 106
40 107
40 108
40 109
40 111
40 114
40 115
40 117
40 118
40 120
40 124
40 125
40 127
40 128
40 129
40 130
40 132
40 133
40 134
40 135
40 136
40 137
40 138
40 139
40 140
40 141
40 142
40 143
40 144
40 145
40 146
40 147
40 148
40 149
40 150
40 151
40 152
40 153
40 154
40 157
40 158
40 160
40 161
41 43
41 51
41 52
41 54
41 56
41 63
41 65
41 69
41 70
41 74
41 77
41 80
41 84
41 89
41 91
41 94
41 97
41 100
41 105
41 111
41 112
41 113
41 114
41 123
41 128
41 129
41 130
41 131
41 133
41 134
41 137
41 139
41 140
41 142
41 146
41 147
41 157
41 158
41 160
42 43
42 44
42 45
42 49
42 51
42 54
42 55
42 58
42 59
42 61
42 63
42 65
42 66
42 67
42 68
42 69
42 72
42 73
42 74
42 75
42 79
42 83
42 85
42 86
42 88
42 89
42 90
42 96
42 97
42 98
42 101
42 102
42 105
42 106
42 108
42 111
42 113
42 114
42 116
42 117
42 118
42 125
42 127
42 128
42 134
42 137
42 138
42 140
42 142
42 146
42 147
42 152
42 153
42 154
42 158
42 161
43 45
43 46
43 47
43 50
43 51
43 52
43 54
43 56
43 63
43 64
43 66
43 67
43 68
43 69
43 70
43 71
43 72
43 73
43 74
43 75
43 76
43 77
43 80
43 82
43 83
43 88
43 89
43 93
43 97
43 101
43 102
43 106
43 108
43 110
43 111
43 115
43 118
43 125
43 126
43 136
43 137
43 138
43 139
43 141
43 142
43 143
43 146
43 147
43 148
43 149
43 151
43 152
43 153
43 154
43 157
43 159
43 160
44 45
44 46
44 47
44 50
44 51
44 52
44 54
44 55
44 56
44 58
44 61
44 62
44 63
44 64
44 66
44 67
44 68
44 69
44 70
44 72
44 73
44 74
44 75
44 76
44 79
44 80
44 83
44 86
44 87
44 88
44 89
44 91
44 92
44 94
44 97
44 99
44 101
44 102
44 105
44 106
44 108
44 109
44 112
44 113
44 114
44 115
44 118
44 119
44 122
44 129
44 131
44 133
44 134
44 136
44 137
44 138
44 139
44 140
44 142
44 147
44 151
44 152
44 153
44 155
44 157
44 159
44 160
44 161
45 46
45 48
45 49
45 50
45 51
45 53
45 55
45 57
45 58
45 61
45 64
45 65
45 66
45 67
45 68
45 69
45 71
45 72
45 75
45 76
45 77
45 79
45 80
45 82
45 83
45 85
45 86
45 87
45 88
45 89
45 91
45 92
45 93
45 94
45 95
45 97
45 98
45 99
45 102
45 106
45 107
45 108
45 109
45 111
45 112
45 113
45 114
45 115
45 116
45 117
45 118
45 120
45 123
45 125
45 126
45 127
45 128
45 129
45 130
45 133
45 134
45 135
45 136
45 138
45 139
45 141
45 142
45 143
45 145
45 146
45 147
45 150
45 151
45 152
45 153
45 155
45 157
45 158
45 159
45 160
45 161
46 48
46 49
46 51
46 54
46 55
46 56
46 57
46 58
46 59
46 60
46 64
46 65
46 66
46 67
46 68
46 69
46 70
46 72
46 73
46 74
46 76
46 79
46 80
46 82
46 84
46 85
46 87
46 88
46 89
46 92
46 93
46 94
46 95
46 96
46 100
46 102
46 103
46 106
46 108
46 111
46 112
46 113
46 115
46 117
46 118
46 125
46 127
46 130
46 131
46 133
46 134
46 137
46 138
46 139
46 142
46 143
46 148
46 150
46 152
46 153
46 157
46 159
46 161
47 49
47 50
47 51
47 56
47 58
47 65
47 68
47 69
47 71
47 81
47 84
47 86
47 89
47 93
47 97
47 99
47 102
47 108
47 113
47 122
47 125
47 126
47 129
47 131
47 132
47 137
47 142
47 151
47 152
47 155
48 51
48 52
48 54
48 55
48 56
48 63
48 67
48 68
48 70
48 71
48 72
48 73
48 74
48 75
48 78
48 91
48 93
48 101
48 102
48 105
48 106
48 109
48 112
48 113
48 116
48 117
48 118
48 128
48 135
48 138
48 139
48 142
48 143
48 149
48 150
48 153
48 154
49 51
49 52
49 53
49 54
49 56
49 57
49 58
49 59
49 61
49 62
49 65
49 66
49 67
49 68
49 69
49 70
49 71
49 72
49 73
49 74
49 75
49 76
49 77
49 78
49 79
49 81
49 82
49 84
49 85
49 86
49 87
49 88
49 89
49 90
49 91
49 92
49 93
49 94
49 95
49 96
49 97
49 98
49 100
49 101
49 102
49 105
49 106
49 107
49 108
49 109
49 111
49 113
49 114
49 115
49 116
49 117
49 118
49 119
49 121
49 125
49 126
49 127
49 129
49 130
49 133
49 134
49 136
49 137
49 138
49 139
49 140
49 141
49 142
49 143
49 146
49 147
49 150
49 151
49 152
49 154
49 155
49 156
49 157
49 158
49 160
49 161
50 51
50 52
50 54
50 55
50 58
50 59
50 60
50 63
50 64
50 65
50 67
50 69
50 70
50 72
50 74
50 75
50 79
50 80
50 81
50 83
50 84
50 87
50 88
50 89
50 90
50 93
50 94
50 95
50 96
50 97
50 99
50 100
50 101
50 103
50 105
50 106
50 107
50 108
50 110
50 112
50 113
50 114
50 115
50 116
50 117
50 118
50 122
50 125
50 128
50 129
50 130
50 131
50 133
50 135
50 137
50 139
50 140
50 141
50 142
50 146
50 147
50 149
50 152
50 153
50 154
50 155
50 157
50 158
50 161
51 52
51 54
51 55
51 56
51 58
51 61
51 62
51 63
51 64
51 65
51 66
51 67
51 68
51 69
51 70
51 71
51 72
51 73
51 74
51 75
51 77
51 79
51 80
51 81
51 82
51 84
51 85
51 86
51 87
51 91
51 92
51 93
51 94
51 95
51 96
51 97
51 98
51 99
51 100
51 101
51 102
51 103
51 104
51 105
51 106
51 108
51 109
51 110
51 112
51 113
51 114
51 115
51 116
51 117
51 119
51 121
51 125
51 126
51 128
51 129
51 130
51 131
51 133
51 134
51 135
51 136
51 137
51 139
51 140
51 141
51 142
51 143
51 145
51 146
51 147
51 148
51 149
51 150
51 151
51 152
51 154
51 157
51 158
51 160
51 161
52 54
52 55
52 56
52 57
52 63
52 64
52 65
52 66
52 67
52 68
52 69
52 70
52 71
52 72
52 73
52 75
52 76
52 77
52 79
52 84
52 86
52 89
52 94
52 95
52 99
52 101
52 102
52 105
52 106
52 108
52 109
52 111
52 112
52 117
52 118
52 122
52 126
52 129
52 130
52 131
52 134
52 138
52 141
52 142
52 148
52 150
52 152
52 154
52 157
53 54
53 55
53 56
53 57
53 64
53 66
53 68
53 69
53 71
53 72
53 73
53 74
53 77
53 84
53 85
53 86
53 89
53 94
53 95
53 97
53 101
53 102
53 105
53 106
53 107
53 108
53 116
53 117
53 118
53 125
53 129
53 130
53 139
53 141
53 142
53 147
53 150
53 151
53 152
53 153
53 154
53 155
53 157
53 158
54 55
54 56
54 58
54 59
54 60
54 61
54 62
54 63
54 64
54 65
54 66
54 67
54 68
54 70
54 71
54 72
54 73
54 74
54 75
54 76
54 77
54 79
54 80
54 82
54 84
54 86
54 87
54 88
54 89
54 91
54 92
54 93
54 94
54 95
54 97
54 99
54 101
54 102
54 104
54 105
54 106
54 107
54 108
54 109
54 111
54 112
54 113
54 114
54 115
54 116
54 117
54 120
54 121
54 122
54 125
54 127
54 129
54 130
54 131
54 133
54 135
54 136
54 137
54 138
54 139
54 141
54 142
54 145
54 146
54 147
54 148
54 150
54 151
54 152
54 153
54 154
54 155
54 157
54 158
54 159
54 160
54 161
55 56
55 57
55 58
55 59
55 61
55 65
55 67
55 68
55 69
55 70
55 71
55 72
55 73
55 74
55 77
55 79
55 80
55 81
55 82
55 83
55 84
55 85
55 87
55 88
55 89
55 91
55 92
55 93
55 97
55 98
55 100
55 101
55 102
55 106
55 108
55 110
55 112
55 114
55 115
55 117
55 118
55 119
55 124
55 125
55 126
55 127
55 128
55 129
55 130
55 133
55 134
55 135
55 137
55 138
55 139
55 142
55 143
55 145
55 146
55 150
55 151
55 152
55 154
55 158
55 160
55 161
56 58
56 61
56 62
56 63
56 65
56 66
56 67
56 68
56 69
56 70
56 71
56 72
56 73
56 74
56 75
56 76
56 77
56 79
56 80
56 83
56 84
56 85
56 86
56 87
56 89
56 91
56 94
56 95
56 96
56 97
56 98
56 99
56 100
56 101
56 102
56 103
56 105
56 106
56 108
56 109
56 112
56 113
56 114
56 115
56 116
56 117
56 118
56 120
56 121
56 122
56 125
56 127
56 128
56 129
56 133
56 134
56 136
56 137
56 138
56 141
56 142
56 147
56 148
56 149
56 150
56 152
56 154
56 155
56 156
56 157
56 158
56 159
56 160
56 161
57 58
57 59
57 61
57 63
57 64
57 68
57 69
57 71
57 72
57 75
57 77
57 79
57 81
57 85
57 87
57 92
57 100
57 101
57 107
57 108
57 112
57 114
57 124
57 126
57 129
57 134
57 139
57 140
57 147
57 149
57 150
57 152
57 153
57 154
57 160
58 59
58 63
58 65
58 66
58 67
58 68
58 69
58 70
58 73
58 74
58 77
58 79
58 80
58 83
58 86
58 87
58 88
58 89
58 91
58 92
58 94
58 98
58 99
58 101
58 103
58 106
58 107
58 108
58 109
58 113
58 114
58 115
58 116
58 117
58 118
58 120
58 124
58 125
58 126
58 127
58 128
58 129
58 130
58 131
58 133
58 135
58 138
58 140
58 141
58 142
58 146
58 147
58 149
58 151
58 152
58 154
58 155
58 158
59 63
59 64
59 67
59 68
59 69
59 70
59 71
59 73
59 74
59 75
59 78
59 79
59 80
59 82
59 83
59 86
59 87
59 89
59 93
59 94
59 97
59 98
59 100
59 102
59 103
59 106
59 108
59 109
59 110
59 111
59 113
59 114
59 115
59 125
59 127
59 131
59 132
59 133
59 136
59 138
59 142
59 143
59 145
59 146
59 148
59 150
59 152
59 153
59 158
59 159
59 160
60 62
60 64
60 67
60 68
60 70
60 71
60 72
60 79
60 80
60 97
60 106
60 107
60 113
60 115
60 117
60 125
60 129
60 150
60 161
61 63
61 67
61 69
61 70
61 71
61 72
61 77
61 79
61 84
61 89
61 90
61 93
61 94
61 95
61 97
61 101
61 105
61 114
61 117
61 118
61 125
61 132
61 133
61 135
61 136
61 137
61 138
61 139
61 141
61 142
61 145
61 146
61 150
61 153
61 156
61 157
61 161
62 65
62 67
62 68
62 69
62 71
62 74
62 84
62 89
62 94
62 97
62 100
62 101
62 102
62 106
62 107
62 109
62 114
62 115
62 118
62 120
62 123
62 125
62 126
62 132
62 133
62 137
62 141
62 142
62 144
62 146
62 149
62 151
62 153
62 154
62 155
62 158
62 159
63 64
63 65
63 66
63 68
63 69
63 70
63 71
63 75
63 79
63 80
63 83
63 88
63 89
63 92
63 93
63 94
63 97
63 98
63 101
63 102
63 103
63 108
63 109
63 111
63 112
63 113
63 114
63 115
63 116
63 117
63 118
63 122
63 125
63 128
63 129
63 130
63 131
63 133
63 134
63 135
63 138
63 139
63 141
63 142
63 145
63 146
63 147
63 150
63 151
63 152
63 153
63 155
63 157
63 159
64 65
64 66
64 69
64 70
64 71
64 72
64 73
64 74
64 75
64 76
64 77
64 79
64 80
64 81
64 82
64 83
64 84
64 85
64 88
64 90
64 93
64 97
64 98
64 99
64 101
64 102
64 103
64 104
64 106
64 107
64 108
64 109
64 110
64 111
64 112
64 113
64 114
64 115
64 116
64 117
64 118
64 119
64 121
64 122
64 124
64 125
64 126
64 128
64 129
64 130
64 131
64 133
64 134
64 135
64 136
64 137
64 138
64 139
64 141
64 142
64 146
64 147
64 148
64 149
64 151
64 152
64 153
64 154
64 156
64 157
64 158
64 160
64 161
65 66
65 67
65 68
65 70
65 72
65 73
65 74
65 75
65 76
65 77
65 79
65 81
65 85
65 86
65 87
65 89
65 90
65 91
65 92
65 93
65 94
65 96
65 97
65 98
65 100
65 101
65 102
65 105
65 106
65 108
65 109
65 111
65 112
65 113
65 114
65 116
65 118
65 119
65 121
65 123
65 124
65 125
65 126
65 127
65 129
65 130
65 134
65 136
65 137
65 138
65 139
65 140
65 141
65 142
65 143
65 146
65 148
65 149
65 150
65 152
65 153
65 154
65 155
65 157
65 158
65 159
65 160
65 161
66 67
66 69
66 70
66 71
66 72
66 73
66 74
66 75
66 76
66 77
66 79
66 80
66 84
66 85
66 86
66 87
66 88
66 89
66 90
66 92
66 93
66 94
66 97
66 98
66 99
66 100
66 101
66 102
66 103
66 104
66 108
66 109
66 111
66 112
66 113
66 114
66 115
66 119
66 124
66 125
66 126
66 128
66 129
66 131
66 133
66 134
66 135
66 137
66 138
66 139
66 140
66 141
66 142
66 143
66 144
66 145
66 146
66 148
66 149
66 150
66 151
66 152
66 153
66 154
66 155
66 157
66 158
66 159
66 160
66 161
67 68
67 69
67 70
67 71
67 72
67 73
67 74
67 75
67 77
67 79
67 80
67 81
67 83
67 84
67 85
67 87
67 88
67 89
67 91
67 92
67 93
67 95
67 97
67 98
67 99
67 100
67 101
67 102
67 103
67 104
67 106
67 107
67 108
67 109
67 112
67 113
67 114
67 115
67 116
67 117
67 118
67 119
67 120
67 121
67 122
67 123
67 124
67 125
67 126
67 127
67 128
67 129
67 133
67 135
67 136
67 137
67 138
67 139
67 140
67 141
67 142
67 146
67 147
67 151
67 152
67 154
67 157
67 158
67 159
67 160
68 69
68 70
68 71
68 72
68 74
68 75
68 77
68 78
68 79
68 80
68 84
68 86
68 89
68 90
68 91
68 93
68 95
68 96
68 97
68 99
68 101
68 102
68 103
68 105
68 107
68 110
68 111
68 112
68 114
68 116
68 117
68 118
68 119
68 120
68 121
68 122
68 125
68 126
68 127
68 129
68 130
68 131
68 132
68 133
68 134
68 135
68 137
68 138
68 139
68 141
68 142
68 144
68 145
68 146
68 147
68 149
68 150
68 151
68 152
68 153
68 154
68 155
68 157
68 158
68 159
68 160
69 70
69 71
69 73
69 74
69 75
69 77
69 78
69 79
69 80
69 82
69 83
69 86
69 87
69 88
69 89
69 92
69 94
69 97
69 98
69 99
69 100
69 101
69 102
69 103
69 105
69 106
69 107
69 108
69 109
69 110
69 111
69 113
69 114
69 115
69 118
69 120
69 122
69 124
69 125
69 127
69 129
69 130
69 131
69 133
69 134
69 135
69 137
69 138
69 139
69 140
69 141
69 144
69 145
69 147
69 148
69 149
69 151
69 152
69 154
69 159
69 161
70 71
70 72
70 73
70 74
70 75
70 76
70 77
70 78
70 79
70 80
70 81
70 83
70 84
70 86
70 87
70 88
70 89
70 90
70 92
70 93
70 94
70 95
70 97
70 99
70 100
70 101
70 102
70 103
70 105
70 106
70 107
70 108
70 109
70 110
70 112
70 113
70 114
70 116
70 117
70 118
70 120
70 121
70 123
70 125
70 126
70 127
70 128
70 129
70 130
70 131
70 132
70 133
70 134
70 135
70 136
70 137
70 138
70 139
70 142
70 146
70 147
70 149
70 150
70 151
70 153
70 154
70 156
70 157
70 158
70 159
70 160
70 161
71 72
71 74
71 75
71 76
71 77
71 78
71 79
71 80
71 82
71 83
71 86
71 87
71 89
71 91
71 92
71 93
71 94
71 95
71 97
71 98
71 99
71 100
71 101
71 102
71 103
71 106
71 109
71 111
71 112
71 113
71 114
71 115
71 116
71 117
71 118
71 121
71 122
71 123
71 126
71 128
71 129
71 130
71 134
71 137
71 140
71 142
71 143
71 144
71 145
71 147
71 148
71 149
71 152
71 153
71 154
71 155
71 158
71 161
72 73
72 74
72 75
72 76
72 77
72 78
72 79
72 80
72 82
72 83
72 84
72 86
72 87
72 88
72 89
72 90
72 91
72 94
72 96
72 97
72 99
72 100
72 101
72 102
72 103
72 105
72 106
72 107
72 108
72 109
72 111
72 112
72 113
72 114
72 115
72 116
72 117
72 118
72 119
72 120
72 121
72 122
72 123
72 124
72 125
72 127
72 128
72 129
72 130
72 131
72 133
72 134
72 135
72 137
72 138
72 139
72 141
72 142
72 143
72 145
72 146
72 147
72 148
72 149
72 150
72 151
72 152
72 154
72 155
72 156
72 157
72 158
72 160
72 161
73 74
73 75
73 77
73 78
73 79
73 84
73 85
73 87
73 89
73 90
73 91
73 92
73 93
73 94
73 96
73 98
73 100
73 101
73 102
73 103
73 104
73 105
73 106
73 107
73 108
73 109
73 111
73 112
73 114
73 115
73 117
73 118
73 122
73 126
73 127
73 128
73 129
73 130
73 131
73 133
73 134
73 135
73 137
73 138
73 139
73 140
73 141
73 142
73 145
73 146
73 147
73 149
73 150
73 151
73 152
73 153
73 154
73 156
73 157
73 159
73 161
74 75
74 76
74 77
74 79
74 80
74 81
74 84
74 87
74 89
74 91
74 92
74 93
74 94
74 96
74 97
74 98
74 100
74 101
74 102
74 103
74 104
74 105
74 106
74 107
74 108
74 109
74 112
74 113
74 114
74 115
74 116
74 117
74 118
74 120
74 122
74 123
74 124
74 125
74 127
74 128
74 129
74 130
74 131
74 133
74 134
74 135
74 136
74 137
74 138
74 139
74 140
74 141
74 142
74 143
74 145
74 147
74 148
74 149
74 150
74 151
74 152
74 153
74 154
74 156
74 157
74 158
74 160
74 161
75 76
75 77
75 82
75 83
75 84
75 85
75 86
75 87
75 88
75 90
75 91
75 93
75 94
75 97
75 98
75 99
75 100
75 101
75 102
75 107
75 108
75 109
75 111
75 113
75 114
75 115
75 116
75 117
75 118
75 119
75 124
75 125
75 128
75 129
75 130
75 131
75 133
75 134
75 137
75 138
75 139
75 142
75 143
75 146
75 147
75 149
75 150
75 151
75 152
75 153
75 154
75 156
75 157
75 158
75 160
75 161
76 77
76 79
76 83
76 84
76 86
76 89
76 90
76 91
76 93
76 96
76 97
76 98
76 100
76 106
76 107
76 112
76 113
76 115
76 117
76 125
76 127
76 129
76 133
76 135
76 136
76 137
76 139
76 140
76 141
76 145
76 146
76 147
76 151
76 152
76 157
76 158
76 159
76 160
77 78
77 79
77 80
77 83
77 84
77 85
77 86
77 87
77 89
77 94
77 97
77 101
77 102
77 103
77 104
77 106
77 108
77 109
77 111
77 114
77 116
77 117
77 120
77 125
77 127
77 129
77 130
77 131
77 133
77 134
77 135
77 136
77 137
77 139
77 141
77 142
77 143
77 144
77 145
77 146
77 149
77 150
77 151
77 152
77 153
77 154
77 159
77 160
77 161
78 90
78 92
78 94
78 97
78 108
78 113
78 117
78 125
78 131
78 134
78 135
78 137
78 141
78 145
78 149
79 80
79 81
79 83
79 84
79 85
79 87
79 88
79 89
79 90
79 91
79 93
79 94
79 95
79 97
79 98
79 100
79 101
79 102
79 103
79 105
79 106
79 107
79 108
79 109
79 111
79 112
79 113
79 114
79 115
79 116
79 117
79 118
79 119
79 122
79 124
79 125
79 126
79 127
79 128
79 129
79 131
79 132
79 133
79 134
79 135
79 136
79 137
79 138
79 139
79 140
79 141
79 142
79 143
79 144
79 146
79 147
79 148
79 149
79 150
79 152
79 153
79 154
79 155
79 157
79 158
80 83
80 85
80 86
80 89
80 92
80 94
80 95
80 102
80 103
80 106
80 107
80 108
80 109
80 110
80 111
80 112
80 113
80 115
80 118
80 119
80 123
80 125
80 128
80 129
80 131
80 134
80 137
80 138
80 139
80 141
80 142
80 143
80 146
80 148
80 152
80 153
80 155
80 158
80 159
81 83
81 84
81 88
81 89
81 94
81 97
81 100
81 101
81 105
81 106
81 108
81 109
81 113
81 115
81 117
81 118
81 119
81 120
81 129
81 131
81 133
81 135
81 137
81 138
81 139
81 142
81 143
81 146
81 147
81 149
81 150
81 151
81 152
81 153
81 154
81 156
81 158
81 159
81 161
82 84
82 89
82 91
82 97
82 100
82 101
82 105
82 106
82 107
82 108
82 109
82 111
82 113
82 115
82 116
82 117
82 118
82 119
82 120
82 123
82 125
82 130
82 131
82 133
82 137
82 138
82 141
82 145
82 147
82 148
82 149
82 150
82 151
82 154
82 157
82 158
83 85
83 87
83 89
83 90
83 92
83 99
83 100
83 101
83 102
83 106
83 108
83 109
83 111
83 114
83 115
83 116
83 117
83 125
83 126
83 127
83 129
83 135
83 138
83 141
83 146
83 147
83 150
83 151
83 152
83 153
83 154
83 157
84 86
84 87
84 88
84 89
84 90
84 92
84 93
84 97
84 98
84 99
84 100
84 101
84 102
84 103
84 104
84 105
84 106
84 107
84 109
84 111
84 113
84 114
84 115
84 117
84 118
84 120
84 126
84 128
84 129
84 130
84 131
84 133
84 134
84 135
84 137
84 138
84 141
84 142
84 143
84 144
84 145
84 146
84 147
84 148
84 149
84 150
84 151
84 153
84 154
84 155
84 157
84 158
84 160
85 86
85 94
85 97
85 98
85 99
85 100
85 101
85 106
85 108
85 109
85 111
85 113
85 117
85 125
85 126
85 127
85 131
85 133
85 134
85 138
85 139
85 142
85 143
85 144
85 146
85 150
85 152
85 155
85 156
85 157
85 158
85 161
86 89
86 90
86 91
86 92
86 93
86 94
86 97
86 102
86 104
86 105
86 106
86 107
86 109
86 110
86 112
86 113
86 115
86 116
86 117
86 118
86 122
86 125
86 127
86 129
86 131
86 133
86 134
86 135
86 136
86 137
86 138
86 139
86 142
86 145
86 146
86 147
86 148
86 149
86 150
86 151
86 152
86 154
86 155
86 159
87 89
87 90
87 93
87 94
87 97
87 101
87 107
87 108
87 109
87 112
87 113
87 115
87 126
87 127
87 129
87 134
87 135
87 136
87 137
87 138
87 143
87 146
87 150
87 151
87 152
87 153
87 154
87 155
87 158
87 159
87 160
87 161
88 89
88 91
88 92
88 94
88 97
88 100
88 102
88 106
88 108
88 109
88 110
88 111
88 113
88 114
88 116
88 117
88 118
88 121
88 125
88 129
88 131
88 133
88 134
88 138
88 139
88 141
88 145
88 151
88 152
88 153
88 155
88 158
88 160
89 91
89 93
89 94
89 95
89 97
89 98
89 100
89 101
89 102
89 103
89 105
89 106
89 107
89 108
89 110
89 111
89 112
89 113
89 114
89 115
89 117
89 118
89 119
89 120
89 121
89 124
89 125
89 126
89 128
89 130
89 133
89 134
89 135
89 136
89 137
89 138
89 139
89 140
89 141
89 142
89 143
89 144
89 146
89 147
89 148
89 150
89 151
89 152
89 154
89 155
89 156
89 157
89 158
89 159
89 161
90 97
90 99
90 102
90 105
90 107
90 108
90 112
90 113
90 115
90 118
90 123
90 125
90 127
90 129
90 133
90 134
90 135
90 138
90 139
90 141
90 146
90 147
90 149
90 151
90 152
90 154
91 94
91 97
91 98
91 101
91 103
91 104
91 107
91 109
91 110
91 113
91 114
91 115
91 117
91 119
91 123
91 126
91 128
91 129
91 130
91 132
91 133
91 134
91 136
91 137
91 138
91 139
91 140
91 142
91 146
91 147
91 150
91 151
91 152
91 153
91 154
91 155
91 158
92 94
92 98
92 101
92 103
92 104
92 105
92 106
92 107
92 109
92 112
92 114
92 115
92 117
92 118
92 119
92 122
92 125
92 126
92 131
92 133
92 134
92 136
92 137
92 138
92 139
92 140
92 144
92 146
92 147
92 151
92 152
92 156
92 158
92 160
93 94
93 96
93 97
93 99
93 100
93 102
93 103
93 104
93 105
93 106
93 107
93 108
93 109
93 110
93 111
93 112
93 115
93 116
93 117
93 118
93 119
93 123
93 125
93 127
93 130
93 131
93 132
93 133
93 134
93 135
93 137
93 138
93 141
93 142
93 143
93 145
93 150
93 151
93 152
93 153
93 154
93 155
93 160
94 95
94 97
94 101
94 102
94 103
94 104
94 105
94 106
94 107
94 109
94 110
94 112
94 113
94 117
94 118
94 120
94 122
94 125
94 126
94 131
94 132
94 133
94 134
94 136
94 137
94 138
94 141
94 142
94 143
94 146
94 147
94 148
94 150
94 151
94 152
94 153
94 155
94 157
94 158
94 159
94 160
94 161
95 97
95 99
95 102
95 106
95 107
95 109
95 112
95 113
95 115
95 126
95 128
95 130
95 134
95 137
95 138
95 141
95 142
95 143
95 150
95 152
95 154
95 157
95 160
96 97
96 102
96 106
96 107
96 108
96 112
96 114
96 118
96 122
96 133
96 135
96 137
96 139
96 142
96 147
96 149
96 151
96 152
96 153
96 154
96 160
96 161
97 98
97 99
97 100
97 101
97 102
97 103
97 104
97 107
97 108
97 109
97 110
97 113
97 114
97 115
97 116
97 117
97 118
97 119
97 121
97 122
97 123
97 126
97 128
97 130
97 131
97 133
97 135
97 137
97 139
97 140
97 141
97 143
97 144
97 147
97 148
97 151
97 155
97 158
97 160
97 161
98 99
98 101
98 102
98 106
98 108
98 109
98 114
98 115
98 117
98 119
98 122
98 125
98 126
98 127
98 129
98 130
98 131
98 135
98 136
98 137
98 141
98 142
98 145
98 148
98 151
98 152
98 156
98 157
98 158
98 161
99 100
99 101
99 102
99 106
99 107
99 108
99 112
99 114
99 115
99 116
99 118
99 122
99 125
99 128
99 131
99 133
99 137
99 138
99 139
99 142
99 143
99 145
99 146
99 148
99 149
99 150
99 151
99 152
99 153
99 157
99 158
99 160
100 101
100 103
100 108
100 109
100 110
100 111
100 114
100 117
100 120
100 125
100 129
100 130
100 131
100 139
100 140
100 142
100 145
100 147
100 149
100 150
100 152
100 153
100 154
100 157
100 158
101 102
101 103
101 104
101 105
101 108
101 109
101 111
101 112
101 113
101 115
101 117
101 118
101 119
101 120
101 124
101 125
101 126
101 127
101 128
101 129
101 130
101 131
101 132
101 134
101 137
101 138
101 139
101 140
101 141
101 142
101 143
101 145
101 147
101 148
101 149
101 150
101 151
101 153
101 154
101 155
101 158
101 160
101 161
102 103
102 104
102 105
102 106
102 108
102 110
102 112
102 113
102 114
102 115
102 116
102 117
102 118
102 120
102 125
102 126
102 129
102 130
102 131
102 132
102 133
102 134
102 136
102 137
102 138
102 139
102 140
102 141
102 142
102 143
102 146
102 147
102 149
102 150
102 151
102 152
102 153
102 154
102 155
102 159
102 160
102 161
103 105
103 106
103 107
103 108
103 109
103 110
103 111
103 113
103 114
103 115
103 117
103 122
103 131
103 133
103 135
103 136
103 138
103 139
103 142
103 145
103 146
103 147
103 148
103 151
103 152
103 157
103 158
103 159
104 106
104 108
104 111
104 112
104 114
104 117
104 118
104 125
104 128
104 129
104 134
104 136
104 138
104 139
104 142
104 147
104 150
104 151
104 152
104 157
104 158
104 161
105 106
105 108
105 109
105 110
105 111
105 113
105 114
105 115
105 118
105 125
105 126
105 128
105 129
105 130
105 132
105 133
105 134
105 137
105 138
105 140
105 141
105 142
105 143
105 145
105 147
105 150
105 151
105 152
105 155
105 158
105 161
106 107
106 109
106 111
106 112
106 113
106 114
106 115
106 116
106 117
106 118
106 125
106 127
106 128
106 129
106 130
106 131
106 132
106 133
106 136
106 137
106 139
106 141
106 142
106 146
106 147
106 149
106 150
106 151
106 152
106 153
106 154
106 156
106 157
106 160
107 108
107 109
107 111
107 112
107 113
107 114
107 115
107 118
107 121
107 126
107 128
107 129
107 130
107 131
107 133
107 134
107 135
107 136
107 137
107 138
107 141
107 142
107 143
107 149
107 150
107 151
107 153
107 154
107 160
108 112
108 113
108 114
108 115
108 117
108 118
108 119
108 121
108 123
108 125
108 127
108 129
108 130
108 131
108 133
108 134
108 135
108 137
108 138
108 139
108 140
108 141
108 143
108 145
108 146
108 147
108 148
108 150
108 152
108 153
108 154
108 156
108 157
108 158
109 110
109 111
109 112
109 114
109 115
109 116
109 118
109 122
109 124
109 125
109 127
109 129
109 130
109 132
109 133
109 134
109 135
109 137
109 138
109 139
109 140
109 141
109 142
109 144
109 146
109 147
109 149
109 153
109 154
109 155
109 158
109 159
109 160
109 161
110 111
110 112
110 113
110 114
110 115
110 117
110 123
110 126
110 129
110 130
110 131
110 133
110 134
110 135
110 139
110 146
110 147
110 150
110 152
110 153
110 157
110 158
111 113
111 117
111 118
111 124
111 125
111 127
111 128
111 129
111 131
111 134
111 135
111 136
111 138
111 140
111 142
111 145
111 146
111 147
111 151
111 152
111 154
111 155
111 158
111 159
111 160
111 161
112 113
112 115
112 116
112 117
112 125
112 126
112 129
112 130
112 132
112 133
112 134
112 135
112 136
112 137
112 138
112 139
112 141
112 142
112 143
112 146
112 147
112 149
112 150
112 151
112 152
112 153
112 154
112 157
112 158
112 160
113 117
113 118
113 119
113 123
113 125
113 128
113 129
113 130
113 131
113 133
113 134
113 135
113 136
113 138
113 139
113 140
113 142
113 143
113 144
113 145
113 146
113 149
113 150
113 151
113 152
113 154
113 155
113 157
113 158
113 161
114 115
114 117
114 118
114 120
114 121
114 125
114 126
114 127
114 128
114 129
114 130
114 131
114 133
114 134
114 135
114 136
114 137
114 139
114 140
114 141
114 142
114 143
114 144
114 145
114 146
114 147
114 151
114 152
114 154
114 155
114 156
114 157
114 159
114 160
115 116
115 117
115 118
115 119
115 120
115 122
115 124
115 125
115 126
115 127
115 128
115 129
115 131
115 133
115 134
115 135
115 138
115 140
115 141
115 142
115 144
115 145
115 146
115 147
115 148
115 150
115 151
115 152
115 154
115 157
115 158
115 159
115 160
115 161
116 117
116 119
116 124
116 125
116 126
116 128
116 129
116 131
116 133
116 134
116 135
116 136
116 137
116 138
116 139
116 142
116 144
116 147
116 150
116 152
116 154
116 158
116 161
117 118
117 120
117 122
117 125
117 126
117 127
117 128
117 129
117 130
117 131
117 132
117 133
117 134
117 137
117 138
117 139
117 140
117 141
117 142
117 145
117 146
117 147
117 148
117 149
117 150
117 151
117 152
117 154
117 157
117 158
117 159
117 160
118 120
118 121
118 122
118 124
118 125
118 126
118 127
118 129
118 130
118 131
118 132
118 133
118 134
118 135
118 137
118 138
118 139
118 140
118 143
118 146
118 147
118 148
118 149
118 150
118 151
118 152
118 153
118 154
118 155
118 157
118 158
118 159
118 160
118 161
119 121
119 124
119 127
119 130
119 131
119 133
119 134
119 137
119 138
119 139
119 147
119 150
119 152
119 158
119 161
120 125
120 131
120 133
120 137
120 139
120 141
120 147
120 152
120 154
120 157
120 160
121 131
121 133
121 134
121 137
121 138
121 147
121 155
121 157
122 128
122 130
122 133
122 134
122 138
122 147
122 149
122 150
122 151
122 152
122 157
122 158
123 124
123 125
123 127
123 131
123 133
123 142
123 151
123 158
124 130
124 136
124 137
124 139
124 141
124 145
124 146
124 150
124 152
124 154
125 127
125 128
125 129
125 130
125 132
125 133
125 134
125 135
125 137
125 138
125 139
125 141
125 142
125 143
125 145
125 147
125 148
125 149
125 151
125 152
125 153
125 154
125 155
125 156
125 157
125 158
125 161
126 129
126 130
126 131
126 133
126 134
126 135
126 136
126 137
126 138
126 139
126 142
126 148
126 151
126 152
126 153
126 159
127 129
127 131
127 134
127 135
127 138
127 139
127 141
127 142
127 149
127 150
127 151
127 152
127 153
127 155
127 157
127 158
127 161
128 131
128 133
128 134
128 135
128 138
128 139
128 142
128 143
128 147
128 148
128 151
128 154
128 155
128 157
128 158
128 161
129 130
129 131
129 132
129 133
129 134
129 135
129 136
129 137
129 138
129 139
129 140
129 141
129 143
129 145
129 146
129 147
129 149
129 150
129 151
129 152
129 153
129 154
129 155
129 157
129 159
129 160
129 161
130 131
130 133
130 134
130 135
130 137
130 138
130 139
130 140
130 141
130 142
130 145
130 149
130 150
130 151
130 152
130 153
130 157
130 158
130 159
130 160
131 132
131 133
131 134
131 135
131 136
131 137
131 138
131 139
131 140
131 141
131 142
131 143
131 145
131 147
131 148
131 150
131 151
131 152
131 153
131 154
131 155
131 157
131 158
131 160
131 161
132 133
132 135
132 140
132 141
132 147
132 153
132 154
132 155
132 161
133 134
133 136
133 137
133 138
133 139
133 141
133 142
133 143
133 146
133 147
133 148
133 149
133 150
133 151
133 152
133 153
133 154
133 155
133 157
133 158
133 160
134 135
134 136
134 137
134 138
134 139
134 141
134 143
134 145
134 146
134 147
134 149
134 150
134 151
134 152
134 153
134 154
134 159
134 160
134 161
135 136
135 138
135 141
135 142
135 146
135 147
135 148
135 150
135 151
135 152
135 153
135 156
135 161
136 137
136 138
136 140
136 141
136 143
136 146
136 147
136 150
136 151
136 152
136 158
136 159
137 138
137 139
137 140
137 141
137 142
137 143
137 145
137 146
137 147
137 148
137 150
137 151
137 152
137 154
137 155
137 158
137 160
137 161
138 139
138 140
138 141
138 142
138 145
138 146
138 149
138 150
138 152
138 153
138 154
138 155
138 156
138 157
138 158
138 159
138 160
139 140
139 141
139 143
139 144
139 146
139 147
139 151
139 152
139 153
139 154
139 156
139 157
139 158
140 141
140 142
140 147
140 150
140 151
140 153
140 154
140 157
140 159
140 160
141 143
141 144
141 145
141 146
141 147
141 148
141 150
141 151
141 154
141 155
141 156
141 157
141 158
141 160
142 144
142 145
142 146
142 147
142 148
142 149
142 150
142 151
142 152
142 153
142 154
142 155
142 156
142 157
142 160
142 161
143 146
143 151
143 152
143 153
143 154
143 158
143 159
143 161
144 147
144 152
144 158
144 161
145 147
145 149
145 150
145 151
145 153
145 154
145 155
145 157
145 160
146 147
146 149
146 150
146 152
146 153
146 154
146 158
146 160
147 148
147 149
147 150
147 151
147 152
147 153
147 157
147 158
147 159
147 161
148 151
148 154
148 157
148 159
148 160
149 150
149 152
149 153
149 154
149 156
149 159
149 160
149 161
150 151
150 152
150 154
150 155
150 156
150 157
150 159
150 161
151 152
151 154
151 155
151 157
151 158
151 159
151 160
151 161
152 153
152 154
152 156
152 157
152 158
152 159
152 160
152 161
153 157
153 158
153 160
153 161
154 155
154 160
154 161
155 156
155 157
155 158
155 159
157 159
158 159
158 160
158 161
