0 3
0 4
0 6
0 7
0 8
0 11
0 19
0 21
0 24
0 25
0 28
0 31
0 37
0 43
0 44
0 45
0 48
0 51
0 53
0 54
0 56
0 57
0 61
0 63
0 64
0 67
0 68
0 70
0 71
0 72
0 73
0 74
0 75
0 76
0 80
0 83
0 84
0 86
0 88
0 89
0 94
0 96
0 97
0 104
0 106
0 108
0 109
0 113
0 114
0 115
0 117
0 118
0 125
0 126
0 135
0 136
0 137
0 138
0 140
0 142
0 145
0 147
0 150
0 152
0 153
0 154
0 158
0 160
1 4
1 5
1 6
1 7
1 9
1 11
1 13
1 14
1 15
1 19
1 23
1 24
1 25
1 26
1 28
1 30
1 36
1 37
1 39
1 41
1 42
1 44
1 45
1 46
1 50
1 56
1 59
1 60
1 61
1 63
1 64
1 65
1 67
1 68
1 69
1 72
1 73
1 74
1 75
1 77
1 80
1 85
1 86
1 91
1 93
1 94
1 100
1 101
1 103
1 105
1 106
1 107
1 108
1 109
1 110
1 112
1 114
1 115
1 117
1 122
1 124
1 125
1 126
1 129
1 130
1 135
1 137
1 139
1 147
1 148
1 149
1 151
1 152
1 153
1 154
1 157
1 160
2 5
2 6
2 7
2 11
2 14
2 15
2 17
2 18
2 20
2 26
2 30
2 31
2 32
2 33
2 35
2 38
2 39
2 41
2 46
2 48
2 51
2 56
2 59
2 62
2 67
2 68
2 71
2 72
2 73
2 74
2 75
2 76
2 77
2 81
2 87
2 91
2 94
2 100
2 101
2 105
2 108
2 109
2 112
2 113
2 115
2 116
2 117
2 125
2 127
2 129
2 131
2 133
2 137
2 138
2 139
2 145
2 149
2 150
2 151
2 154
2 157
2 158
2 159
3 6
3 7
3 10
3 17
3 18
3 19
3 23
3 26
3 30
3 31
3 32
3 36
3 37
3 38
3 44
3 45
3 51
3 53
3 54
3 56
3 61
3 63
3 64
3 65
3 66
3 68
3 70
3 72
3 74
3 75
3 76
3 79
3 80
3 84
3 85
3 87
3 89
3 97
3 100
3 101
3 106
3 108
3 109
3 113
3 115
3 116
3 118
3 130
3 134
3 138
3 140
3 141
3 145
3 146
3 148
3 150
3 153
3 156
3 160
3 161
4 6
4 7
4 8
4 10
4 11
4 13
4 14
4 19
4 20
4 26
4 27
4 30
4 32
4 33
4 34
4 35
4 36
4 37
4 38
4 39
4 40
4 41
4 42
4 44
4 45
4 46
4 49
4 50
4 51
4 52
4 53
4 54
4 56
4 57
4 59
4 60
4 61
4 63
4 64
4 66
4 67
4 68
4 70
4 71
4 72
4 73
4 74
4 75
4 77
4 79
4 81
4 82
4 83
4 85
4 86
4 87
4 88
4 90
4 91
4 93
4 94
4 96
4 97
4 98
4 99
4 102
4 105
4 106
4 108
4 109
4 110
4 111
4 112
4 113
4 115
4 118
4 125
4 127
4 128
4 129
4 130
4 131
4 132
4 133
4 134
4 135
4 137
4 138
4 139
4 140
4 141
4 142
4 143
4 145
4 146
4 147
4 149
4 151
4 152
4 153
4 154
4 155
4 157
4 158
4 160
4 161
5 6
5 7
5 9
5 10
5 13
5 19
5 20
5 21
5 22
5 23
5 24
5 25
5 30
5 31
5 33
5 34
5 36
5 37
5 39
5 40
5 45
5 47
5 49
5 51
5 64
5 66
5 68
5 70
5 72
5 79
5 80
5 83
5 84
5 92
5 93
5 97
5 99
5 101
5 102
5 107
5 108
5 109
5 110
5 114
5 117
5 125
5 129
5 130
5 133
5 135
5 138
5 139
5 140
5 142
5 143
5 145
5 149
5 151
5 154
5 155
5 158
6 7
6 8
6 10
6 11
6 12
6 14
6 15
6 18
6 19
6 20
6 21
6 22
6 23
6 25
6 27
6 28
6 30
6 31
6 32
6 35
6 37
6 38
6 39
6 40
6 42
6 44
6 45
6 49
6 50
6 51
6 52
6 53
6 54
6 55
6 57
6 58
6 61
6 63
6 64
6 65
6 66
6 67
6 70
6 71
6 72
6 73
6 74
6 75
6 77
6 78
6 79
6 80
6 83
6 84
6 86
6 87
6 88
6 89
6 91
6 92
6 93
6 94
6 95
6 96
6 98
6 99
6 100
6 101
6 102
6 104
6 105
6 106
6 111
6 112
6 113
6 114
6 115
6 116
6 117
6 118
6 123
6 125
6 126
6 127
6 128
6 129
6 130
6 131
6 133
6 134
6 135
6 136
6 137
6 138
6 139
6 140
6 142
6 145
6 146
6 147
6 148
6 149
6 150
6 151
6 152
6 153
6 154
6 155
6 157
6 158
6 161
7 8
7 9
7 10
7 11
7 12
7 13
7 14
7 15
7 16
7 18
7 19
7 20
7 23
7 25
7 28
7 29
7 30
7 31
7 32
7 33
7 34
7 35
7 36
7 37
7 38
7 40
7 41
7 42
7 44
7 45
7 46
7 47
7 49
7 50
7 51
7 52
7 53
7 54
7 55
7 56
7 57
7 58
7 59
7 61
7 62
7 63
7 64
7 65
7 66
7 67
7 68
7 70
7 71
7 73
7 74
7 75
7 77
7 78
7 79
7 80
7 82
7 84
7 86
7 87
7 88
7 89
7 90
7 91
7 92
7 93
7 96
7 99
7 100
7 101
7 105
7 106
7 107
7 108
7 109
7 111
7 113
7 115
7 116
7 117
7 118
7 120
7 122
7 124
7 125
7 126
7 127
7 128
7 129
7 131
7 133
7 134
7 135
7 137
7 138
7 139
7 142
7 143
7 144
7 146
7 147
7 148
7 149
7 150
7 151
7 152
7 153
7 154
7 155
7 156
7 157
7 158
7 160
8 9
8 10
8 19
8 25
8 26
8 31
8 36
8 42
8 46
8 49
8 53
8 54
8 56
8 58
8 67
8 68
8 69
8 70
8 71
8 72
8 74
8 89
8 94
8 95
8 101
8 102
8 103
8 105
8 106
8 114
8 115
8 118
8 123
8 125
8 128
8 129
8 131
8 133
8 134
8 137
8 138
8 139
8 143
8 147
8 154
8 158
9 10
9 11
9 12
9 14
9 16
9 18
9 19
9 21
9 23
9 26
9 30
9 31
9 32
9 35
9 37
9 38
9 39
9 41
9 42
9 44
9 45
9 46
9 49
9 51
9 52
9 53
9 56
9 57
9 59
9 64
9 65
9 66
9 68
9 69
9 72
9 76
9 77
9 80
9 84
9 86
9 88
9 89
9 90
9 91
9 92
9 93
9 97
9 102
9 103
9 104
9 105
9 106
9 108
9 109
9 111
9 112
9 113
9 114
9 115
9 116
9 117
9 118
9 125
9 126
9 129
9 131
9 134
9 137
9 138
9 139
9 140
9 146
9 147
9 150
9 151
9 152
9 154
9 157
9 158
9 161
10 11
10 14
10 16
10 19
10 21
10 22
10 24
10 25
10 26
10 27
10 28
10 30
10 31
10 35
10 37
10 40
10 44
10 45
10 46
10 54
10 56
10 61
10 63
10 64
10 65
10 66
10 67
10 68
10 69
10 70
10 71
10 72
10 78
10 80
10 81
10 82
10 83
10 86
10 87
10 89
10 93
10 96
10 97
10 98
10 99
10 101
10 102
10 103
10 107
10 108
10 109
10 111
10 112
10 113
10 114
10 115
10 116
10 117
10 118
10 128
10 129
10 130
10 131
10 133
10 134
10 135
10 137
10 138
10 141
10 142
10 143
10 145
10 146
10 147
10 148
10 149
10 150
10 151
10 153
10 154
10 155
10 156
10 158
10 160
10 161
11 12
11 13
11 14
11 16
11 17
11 18
11 19
11 21
11 23
11 24
11 26
11 27
11 31
11 33
11 35
11 38
11 39
11 40
11 42
11 44
11 45
11 46
11 48
11 49
11 50
11 53
11 54
11 55
11 56
11 57
11 61
11 64
11 66
11 67
11 68
11 69
11 70
11 71
11 72
11 73
11 74
11 75
11 76
11 77
11 79
11 83
11 84
11 85
11 86
11 87
11 88
11 89
11 92
11 94
11 97
11 98
11 99
11 100
11 101
11 102
11 105
11 106
11 107
11 108
11 109
11 111
11 112
11 113
11 114
11 115
11 116
11 117
11 118
11 120
11 121
11 123
11 125
11 126
11 127
11 128
11 129
11 131
11 132
11 133
11 134
11 135
11 136
11 137
11 138
11 140
11 141
11 142
11 143
11 145
11 146
11 147
11 148
11 150
11 151
11 152
11 153
11 154
11 157
11 160
12 14
12 19
12 20
12 21
12 24
12 26
12 30
12 32
12 36
12 40
12 46
12 50
12 51
12 54
12 56
12 58
12 59
12 62
12 64
12 65
12 66
12 67
12 69
12 71
12 72
12 73
12 74
12 75
12 79
12 80
12 81
12 84
12 86
12 89
12 91
12 92
12 97
12 101
12 102
12 103
12 105
12 106
12 107
12 108
12 109
12 110
12 112
12 114
12 115
12 117
12 118
12 125
12 126
12 127
12 129
12 131
12 137
12 141
12 146
12 148
12 151
12 152
12 158
13 14
13 18
13 19
13 24
13 30
13 31
13 32
13 34
13 36
13 38
13 40
13 42
13 43
13 44
13 45
13 47
13 50
13 51
13 52
13 54
13 56
13 57
13 58
13 64
13 65
13 66
13 68
13 69
13 70
13 72
13 73
13 75
13 79
13 86
13 87
13 91
13 92
13 93
13 94
13 97
13 101
13 102
13 105
13 108
13 121
13 124
13 125
13 126
13 128
13 129
13 130
13 133
13 134
13 137
13 138
13 142
13 146
13 149
13 150
13 153
13 157
13 159
13 161
14 15
14 16
14 17
14 19
14 21
14 24
14 25
14 26
14 27
14 28
14 29
14 30
14 31
14 32
14 33
14 34
14 35
14 36
14 37
14 38
14 39
14 40
14 42
14 43
14 44
14 45
14 46
14 47
14 48
14 50
14 51
14 52
14 54
14 55
14 56
14 58
14 59
14 61
14 65
14 66
14 67
14 68
14 69
14 70
14 71
14 72
14 73
14 74
14 79
14 80
14 82
14 83
14 85
14 86
14 87
14 88
14 89
14 90
14 91
14 92
14 93
14 94
14 95
14 96
14 97
14 99
14 100
14 101
14 102
14 104
14 105
14 106
14 107
14 108
14 110
14 112
14 113
14 114
14 115
14 116
14 117
14 118
14 120
14 123
14 125
14 126
14 129
14 130
14 131
14 132
14 133
14 134
14 135
14 137
14 138
14 139
14 141
14 142
14 143
14 145
14 146
14 147
14 149
14 150
14 151
14 152
14 153
14 154
14 157
14 158
14 159
14 160
14 161
15 18
15 20
15 27
15 30
15 31
15 37
15 38
15 39
15 40
15 41
15 42
15 43
15 44
15 46
15 48
15 49
15 54
15 55
15 56
15 58
15 66
15 67
15 68
15 70
15 72
15 73
15 74
15 77
15 79
15 80
15 84
15 86
15 89
15 90
15 91
15 94
15 98
15 101
15 105
15 106
15 108
15 112
15 113
15 114
15 115
15 116
15 117
15 123
15 125
15 127
15 129
15 130
15 131
15 132
15 133
15 135
15 137
15 138
15 139
15 149
15 151
15 152
15 154
15 155
15 158
15 160
15 161
16 17
16 19
16 21
16 25
16 26
16 37
16 39
16 48
16 49
16 51
16 55
16 56
16 62
16 64
16 65
16 66
16 68
16 69
16 70
16 72
16 79
16 85
16 89
16 94
16 99
16 101
16 109
16 114
16 115
16 116
16 117
16 118
16 126
16 129
16 131
16 133
16 134
16 136
16 138
16 139
16 141
16 143
16 149
16 151
16 153
16 154
16 158
16 159
17 24
17 25
17 38
17 39
17 44
17 54
17 56
17 58
17 59
17 67
17 68
17 69
17 72
17 84
17 89
17 95
17 97
17 99
17 112
17 128
17 138
17 139
17 141
17 150
17 152
17 153
17 157
18 19
18 20
18 22
18 26
18 31
18 32
18 35
18 38
18 40
18 43
18 44
18 49
18 52
18 54
18 56
18 57
18 60
18 64
18 66
18 67
18 68
18 69
18 71
18 73
18 75
18 77
18 80
18 81
18 82
18 83
18 84
18 85
18 88
18 91
18 94
18 98
18 99
18 101
18 102
18 104
18 106
18 113
18 114
18 115
18 117
18 118
18 128
18 129
18 131
18 133
18 134
18 135
18 137
18 139
18 142
18 146
18 147
18 150
18 151
18 152
18 154
18 158
18 160
19 21
19 23
19 24
19 25
19 26
19 29
19 30
19 31
19 32
19 35
19 36
19 37
19 38
19 40
19 41
19 42
19 44
19 45
19 46
19 48
19 49
19 50
19 51
19 52
19 54
19 55
19 56
19 58
19 59
19 61
19 62
19 63
19 64
19 65
19 66
19 67
19 68
19 69
19 70
19 71
19 72
19 73
19 74
19 75
19 76
19 79
19 80
19 81
19 82
19 83
19 84
19 85
19 86
19 88
19 89
19 90
19 91
19 92
19 93
19 94
19 96
19 98
19 100
19 101
19 102
19 103
19 105
19 106
19 107
19 108
19 109
19 110
19 111
19 112
19 113
19 114
19 115
19 117
19 118
19 119
19 121
19 124
19 125
19 126
19 127
19 129
19 130
19 131
19 132
19 133
19 134
19 137
19 138
19 139
19 140
19 141
19 142
19 143
19 144
19 147
19 149
19 150
19 151
19 152
19 153
19 154
19 155
19 156
19 157
19 158
20 23
20 26
20 30
20 32
20 38
20 42
20 45
20 49
20 66
20 69
20 70
20 71
20 72
20 73
20 76
20 79
20 88
20 92
20 94
20 97
20 102
20 108
20 109
20 112
20 113
20 115
20 116
20 117
20 119
20 124
20 130
20 133
20 134
20 137
20 141
20 142
20 143
20 150
20 151
20 154
20 157
21 22
21 25
21 26
21 27
21 30
21 31
21 32
21 33
21 34
21 35
21 36
21 37
21 38
21 39
21 41
21 42
21 45
21 46
21 47
21 49
21 50
21 51
21 52
21 54
21 55
21 56
21 57
21 58
21 59
21 61
21 63
21 64
21 65
21 66
21 67
21 68
21 69
21 70
21 71
21 72
21 74
21 75
21 76
21 77
21 79
21 80
21 84
21 85
21 87
21 88
21 89
21 92
21 93
21 94
21 95
21 98
21 99
21 100
21 101
21 102
21 103
21 105
21 106
21 107
21 108
21 111
21 113
21 114
21 115
21 117
21 118
21 124
21 125
21 126
21 127
21 129
21 130
21 131
21 133
21 134
21 135
21 137
21 138
21 139
21 140
21 141
21 142
21 145
21 146
21 147
21 149
21 153
21 154
21 155
21 157
21 158
21 160
21 161
22 24
22 26
22 30
22 34
22 35
22 36
22 37
22 38
22 42
22 43
22 50
22 51
22 52
22 54
22 55
22 56
22 66
22 67
22 68
22 70
22 75
22 76
22 79
22 80
22 82
22 87
22 89
22 92
22 94
22 105
22 106
22 107
22 108
22 111
22 113
22 117
22 125
22 133
22 137
22 138
22 141
22 144
22 147
22 149
22 150
22 152
22 158
22 161
23 26
23 28
23 32
23 35
23 40
23 43
23 44
23 49
23 50
23 51
23 54
23 56
23 65
23 70
23 72
23 74
23 77
23 79
23 84
23 89
23 91
23 92
23 97
23 101
23 102
23 106
23 107
23 111
23 112
23 113
23 114
23 115
23 117
23 118
23 119
23 127
23 129
23 130
23 131
23 141
23 142
23 150
23 154
23 157
23 160
24 26
24 32
24 34
24 35
24 36
24 38
24 39
24 40
24 41
24 42
24 44
24 49
24 50
24 51
24 54
24 55
24 56
24 58
24 59
24 62
24 63
24 64
24 65
24 66
24 67
24 69
24 71
24 72
24 74
24 75
24 76
24 77
24 78
24 79
24 80
24 83
24 84
24 86
24 89
24 90
24 92
24 93
24 98
24 101
24 105
24 106
24 107
24 108
24 109
24 110
24 113
24 114
24 115
24 118
24 120
24 122
24 124
24 125
24 129
24 130
24 131
24 134
24 135
24 137
24 138
24 139
24 142
24 146
24 147
24 149
24 151
24 154
24 158
24 159
24 161
25 26
25 30
25 31
25 32
25 35
25 37
25 38
25 39
25 40
25 42
25 43
25 45
25 46
25 48
25 49
25 53
25 54
25 55
25 56
25 57
25 59
25 61
25 63
25 64
25 65
25 66
25 67
25 70
25 72
25 73
25 74
25 76
25 77
25 79
25 80
25 81
25 82
25 84
25 86
25 87
25 88
25 89
25 90
25 91
25 92
25 93
25 94
25 97
25 100
25 101
25 102
25 103
25 105
25 106
25 107
25 109
25 111
25 114
25 115
25 119
25 124
25 126
25 128
25 129
25 130
25 131
25 137
25 138
25 139
25 143
25 145
25 146
25 147
25 150
25 151
25 152
25 157
25 158
25 160
25 161
26 28
26 30
26 31
26 32
26 34
26 35
26 36
26 37
26 38
26 39
26 40
26 41
26 42
26 43
26 44
26 45
26 46
26 48
26 49
26 50
26 51
26 52
26 54
26 56
26 57
26 58
26 59
26 60
26 61
26 62
26 63
26 64
26 65
26 66
26 67
26 68
26 69
26 70
26 71
26 72
26 73
26 74
26 75
26 76
26 77
26 78
26 79
26 80
26 81
26 82
26 84
26 86
26 87
26 88
26 89
26 90
26 92
26 93
26 94
26 95
26 97
26 98
26 99
26 100
26 101
26 102
26 103
26 104
26 105
26 106
26 107
26 108
26 109
26 110
26 111
26 112
26 114
26 115
26 116
26 117
26 118
26 122
26 123
26 124
26 125
26 126
26 127
26 128
26 129
26 130
26 131
26 132
26 133
26 134
26 135
26 137
26 138
26 139
26 140
26 141
26 142
26 144
26 146
26 147
26 149
26 150
26 151
26 153
26 154
26 155
26 156
26 157
26 158
26 161
27 30
27 31
27 44
27 52
27 66
27 67
27 70
27 74
27 75
27 84
27 94
27 101
27 102
27 104
27 105
27 108
27 112
27 117
27 118
27 125
27 126
27 133
27 137
27 138
27 142
27 148
27 152
28 31
28 32
28 34
28 35
28 38
28 40
28 44
28 45
28 54
28 59
28 64
28 66
28 67
28 70
28 72
28 74
28 75
28 77
28 78
28 79
28 88
28 94
28 97
28 100
28 101
28 104
28 105
28 106
28 108
28 113
28 114
28 115
28 116
28 117
28 118
28 125
28 127
28 128
28 130
28 133
28 136
28 137
28 138
28 139
28 141
28 143
28 146
28 147
28 153
28 154
28 158
28 160
28 161
29 30
29 39
29 40
29 49
29 63
29 64
29 65
29 70
29 72
29 74
29 78
29 79
29 85
29 94
29 101
29 103
29 106
29 108
29 109
29 111
29 113
29 115
29 117
29 118
29 123
29 125
29 129
29 131
29 133
29 143
29 145
29 154
29 155
30 31
30 32
30 34
30 35
30 36
30 37
30 38
30 39
30 40
30 42
30 45
30 46
30 48
30 49
30 52
30 54
30 56
30 57
30 58
30 59
30 62
30 63
30 64
30 65
30 67
30 68
30 69
30 70
30 71
30 72
30 73
30 74
30 75
30 76
30 79
30 80
30 81
30 83
30 86
30 87
30 89
30 90
30 92
30 94
30 95
30 99
30 101
30 102
30 103
30 104
30 105
30 106
30 107
30 108
30 109
30 110
30 111
30 112
30 113
30 114
30 115
30 116
30 117
30 118
30 124
30 125
30 126
30 127
30 128
30 130
30 133
30 134
30 135
30 136
30 138
30 139
30 140
30 142
30 143
30 145
30 146
30 147
30 148
30 150
30 151
30 152
30 153
30 154
30 155
30 158
30 159
30 160
31 32
31 33
31 35
31 36
31 38
31 39
31 40
31 42
31 43
31 44
31 45
31 46
31 47
31 48
31 49
31 50
31 51
31 53
31 54
31 55
31 57
31 58
31 59
31 63
31 64
31 66
31 67
31 68
31 69
31 70
31 72
31 73
31 74
31 75
31 76
31 77
31 79
31 80
31 81
31 82
31 84
31 85
31 90
31 91
31 92
31 94
31 95
31 96
31 97
31 98
31 99
31 100
31 101
31 102
31 103
31 104
31 105
31 106
31 108
31 109
31 110
31 111
31 112
31 113
31 114
31 116
31 117
31 118
31 123
31 125
31 126
31 127
31 128
31 129
31 130
31 131
31 132
31 133
31 135
31 136
31 137
31 138
31 141
31 142
31 146
31 150
31 151
31 152
31 153
31 154
31 155
31 156
31 157
31 158
31 159
31 160
31 161
32 33
32 36
32 38
32 39
32 40
32 42
32 43
32 44
32 45
32 48
32 49
32 50
32 52
32 54
32 55
32 57
32 61
32 65
32 66
32 67
32 68
32 69
32 71
32 72
32 73
32 74
32 75
32 76
32 77
32 79
32 80
32 81
32 82
32 84
32 86
32 87
32 88
32 89
32 93
32 94
32 96
32 97
32 98
32 101
32 102
32 103
32 105
32 106
32 108
32 110
32 111
32 112
32 113
32 115
32 116
32 117
32 118
32 124
32 125
32 126
32 127
32 128
32 129
32 130
32 131
32 133
32 134
32 135
32 136
32 137
32 138
32 139
32 142
32 145
32 146
32 147
32 149
32 150
32 151
32 152
32 153
32 154
32 155
32 156
32 157
32 158
32 160
32 161
33 34
33 38
33 44
33 45
33 49
33 50
33 59
33 64
33 67
33 68
33 69
33 71
33 72
33 74
33 79
33 80
33 84
33 89
33 96
33 97
33 100
33 101
33 102
33 104
33 114
33 115
33 117
33 118
33 120
33 122
33 129
33 133
33 134
33 135
33 138
33 143
33 147
33 149
33 150
33 154
33 156
33 157
33 158
34 35
34 38
34 40
34 44
34 45
34 50
34 52
34 55
34 59
34 61
34 63
34 66
34 67
34 68
34 69
34 70
34 71
34 72
34 73
34 74
34 75
34 77
34 79
34 83
34 84
34 88
34 89
34 94
34 95
34 97
34 101
34 102
34 105
34 106
34 107
34 108
34 109
34 111
34 113
34 114
34 115
34 117
34 118
34 123
34 126
34 127
34 128
34 129
34 131
34 133
34 135
34 136
34 137
34 142
34 145
34 146
34 147
34 148
34 149
34 150
34 151
34 152
34 154
34 158
34 161
35 37
35 38
35 40
35 43
35 44
35 45
35 46
35 48
35 49
35 51
35 52
35 53
35 54
35 55
35 56
35 57
35 58
35 61
35 64
35 65
35 66
35 67
35 68
35 69
35 71
35 73
35 74
35 79
35 82
35 87
35 88
35 89
35 90
35 93
35 96
35 97
35 99
35 100
35 101
35 102
35 104
35 105
35 106
35 108
35 111
35 112
35 114
35 115
35 116
35 117
35 118
35 123
35 125
35 129
35 130
35 131
35 133
35 135
35 137
35 138
35 139
35 140
35 142
35 143
35 145
35 146
35 147
35 148
35 149
35 152
35 154
35 155
35 160
35 161
36 37
36 38
36 41
36 42
36 43
36 44
36 46
36 47
36 49
36 51
36 52
36 54
36 55
36 56
36 57
36 59
36 64
36 66
36 67
36 68
36 69
36 70
36 71
36 72
36 73
36 76
36 77
36 79
36 80
36 81
36 84
36 86
36 89
36 92
36 93
36 94
36 96
36 97
36 99
36 100
36 101
36 104
36 105
36 106
36 108
36 109
36 111
36 114
36 115
36 116
36 117
36 125
36 126
36 128
36 129
36 130
36 131
36 137
36 138
36 141
36 142
36 146
36 147
36 148
36 149
36 154
36 156
36 157
36 158
36 159
36 160
36 161
37 39
37 40
37 42
37 45
37 49
37 51
37 54
37 55
37 56
37 61
37 63
37 64
37 65
37 66
37 67
37 68
37 69
37 70
37 71
37 73
37 77
37 79
37 81
37 82
37 84
37 85
37 88
37 89
37 93
37 94
37 97
37 101
37 102
37 103
37 104
37 105
37 109
37 114
37 115
37 116
37 117
37 120
37 125
37 126
37 129
37 130
37 131
37 133
37 134
37 135
37 137
37 138
37 141
37 142
37 146
37 149
37 150
37 152
37 153
37 154
37 158
37 160
37 161
38 39
38 40
38 41
38 42
38 43
38 44
38 45
38 47
38 50
38 52
38 56
38 58
38 59
38 62
38 65
38 66
38 67
38 70
38 73
38 74
38 75
38 77
38 79
38 82
38 83
38 84
38 85
38 86
38 87
38 88
38 89
38 91
38 92
38 93
38 94
38 95
38 97
38 99
38 100
38 101
38 105
38 106
38 108
38 111
38 112
38 113
38 114
38 115
38 117
38 118
38 120
38 122
38 124
38 125
38 128
38 129
38 131
38 133
38 134
38 135
38 136
38 137
38 138
38 139
38 140
38 142
38 143
38 144
38 146
38 147
38 150
38 151
38 152
38 153
38 154
38 155
38 158
38 159
38 161
39 41
39 43
39 45
39 49
39 51
39 52
39 54
39 58
39 64
39 66
39 67
39 69
39 70
39 71
39 72
39 74
39 75
39 77
39 78
39 79
39 82
39 86
39 88
39 93
39 94
39 95
39 97
39 98
39 101
39 106
39 110
39 111
39 112
39 114
39 115
39 117
39 124
39 125
39 126
39 133
39 134
39 135
39 136
39 137
39 138
39 141
39 142
39 143
39 145
39 147
39 148
39 149
39 151
39 157
39 159
39 161
40 43
40 44
40 45
40 46
40 47
40 48
40 49
40 50
40 51
40 52
40 53
40 54
40 55
40 56
40 57
40 58
40 59
40 62
40 63
40 64
40 65
40 66
40 67
40 68
40 69
40 70
40 71
40 72
40 73
40 74
40 75
40 79
40 83
40 84
40 86
40 87
40 88
40 89
40 91
40 92
40 93
40 94
40 95
40 97
40 98
40 99
40 100
40 101
40 102
40 104
40 105
40 106
40 108
40 109
40 110
40 111
40 112
40 113
40 114
40 115
40 116
40 117
40 118
40 120
40 122
40 125
40 127
40 128
40 129
40 130
40 131
40 133
40 134
40 135
40 137
40 138
40 139
40 140
40 141
40 142
40 143
40 144
40 145
40 146
40 147
40 148
40 149
40 150
40 151
40 152
40 153
40 154
40 155
40 157
40 158
40 159
40 160
40 161
41 44
41 51
41 54
41 59
41 65
41 67
41 68
41 69
41 70
41 71
41 72
41 73
41 77
41 83
41 91
41 92
41 93
41 96
41 97
41 98
41 101
41 104
41 107
41 108
41 109
41 114
41 118
41 126
41 131
41 137
41 141
41 151
41 154
41 158
41 161
42 43
42 44
42 45
42 49
42 50
42 51
42 52
42 54
42 58
42 59
42 65
42 68
42 69
42 70
42 71
42 72
42 74
42 76
42 80
42 83
42 84
42 85
42 87
42 88
42 89
42 90
42 97
42 101
42 102
42 106
42 107
42 109
42 112
42 117
42 118
42 122
42 127
42 131
42 132
42 134
42 136
42 137
42 138
42 139
42 147
42 149
42 153
42 154
42 157
42 159
42 160
42 161
43 44
43 45
43 49
43 51
43 53
43 55
43 58
43 63
43 67
43 68
43 69
43 70
43 71
43 74
43 75
43 79
43 82
43 83
43 84
43 86
43 89
43 92
43 93
43 94
43 97
43 99
43 102
43 103
43 105
43 106
43 108
43 109
43 111
43 118
43 125
43 126
43 127
43 128
43 132
43 133
43 135
43 137
43 138
43 141
43 142
43 143
43 147
43 149
43 150
43 151
43 153
43 154
43 157
43 158
44 45
44 46
44 47
44 49
44 50
44 51
44 54
44 56
44 57
44 58
44 59
44 61
44 63
44 66
44 67
44 68
44 70
44 71
44 73
44 74
44 75
44 76
44 77
44 78
44 79
44 82
44 84
44 86
44 87
44 88
44 89
44 90
44 91
44 92
44 94
44 96
44 97
44 98
44 99
44 101
44 102
44 103
44 104
44 105
44 106
44 107
44 108
44 109
44 110
44 112
44 113
44 114
44 115
44 117
44 118
44 120
44 127
44 128
44 129
44 130
44 131
44 132
44 134
44 135
44 137
44 138
44 140
44 141
44 142
44 144
44 145
44 146
44 147
44 150
44 152
44 154
44 155
44 157
44 158
44 159
44 161
45 46
45 47
45 48
45 49
45 50
45 51
45 52
45 53
45 54
45 56
45 57
45 61
45 62
45 63
45 64
45 65
45 66
45 67
45 68
45 69
45 70
45 71
45 72
45 73
45 74
45 75
45 79
45 80
45 81
45 82
45 83
45 84
45 85
45 86
45 87
45 88
45 89
45 91
45 92
45 94
45 96
45 97
45 100
45 101
45 102
45 103
45 104
45 105
45 107
45 108
45 109
45 111
45 114
45 115
45 116
45 117
45 122
45 123
45 124
45 125
45 126
45 127
45 128
45 129
45 130
45 131
45 133
45 134
45 136
45 137
45 138
45 139
45 142
45 143
45 144
45 146
45 147
45 148
45 149
45 150
45 151
45 152
45 153
45 154
45 157
45 158
45 161
46 48
46 49
46 50
46 54
46 56
46 58
46 59
46 64
46 65
46 67
46 70
46 71
46 74
46 75
46 79
46 80
46 81
46 84
46 87
46 89
46 90
46 92
46 93
46 94
46 96
46 97
46 99
46 100
46 102
46 103
46 105
46 106
46 108
46 111
46 113
46 114
46 115
46 116
46 117
46 118
46 124
46 125
46 128
46 129
46 131
46 132
46 133
46 136
46 137
46 138
46 139
46 143
46 146
46 148
46 151
46 152
46 153
46 154
46 155
46 157
46 158
46 159
46 161
47 51
47 53
47 56
47 65
47 66
47 67
47 69
47 70
47 73
47 86
47 91
47 92
47 93
47 99
47 102
47 105
47 108
47 114
47 131
47 134
47 137
47 150
47 151
47 152
47 153
47 154
47 161
48 49
48 54
48 66
48 77
48 79
48 82
48 90
48 101
48 105
48 108
48 113
48 115
48 116
48 118
48 120
48 122
48 127
48 128
48 129
48 134
48 135
48 137
48 138
48 140
48 150
48 152
48 158
48 159
48 160
49 50
49 51
49 52
49 53
49 54
49 55
49 56
49 58
49 61
49 63
49 64
49 65
49 66
49 67
49 68
49 69
49 71
49 72
49 73
49 74
49 75
49 77
49 79
49 82
49 84
49 85
49 86
49 88
49 89
49 91
49 93
49 94
49 97
49 98
49 101
49 103
49 105
49 106
49 107
49 108
49 109
49 110
49 111
49 112
49 114
49 115
49 116
49 117
49 118
49 121
49 122
49 123
49 124
49 125
49 126
49 132
49 133
49 134
49 135
49 137
49 138
49 139
49 140
49 143
49 144
49 145
49 146
49 147
49 150
49 151
49 152
49 153
49 157
49 158
49 160
49 161
50 52
50 54
50 55
50 57
50 58
50 59
50 61
50 62
50 65
50 66
50 67
50 68
50 69
50 70
50 71
50 73
50 74
50 76
50 77
50 79
50 81
50 82
50 84
50 87
50 89
50 93
50 94
50 99
50 100
50 101
50 105
50 106
50 108
50 109
50 115
50 116
50 117
50 118
50 119
50 125
50 126
50 130
50 131
50 133
50 134
50 135
50 139
50 141
50 142
50 144
50 145
50 146
50 147
50 149
50 151
50 153
50 154
50 158
50 159
50 160
50 161
51 52
51 54
51 55
51 56
51 57
51 58
51 59
51 60
51 64
51 65
51 66
51 67
51 68
51 69
51 70
51 71
51 72
51 74
51 75
51 76
51 77
51 79
51 80
51 82
51 84
51 85
51 86
51 89
51 90
51 92
51 93
51 94
51 95
51 97
51 98
51 100
51 101
51 102
51 103
51 104
51 105
51 108
51 109
51 110
51 111
51 112
51 113
51 114
51 115
51 116
51 117
51 118
51 120
51 122
51 123
51 124
51 125
51 126
51 127
51 128
51 129
51 130
51 131
51 133
51 135
51 136
51 137
51 138
51 140
51 141
51 142
51 143
51 144
51 146
51 147
51 150
51 151
51 152
51 153
51 155
51 156
51 157
51 158
51 159
51 160
51 161
52 55
52 56
52 58
52 61
52 63
52 64
52 65
52 67
52 69
52 70
52 72
52 73
52 74
52 79
52 85
52 87
52 89
52 93
52 94
52 95
52 97
52 99
52 100
52 101
52 102
52 106
52 107
52 108
52 109
52 111
52 112
52 113
52 115
52 122
52 123
52 125
52 127
52 131
52 132
52 133
52 135
52 136
52 137
52 138
52 139
52 140
52 141
52 142
52 143
52 147
52 151
52 154
52 157
52 158
52 161
53 56
53 58
53 63
53 65
53 69
53 70
53 71
53 72
53 74
53 75
53 79
53 82
53 84
53 88
53 94
53 97
53 99
53 102
53 103
53 105
53 106
53 108
53 114
53 117
53 125
53 126
53 129
53 132
53 133
53 143
53 147
53 152
53 153
53 157
53 158
53 161
54 55
54 58
54 59
54 61
54 62
54 63
54 64
54 65
54 66
54 67
54 68
54 69
54 70
54 71
54 73
54 74
54 76
54 77
54 79
54 80
54 81
54 82
54 83
54 84
54 86
54 87
54 88
54 89
54 90
54 91
54 92
54 94
54 95
54 98
54 100
54 101
54 102
54 103
54 104
54 105
54 106
54 107
54 108
54 109
54 110
54 111
54 112
54 113
54 115
54 116
54 118
54 119
54 120
54 122
54 124
54 125
54 127
54 128
54 129
54 130
54 131
54 133
54 134
54 135
54 136
54 137
54 138
54 139
54 142
54 143
54 146
54 147
54 148
54 149
54 150
54 151
54 152
54 154
54 155
54 156
54 157
54 158
54 159
54 160
54 161
55 56
55 57
55 58
55 63
55 64
55 65
55 66
55 67
55 68
55 69
55 70
55 71
55 72
55 73
55 74
55 79
55 80
55 81
55 83
55 86
55 87
55 89
55 92
55 93
55 94
55 97
55 98
55 99
55 101
55 102
55 104
55 105
55 106
55 107
55 108
55 111
55 113
55 114
55 115
55 116
55 117
55 118
55 120
55 124
55 125
55 128
55 130
55 131
55 133
55 134
55 137
55 139
55 140
55 142
55 145
55 146
55 147
55 148
55 150
55 152
55 154
55 155
55 157
55 158
55 160
55 161
56 57
56 58
56 59
56 62
56 63
56 64
56 65
56 67
56 68
56 69
56 70
56 71
56 73
56 76
56 77
56 79
56 80
56 82
56 83
56 84
56 85
56 86
56 87
56 88
56 89
56 91
56 92
56 93
56 94
56 95
56 97
56 98
56 99
56 100
56 101
56 102
56 104
56 105
56 106
56 109
56 111
56 112
56 113
56 114
56 115
56 116
56 117
56 118
56 120
56 121
56 122
56 123
56 125
56 127
56 128
56 129
56 133
56 134
56 135
56 136
56 137
56 138
56 140
56 142
56 144
56 145
56 146
56 147
56 149
56 150
56 151
56 152
56 153
56 154
56 156
56 157
56 158
56 159
56 160
56 161
57 58
57 64
57 65
57 66
57 67
57 68
57 70
57 71
57 72
57 76
57 77
57 80
57 82
57 83
57 84
57 86
57 89
57 91
57 97
57 101
57 102
57 106
57 107
57 108
57 112
57 113
57 114
57 115
57 117
57 118
57 125
57 131
57 133
57 135
57 138
57 140
57 149
57 151
57 152
57 154
57 157
57 158
57 161
58 63
58 64
58 65
58 68
58 70
58 71
58 72
58 74
58 76
58 77
58 79
58 80
58 87
58 88
58 89
58 91
58 92
58 93
58 95
58 99
58 100
58 101
58 102
58 105
58 106
58 107
58 109
58 113
58 114
58 115
58 116
58 118
58 122
58 124
58 125
58 126
58 129
58 130
58 133
58 134
58 135
58 137
58 138
58 140
58 142
58 147
58 148
58 150
58 151
58 154
58 155
58 158
58 160
58 161
59 63
59 64
59 65
59 67
59 69
59 72
59 73
59 79
59 82
59 83
59 84
59 86
59 88
59 89
59 91
59 92
59 93
59 97
59 98
59 99
59 100
59 101
59 105
59 106
59 108
59 109
59 112
59 113
59 115
59 116
59 117
59 118
59 119
59 125
59 126
59 127
59 128
59 130
59 131
59 134
59 135
59 137
59 139
59 141
59 142
59 143
59 146
59 147
59 149
59 151
59 153
59 154
59 158
59 160
59 161
60 66
60 69
60 72
60 74
60 75
60 102
60 115
60 118
60 126
60 146
60 147
60 148
60 151
60 152
60 158
60 159
61 64
61 65
61 66
61 67
61 68
61 70
61 72
61 75
61 76
61 77
61 81
61 82
61 87
61 89
61 91
61 93
61 97
61 101
61 104
61 106
61 108
61 109
61 112
61 114
61 115
61 126
61 128
61 130
61 131
61 133
61 134
61 137
61 139
61 142
61 143
61 146
61 148
61 150
61 151
61 152
61 153
61 157
61 158
61 159
61 161
62 65
62 66
62 68
62 71
62 73
62 74
62 77
62 79
62 85
62 86
62 92
62 94
62 95
62 96
62 97
62 104
62 108
62 114
62 115
62 117
62 122
62 130
62 131
62 132
62 134
62 135
62 138
62 142
62 143
62 145
62 149
62 150
62 151
62 158
63 65
63 66
63 67
63 69
63 74
63 75
63 77
63 78
63 80
63 82
63 84
63 85
63 86
63 87
63 88
63 89
63 92
63 95
63 99
63 100
63 101
63 102
63 103
63 106
63 107
63 108
63 110
63 111
63 112
63 113
63 115
63 116
63 117
63 118
63 125
63 127
63 128
63 131
63 133
63 134
63 135
63 136
63 137
63 138
63 139
63 141
63 142
63 145
63 146
63 147
63 150
63 152
63 154
63 155
63 158
63 160
64 65
64 66
64 67
64 68
64 70
64 71
64 72
64 73
64 74
64 75
64 76
64 77
64 82
64 83
64 84
64 86
64 87
64 89
64 91
64 92
64 93
64 94
64 96
64 97
64 98
64 100
64 101
64 102
64 103
64 105
64 106
64 108
64 109
64 110
64 111
64 112
64 113
64 114
64 116
64 118
64 119
64 122
64 123
64 124
64 125
64 126
64 128
64 129
64 130
64 131
64 133
64 134
64 135
64 137
64 138
64 139
64 140
64 141
64 142
64 144
64 145
64 146
64 147
64 148
64 149
64 150
64 151
64 152
64 153
64 154
64 157
64 158
64 160
64 161
65 66
65 67
65 68
65 69
65 70
65 71
65 72
65 73
65 74
65 75
65 80
65 82
65 84
65 86
65 87
65 90
65 91
65 92
65 93
65 94
65 96
65 97
65 99
65 100
65 101
65 102
65 103
65 104
65 105
65 106
65 107
65 109
65 112
65 113
65 115
65 116
65 117
65 118
65 119
65 121
65 125
65 126
65 127
65 129
65 131
65 133
65 134
65 135
65 136
65 137
65 138
65 139
65 142
65 145
65 146
65 147
65 150
65 151
65 152
65 153
65 154
65 155
65 156
65 157
65 158
65 159
65 160
66 67
66 68
66 69
66 70
66 71
66 72
66 73
66 74
66 75
66 77
66 80
66 81
66 82
66 83
66 84
66 85
66 86
66 88
66 89
66 92
66 93
66 94
66 95
66 96
66 97
66 99
66 100
66 101
66 102
66 103
66 105
66 107
66 112
66 114
66 117
66 118
66 119
66 120
66 125
66 127
66 128
66 129
66 130
66 132
66 133
66 134
66 137
66 138
66 139
66 142
66 143
66 144
66 145
66 147
66 149
66 150
66 151
66 152
66 153
66 154
66 155
66 158
66 159
66 161
67 68
67 69
67 70
67 72
67 73
67 74
67 75
67 77
67 78
67 79
67 80
67 81
67 82
67 84
67 85
67 87
67 88
67 89
67 91
67 92
67 93
67 94
67 95
67 98
67 99
67 100
67 101
67 102
67 103
67 104
67 105
67 106
67 107
67 108
67 109
67 110
67 111
67 112
67 113
67 114
67 115
67 116
67 117
67 118
67 119
67 120
67 121
67 122
67 123
67 125
67 126
67 127
67 128
67 129
67 131
67 132
67 133
67 134
67 135
67 137
67 138
67 139
67 140
67 141
67 143
67 144
67 145
67 146
67 147
67 148
67 149
67 150
67 152
67 154
67 155
67 158
67 159
67 160
67 161
68 69
68 70
68 72
68 73
68 74
68 75
68 76
68 77
68 79
68 80
68 81
68 84
68 85
68 86
68 87
68 88
68 89
68 91
68 92
68 93
68 94
68 95
68 96
68 97
68 98
68 99
68 100
68 101
68 102
68 104
68 105
68 106
68 107
68 108
68 109
68 111
68 112
68 113
68 114
68 115
68 116
68 117
68 118
68 119
68 122
68 124
68 125
68 128
68 129
68 130
68 131
68 133
68 134
68 135
68 136
68 137
68 138
68 139
68 142
68 143
68 145
68 146
68 147
68 148
68 149
68 150
68 151
68 152
68 153
68 154
68 155
68 157
68 158
68 161
69 70
69 71
69 72
69 74
69 75
69 76
69 77
69 78
69 79
69 80
69 81
69 83
69 84
69 85
69 86
69 87
69 89
69 91
69 92
69 93
69 94
69 95
69 98
69 99
69 100
69 101
69 102
69 105
69 107
69 108
69 109
69 110
69 111
69 113
69 114
69 115
69 116
69 117
69 118
69 121
69 122
69 124
69 125
69 126
69 128
69 129
69 130
69 131
69 133
69 134
69 137
69 138
69 139
69 141
69 142
69 143
69 146
69 147
69 148
69 149
69 151
69 152
69 153
69 154
69 155
69 157
69 158
69 159
69 160
69 161
70 71
70 72
70 73
70 74
70 76
70 77
70 79
70 80
70 83
70 85
70 86
70 87
70 88
70 89
70 92
70 93
70 94
70 95
70 97
70 99
70 101
70 102
70 103
70 105
70 106
70 107
70 108
70 109
70 114
70 115
70 116
70 117
70 118
70 119
70 120
70 123
70 124
70 125
70 126
70 127
70 128
70 129
70 130
70 131
70 132
70 133
70 134
70 136
70 137
70 138
70 139
70 140
70 141
70 142
70 143
70 145
70 147
70 148
70 149
70 150
70 151
70 152
70 153
70 154
70 155
70 157
70 159
70 161
71 72
71 73
71 74
71 76
71 78
71 79
71 80
71 82
71 83
71 84
71 86
71 87
71 88
71 89
71 90
71 91
71 93
71 95
71 99
71 100
71 101
71 103
71 105
71 106
71 107
71 108
71 109
71 110
71 111
71 112
71 113
71 114
71 115
71 117
71 118
71 120
71 122
71 124
71 127
71 128
71 129
71 130
71 131
71 133
71 134
71 137
71 139
71 141
71 142
71 143
71 146
71 147
71 149
71 151
71 152
71 154
71 155
71 157
71 158
71 159
71 160
71 161
72 73
72 75
72 76
72 77
72 79
72 80
72 82
72 83
72 84
72 85
72 87
72 88
72 89
72 91
72 92
72 93
72 94
72 97
72 99
72 100
72 101
72 102
72 103
72 104
72 105
72 106
72 107
72 108
72 109
72 112
72 113
72 114
72 115
72 116
72 117
72 118
72 119
72 120
72 122
72 123
72 125
72 126
72 127
72 128
72 129
72 131
72 133
72 134
72 135
72 136
72 137
72 138
72 139
72 141
72 142
72 143
72 145
72 146
72 147
72 148
72 149
72 150
72 151
72 152
72 153
72 154
72 155
72 157
72 158
72 159
72 160
72 161
73 74
73 75
73 76
73 77
73 78
73 79
73 80
73 83
73 84
73 85
73 86
73 87
73 89
73 92
73 93
73 94
73 97
73 99
73 101
73 102
73 103
73 105
73 106
73 108
73 109
73 112
73 114
73 115
73 116
73 117
73 118
73 119
73 120
73 125
73 126
73 127
73 129
73 131
73 132
73 133
73 134
73 137
73 139
73 140
73 142
73 143
73 144
73 145
73 146
73 147
73 149
73 151
73 152
73 153
73 155
73 158
73 160
74 75
74 77
74 78
74 79
74 81
74 82
74 83
74 85
74 86
74 87
74 88
74 89
74 90
74 91
74 92
74 93
74 96
74 98
74 100
74 101
74 102
74 103
74 104
74 105
74 106
74 107
74 108
74 109
74 110
74 112
74 113
74 114
74 115
74 116
74 117
74 118
74 121
74 122
74 123
74 124
74 125
74 126
74 127
74 128
74 130
74 131
74 132
74 133
74 134
74 135
74 136
74 137
74 138
74 139
74 140
74 141
74 142
74 144
74 146
74 147
74 149
74 151
74 152
74 153
74 154
74 155
74 156
74 157
74 158
74 159
74 160
74 161
75 78
75 79
75 80
75 81
75 83
75 84
75 86
75 87
75 90
75 91
75 94
75 98
75 99
75 100
75 102
75 103
75 105
75 106
75 107
75 108
75 109
75 112
75 113
75 114
75 115
75 117
75 120
75 124
75 125
75 130
75 131
75 132
75 133
75 135
75 136
75 137
75 138
75 139
75 140
75 141
75 142
75 143
75 144
75 147
75 150
75 151
75 152
75 153
75 154
75 157
75 158
75 161
76 79
76 80
76 82
76 83
76 84
76 86
76 87
76 90
76 94
76 96
76 101
76 102
76 104
76 105
76 106
76 114
76 115
76 117
76 118
76 123
76 125
76 128
76 131
76 132
76 133
76 134
76 135
76 138
76 140
76 141
76 142
76 145
76 150
76 154
76 157
77 78
77 79
77 83
77 84
77 85
77 88
77 89
77 90
77 91
77 92
77 93
77 94
77 97
77 99
77 100
77 101
77 102
77 104
77 105
77 106
77 108
77 110
77 111
77 112
77 113
77 115
77 116
77 117
77 118
77 119
77 120
77 123
77 125
77 127
77 128
77 129
77 131
77 133
77 134
77 135
77 137
77 139
77 140
77 141
77 142
77 143
77 146
77 148
77 149
77 150
77 151
77 152
77 153
77 154
77 157
77 158
77 161
78 89
78 96
78 97
78 98
78 99
78 106
78 107
78 108
78 111
78 113
78 118
78 125
78 128
78 131
78 141
78 142
78 151
78 155
78 156
78 158
79 82
79 83
79 84
79 87
79 89
79 90
79 91
79 92
79 94
79 95
79 97
79 100
79 102
79 103
79 105
79 106
79 107
79 108
79 109
79 111
79 112
79 113
79 115
79 116
79 117
79 118
79 119
79 120
79 125
79 126
79 127
79 128
79 129
79 130
79 131
79 133
79 134
79 135
79 136
79 137
79 138
79 139
79 140
79 141
79 142
79 145
79 146
79 147
79 148
79 149
79 150
79 153
79 154
79 155
79 156
79 158
79 159
79 160
79 161
80 82
80 84
80 87
80 89
80 91
80 93
80 95
80 96
80 97
80 98
80 101
80 103
80 105
80 107
80 108
80 111
80 113
80 114
80 115
80 117
80 125
80 126
80 128
80 129
80 131
80 134
80 137
80 138
80 140
80 141
80 142
80 149
80 150
80 151
80 152
80 154
80 155
80 159
81 82
81 83
81 84
81 87
81 89
81 99
81 101
81 104
81 108
81 114
81 117
81 118
81 125
81 126
81 129
81 131
81 137
81 139
81 142
81 143
81 145
81 147
81 151
81 152
81 153
81 158
81 160
81 161
82 87
82 88
82 89
82 91
82 92
82 93
82 95
82 99
82 100
82 101
82 102
82 104
82 105
82 107
82 108
82 109
82 111
82 113
82 114
82 115
82 116
82 128
82 130
82 131
82 133
82 134
82 137
82 138
82 139
82 140
82 142
82 147
82 151
82 153
82 154
82 156
82 161
83 85
83 88
83 89
83 94
83 96
83 97
83 101
83 105
83 106
83 107
83 108
83 109
83 111
83 115
83 116
83 118
83 119
83 126
83 127
83 129
83 131
83 133
83 135
83 137
83 138
83 141
83 142
83 145
83 146
83 150
83 151
83 152
83 153
83 154
83 158
83 161
84 85
84 86
84 87
84 88
84 89
84 92
84 93
84 95
84 97
84 100
84 101
84 102
84 103
84 105
84 106
84 107
84 108
84 109
84 111
84 112
84 113
84 114
84 115
84 117
84 118
84 123
84 125
84 128
84 129
84 130
84 133
84 134
84 136
84 137
84 138
84 139
84 140
84 141
84 142
84 145
84 147
84 148
84 149
84 151
84 152
84 153
84 154
84 156
84 158
84 160
84 161
85 88
85 93
85 96
85 101
85 102
85 108
85 111
85 116
85 117
85 127
85 130
85 134
85 135
85 137
85 138
85 141
85 142
85 146
85 150
85 151
85 153
85 154
85 155
85 158
85 159
85 160
86 88
86 89
86 90
86 92
86 93
86 97
86 101
86 102
86 103
86 105
86 106
86 107
86 109
86 112
86 113
86 114
86 115
86 118
86 121
86 127
86 129
86 130
86 131
86 133
86 134
86 137
86 138
86 141
86 142
86 147
86 151
86 153
86 155
86 161
87 89
87 92
87 94
87 97
87 98
87 101
87 102
87 106
87 107
87 108
87 109
87 110
87 111
87 112
87 113
87 115
87 116
87 117
87 118
87 121
87 125
87 126
87 128
87 130
87 131
87 133
87 134
87 137
87 138
87 146
87 152
87 154
87 155
87 158
87 159
87 161
88 89
88 94
88 95
88 100
88 101
88 102
88 103
88 104
88 106
88 108
88 109
88 110
88 112
88 113
88 114
88 115
88 116
88 118
88 119
88 125
88 127
88 128
88 129
88 132
88 133
88 134
88 135
88 137
88 139
88 142
88 143
88 145
88 146
88 147
88 152
88 153
88 154
88 155
88 157
88 158
88 159
88 160
88 161
89 90
89 91
89 92
89 93
89 94
89 95
89 96
89 97
89 98
89 100
89 101
89 102
89 103
89 104
89 105
89 106
89 108
89 109
89 110
89 111
89 112
89 113
89 114
89 115
89 116
89 117
89 118
89 120
89 122
89 125
89 126
89 127
89 128
89 129
89 130
89 131
89 133
89 134
89 136
89 137
89 138
89 139
89 140
89 142
89 143
89 145
89 146
89 147
89 148
89 150
89 151
89 152
89 153
89 154
89 155
89 156
89 157
89 158
89 159
89 160
90 91
90 94
90 99
90 101
90 106
90 107
90 108
90 109
90 114
90 120
90 125
90 126
90 127
90 129
90 130
90 133
90 141
90 143
90 147
90 149
90 151
90 152
90 154
90 157
91 92
91 93
91 94
91 96
91 97
91 98
91 99
91 100
91 101
91 102
91 104
91 105
91 106
91 107
91 108
91 110
91 113
91 114
91 115
91 116
91 117
91 118
91 125
91 127
91 128
91 129
91 130
91 131
91 133
91 136
91 138
91 139
91 140
91 141
91 142
91 143
91 145
91 146
91 148
91 149
91 150
91 157
91 159
91 160
91 161
92 93
92 94
92 95
92 99
92 101
92 102
92 109
92 110
92 112
92 114
92 115
92 117
92 118
92 120
92 125
92 129
92 131
92 134
92 137
92 138
92 139
92 140
92 142
92 143
92 147
92 148
92 152
92 153
92 154
92 158
92 159
92 161
93 94
93 95
93 98
93 100
93 101
93 102
93 105
93 108
93 109
93 111
93 112
93 113
93 114
93 115
93 118
93 125
93 126
93 128
93 131
93 134
93 136
93 137
93 139
93 140
93 141
93 142
93 145
93 147
93 148
93 150
93 151
93 152
93 153
93 154
93 155
93 156
93 158
93 161
94 99
94 101
94 102
94 103
94 105
94 106
94 107
94 111
94 113
94 114
94 115
94 117
94 118
94 119
94 123
94 124
94 125
94 126
94 128
94 129
94 130
94 131
94 133
94 134
94 135
94 136
94 137
94 142
94 143
94 145
94 146
94 147
94 149
94 150
94 151
94 152
94 153
94 154
94 155
94 156
94 157
94 158
94 161
95 102
95 106
95 113
95 114
95 115
95 116
95 118
95 127
95 128
95 130
95 131
95 133
95 136
95 137
95 139
95 142
95 144
95 150
95 151
95 152
95 153
95 157
95 158
95 159
95 161
96 101
96 106
96 107
96 111
96 113
96 116
96 117
96 118
96 129
96 131
96 134
96 137
96 142
96 151
96 152
96 154
96 158
96 161
97 98
97 99
97 101
97 102
97 103
97 104
97 106
97 107
97 108
97 109
97 110
97 111
97 112
97 113
97 115
97 116
97 117
97 122
97 125
97 126
97 127
97 129
97 130
97 133
97 135
97 137
97 138
97 141
97 142
97 145
97 146
97 147
97 148
97 149
97 153
97 154
97 157
97 160
97 161
98 100
98 101
98 105
98 106
98 108
98 109
98 110
98 112
98 113
98 114
98 115
98 118
98 125
98 129
98 131
98 133
98 134
98 137
98 138
98 139
98 142
98 143
98 146
98 150
98 151
98 153
98 160
99 101
99 102
99 103
99 106
99 107
99 108
99 110
99 111
99 113
99 117
99 118
99 119
99 131
99 133
99 134
99 137
99 138
99 139
99 142
99 143
99 146
99 147
99 149
99 151
99 152
99 153
99 154
99 157
99 159
99 160
99 161
100 101
100 103
100 109
100 111
100 113
100 114
100 115
100 118
100 122
100 129
100 131
100 132
100 133
100 136
100 139
100 140
100 141
100 142
100 145
100 146
100 147
100 150
100 151
100 152
100 153
100 154
100 156
100 158
101 103
101 104
101 105
101 106
101 107
101 108
101 109
101 110
101 111
101 112
101 114
101 115
101 116
101 118
101 119
101 120
101 122
101 123
101 125
101 126
101 127
101 128
101 129
101 130
101 131
101 132
101 133
101 134
101 135
101 137
101 138
101 139
101 140
101 142
101 143
101 147
101 148
101 150
101 151
101 153
101 154
101 156
101 158
101 161
102 103
102 106
102 107
102 109
102 110
102 112
102 113
102 114
102 115
102 116
102 117
102 118
102 119
102 125
102 127
102 129
102 130
102 131
102 133
102 134
102 135
102 136
102 137
102 138
102 139
102 140
102 141
102 142
102 143
102 145
102 147
102 149
102 151
102 152
102 153
102 154
102 155
102 157
102 158
102 160
102 161
103 106
103 107
103 108
103 109
103 110
103 112
103 125
103 127
103 128
103 129
103 130
103 131
103 133
103 134
103 136
103 139
103 141
103 142
103 145
103 147
103 150
103 151
103 152
103 153
103 154
103 155
103 157
103 158
103 160
104 108
104 112
104 114
104 115
104 117
104 118
104 125
104 126
104 129
104 130
104 132
104 138
104 141
104 142
104 150
104 153
104 157
104 159
104 161
105 106
105 109
105 110
105 111
105 112
105 113
105 114
105 116
105 117
105 118
105 119
105 123
105 124
105 125
105 126
105 127
105 128
105 129
105 131
105 133
105 134
105 137
105 138
105 139
105 142
105 147
105 150
105 151
105 152
105 153
105 157
105 158
105 159
105 161
106 107
106 108
106 109
106 110
106 112
106 113
106 114
106 115
106 116
106 117
106 118
106 122
106 123
106 125
106 127
106 129
106 130
106 131
106 133
106 134
106 135
106 136
106 137
106 138
106 139
106 141
106 142
106 147
106 149
106 150
106 151
106 152
106 153
106 154
106 155
106 157
106 158
106 159
106 160
106 161
107 109
107 111
107 113
107 114
107 117
107 118
107 119
107 126
107 128
107 129
107 131
107 134
107 137
107 139
107 140
107 141
107 142
107 143
107 146
107 147
107 150
107 151
107 153
107 155
107 157
107 158
108 109
108 111
108 112
108 114
108 115
108 116
108 118
108 119
108 123
108 125
108 126
108 127
108 129
108 130
108 133
108 134
108 135
108 137
108 138
108 139
108 140
108 141
108 142
108 143
108 144
108 145
108 146
108 147
108 148
108 150
108 152
108 153
108 154
108 156
108 158
108 159
108 160
108 161
109 110
109 111
109 112
109 113
109 114
109 115
109 117
109 119
109 122
109 123
109 124
109 125
109 126
109 127
109 128
109 129
109 133
109 134
109 137
109 138
109 139
109 143
109 147
109 148
109 150
109 151
109 152
109 153
109 154
109 155
109 158
109 160
109 161
110 111
110 112
110 113
110 115
110 118
110 130
110 131
110 137
110 138
110 139
110 142
110 146
110 148
110 151
110 152
110 153
110 157
111 112
111 113
111 114
111 115
111 120
111 125
111 129
111 131
111 134
111 137
111 138
111 140
111 141
111 142
111 147
111 151
111 152
111 153
111 154
111 155
111 158
111 159
111 161
112 114
112 115
112 117
112 119
112 122
112 125
112 126
112 127
112 129
112 130
112 131
112 133
112 134
112 135
112 136
112 137
112 138
112 142
112 143
112 145
112 146
112 147
112 148
112 150
112 151
112 152
112 154
112 157
112 158
112 159
112 161
113 114
113 115
113 116
113 117
113 118
113 119
113 120
113 122
113 123
113 126
113 127
113 128
113 129
113 130
113 131
113 133
113 134
113 135
113 137
113 138
113 139
113 141
113 142
113 143
113 144
113 145
113 146
113 147
113 150
113 151
113 152
113 153
113 154
113 155
113 157
113 158
113 159
113 160
113 161
114 115
114 116
114 117
114 119
114 120
114 124
114 125
114 126
114 128
114 129
114 130
114 131
114 132
114 135
114 136
114 137
114 138
114 139
114 142
114 143
114 145
114 146
114 149
114 150
114 151
114 152
114 153
114 154
114 156
114 158
114 160
114 161
115 117
115 118
115 120
115 122
115 125
115 127
115 129
115 130
115 131
115 133
115 134
115 137
115 138
115 139
115 140
115 141
115 142
115 144
115 145
115 146
115 147
115 150
115 151
115 152
115 153
115 154
115 157
115 158
115 159
115 161
116 117
116 118
116 119
116 124
116 127
116 130
116 131
116 135
116 142
116 145
116 146
116 147
116 149
116 151
116 153
116 154
116 156
116 157
116 161
117 119
117 121
117 122
117 125
117 129
117 130
117 131
117 133
117 134
117 135
117 138
117 139
117 141
117 142
117 143
117 144
117 145
117 147
117 148
117 149
117 151
117 152
117 153
117 154
117 155
117 157
117 158
117 159
117 160
117 161
118 122
118 124
118 125
118 126
118 129
118 131
118 133
118 134
118 135
118 136
118 137
118 138
118 139
118 142
118 145
118 147
118 149
118 151
118 152
118 153
118 154
118 155
118 156
118 157
118 158
118 159
118 161
119 124
119 125
119 129
119 130
119 139
119 146
119 154
120 129
120 133
120 134
120 142
120 146
120 147
120 151
120 152
120 154
120 158
121 135
121 137
121 142
121 147
121 151
122 125
122 128
122 134
122 138
122 139
122 147
122 150
122 153
122 154
122 155
122 161
123 127
123 129
123 135
123 137
123 138
123 139
123 141
123 147
123 150
123 151
123 152
124 133
124 134
124 137
124 146
124 147
124 150
124 151
124 154
124 156
124 161
125 126
125 128
125 129
125 130
125 131
125 133
125 134
125 136
125 137
125 138
125 139
125 140
125 142
125 145
125 146
125 149
125 150
125 151
125 152
125 153
125 154
125 155
125 161
126 127
126 129
126 131
126 132
126 133
126 134
126 135
126 136
126 137
126 138
126 139
126 145
126 147
126 148
126 150
126 151
126 152
126 153
126 154
126 157
126 158
126 159
126 160
126 161
127 128
127 131
127 133
127 134
127 136
127 139
127 140
127 143
127 145
127 147
127 150
127 151
127 154
127 158
127 160
128 130
128 131
128 133
128 136
128 138
128 139
128 140
128 141
128 143
128 146
128 147
128 150
128 151
128 152
128 154
128 156
128 157
128 158
129 130
129 131
129 133
129 136
129 137
129 138
129 139
129 141
129 142
129 144
129 145
129 146
129 147
129 148
129 149
129 150
129 151
129 152
129 154
129 155
129 157
129 158
129 160
130 132
130 133
130 134
130 135
130 137
130 138
130 139
130 140
130 141
130 142
130 144
130 146
130 147
130 148
130 150
130 151
130 153
130 154
130 156
130 157
130 159
130 160
130 161
131 134
131 137
131 138
131 139
131 140
131 142
131 143
131 146
131 147
131 150
131 151
131 152
131 153
131 154
131 156
131 157
131 158
131 159
131 160
131 161
132 134
132 139
132 140
132 142
132 146
132 147
132 149
132 150
132 154
132 160
133 134
133 135
133 136
133 137
133 138
133 139
133 141
133 142
133 143
133 146
133 147
133 148
133 150
133 152
133 153
133 154
133 155
133 157
133 158
133 159
133 160
133 161
134 136
134 137
134 138
134 139
134 140
134 141
134 142
134 146
134 147
134 148
134 149
134 151
134 152
134 153
134 154
134 155
134 157
134 158
134 159
134 160
134 161
135 137
135 138
135 139
135 140
135 145
135 147
135 148
135 151
135 152
135 153
135 160
135 161
136 137
136 138
136 142
136 149
136 151
136 157
136 161
137 138
137 139
137 140
137 141
137 142
137 145
137 146
137 147
137 149
137 150
137 151
137 152
137 154
137 155
137 157
137 158
137 160
138 139
138 142
138 143
138 145
138 146
138 147
138 150
138 151
138 152
138 153
138 154
138 156
138 157
138 158
138 159
138 160
138 161
139 141
139 142
139 143
139 144
139 145
139 146
139 147
139 148
139 149
139 150
139 151
139 152
139 153
139 155
139 157
139 158
139 159
139 161
140 142
140 147
140 149
140 150
140 151
140 153
140 154
140 156
140 160
141 142
141 143
141 144
141 146
141 147
141 149
141 150
141 151
141 153
141 154
141 155
141 157
141 158
141 159
141 161
142 143
142 145
142 146
142 147
142 149
142 152
142 153
142 154
142 155
142 157
142 158
142 159
142 160
142 161
143 145
143 146
143 147
143 149
143 150
143 151
143 152
143 157
143 161
144 150
144 153
144 159
145 147
145 149
145 150
145 151
145 152
145 153
145 154
145 157
145 159
145 161
146 147
146 148
146 149
146 150
146 151
146 152
146 153
146 154
146 157
146 158
146 160
146 161
147 149
147 150
147 152
147 153
147 154
147 157
147 158
147 159
147 160
147 161
148 152
148 154
148 157
148 159
148 160
149 150
149 151
149 153
149 154
149 161
150 151
150 152
150 153
150 154
150 155
150 156
150 157
150 158
150 159
150 160
151 152
151 153
151 154
151 156
151 157
151 158
151 160
152 153
152 154
152 155
152 156
152 157
152 158
152 161
153 154
153 158
153 161
154 155
154 156
154 157
154 158
154 159
154 161
155 156
155 159
155 161
157 158
158 159
158 160
158 161
159 160
160 161
