0 4
0 6
0 7
0 8
0 9
0 10
0 11
0 12
0 14
0 19
0 23
0 25
0 29
0 31
0 33
0 35
0 36
0 37
0 38
0 40
0 44
0 45
0 46
0 47
0 48
0 49
0 51
0 52
0 54
0 55
0 56
0 57
0 58
0 59
0 63
0 64
0 65
0 66
0 67
0 68
0 71
0 72
0 73
0 74
0 75
0 77
0 84
0 87
0 89
0 93
0 94
0 96
0 97
0 100
0 101
0 103
0 105
0 106
0 107
0 108
0 112
0 113
0 117
0 123
0 129
0 131
0 133
0 134
0 135
0 137
0 138
0 141
0 143
0 145
0 147
0 150
0 151
0 152
0 154
0 156
0 157
0 158
1 4
1 7
1 10
1 11
1 13
1 14
1 15
1 16
1 19
1 21
1 26
1 27
1 28
1 30
1 31
1 32
1 36
1 40
1 42
1 43
1 44
1 45
1 47
1 48
1 49
1 51
1 54
1 55
1 58
1 59
1 63
1 64
1 66
1 67
1 68
1 69
1 70
1 72
1 73
1 74
1 75
1 77
1 79
1 80
1 83
1 86
1 89
1 94
1 98
1 101
1 105
1 107
1 108
1 112
1 114
1 115
1 119
1 121
1 124
1 127
1 128
1 131
1 132
1 133
1 134
1 138
1 139
1 141
1 142
1 143
1 145
1 146
1 147
1 151
1 152
1 153
1 154
1 158
1 161
2 7
2 9
2 11
2 21
2 30
2 31
2 33
2 38
2 39
2 40
2 44
2 45
2 49
2 51
2 52
2 56
2 63
2 65
2 67
2 68
2 70
2 71
2 72
2 73
2 74
2 75
2 77
2 79
2 80
2 85
2 87
2 89
2 94
2 95
2 96
2 97
2 99
2 101
2 102
2 103
2 104
2 105
2 106
2 108
2 109
2 112
2 115
2 117
2 118
2 125
2 127
2 129
2 130
2 131
2 133
2 134
2 137
2 139
2 142
2 154
2 158
2 160
2 161
3 5
3 7
3 10
3 12
3 14
3 25
3 32
3 33
3 35
3 38
3 50
3 53
3 56
3 57
3 61
3 66
3 67
3 68
3 69
3 71
3 72
3 74
3 75
3 76
3 85
3 87
3 89
3 93
3 97
3 101
3 102
3 103
3 108
3 109
3 112
3 113
3 115
3 117
3 129
3 131
3 133
3 135
3 136
3 137
3 141
3 142
3 146
3 148
3 151
3 152
3 158
3 159
3 161
4 6
4 8
4 9
4 10
4 11
4 12
4 14
4 15
4 17
4 18
4 19
4 22
4 23
4 24
4 25
4 26
4 28
4 31
4 32
4 35
4 36
4 38
4 39
4 40
4 43
4 44
4 45
4 49
4 51
4 52
4 53
4 54
4 55
4 57
4 61
4 62
4 64
4 65
4 66
4 67
4 68
4 69
4 70
4 71
4 72
4 73
4 74
4 77
4 78
4 79
4 80
4 83
4 84
4 86
4 89
4 91
4 92
4 93
4 94
4 95
4 99
4 102
4 103
4 104
4 105
4 106
4 107
4 111
4 112
4 113
4 114
4 115
4 116
4 117
4 118
4 120
4 122
4 123
4 124
4 125
4 126
4 127
4 129
4 130
4 131
4 133
4 134
4 135
4 137
4 138
4 139
4 141
4 142
4 143
4 145
4 147
4 148
4 149
4 150
4 151
4 152
4 153
4 154
4 157
4 158
4 160
4 161
5 7
5 11
5 12
5 14
5 18
5 19
5 26
5 28
5 30
5 32
5 41
5 42
5 45
5 46
5 49
5 50
5 53
5 57
5 60
5 61
5 64
5 66
5 67
5 68
5 69
5 70
5 71
5 72
5 74
5 87
5 89
5 97
5 99
5 100
5 101
5 102
5 106
5 107
5 110
5 116
5 117
5 125
5 129
5 133
5 134
5 135
5 138
5 139
5 150
5 152
5 154
5 157
5 158
6 7
6 8
6 9
6 10
6 11
6 12
6 13
6 14
6 15
6 16
6 19
6 20
6 21
6 24
6 25
6 26
6 27
6 29
6 30
6 31
6 32
6 33
6 35
6 37
6 38
6 39
6 40
6 41
6 42
6 43
6 44
6 45
6 46
6 47
6 48
6 49
6 50
6 51
6 52
6 53
6 54
6 55
6 57
6 58
6 60
6 61
6 63
6 64
6 65
6 66
6 67
6 68
6 69
6 70
6 71
6 72
6 73
6 74
6 75
6 76
6 77
6 78
6 79
6 81
6 84
6 86
6 87
6 89
6 90
6 92
6 93
6 94
6 95
6 96
6 97
6 98
6 99
6 100
6 101
6 102
6 103
6 104
6 105
6 106
6 107
6 108
6 109
6 110
6 111
6 112
6 114
6 115
6 117
6 118
6 122
6 124
6 125
6 126
6 127
6 129
6 131
6 133
6 134
6 135
6 137
6 138
6 139
6 140
6 141
6 142
6 143
6 144
6 145
6 146
6 147
6 148
6 149
6 150
6 151
6 152
6 153
6 154
6 156
6 157
6 158
6 160
6 161
7 8
7 10
7 11
7 12
7 13
7 14
7 15
7 18
7 19
7 20
7 21
7 22
7 24
7 25
7 26
7 27
7 30
7 31
7 32
7 33
7 36
7 37
7 38
7 39
7 40
7 41
7 42
7 43
7 44
7 46
7 47
7 48
7 49
7 50
7 51
7 53
7 55
7 56
7 58
7 59
7 60
7 61
7 62
7 64
7 67
7 68
7 69
7 70
7 72
7 74
7 77
7 78
7 79
7 80
7 81
7 82
7 83
7 84
7 85
7 86
7 88
7 89
7 90
7 91
7 92
7 93
7 94
7 95
7 97
7 98
7 100
7 101
7 102
7 103
7 104
7 106
7 107
7 108
7 109
7 111
7 112
7 113
7 115
7 116
7 117
7 118
7 122
7 125
7 126
7 127
7 128
7 129
7 130
7 131
7 133
7 134
7 135
7 137
7 138
7 139
7 140
7 141
7 142
7 143
7 144
7 145
7 146
7 147
7 148
7 149
7 150
7 151
7 152
7 153
7 154
7 155
7 156
7 157
7 158
7 159
7 160
7 161
8 10
8 14
8 16
8 19
8 22
8 30
8 34
8 40
8 44
8 45
8 46
8 49
8 53
8 55
8 58
8 63
8 68
8 70
8 72
8 74
8 75
8 77
8 79
8 81
8 84
8 85
8 89
8 91
8 93
8 100
8 101
8 106
8 108
8 109
8 110
8 111
8 114
8 115
8 117
8 118
8 127
8 128
8 133
8 137
8 141
8 147
8 150
8 152
8 153
8 155
8 157
8 158
9 11
9 12
9 14
9 16
9 17
9 18
9 19
9 20
9 24
9 26
9 29
9 30
9 31
9 32
9 35
9 36
9 37
9 38
9 40
9 42
9 44
9 45
9 46
9 47
9 48
9 52
9 53
9 56
9 57
9 58
9 59
9 60
9 63
9 64
9 65
9 68
9 69
9 70
9 71
9 73
9 74
9 82
9 84
9 86
9 88
9 89
9 93
9 97
9 98
9 100
9 101
9 102
9 105
9 106
9 108
9 110
9 112
9 113
9 114
9 115
9 116
9 118
9 121
9 125
9 126
9 130
9 131
9 133
9 134
9 136
9 137
9 138
9 141
9 142
9 143
9 147
9 150
9 152
9 154
9 157
9 160
10 11
10 14
10 15
10 16
10 19
10 20
10 21
10 24
10 25
10 26
10 27
10 30
10 31
10 32
10 36
10 37
10 38
10 39
10 40
10 41
10 44
10 45
10 46
10 48
10 49
10 51
10 52
10 54
10 56
10 57
10 58
10 59
10 62
10 63
10 65
10 66
10 67
10 68
10 69
10 70
10 71
10 74
10 76
10 77
10 82
10 86
10 87
10 91
10 92
10 94
10 96
10 99
10 100
10 101
10 104
10 105
10 106
10 109
10 110
10 113
10 114
10 117
10 118
10 119
10 122
10 125
10 126
10 129
10 131
10 133
10 134
10 137
10 138
10 139
10 140
10 141
10 142
10 143
10 145
10 146
10 147
10 149
10 150
10 153
10 154
10 155
10 157
10 158
11 12
11 14
11 18
11 21
11 22
11 23
11 25
11 27
11 31
11 34
11 37
11 38
11 40
11 41
11 42
11 43
11 44
11 46
11 49
11 50
11 51
11 52
11 54
11 55
11 58
11 59
11 60
11 63
11 64
11 65
11 66
11 67
11 68
11 69
11 71
11 72
11 73
11 75
11 76
11 77
11 79
11 81
11 87
11 88
11 91
11 92
11 93
11 94
11 95
11 97
11 98
11 101
11 102
11 103
11 104
11 105
11 106
11 107
11 108
11 109
11 110
11 112
11 113
11 114
11 115
11 116
11 117
11 118
11 121
11 122
11 124
11 126
11 127
11 128
11 129
11 130
11 131
11 133
11 134
11 135
11 136
11 137
11 138
11 142
11 143
11 145
11 147
11 151
11 152
11 153
11 154
11 157
11 158
12 13
12 14
12 15
12 16
12 17
12 18
12 19
12 22
12 24
12 26
12 30
12 31
12 37
12 40
12 43
12 45
12 46
12 47
12 49
12 51
12 52
12 54
12 56
12 59
12 61
12 64
12 65
12 67
12 69
12 70
12 72
12 73
12 74
12 75
12 77
12 79
12 81
12 82
12 83
12 84
12 89
12 90
12 91
12 94
12 99
12 101
12 102
12 107
12 108
12 110
12 113
12 114
12 115
12 117
12 118
12 119
12 124
12 125
12 131
12 133
12 134
12 137
12 139
12 146
12 147
12 150
12 151
12 152
12 153
12 157
12 158
12 159
13 15
13 21
13 24
13 26
13 31
13 34
13 35
13 37
13 39
13 40
13 41
13 44
13 48
13 52
13 54
13 59
13 62
13 66
13 67
13 73
13 74
13 77
13 79
13 81
13 84
13 86
13 87
13 88
13 92
13 93
13 97
13 98
13 101
13 102
13 105
13 108
13 109
13 110
13 116
13 119
13 125
13 129
13 131
13 134
13 137
13 138
13 143
13 146
13 147
13 152
13 153
13 154
13 158
13 159
13 161
14 16
14 17
14 18
14 19
14 20
14 21
14 25
14 26
14 27
14 28
14 29
14 30
14 31
14 32
14 35
14 37
14 38
14 39
14 42
14 43
14 44
14 45
14 46
14 47
14 49
14 50
14 51
14 52
14 53
14 54
14 55
14 56
14 57
14 58
14 59
14 63
14 64
14 65
14 67
14 68
14 69
14 70
14 71
14 72
14 73
14 74
14 76
14 77
14 79
14 80
14 81
14 82
14 84
14 87
14 89
14 91
14 92
14 93
14 94
14 97
14 98
14 99
14 100
14 102
14 103
14 104
14 105
14 107
14 108
14 109
14 110
14 111
14 114
14 115
14 116
14 117
14 118
14 120
14 123
14 125
14 126
14 127
14 128
14 131
14 133
14 134
14 135
14 136
14 137
14 139
14 140
14 141
14 142
14 143
14 144
14 146
14 147
14 148
14 149
14 150
14 151
14 152
14 153
14 154
14 156
14 157
14 158
14 159
14 160
14 161
15 16
15 18
15 19
15 21
15 25
15 26
15 30
15 31
15 39
15 40
15 42
15 45
15 46
15 54
15 55
15 56
15 58
15 59
15 61
15 66
15 68
15 69
15 70
15 72
15 74
15 75
15 86
15 91
15 93
15 94
15 95
15 100
15 106
15 108
15 115
15 116
15 117
15 118
15 122
15 125
15 129
15 130
15 131
15 133
15 134
15 137
15 139
15 142
15 143
15 147
15 150
15 152
15 154
15 157
15 158
16 18
16 19
16 21
16 23
16 28
16 29
16 30
16 31
16 35
16 36
16 38
16 45
16 48
16 51
16 54
16 55
16 62
16 63
16 66
16 69
16 72
16 74
16 76
16 77
16 78
16 80
16 84
16 85
16 87
16 89
16 94
16 97
16 98
16 102
16 103
16 105
16 106
16 107
16 108
16 114
16 117
16 118
16 125
16 128
16 129
16 131
16 134
16 136
16 138
16 139
16 142
16 144
16 147
16 151
16 152
16 154
16 158
16 160
16 161
17 24
17 30
17 31
17 32
17 35
17 36
17 38
17 39
17 40
17 42
17 43
17 63
17 64
17 66
17 70
17 72
17 77
17 79
17 87
17 101
17 102
17 109
17 114
17 117
17 125
17 133
17 134
17 138
17 139
17 142
17 148
17 151
17 152
17 153
17 154
18 19
18 21
18 27
18 30
18 31
18 32
18 35
18 37
18 38
18 40
18 43
18 44
18 45
18 46
18 47
18 51
18 52
18 54
18 55
18 56
18 57
18 61
18 63
18 64
18 65
18 67
18 68
18 70
18 71
18 72
18 73
18 75
18 77
18 79
18 80
18 86
18 89
18 92
18 101
18 102
18 103
18 105
18 106
18 108
18 109
18 111
18 112
18 113
18 114
18 115
18 118
18 125
18 128
18 129
18 131
18 133
18 135
18 136
18 137
18 138
18 142
18 146
18 147
18 149
18 152
18 154
18 157
18 160
19 20
19 21
19 22
19 23
19 24
19 26
19 28
19 29
19 30
19 31
19 32
19 33
19 34
19 37
19 38
19 40
19 41
19 43
19 44
19 45
19 46
19 47
19 49
19 52
19 53
19 54
19 56
19 57
19 58
19 59
19 60
19 61
19 62
19 63
19 66
19 67
19 68
19 69
19 70
19 71
19 72
19 73
19 74
19 75
19 76
19 77
19 79
19 80
19 82
19 84
19 86
19 88
19 89
19 91
19 92
19 93
19 94
19 98
19 99
19 100
19 102
19 103
19 105
19 107
19 108
19 109
19 110
19 111
19 112
19 113
19 114
19 115
19 116
19 117
19 119
19 120
19 125
19 126
19 128
19 129
19 130
19 131
19 133
19 135
19 138
19 139
19 140
19 141
19 142
19 143
19 145
19 146
19 147
19 148
19 149
19 150
19 151
19 152
19 153
19 154
19 155
19 156
19 161
20 23
20 26
20 29
20 31
20 38
20 43
20 44
20 45
20 49
20 57
20 58
20 61
20 63
20 64
20 65
20 67
20 70
20 72
20 73
20 74
20 76
20 77
20 79
20 80
20 85
20 86
20 92
20 97
20 98
20 103
20 107
20 112
20 113
20 114
20 115
20 117
20 118
20 121
20 125
20 129
20 133
20 134
20 135
20 137
20 138
20 142
20 143
20 146
20 148
20 150
20 151
20 158
20 160
20 161
21 22
21 24
21 26
21 27
21 29
21 30
21 31
21 32
21 36
21 37
21 39
21 40
21 44
21 45
21 46
21 47
21 48
21 49
21 50
21 51
21 52
21 53
21 54
21 55
21 56
21 57
21 61
21 62
21 65
21 66
21 67
21 68
21 69
21 70
21 71
21 72
21 75
21 76
21 84
21 85
21 86
21 87
21 88
21 89
21 91
21 92
21 93
21 94
21 95
21 96
21 97
21 99
21 100
21 101
21 102
21 106
21 107
21 108
21 109
21 110
21 112
21 113
21 114
21 115
21 117
21 118
21 120
21 124
21 125
21 127
21 129
21 130
21 131
21 133
21 134
21 135
21 137
21 138
21 139
21 140
21 142
21 143
21 145
21 146
21 147
21 148
21 149
21 150
21 151
21 152
21 153
21 154
21 155
21 157
21 158
21 159
21 160
21 161
22 24
22 30
22 31
22 32
22 35
22 36
22 40
22 43
22 45
22 49
22 53
22 54
22 64
22 65
22 68
22 71
22 72
22 73
22 80
22 83
22 86
22 88
22 89
22 91
22 92
22 102
22 105
22 106
22 108
22 112
22 114
22 125
22 129
22 131
22 138
22 147
22 150
22 155
22 157
22 158
22 161
23 24
23 25
23 26
23 35
23 40
23 44
23 45
23 49
23 54
23 56
23 58
23 59
23 61
23 64
23 66
23 67
23 73
23 74
23 75
23 79
23 82
23 85
23 101
23 102
23 106
23 107
23 108
23 110
23 111
23 113
23 120
23 128
23 131
23 133
23 137
23 139
23 141
23 143
23 152
23 154
23 160
24 26
24 27
24 30
24 32
24 35
24 37
24 40
24 45
24 51
24 53
24 54
24 55
24 56
24 62
24 63
24 64
24 66
24 67
24 68
24 69
24 70
24 71
24 72
24 74
24 77
24 78
24 79
24 89
24 90
24 91
24 93
24 101
24 102
24 103
24 106
24 108
24 109
24 111
24 112
24 113
24 114
24 117
24 118
24 123
24 125
24 126
24 128
24 129
24 130
24 131
24 133
24 134
24 135
24 138
24 139
24 140
24 141
24 142
24 143
24 145
24 148
24 149
24 153
24 154
24 155
24 156
25 26
25 28
25 30
25 31
25 34
25 36
25 37
25 39
25 40
25 43
25 45
25 46
25 47
25 48
25 49
25 51
25 53
25 55
25 58
25 59
25 62
25 63
25 64
25 65
25 66
25 67
25 68
25 70
25 71
25 72
25 73
25 74
25 77
25 78
25 81
25 83
25 84
25 86
25 87
25 89
25 91
25 94
25 97
25 98
25 99
25 100
25 101
25 102
25 103
25 105
25 106
25 108
25 115
25 117
25 122
25 125
25 129
25 130
25 132
25 135
25 137
25 138
25 139
25 140
25 142
25 143
25 146
25 147
25 150
25 151
25 152
25 154
25 155
25 158
25 160
25 161
26 27
26 28
26 30
26 31
26 32
26 33
26 34
26 35
26 36
26 37
26 38
26 40
26 42
26 43
26 44
26 45
26 47
26 48
26 49
26 50
26 51
26 52
26 53
26 54
26 55
26 56
26 57
26 58
26 60
26 62
26 63
26 65
26 66
26 69
26 70
26 71
26 72
26 73
26 74
26 75
26 76
26 77
26 79
26 80
26 83
26 84
26 85
26 87
26 89
26 91
26 93
26 95
26 96
26 100
26 101
26 102
26 103
26 104
26 106
26 107
26 108
26 109
26 113
26 114
26 115
26 116
26 118
26 119
26 122
26 123
26 124
26 125
26 126
26 128
26 129
26 130
26 131
26 133
26 134
26 138
26 141
26 143
26 144
26 146
26 147
26 148
26 152
26 153
26 155
26 157
26 159
26 160
26 161
27 40
27 49
27 54
27 56
27 66
27 67
27 69
27 73
27 80
27 82
27 85
27 87
27 88
27 97
27 100
27 112
27 120
27 122
27 125
27 127
27 129
27 134
27 137
27 142
27 146
27 148
27 151
27 158
27 161
28 31
28 32
28 35
28 38
28 39
28 40
28 42
28 44
28 46
28 49
28 51
28 54
28 56
28 60
28 63
28 64
28 66
28 69
28 70
28 72
28 75
28 79
28 88
28 93
28 94
28 97
28 98
28 100
28 101
28 103
28 104
28 105
28 107
28 108
28 109
28 112
28 114
28 115
28 116
28 121
28 126
28 131
28 133
28 134
28 137
28 142
28 143
28 145
28 151
28 152
28 154
28 157
28 159
29 30
29 32
29 34
29 45
29 46
29 51
29 53
29 56
29 65
29 68
29 69
29 70
29 72
29 75
29 79
29 80
29 83
29 84
29 89
29 91
29 94
29 95
29 98
29 104
29 105
29 106
29 111
29 114
29 115
29 116
29 118
29 126
29 133
29 134
29 135
29 138
29 143
29 150
29 154
29 158
30 31
30 32
30 33
30 35
30 36
30 37
30 38
30 39
30 40
30 41
30 42
30 45
30 46
30 49
30 51
30 52
30 53
30 54
30 55
30 56
30 57
30 58
30 59
30 61
30 62
30 64
30 66
30 67
30 68
30 69
30 70
30 72
30 73
30 74
30 75
30 77
30 79
30 80
30 81
30 82
30 84
30 86
30 87
30 88
30 89
30 91
30 92
30 93
30 94
30 96
30 97
30 99
30 100
30 101
30 102
30 106
30 107
30 108
30 112
30 113
30 114
30 115
30 116
30 117
30 120
30 122
30 123
30 125
30 129
30 131
30 134
30 135
30 136
30 137
30 139
30 140
30 142
30 143
30 147
30 150
30 151
30 152
30 153
30 154
30 155
30 157
30 158
30 160
30 161
31 32
31 34
31 35
31 36
31 38
31 40
31 42
31 43
31 44
31 45
31 46
31 47
31 48
31 49
31 51
31 52
31 53
31 54
31 55
31 56
31 58
31 59
31 60
31 62
31 63
31 64
31 65
31 66
31 67
31 68
31 69
31 70
31 71
31 72
31 73
31 74
31 75
31 76
31 77
31 78
31 79
31 80
31 81
31 82
31 83
31 86
31 87
31 88
31 89
31 90
31 92
31 93
31 94
31 98
31 100
31 101
31 102
31 105
31 106
31 107
31 108
31 109
31 110
31 111
31 112
31 113
31 114
31 115
31 117
31 120
31 121
31 123
31 125
31 128
31 129
31 130
31 133
31 134
31 136
31 137
31 138
31 139
31 140
31 142
31 143
31 145
31 146
31 147
31 149
31 150
31 152
31 154
31 155
31 157
31 158
31 159
31 160
31 161
32 34
32 36
32 37
32 38
32 39
32 40
32 42
32 43
32 44
32 45
32 46
32 47
32 48
32 49
32 50
32 51
32 52
32 53
32 54
32 55
32 56
32 59
32 61
32 63
32 64
32 65
32 67
32 68
32 69
32 70
32 71
32 72
32 73
32 74
32 75
32 79
32 80
32 82
32 83
32 85
32 88
32 89
32 91
32 93
32 94
32 96
32 97
32 98
32 100
32 101
32 102
32 103
32 105
32 106
32 108
32 109
32 110
32 112
32 113
32 114
32 115
32 116
32 122
32 125
32 126
32 128
32 129
32 131
32 133
32 134
32 136
32 137
32 138
32 140
32 142
32 145
32 147
32 148
32 149
32 150
32 151
32 152
32 153
32 154
32 155
32 157
32 158
32 159
33 35
33 37
33 42
33 45
33 49
33 50
33 52
33 54
33 58
33 59
33 63
33 66
33 68
33 70
33 72
33 75
33 80
33 82
33 89
33 92
33 93
33 97
33 98
33 101
33 102
33 106
33 109
33 110
33 111
33 112
33 114
33 117
33 118
33 120
33 122
33 125
33 128
33 130
33 131
33 132
33 134
33 139
33 141
33 146
33 147
33 150
33 151
33 153
33 158
33 161
34 35
34 38
34 40
34 44
34 45
34 46
34 50
34 51
34 56
34 58
34 59
34 63
34 64
34 65
34 66
34 68
34 69
34 70
34 73
34 75
34 79
34 84
34 86
34 87
34 88
34 92
34 94
34 98
34 99
34 101
34 103
34 105
34 106
34 108
34 110
34 112
34 113
34 114
34 117
34 118
34 123
34 125
34 127
34 129
34 133
34 134
34 135
34 137
34 138
34 139
34 142
34 145
34 146
34 147
34 151
34 152
34 153
34 154
34 158
34 159
34 160
34 161
35 38
35 39
35 40
35 43
35 45
35 49
35 51
35 52
35 53
35 54
35 55
35 58
35 60
35 63
35 65
35 67
35 71
35 72
35 73
35 74
35 75
35 79
35 80
35 83
35 84
35 85
35 89
35 94
35 95
35 97
35 101
35 102
35 104
35 106
35 107
35 108
35 109
35 111
35 112
35 114
35 117
35 118
35 123
35 124
35 125
35 126
35 128
35 129
35 130
35 131
35 132
35 133
35 138
35 139
35 141
35 142
35 143
35 144
35 145
35 146
35 148
35 150
35 152
35 153
35 154
35 155
35 158
35 160
36 37
36 38
36 39
36 40
36 41
36 46
36 47
36 49
36 50
36 51
36 52
36 53
36 54
36 55
36 56
36 57
36 58
36 59
36 61
36 62
36 64
36 66
36 67
36 68
36 70
36 71
36 73
36 74
36 76
36 77
36 80
36 81
36 82
36 83
36 86
36 89
36 91
36 93
36 94
36 96
36 97
36 98
36 99
36 100
36 101
36 103
36 105
36 106
36 108
36 110
36 111
36 114
36 115
36 117
36 118
36 121
36 124
36 125
36 128
36 129
36 131
36 133
36 134
36 137
36 139
36 142
36 143
36 145
36 147
36 149
36 150
36 151
36 152
36 153
36 154
36 158
36 160
36 161
37 40
37 43
37 44
37 46
37 48
37 49
37 51
37 54
37 55
37 59
37 61
37 63
37 65
37 67
37 69
37 70
37 71
37 72
37 73
37 74
37 75
37 79
37 80
37 82
37 83
37 87
37 88
37 94
37 97
37 101
37 103
37 105
37 106
37 112
37 113
37 114
37 115
37 116
37 117
37 118
37 124
37 125
37 126
37 127
37 128
37 129
37 130
37 133
37 137
37 138
37 139
37 141
37 142
37 143
37 144
37 149
37 150
37 151
37 152
37 153
37 158
37 161
38 39
38 40
38 41
38 43
38 45
38 46
38 47
38 49
38 50
38 51
38 52
38 53
38 55
38 56
38 57
38 58
38 59
38 61
38 62
38 63
38 65
38 67
38 70
38 72
38 74
38 75
38 77
38 79
38 80
38 84
38 86
38 87
38 89
38 90
38 92
38 94
38 95
38 97
38 99
38 100
38 102
38 103
38 104
38 105
38 106
38 107
38 109
38 110
38 111
38 112
38 113
38 114
38 115
38 117
38 118
38 119
38 125
38 129
38 131
38 133
38 134
38 135
38 137
38 139
38 140
38 141
38 142
38 147
38 150
38 151
38 152
38 153
38 154
38 155
38 157
38 158
38 159
38 161
39 41
39 44
39 48
39 56
39 65
39 66
39 67
39 69
39 70
39 73
39 74
39 77
39 79
39 85
39 86
39 88
39 89
39 92
39 93
39 94
39 97
39 98
39 100
39 101
39 102
39 103
39 104
39 105
39 106
39 107
39 108
39 110
39 114
39 115
39 117
39 118
39 126
39 127
39 130
39 131
39 134
39 138
39 139
39 141
39 145
39 146
39 147
39 150
39 152
39 154
39 155
39 157
39 159
39 160
40 41
40 43
40 44
40 45
40 46
40 47
40 49
40 50
40 51
40 53
40 54
40 55
40 56
40 58
40 59
40 63
40 64
40 66
40 67
40 68
40 69
40 70
40 71
40 72
40 73
40 74
40 75
40 77
40 79
40 80
40 82
40 83
40 84
40 86
40 87
40 88
40 91
40 92
40 93
40 96
40 97
40 98
40 100
40 101
40 102
40 103
40 104
40 105
40 106
40 108
40 109
40 110
40 111
40 112
40 113
40 114
40 115
40 117
40 118
40 120
40 125
40 126
40 129
40 130
40 131
40 133
40 134
40 135
40 137
40 138
40 139
40 140
40 141
40 142
40 145
40 146
40 147
40 149
40 150
40 151
40 152
40 153
40 154
40 158
40 159
40 160
41 44
41 51
41 54
41 57
41 65
41 66
41 67
41 72
41 80
41 81
41 84
41 86
41 89
41 94
41 96
41 97
41 101
41 102
41 108
41 109
41 114
41 118
41 120
41 125
41 127
41 128
41 131
41 133
41 137
41 142
41 149
41 151
41 152
41 154
41 158
42 43
42 44
42 51
42 54
42 55
42 58
42 62
42 64
42 65
42 66
42 68
42 70
42 75
42 77
42 79
42 80
42 85
42 89
42 94
42 100
42 101
42 103
42 106
42 108
42 109
42 112
42 113
42 114
42 115
42 117
42 118
42 122
42 123
42 125
42 126
42 127
42 128
42 129
42 130
42 131
42 133
42 134
42 136
42 137
42 138
42 139
42 142
42 143
42 144
42 145
42 147
42 150
42 151
42 152
42 153
42 154
42 161
43 45
43 46
43 49
43 54
43 55
43 56
43 59
43 60
43 62
43 63
43 64
43 65
43 67
43 68
43 69
43 75
43 76
43 77
43 79
43 80
43 81
43 82
43 83
43 84
43 85
43 87
43 89
43 92
43 94
43 96
43 98
43 99
43 101
43 103
43 104
43 105
43 106
43 108
43 112
43 114
43 116
43 118
43 119
43 127
43 128
43 129
43 130
43 133
43 136
43 137
43 138
43 139
43 141
43 147
43 150
43 151
43 153
43 154
43 155
43 160
44 45
44 46
44 49
44 51
44 52
44 53
44 54
44 55
44 56
44 58
44 59
44 60
44 61
44 63
44 64
44 66
44 67
44 68
44 69
44 70
44 71
44 72
44 73
44 74
44 75
44 76
44 77
44 79
44 80
44 82
44 86
44 88
44 91
44 93
44 94
44 95
44 97
44 98
44 99
44 101
44 102
44 103
44 105
44 106
44 107
44 108
44 109
44 110
44 111
44 113
44 114
44 115
44 116
44 117
44 119
44 122
44 126
44 127
44 129
44 130
44 134
44 136
44 137
44 138
44 139
44 140
44 145
44 146
44 147
44 149
44 152
44 153
44 154
44 155
44 157
44 158
44 159
44 160
44 161
45 46
45 48
45 51
45 55
45 56
45 57
45 58
45 60
45 61
45 62
45 65
45 66
45 67
45 68
45 69
45 70
45 71
45 72
45 74
45 75
45 76
45 77
45 81
45 82
45 83
45 84
45 85
45 87
45 89
45 90
45 91
45 93
45 95
45 96
45 97
45 98
45 100
45 101
45 102
45 104
45 105
45 106
45 107
45 109
45 111
45 112
45 113
45 114
45 115
45 116
45 118
45 119
45 123
45 124
45 125
45 128
45 129
45 130
45 131
45 133
45 134
45 135
45 137
45 138
45 139
45 140
45 141
45 142
45 146
45 147
45 148
45 149
45 150
45 151
45 152
45 154
45 155
45 158
45 159
45 160
46 49
46 51
46 53
46 56
46 61
46 62
46 63
46 65
46 66
46 67
46 68
46 69
46 71
46 72
46 73
46 74
46 77
46 79
46 81
46 83
46 84
46 86
46 87
46 88
46 89
46 91
46 93
46 94
46 97
46 98
46 101
46 102
46 103
46 105
46 108
46 109
46 110
46 111
46 112
46 114
46 115
46 116
46 117
46 119
46 126
46 128
46 129
46 130
46 131
46 133
46 135
46 137
46 141
46 142
46 146
46 147
46 148
46 149
46 151
46 152
46 153
46 154
46 155
46 157
47 51
47 52
47 54
47 68
47 69
47 72
47 73
47 74
47 77
47 79
47 84
47 87
47 95
47 98
47 104
47 106
47 108
47 113
47 114
47 115
47 128
47 130
47 133
47 134
47 135
47 137
47 138
47 141
47 146
47 147
47 149
47 150
47 151
47 152
47 154
47 158
48 49
48 50
48 51
48 54
48 56
48 63
48 64
48 65
48 68
48 70
48 77
48 79
48 87
48 89
48 94
48 102
48 108
48 109
48 114
48 118
48 125
48 129
48 133
48 134
48 137
48 143
48 150
48 151
48 153
48 157
48 161
49 50
49 51
49 52
49 53
49 54
49 55
49 56
49 58
49 61
49 64
49 65
49 66
49 67
49 68
49 69
49 71
49 72
49 73
49 74
49 75
49 76
49 77
49 79
49 80
49 81
49 83
49 84
49 85
49 86
49 87
49 89
49 92
49 93
49 95
49 96
49 98
49 99
49 100
49 101
49 103
49 105
49 107
49 108
49 109
49 110
49 111
49 112
49 113
49 114
49 115
49 116
49 117
49 118
49 120
49 124
49 125
49 127
49 128
49 129
49 133
49 134
49 135
49 136
49 137
49 139
49 141
49 142
49 143
49 147
49 148
49 149
49 150
49 151
49 154
49 155
49 156
49 157
49 158
49 159
49 160
49 161
50 51
50 52
50 53
50 54
50 56
50 57
50 59
50 63
50 64
50 67
50 69
50 70
50 71
50 72
50 74
50 76
50 77
50 80
50 81
50 84
50 85
50 86
50 87
50 88
50 89
50 91
50 92
50 93
50 96
50 97
50 99
50 100
50 101
50 102
50 106
50 108
50 109
50 111
50 112
50 114
50 116
50 117
50 118
50 119
50 120
50 125
50 126
50 128
50 129
50 130
50 133
50 134
50 135
50 138
50 139
50 141
50 142
50 143
50 147
50 149
50 150
50 151
50 152
50 153
50 154
50 156
50 157
50 158
50 159
50 161
51 52
51 54
51 55
51 56
51 57
51 58
51 59
51 61
51 62
51 63
51 64
51 66
51 67
51 68
51 69
51 70
51 71
51 72
51 73
51 74
51 75
51 77
51 79
51 81
51 82
51 87
51 88
51 89
51 91
51 92
51 93
51 94
51 95
51 96
51 97
51 98
51 99
51 100
51 101
51 102
51 103
51 104
51 105
51 106
51 107
51 108
51 109
51 111
51 112
51 113
51 114
51 115
51 117
51 118
51 120
51 121
51 125
51 127
51 129
51 130
51 131
51 133
51 134
51 135
51 136
51 137
51 138
51 140
51 142
51 145
51 146
51 147
51 149
51 150
51 151
51 153
51 154
51 156
51 157
51 158
51 159
51 161
52 53
52 54
52 55
52 56
52 58
52 65
52 66
52 68
52 69
52 70
52 71
52 72
52 77
52 84
52 87
52 88
52 90
52 93
52 94
52 97
52 98
52 100
52 101
52 105
52 107
52 108
52 109
52 113
52 114
52 115
52 117
52 118
52 119
52 120
52 123
52 125
52 126
52 128
52 129
52 130
52 131
52 132
52 133
52 134
52 135
52 136
52 137
52 138
52 139
52 141
52 142
52 143
52 146
52 147
52 151
52 152
52 154
52 155
52 156
52 158
52 159
52 161
53 54
53 55
53 56
53 58
53 59
53 64
53 65
53 66
53 67
53 69
53 70
53 71
53 73
53 75
53 79
53 83
53 87
53 88
53 90
53 91
53 93
53 99
53 101
53 102
53 103
53 111
53 113
53 114
53 117
53 125
53 128
53 129
53 130
53 133
53 134
53 137
53 140
53 142
53 146
53 147
53 151
53 153
53 155
53 156
53 158
53 161
54 55
54 56
54 58
54 60
54 62
54 63
54 68
54 69
54 71
54 72
54 73
54 74
54 75
54 77
54 79
54 80
54 82
54 84
54 85
54 86
54 87
54 88
54 89
54 90
54 91
54 92
54 93
54 94
54 97
54 99
54 100
54 101
54 102
54 104
54 105
54 106
54 107
54 109
54 110
54 111
54 112
54 113
54 114
54 115
54 116
54 117
54 118
54 120
54 125
54 126
54 127
54 128
54 129
54 130
54 131
54 133
54 134
54 135
54 136
54 137
54 138
54 139
54 141
54 142
54 144
54 145
54 146
54 147
54 152
54 153
54 154
54 157
54 158
54 159
54 160
55 56
55 57
55 59
55 62
55 64
55 65
55 67
55 68
55 70
55 71
55 72
55 73
55 74
55 75
55 76
55 77
55 80
55 82
55 83
55 86
55 88
55 89
55 93
55 94
55 97
55 101
55 103
55 106
55 107
55 108
55 109
55 111
55 112
55 114
55 115
55 117
55 118
55 119
55 121
55 122
55 125
55 126
55 129
55 130
55 131
55 133
55 135
55 138
55 139
55 140
55 142
55 143
55 145
55 146
55 147
55 149
55 150
55 151
55 152
55 153
55 154
55 158
55 159
55 160
55 161
56 58
56 59
56 63
56 64
56 65
56 66
56 68
56 69
56 70
56 71
56 72
56 73
56 74
56 75
56 79
56 84
56 85
56 88
56 89
56 92
56 93
56 94
56 97
56 98
56 99
56 101
56 102
56 103
56 104
56 105
56 106
56 108
56 109
56 111
56 113
56 114
56 115
56 118
56 119
56 120
56 121
56 126
56 127
56 129
56 130
56 131
56 133
56 136
56 137
56 138
56 139
56 140
56 141
56 142
56 143
56 145
56 147
56 148
56 149
56 150
56 151
56 152
56 153
56 154
56 156
56 158
56 159
56 160
56 161
57 61
57 64
57 66
57 69
57 71
57 72
57 74
57 75
57 77
57 79
57 82
57 88
57 89
57 91
57 92
57 94
57 98
57 100
57 101
57 106
57 107
57 108
57 112
57 115
57 117
57 119
57 125
57 129
57 131
57 133
57 134
57 135
57 137
57 138
57 139
57 141
57 142
57 146
57 150
57 151
57 152
57 158
58 59
58 61
58 65
58 66
58 67
58 68
58 70
58 72
58 73
58 74
58 76
58 77
58 78
58 80
58 82
58 83
58 84
58 85
58 87
58 89
58 93
58 94
58 95
58 97
58 98
58 99
58 101
58 103
58 105
58 106
58 109
58 110
58 113
58 114
58 115
58 116
58 117
58 118
58 119
58 124
58 125
58 126
58 128
58 129
58 130
58 131
58 133
58 134
58 135
58 137
58 138
58 139
58 140
58 142
58 147
58 150
58 151
58 152
58 153
58 154
58 155
58 158
58 159
58 161
59 63
59 64
59 65
59 66
59 67
59 68
59 70
59 71
59 72
59 73
59 74
59 75
59 79
59 80
59 83
59 86
59 89
59 92
59 94
59 99
59 100
59 102
59 106
59 108
59 109
59 111
59 112
59 114
59 115
59 116
59 119
59 125
59 129
59 130
59 131
59 133
59 134
59 135
59 137
59 138
59 142
59 143
59 145
59 146
59 147
59 150
59 152
59 156
59 157
59 159
60 63
60 64
60 67
60 88
60 92
60 100
60 102
60 107
60 108
60 112
60 114
60 117
60 118
60 125
60 129
60 134
60 137
60 138
60 139
60 142
60 158
61 64
61 69
61 71
61 73
61 74
61 76
61 79
61 85
61 88
61 89
61 93
61 94
61 97
61 98
61 99
61 101
61 103
61 106
61 108
61 109
61 111
61 112
61 113
61 114
61 115
61 116
61 120
61 122
61 124
61 126
61 131
61 133
61 134
61 139
61 141
61 144
61 146
61 151
61 154
61 155
61 157
61 158
61 159
61 161
62 63
62 69
62 71
62 72
62 74
62 81
62 83
62 84
62 85
62 86
62 94
62 101
62 103
62 107
62 111
62 112
62 114
62 115
62 116
62 117
62 118
62 119
62 128
62 133
62 134
62 135
62 136
62 137
62 138
62 139
62 145
62 146
62 147
62 149
62 151
62 152
62 153
62 154
62 157
62 158
62 160
63 68
63 70
63 71
63 74
63 76
63 77
63 79
63 82
63 83
63 85
63 89
63 92
63 94
63 97
63 100
63 101
63 102
63 105
63 106
63 112
63 113
63 115
63 117
63 118
63 121
63 122
63 123
63 124
63 126
63 127
63 128
63 129
63 133
63 134
63 135
63 136
63 137
63 138
63 141
63 145
63 147
63 148
63 149
63 150
63 152
63 153
63 154
63 155
63 157
63 158
63 160
63 161
64 65
64 66
64 67
64 68
64 69
64 70
64 71
64 72
64 73
64 74
64 75
64 76
64 78
64 79
64 81
64 82
64 83
64 84
64 86
64 87
64 88
64 89
64 90
64 93
64 95
64 97
64 98
64 99
64 100
64 101
64 104
64 106
64 108
64 109
64 110
64 111
64 112
64 113
64 114
64 115
64 118
64 119
64 122
64 123
64 125
64 126
64 127
64 128
64 129
64 130
64 131
64 132
64 133
64 134
64 135
64 136
64 137
64 138
64 139
64 141
64 142
64 144
64 145
64 146
64 147
64 149
64 150
64 151
64 152
64 154
64 155
64 157
64 158
64 159
64 160
65 66
65 67
65 68
65 69
65 70
65 71
65 72
65 74
65 75
65 78
65 79
65 80
65 82
65 83
65 84
65 86
65 88
65 89
65 90
65 91
65 92
65 93
65 94
65 97
65 98
65 99
65 100
65 102
65 103
65 104
65 105
65 106
65 107
65 108
65 109
65 112
65 113
65 114
65 117
65 118
65 123
65 124
65 125
65 126
65 128
65 129
65 130
65 131
65 132
65 133
65 134
65 135
65 136
65 137
65 138
65 139
65 140
65 141
65 142
65 146
65 147
65 148
65 151
65 152
65 153
65 154
65 155
65 156
65 157
65 158
65 160
65 161
66 67
66 68
66 69
66 70
66 71
66 76
66 77
66 80
66 84
66 86
66 87
66 88
66 91
66 93
66 94
66 96
66 100
66 101
66 102
66 103
66 105
66 106
66 108
66 109
66 110
66 111
66 112
66 113
66 114
66 115
66 117
66 118
66 119
66 121
66 125
66 128
66 129
66 133
66 134
66 135
66 136
66 137
66 138
66 139
66 141
66 142
66 143
66 145
66 146
66 147
66 148
66 149
66 150
66 151
66 152
66 153
66 154
66 157
66 158
66 159
66 160
66 161
67 69
67 70
67 71
67 72
67 74
67 75
67 76
67 78
67 79
67 80
67 82
67 83
67 84
67 85
67 86
67 87
67 91
67 92
67 93
67 94
67 95
67 96
67 97
67 98
67 99
67 100
67 101
67 102
67 103
67 105
67 106
67 110
67 112
67 113
67 114
67 115
67 116
67 117
67 118
67 119
67 120
67 125
67 127
67 128
67 129
67 133
67 134
67 135
67 136
67 137
67 139
67 141
67 142
67 143
67 145
67 147
67 149
67 150
67 152
67 153
67 154
67 156
67 157
67 158
67 160
68 69
68 70
68 71
68 72
68 73
68 74
68 75
68 76
68 77
68 80
68 81
68 83
68 84
68 85
68 86
68 88
68 89
68 90
68 93
68 94
68 95
68 96
68 97
68 100
68 101
68 102
68 103
68 105
68 106
68 107
68 109
68 111
68 112
68 113
68 114
68 115
68 117
68 118
68 120
68 121
68 125
68 126
68 127
68 128
68 130
68 131
68 132
68 133
68 134
68 135
68 137
68 138
68 139
68 141
68 142
68 143
68 145
68 146
68 147
68 148
68 150
68 151
68 152
68 154
68 155
68 157
68 158
68 159
68 160
68 161
69 70
69 72
69 73
69 74
69 75
69 77
69 79
69 80
69 83
69 84
69 85
69 86
69 87
69 88
69 89
69 91
69 94
69 96
69 97
69 98
69 99
69 100
69 101
69 102
69 103
69 105
69 106
69 107
69 108
69 109
69 110
69 112
69 113
69 114
69 115
69 116
69 117
69 118
69 119
69 121
69 122
69 123
69 125
69 126
69 127
69 128
69 129
69 130
69 131
69 133
69 134
69 135
69 137
69 138
69 139
69 141
69 142
69 143
69 145
69 146
69 147
69 150
69 151
69 152
69 153
69 154
69 155
69 157
69 159
69 160
69 161
70 71
70 72
70 73
70 75
70 76
70 79
70 80
70 81
70 85
70 87
70 88
70 91
70 93
70 94
70 95
70 96
70 97
70 99
70 100
70 101
70 102
70 103
70 105
70 106
70 107
70 108
70 109
70 110
70 111
70 112
70 113
70 115
70 116
70 117
70 118
70 120
70 122
70 125
70 126
70 128
70 130
70 131
70 132
70 133
70 134
70 135
70 137
70 138
70 140
70 141
70 142
70 146
70 147
70 149
70 150
70 151
70 152
70 153
70 154
70 155
70 157
70 160
70 161
71 72
71 73
71 74
71 75
71 77
71 79
71 80
71 83
71 85
71 87
71 88
71 89
71 91
71 93
71 97
71 100
71 102
71 105
71 106
71 107
71 108
71 109
71 110
71 112
71 115
71 116
71 117
71 118
71 125
71 126
71 127
71 128
71 130
71 131
71 133
71 134
71 135
71 136
71 137
71 138
71 139
71 142
71 146
71 147
71 152
71 153
71 154
71 155
71 157
71 158
71 161
72 73
72 75
72 77
72 79
72 81
72 82
72 83
72 84
72 85
72 86
72 87
72 88
72 89
72 90
72 93
72 94
72 96
72 97
72 98
72 100
72 101
72 102
72 103
72 105
72 106
72 107
72 108
72 110
72 111
72 112
72 113
72 114
72 115
72 116
72 117
72 119
72 120
72 122
72 123
72 124
72 125
72 126
72 127
72 128
72 129
72 131
72 133
72 134
72 135
72 136
72 137
72 138
72 140
72 141
72 142
72 143
72 145
72 146
72 147
72 149
72 152
72 154
72 155
72 156
72 157
72 158
72 159
72 160
72 161
73 74
73 76
73 77
73 81
73 82
73 83
73 86
73 87
73 89
73 91
73 92
73 93
73 94
73 96
73 97
73 99
73 100
73 101
73 102
73 105
73 106
73 108
73 111
73 112
73 113
73 117
73 118
73 120
73 121
73 124
73 127
73 128
73 129
73 131
73 134
73 135
73 136
73 138
73 140
73 142
73 143
73 145
73 146
73 147
73 149
73 150
73 151
73 152
73 153
73 154
73 155
73 158
73 159
73 160
73 161
74 76
74 78
74 79
74 80
74 81
74 82
74 83
74 84
74 85
74 86
74 87
74 88
74 89
74 91
74 92
74 93
74 94
74 97
74 99
74 100
74 101
74 102
74 105
74 106
74 107
74 108
74 109
74 111
74 112
74 114
74 115
74 116
74 117
74 118
74 120
74 123
74 125
74 126
74 127
74 128
74 129
74 131
74 133
74 134
74 136
74 138
74 141
74 142
74 143
74 145
74 147
74 148
74 149
74 150
74 151
74 152
74 153
74 154
74 156
74 157
74 158
74 159
75 76
75 77
75 79
75 80
75 84
75 86
75 87
75 88
75 89
75 93
75 94
75 98
75 99
75 101
75 102
75 104
75 105
75 106
75 107
75 108
75 109
75 110
75 111
75 112
75 113
75 114
75 115
75 117
75 118
75 125
75 127
75 128
75 129
75 130
75 133
75 134
75 137
75 138
75 139
75 142
75 145
75 146
75 147
75 149
75 150
75 151
75 152
75 153
75 155
75 157
75 158
75 160
75 161
76 77
76 79
76 81
76 82
76 83
76 85
76 88
76 90
76 91
76 93
76 95
76 97
76 99
76 101
76 102
76 104
76 105
76 106
76 107
76 108
76 109
76 111
76 112
76 113
76 114
76 116
76 117
76 118
76 124
76 129
76 131
76 133
76 137
76 139
76 141
76 142
76 143
76 145
76 147
76 149
76 150
76 152
76 154
76 155
76 157
76 158
76 161
77 78
77 79
77 81
77 83
77 84
77 87
77 89
77 90
77 91
77 95
77 97
77 99
77 100
77 101
77 103
77 105
77 106
77 107
77 108
77 109
77 110
77 111
77 112
77 113
77 114
77 115
77 117
77 118
77 121
77 123
77 125
77 126
77 128
77 129
77 131
77 133
77 134
77 135
77 137
77 138
77 142
77 143
77 145
77 146
77 147
77 148
77 150
77 152
77 153
77 154
77 157
77 159
77 161
78 87
78 91
78 98
78 102
78 103
78 106
78 107
78 114
78 115
78 119
78 135
78 137
78 138
78 146
78 147
78 150
78 151
78 152
78 161
79 81
79 83
79 85
79 86
79 89
79 90
79 91
79 92
79 93
79 94
79 95
79 96
79 97
79 99
79 100
79 101
79 103
79 104
79 106
79 107
79 108
79 109
79 110
79 111
79 112
79 113
79 115
79 116
79 117
79 118
79 119
79 122
79 125
79 126
79 128
79 129
79 130
79 131
79 133
79 134
79 136
79 137
79 138
79 139
79 141
79 142
79 143
79 144
79 147
79 150
79 151
79 152
79 154
79 155
79 156
79 157
79 158
79 159
79 160
80 81
80 89
80 90
80 92
80 94
80 101
80 102
80 106
80 110
80 112
80 113
80 114
80 115
80 117
80 118
80 122
80 124
80 125
80 126
80 128
80 129
80 130
80 131
80 133
80 137
80 139
80 142
80 143
80 146
80 147
80 149
80 152
80 153
80 156
80 157
80 158
80 160
80 161
81 84
81 86
81 89
81 92
81 93
81 94
81 97
81 102
81 104
81 106
81 113
81 116
81 125
81 129
81 131
81 133
81 134
81 137
81 138
81 139
81 140
81 150
81 152
81 154
82 84
82 86
82 89
82 91
82 97
82 100
82 101
82 102
82 103
82 106
82 109
82 110
82 111
82 112
82 113
82 114
82 115
82 116
82 117
82 118
82 125
82 129
82 131
82 133
82 134
82 137
82 142
82 147
82 149
82 151
82 152
82 153
82 157
82 159
82 161
83 84
83 86
83 89
83 93
83 94
83 95
83 97
83 98
83 101
83 106
83 108
83 109
83 110
83 114
83 115
83 118
83 119
83 123
83 128
83 129
83 130
83 131
83 137
83 138
83 139
83 141
83 142
83 145
83 157
83 158
83 159
84 86
84 87
84 88
84 89
84 92
84 93
84 94
84 97
84 98
84 99
84 100
84 101
84 102
84 103
84 104
84 105
84 107
84 109
84 111
84 114
84 115
84 117
84 118
84 120
84 123
84 124
84 125
84 126
84 127
84 128
84 129
84 130
84 131
84 133
84 136
84 137
84 138
84 139
84 140
84 142
84 143
84 145
84 146
84 147
84 148
84 149
84 151
84 152
84 153
84 154
84 155
84 156
84 158
84 159
84 160
85 87
85 88
85 91
85 93
85 100
85 101
85 102
85 105
85 106
85 108
85 114
85 115
85 116
85 118
85 125
85 126
85 129
85 131
85 133
85 134
85 135
85 137
85 138
85 139
85 142
85 150
85 151
85 152
85 161
86 88
86 89
86 90
86 91
86 97
86 98
86 99
86 100
86 101
86 103
86 106
86 108
86 109
86 110
86 112
86 113
86 114
86 115
86 116
86 117
86 118
86 122
86 125
86 127
86 129
86 130
86 133
86 134
86 137
86 138
86 139
86 142
86 143
86 146
86 147
86 148
86 149
86 150
86 152
86 154
86 157
86 161
87 88
87 94
87 97
87 99
87 100
87 101
87 102
87 104
87 106
87 107
87 108
87 115
87 117
87 120
87 123
87 125
87 126
87 127
87 129
87 130
87 131
87 134
87 135
87 136
87 137
87 138
87 140
87 142
87 143
87 146
87 147
87 149
87 151
87 155
87 157
87 158
88 92
88 93
88 94
88 96
88 101
88 106
88 108
88 109
88 110
88 111
88 112
88 113
88 114
88 115
88 117
88 118
88 120
88 122
88 126
88 127
88 129
88 130
88 131
88 133
88 134
88 135
88 137
88 139
88 142
88 143
88 147
88 148
88 149
88 151
88 152
88 154
88 157
88 158
88 159
88 161
89 90
89 91
89 92
89 93
89 94
89 95
89 96
89 97
89 98
89 99
89 100
89 101
89 102
89 103
89 104
89 105
89 106
89 108
89 109
89 110
89 111
89 112
89 113
89 114
89 115
89 117
89 118
89 119
89 125
89 127
89 128
89 130
89 131
89 134
89 135
89 137
89 138
89 139
89 141
89 142
89 143
89 144
89 145
89 146
89 147
89 148
89 149
89 150
89 151
89 152
89 153
89 154
89 157
89 158
89 160
89 161
90 91
90 93
90 94
90 97
90 98
90 101
90 105
90 108
90 111
90 112
90 114
90 115
90 116
90 117
90 118
90 126
90 131
90 132
90 137
90 138
90 142
90 146
90 147
90 149
90 152
90 153
90 154
90 157
90 159
90 160
91 92
91 93
91 94
91 97
91 98
91 99
91 100
91 101
91 102
91 103
91 107
91 108
91 114
91 115
91 117
91 118
91 122
91 130
91 131
91 133
91 134
91 136
91 137
91 138
91 139
91 140
91 141
91 145
91 146
91 147
91 149
91 150
91 151
91 155
91 158
91 159
91 161
92 94
92 101
92 102
92 103
92 108
92 111
92 112
92 113
92 115
92 117
92 118
92 121
92 125
92 126
92 127
92 130
92 131
92 133
92 134
92 139
92 142
92 143
92 145
92 146
92 149
92 151
92 152
92 154
92 156
92 160
92 161
93 95
93 96
93 97
93 98
93 99
93 102
93 108
93 111
93 112
93 113
93 117
93 122
93 123
93 125
93 128
93 130
93 133
93 134
93 135
93 137
93 138
93 140
93 141
93 145
93 146
93 147
93 150
93 151
93 152
93 153
93 154
93 155
93 157
93 160
93 161
94 95
94 98
94 99
94 100
94 102
94 104
94 105
94 106
94 108
94 109
94 111
94 112
94 113
94 114
94 117
94 118
94 120
94 123
94 125
94 126
94 127
94 129
94 130
94 131
94 133
94 134
94 135
94 137
94 138
94 140
94 142
94 144
94 147
94 148
94 149
94 150
94 151
94 152
94 153
94 154
94 155
94 158
94 159
94 161
95 96
95 99
95 101
95 102
95 107
95 109
95 113
95 114
95 116
95 118
95 122
95 125
95 129
95 131
95 133
95 137
95 139
95 141
95 142
95 146
95 147
95 148
95 158
96 97
96 98
96 100
96 101
96 102
96 103
96 105
96 106
96 111
96 112
96 113
96 115
96 118
96 138
96 142
96 143
96 147
96 149
96 154
96 155
96 156
96 158
97 99
97 100
97 101
97 102
97 103
97 104
97 106
97 107
97 108
97 109
97 111
97 112
97 114
97 115
97 116
97 118
97 122
97 126
97 127
97 128
97 129
97 131
97 133
97 134
97 135
97 137
97 138
97 139
97 140
97 141
97 142
97 145
97 146
97 147
97 148
97 150
97 151
97 152
97 153
97 155
97 157
97 158
97 159
98 101
98 102
98 104
98 107
98 108
98 111
98 116
98 118
98 120
98 125
98 126
98 128
98 131
98 133
98 137
98 138
98 141
98 146
98 149
98 151
98 153
98 154
98 157
98 160
99 100
99 101
99 102
99 103
99 105
99 106
99 108
99 109
99 113
99 114
99 115
99 117
99 118
99 120
99 122
99 125
99 126
99 129
99 131
99 132
99 133
99 135
99 136
99 137
99 138
99 140
99 141
99 142
99 147
99 148
99 149
99 150
99 154
99 158
100 101
100 102
100 104
100 105
100 106
100 109
100 111
100 112
100 117
100 125
100 128
100 129
100 130
100 132
100 133
100 135
100 136
100 137
100 138
100 139
100 140
100 146
100 147
100 151
100 152
100 153
100 154
100 157
100 158
100 159
100 160
100 161
101 102
101 103
101 104
101 106
101 107
101 108
101 109
101 110
101 112
101 113
101 114
101 115
101 117
101 118
101 119
101 122
101 124
101 125
101 126
101 128
101 129
101 130
101 131
101 133
101 134
101 135
101 136
101 137
101 138
101 139
101 141
101 142
101 144
101 145
101 147
101 148
101 149
101 151
101 152
101 153
101 154
101 157
101 158
101 159
102 103
102 105
102 106
102 108
102 110
102 111
102 112
102 113
102 114
102 115
102 116
102 117
102 118
102 121
102 122
102 124
102 125
102 126
102 127
102 128
102 129
102 131
102 132
102 133
102 134
102 135
102 137
102 138
102 139
102 141
102 145
102 146
102 147
102 149
102 150
102 151
102 152
102 154
102 156
102 157
102 158
102 159
102 160
102 161
103 105
103 106
103 108
103 110
103 113
103 114
103 115
103 117
103 118
103 129
103 131
103 133
103 134
103 137
103 138
103 139
103 143
103 145
103 147
103 149
103 151
103 152
103 154
103 157
103 158
104 105
104 106
104 108
104 114
104 115
104 118
104 125
104 131
104 133
104 134
104 135
104 137
104 145
104 147
104 151
104 152
104 153
104 154
105 106
105 109
105 110
105 111
105 112
105 114
105 117
105 118
105 124
105 128
105 130
105 131
105 133
105 134
105 136
105 138
105 139
105 142
105 145
105 146
105 147
105 149
105 150
105 151
105 152
105 155
105 157
105 158
105 161
106 107
106 108
106 109
106 111
106 112
106 113
106 114
106 115
106 116
106 118
106 119
106 120
106 122
106 123
106 125
106 127
106 128
106 129
106 130
106 131
106 132
106 133
106 134
106 135
106 137
106 138
106 139
106 141
106 142
106 143
106 145
106 146
106 147
106 148
106 149
106 150
106 151
106 153
106 154
106 155
106 157
106 158
106 160
106 161
107 108
107 109
107 110
107 111
107 113
107 114
107 115
107 117
107 118
107 123
107 125
107 126
107 127
107 128
107 130
107 131
107 133
107 138
107 139
107 141
107 142
107 143
107 145
107 146
107 151
107 152
107 153
107 154
107 158
107 159
108 110
108 111
108 114
108 115
108 116
108 117
108 118
108 119
108 123
108 124
108 125
108 128
108 129
108 130
108 131
108 132
108 133
108 134
108 137
108 138
108 139
108 140
108 141
108 143
108 145
108 146
108 147
108 149
108 150
108 151
108 152
108 153
108 154
108 155
108 156
108 157
108 158
109 110
109 112
109 114
109 115
109 116
109 117
109 119
109 122
109 125
109 126
109 128
109 129
109 133
109 134
109 136
109 138
109 139
109 140
109 142
109 145
109 146
109 147
109 149
109 150
109 151
109 152
109 153
109 154
109 156
109 158
109 161
110 112
110 113
110 114
110 118
110 125
110 126
110 131
110 137
110 138
110 139
110 142
110 145
110 146
110 152
110 157
110 158
110 159
110 161
111 112
111 113
111 118
111 119
111 124
111 125
111 128
111 129
111 130
111 133
111 134
111 135
111 138
111 139
111 141
111 142
111 145
111 146
111 147
111 148
111 150
111 151
111 152
111 153
111 154
111 157
112 113
112 115
112 117
112 118
112 120
112 121
112 125
112 126
112 129
112 130
112 133
112 134
112 137
112 138
112 140
112 141
112 142
112 143
112 146
112 148
112 149
112 150
112 151
112 153
112 154
112 155
112 157
112 158
112 161
113 114
113 115
113 116
113 117
113 118
113 119
113 120
113 122
113 125
113 126
113 129
113 130
113 131
113 133
113 134
113 136
113 137
113 138
113 139
113 141
113 142
113 143
113 146
113 147
113 150
113 152
113 153
113 154
113 155
113 157
113 158
113 159
113 160
113 161
114 115
114 116
114 117
114 118
114 119
114 121
114 122
114 125
114 129
114 131
114 133
114 134
114 136
114 137
114 139
114 140
114 142
114 143
114 146
114 152
114 153
114 155
114 157
114 158
114 159
115 116
115 117
115 118
115 119
115 121
115 125
115 126
115 127
115 128
115 130
115 131
115 133
115 134
115 136
115 137
115 138
115 139
115 141
115 142
115 143
115 146
115 147
115 149
115 150
115 151
115 152
115 153
115 154
115 155
115 156
115 157
115 158
116 118
116 119
116 124
116 125
116 127
116 129
116 130
116 131
116 133
116 136
116 137
116 139
116 140
116 142
116 146
116 147
116 150
116 154
116 156
116 157
116 159
116 160
117 118
117 120
117 122
117 124
117 125
117 126
117 129
117 130
117 131
117 133
117 134
117 135
117 137
117 138
117 139
117 140
117 141
117 142
117 143
117 147
117 148
117 150
117 152
117 157
117 158
117 159
117 160
117 161
118 119
118 120
118 123
118 124
118 125
118 127
118 129
118 131
118 133
118 135
118 136
118 137
118 138
118 139
118 142
118 143
118 146
118 147
118 148
118 149
118 151
118 152
118 154
118 156
118 157
118 158
118 159
118 160
118 161
119 122
119 129
119 131
119 132
119 135
119 136
119 138
119 141
119 151
119 160
120 129
120 131
120 133
120 137
120 138
120 142
120 157
120 158
120 159
120 161
121 125
121 129
121 146
121 147
121 151
121 154
122 133
122 135
122 139
122 141
122 142
122 146
122 152
122 153
122 157
123 130
123 133
123 135
123 149
123 153
123 158
124 129
124 137
124 138
124 139
124 150
124 151
124 152
124 156
125 126
125 127
125 128
125 129
125 131
125 133
125 134
125 135
125 137
125 138
125 139
125 141
125 142
125 143
125 145
125 146
125 147
125 148
125 149
125 150
125 151
125 152
125 154
125 157
125 158
125 159
125 160
125 161
126 128
126 129
126 133
126 134
126 136
126 137
126 138
126 142
126 146
126 147
126 149
126 150
126 151
126 152
126 154
126 155
126 156
126 157
126 158
126 159
126 161
127 131
127 134
127 137
127 138
127 142
127 146
127 153
127 154
127 155
127 157
127 158
127 159
128 131
128 133
128 134
128 135
128 137
128 139
128 141
128 142
128 149
128 150
128 151
128 152
128 154
128 157
129 131
129 132
129 133
129 134
129 135
129 136
129 137
129 138
129 139
129 140
129 141
129 142
129 143
129 144
129 145
129 146
129 147
129 149
129 151
129 152
129 153
129 154
129 155
129 156
129 157
129 158
129 160
129 161
130 131
130 133
130 135
130 136
130 138
130 142
130 146
130 151
130 152
130 155
130 157
130 160
130 161
131 132
131 133
131 134
131 135
131 136
131 137
131 138
131 141
131 147
131 149
131 150
131 151
131 152
131 153
131 154
131 155
131 157
131 158
131 159
131 160
131 161
132 133
132 134
132 138
132 151
132 154
133 134
133 135
133 136
133 137
133 138
133 141
133 142
133 143
133 144
133 145
133 147
133 148
133 149
133 151
133 152
133 153
133 154
133 155
133 157
133 158
133 159
133 160
133 161
134 135
134 136
134 137
134 139
134 141
134 142
134 144
134 146
134 147
134 148
134 150
134 151
134 152
134 153
134 154
134 155
134 156
134 158
134 159
134 160
134 161
135 137
135 138
135 139
135 142
135 146
135 147
135 149
135 150
135 151
135 152
135 154
135 155
135 157
136 137
136 138
136 139
136 140
136 143
136 147
136 151
136 152
136 153
136 157
136 158
136 159
136 160
136 161
137 138
137 139
137 141
137 142
137 145
137 146
137 147
137 148
137 149
137 150
137 151
137 152
137 153
137 154
137 155
137 158
137 159
137 161
138 139
138 140
138 142
138 143
138 145
138 146
138 147
138 151
138 152
138 153
138 154
138 155
138 157
138 158
138 160
138 161
139 140
139 141
139 143
139 145
139 147
139 148
139 149
139 152
139 153
139 154
139 158
139 159
139 161
140 142
140 147
140 151
140 152
140 153
140 158
140 161
141 142
141 146
141 147
141 148
141 151
141 152
141 154
141 158
141 160
142 143
142 145
142 146
142 147
142 149
142 150
142 151
142 152
142 153
142 154
142 157
142 158
142 159
142 161
143 146
143 147
143 148
143 151
143 152
143 153
143 154
143 157
143 161
145 146
145 147
145 151
145 153
145 154
145 155
145 156
145 158
145 159
145 160
146 147
146 149
146 150
146 151
146 152
146 153
146 154
146 155
146 159
146 160
147 149
147 150
147 151
147 152
147 153
147 154
147 155
147 157
147 158
147 159
147 160
147 161
148 149
148 150
148 151
148 154
148 157
148 158
148 160
148 161
149 150
149 152
149 154
149 156
149 157
149 158
149 159
149 161
150 151
150 152
150 153
150 155
150 157
150 158
150 161
151 152
151 153
151 154
151 155
151 158
151 160
151 161
152 154
152 155
152 157
152 158
152 160
152 161
153 154
153 158
153 160
153 161
154 155
154 156
154 157
154 158
154 160
154 161
155 161
157 160
157 161
158 160
160 161
