0 5
0 6
0 7
0 9
0 10
0 11
0 12
0 17
0 19
0 21
0 22
0 24
0 26
0 30
0 32
0 33
0 34
0 36
0 37
0 38
0 39
0 41
0 42
0 43
0 44
0 48
0 55
0 57
0 59
0 64
0 65
0 66
0 68
0 69
0 70
0 72
0 74
0 77
0 79
0 80
0 83
0 89
0 94
0 98
0 102
0 103
0 105
0 106
0 108
0 109
0 110
0 113
0 115
0 117
0 118
0 120
0 123
0 126
0 133
0 134
0 135
0 136
0 138
0 140
0 143
0 145
0 147
0 148
0 152
0 157
1 4
1 5
1 7
1 13
1 14
1 15
1 17
1 19
1 21
1 23
1 25
1 30
1 32
1 33
1 35
1 36
1 41
1 42
1 44
1 49
1 51
1 54
1 55
1 56
1 63
1 66
1 67
1 68
1 69
1 70
1 72
1 74
1 75
1 77
1 79
1 80
1 84
1 85
1 86
1 87
1 88
1 91
1 92
1 94
1 95
1 97
1 99
1 101
1 102
1 103
1 105
1 106
1 107
1 109
1 110
1 117
1 118
1 124
1 125
1 127
1 129
1 131
1 133
1 137
1 139
1 142
1 143
1 145
1 147
1 155
1 157
1 161
2 6
2 7
2 10
2 12
2 13
2 14
2 19
2 22
2 24
2 25
2 32
2 35
2 37
2 40
2 43
2 44
2 45
2 49
2 50
2 56
2 59
2 62
2 68
2 69
2 71
2 77
2 83
2 87
2 95
2 97
2 105
2 106
2 107
2 108
2 109
2 110
2 112
2 115
2 127
2 129
2 131
2 133
2 134
2 135
2 137
2 138
2 142
2 145
2 147
2 150
2 152
2 154
2 156
2 159
2 160
3 7
3 9
3 10
3 21
3 22
3 31
3 37
3 43
3 45
3 51
3 54
3 55
3 58
3 60
3 64
3 67
3 70
3 79
3 80
3 83
3 84
3 89
3 91
3 98
3 102
3 103
3 105
3 109
3 111
3 112
3 115
3 125
3 127
3 128
3 129
3 130
3 135
3 137
3 143
3 149
3 153
3 154
4 6
4 7
4 9
4 10
4 14
4 21
4 24
4 26
4 28
4 29
4 30
4 32
4 33
4 35
4 37
4 38
4 39
4 40
4 42
4 45
4 48
4 49
4 51
4 52
4 54
4 55
4 56
4 63
4 66
4 67
4 68
4 70
4 71
4 72
4 74
4 76
4 77
4 79
4 80
4 81
4 82
4 84
4 85
4 86
4 89
4 91
4 92
4 94
4 95
4 101
4 102
4 104
4 106
4 107
4 108
4 110
4 111
4 112
4 113
4 115
4 117
4 118
4 119
4 123
4 124
4 125
4 129
4 130
4 131
4 132
4 133
4 134
4 136
4 137
4 138
4 140
4 141
4 142
4 146
4 147
4 148
4 149
4 150
4 151
4 152
4 153
4 157
4 159
4 161
5 7
5 8
5 11
5 16
5 18
5 20
5 21
5 26
5 32
5 36
5 46
5 49
5 54
5 64
5 67
5 70
5 72
5 74
5 86
5 88
5 91
5 117
5 118
5 119
5 129
5 131
5 133
5 134
5 135
5 137
5 138
5 139
5 141
5 142
5 145
5 149
6 10
6 11
6 13
6 14
6 15
6 16
6 18
6 20
6 21
6 22
6 23
6 24
6 26
6 27
6 29
6 31
6 32
6 34
6 35
6 36
6 38
6 39
6 40
6 42
6 44
6 45
6 46
6 49
6 51
6 53
6 54
6 56
6 59
6 61
6 62
6 63
6 64
6 65
6 67
6 68
6 69
6 71
6 72
6 73
6 74
6 75
6 76
6 77
6 81
6 82
6 83
6 84
6 86
6 87
6 88
6 91
6 92
6 93
6 94
6 95
6 97
6 98
6 99
6 100
6 101
6 102
6 103
6 104
6 105
6 106
6 107
6 108
6 109
6 112
6 113
6 115
6 117
6 119
6 125
6 126
6 127
6 128
6 130
6 131
6 132
6 133
6 136
6 137
6 139
6 140
6 142
6 143
6 145
6 146
6 147
6 148
6 151
6 152
6 153
6 154
6 157
6 158
6 159
6 161
7 9
7 10
7 11
7 12
7 14
7 15
7 17
7 19
7 23
7 24
7 26
7 27
7 29
7 30
7 31
7 32
7 37
7 38
7 40
7 42
7 45
7 49
7 51
7 52
7 54
7 56
7 57
7 59
7 60
7 61
7 62
7 63
7 65
7 68
7 69
7 70
7 71
7 73
7 75
7 76
7 77
7 78
7 79
7 80
7 81
7 82
7 83
7 84
7 86
7 87
7 88
7 89
7 91
7 93
7 94
7 95
7 96
7 97
7 99
7 100
7 101
7 103
7 104
7 105
7 107
7 108
7 109
7 110
7 111
7 112
7 114
7 115
7 116
7 117
7 118
7 119
7 126
7 127
7 128
7 129
7 131
7 132
7 134
7 135
7 137
7 138
7 139
7 140
7 141
7 142
7 143
7 145
7 147
7 148
7 151
7 152
7 153
7 161
8 9
8 11
8 14
8 15
8 25
8 29
8 30
8 32
8 36
8 38
8 40
8 44
8 46
8 48
8 49
8 50
8 51
8 56
8 63
8 68
8 71
8 72
8 76
8 79
8 87
8 90
8 93
8 102
8 107
8 116
8 117
8 122
8 124
8 134
8 138
8 140
8 142
8 143
8 147
8 150
8 152
8 160
8 161
9 12
9 14
9 16
9 19
9 24
9 25
9 26
9 27
9 30
9 31
9 32
9 35
9 37
9 38
9 40
9 41
9 42
9 45
9 46
9 49
9 51
9 52
9 55
9 56
9 58
9 64
9 65
9 67
9 68
9 69
9 70
9 71
9 72
9 75
9 77
9 79
9 84
9 85
9 86
9 87
9 88
9 90
9 93
9 97
9 100
9 101
9 106
9 107
9 108
9 109
9 111
9 112
9 114
9 115
9 116
9 117
9 118
9 119
9 125
9 128
9 129
9 131
9 132
9 134
9 139
9 141
9 142
9 146
9 147
9 148
9 150
9 151
9 152
9 153
9 158
9 159
9 160
9 161
10 11
10 23
10 25
10 26
10 29
10 31
10 32
10 39
10 40
10 43
10 45
10 49
10 50
10 51
10 53
10 54
10 56
10 60
10 61
10 66
10 67
10 69
10 72
10 73
10 74
10 75
10 76
10 77
10 83
10 85
10 86
10 94
10 101
10 105
10 106
10 108
10 109
10 110
10 114
10 115
10 117
10 121
10 125
10 127
10 128
10 131
10 133
10 134
10 135
10 136
10 138
10 141
10 149
10 153
10 154
10 155
10 157
10 159
10 160
11 13
11 15
11 18
11 21
11 22
11 26
11 30
11 31
11 35
11 41
11 42
11 43
11 49
11 51
11 54
11 55
11 57
11 58
11 59
11 64
11 65
11 67
11 69
11 70
11 72
11 73
11 74
11 75
11 77
11 79
11 80
11 84
11 89
11 93
11 94
11 96
11 97
11 98
11 101
11 102
11 105
11 106
11 107
11 108
11 109
11 110
11 111
11 112
11 113
11 114
11 115
11 117
11 121
11 125
11 126
11 127
11 128
11 130
11 131
11 133
11 134
11 138
11 141
11 142
11 143
11 146
11 147
11 148
11 151
11 152
11 153
11 154
11 157
11 161
12 14
12 19
12 22
12 23
12 26
12 30
12 31
12 32
12 38
12 39
12 40
12 46
12 65
12 67
12 68
12 74
12 77
12 79
12 80
12 84
12 90
12 91
12 92
12 94
12 100
12 102
12 104
12 108
12 112
12 113
12 116
12 117
12 118
12 127
12 129
12 130
12 131
12 132
12 133
12 134
12 138
12 139
12 147
12 148
12 149
12 152
12 157
12 158
12 161
13 14
13 18
13 19
13 26
13 29
13 30
13 31
13 34
13 35
13 36
13 37
13 40
13 44
13 48
13 49
13 51
13 53
13 54
13 61
13 64
13 66
13 68
13 69
13 71
13 72
13 79
13 80
13 86
13 89
13 91
13 92
13 93
13 94
13 97
13 98
13 101
13 105
13 107
13 111
13 112
13 113
13 114
13 118
13 123
13 126
13 129
13 130
13 131
13 132
13 133
13 138
13 141
13 142
13 143
13 145
13 146
13 152
13 156
13 157
14 16
14 19
14 21
14 22
14 25
14 26
14 27
14 28
14 29
14 30
14 32
14 34
14 36
14 38
14 39
14 40
14 41
14 43
14 44
14 45
14 47
14 49
14 51
14 52
14 53
14 55
14 56
14 57
14 58
14 60
14 61
14 63
14 64
14 65
14 66
14 67
14 70
14 71
14 72
14 74
14 75
14 76
14 77
14 79
14 80
14 83
14 84
14 85
14 87
14 88
14 89
14 90
14 93
14 94
14 96
14 100
14 101
14 102
14 103
14 105
14 106
14 108
14 109
14 110
14 111
14 114
14 115
14 116
14 117
14 118
14 119
14 125
14 126
14 127
14 129
14 130
14 132
14 133
14 135
14 137
14 139
14 142
14 146
14 147
14 149
14 151
14 153
14 155
14 157
14 158
15 18
15 19
15 21
15 26
15 30
15 32
15 36
15 37
15 38
15 40
15 42
15 43
15 47
15 50
15 55
15 58
15 59
15 66
15 67
15 68
15 70
15 73
15 74
15 79
15 83
15 85
15 98
15 101
15 108
15 113
15 114
15 115
15 120
15 126
15 127
15 131
15 133
15 138
15 146
15 147
15 151
15 152
15 154
15 160
15 161
16 21
16 30
16 31
16 39
16 40
16 45
16 46
16 48
16 49
16 51
16 54
16 56
16 58
16 64
16 66
16 68
16 69
16 71
16 72
16 73
16 74
16 77
16 79
16 82
16 84
16 86
16 88
16 89
16 92
16 96
16 97
16 99
16 100
16 106
16 108
16 112
16 114
16 115
16 116
16 127
16 129
16 130
16 131
16 135
16 146
16 151
16 157
16 158
17 21
17 35
17 38
17 55
17 56
17 65
17 69
17 70
17 71
17 85
17 95
17 101
17 102
17 104
17 106
17 118
17 130
17 131
17 142
17 146
17 148
17 151
17 153
17 154
17 156
17 157
18 19
18 22
18 25
18 28
18 29
18 31
18 32
18 33
18 42
18 43
18 44
18 48
18 50
18 51
18 54
18 55
18 56
18 59
18 62
18 63
18 64
18 65
18 66
18 67
18 68
18 69
18 70
18 72
18 73
18 74
18 76
18 77
18 79
18 85
18 86
18 92
18 97
18 98
18 101
18 106
18 110
18 111
18 112
18 113
18 115
18 117
18 119
18 121
18 122
18 123
18 131
18 133
18 136
18 137
18 141
18 142
18 143
18 148
18 151
18 152
18 153
18 154
18 157
18 158
18 159
18 161
19 21
19 23
19 24
19 25
19 26
19 27
19 28
19 30
19 31
19 32
19 34
19 35
19 36
19 37
19 38
19 39
19 40
19 43
19 44
19 45
19 46
19 48
19 49
19 50
19 51
19 52
19 53
19 54
19 55
19 56
19 58
19 59
19 60
19 61
19 63
19 64
19 65
19 66
19 68
19 70
19 72
19 73
19 74
19 76
19 77
19 78
19 79
19 80
19 81
19 84
19 85
19 87
19 89
19 93
19 94
19 97
19 99
19 102
19 105
19 107
19 108
19 109
19 110
19 113
19 114
19 116
19 117
19 120
19 122
19 125
19 126
19 127
19 128
19 129
19 131
19 133
19 134
19 135
19 137
19 138
19 139
19 141
19 142
19 143
19 145
19 147
19 149
19 150
19 152
19 154
19 157
19 158
20 23
20 26
20 35
20 38
20 44
20 45
20 56
20 70
20 72
20 73
20 79
20 81
20 82
20 87
20 101
20 110
20 111
20 113
20 114
20 115
20 116
20 118
20 125
20 129
20 130
20 131
20 133
20 134
20 138
20 142
20 145
20 146
20 147
20 152
20 154
20 157
20 161
21 22
21 24
21 25
21 26
21 29
21 31
21 32
21 34
21 36
21 37
21 38
21 39
21 40
21 44
21 45
21 47
21 49
21 54
21 55
21 56
21 60
21 61
21 64
21 65
21 66
21 67
21 68
21 69
21 70
21 71
21 72
21 73
21 74
21 75
21 77
21 79
21 80
21 81
21 84
21 87
21 88
21 89
21 91
21 93
21 94
21 97
21 98
21 101
21 102
21 103
21 104
21 106
21 108
21 109
21 111
21 112
21 113
21 114
21 117
21 118
21 121
21 126
21 128
21 129
21 130
21 131
21 134
21 135
21 137
21 138
21 139
21 141
21 142
21 144
21 146
21 147
21 150
21 154
21 158
21 160
22 26
22 31
22 35
22 37
22 40
22 42
22 52
22 54
22 58
22 59
22 62
22 63
22 64
22 66
22 68
22 69
22 72
22 74
22 76
22 80
22 83
22 84
22 86
22 93
22 96
22 97
22 104
22 106
22 107
22 111
22 113
22 114
22 121
22 122
22 125
22 129
22 131
22 133
22 136
22 147
22 154
22 160
23 24
23 25
23 26
23 31
23 34
23 39
23 44
23 45
23 49
23 51
23 54
23 55
23 56
23 59
23 67
23 68
23 73
23 74
23 84
23 85
23 87
23 89
23 92
23 93
23 94
23 97
23 105
23 108
23 110
23 111
23 114
23 115
23 117
23 118
23 125
23 129
23 133
23 134
23 137
23 138
23 145
23 146
23 147
23 150
23 151
23 155
23 159
23 161
24 29
24 31
24 35
24 36
24 40
24 42
24 46
24 54
24 56
24 59
24 63
24 64
24 65
24 66
24 68
24 70
24 74
24 79
24 83
24 87
24 89
24 92
24 94
24 95
24 97
24 98
24 102
24 109
24 110
24 115
24 117
24 118
24 133
24 134
24 137
24 140
24 142
24 145
24 147
24 148
24 151
24 152
24 153
24 154
24 155
24 156
24 161
25 26
25 30
25 32
25 34
25 38
25 40
25 46
25 49
25 50
25 52
25 54
25 55
25 56
25 61
25 62
25 64
25 65
25 66
25 67
25 68
25 69
25 70
25 73
25 75
25 76
25 79
25 80
25 84
25 87
25 89
25 90
25 91
25 95
25 99
25 100
25 101
25 108
25 109
25 111
25 112
25 114
25 118
25 122
25 125
25 126
25 127
25 128
25 129
25 131
25 133
25 135
25 136
25 137
25 138
25 141
25 142
25 143
25 147
25 149
25 151
25 152
25 153
25 158
25 161
26 31
26 32
26 35
26 36
26 39
26 40
26 43
26 44
26 45
26 46
26 47
26 49
26 54
26 56
26 58
26 59
26 62
26 63
26 64
26 65
26 66
26 67
26 68
26 69
26 70
26 71
26 73
26 74
26 76
26 79
26 80
26 84
26 85
26 86
26 88
26 89
26 91
26 92
26 93
26 94
26 95
26 96
26 98
26 99
26 100
26 101
26 102
26 104
26 105
26 106
26 108
26 109
26 110
26 111
26 112
26 113
26 114
26 115
26 117
26 120
26 125
26 127
26 128
26 129
26 130
26 131
26 133
26 134
26 135
26 136
26 137
26 138
26 139
26 141
26 142
26 143
26 144
26 145
26 146
26 148
26 150
26 151
26 152
26 153
26 154
26 155
26 158
26 161
27 31
27 36
27 49
27 51
27 52
27 56
27 64
27 65
27 68
27 70
27 71
27 74
27 84
27 89
27 94
27 97
27 101
27 105
27 118
27 125
27 130
27 131
27 137
27 138
27 142
27 145
27 146
27 151
27 153
28 29
28 30
28 32
28 34
28 35
28 36
28 38
28 39
28 42
28 44
28 50
28 52
28 53
28 54
28 58
28 65
28 67
28 69
28 70
28 72
28 84
28 86
28 87
28 89
28 91
28 93
28 94
28 97
28 104
28 106
28 109
28 111
28 113
28 114
28 115
28 123
28 127
28 129
28 131
28 133
28 134
28 136
28 138
28 140
28 143
28 145
28 146
28 150
28 151
28 152
28 158
28 160
28 161
29 30
29 31
29 32
29 36
29 39
29 40
29 41
29 45
29 46
29 50
29 51
29 52
29 53
29 56
29 61
29 66
29 68
29 69
29 70
29 72
29 74
29 79
29 85
29 86
29 87
29 93
29 100
29 102
29 110
29 116
29 117
29 127
29 129
29 133
29 137
29 147
29 149
29 150
29 152
29 153
29 157
29 158
29 160
29 161
30 31
30 32
30 34
30 35
30 37
30 38
30 40
30 45
30 46
30 48
30 49
30 50
30 51
30 52
30 53
30 54
30 56
30 58
30 60
30 61
30 63
30 64
30 66
30 67
30 68
30 69
30 70
30 71
30 72
30 73
30 75
30 77
30 78
30 79
30 83
30 88
30 89
30 91
30 92
30 93
30 94
30 96
30 97
30 101
30 102
30 103
30 106
30 107
30 108
30 109
30 112
30 113
30 114
30 115
30 118
30 119
30 121
30 125
30 126
30 127
30 128
30 129
30 131
30 133
30 134
30 135
30 136
30 137
30 138
30 139
30 140
30 141
30 144
30 145
30 146
30 147
30 148
30 149
30 150
30 152
30 153
30 154
30 155
30 157
30 158
30 159
30 160
30 161
31 32
31 33
31 34
31 35
31 36
31 37
31 38
31 39
31 43
31 44
31 45
31 46
31 49
31 50
31 51
31 53
31 54
31 56
31 58
31 61
31 63
31 65
31 66
31 67
31 69
31 70
31 71
31 73
31 74
31 75
31 76
31 77
31 79
31 80
31 81
31 82
31 83
31 84
31 85
31 87
31 88
31 89
31 90
31 91
31 92
31 93
31 94
31 97
31 99
31 100
31 102
31 105
31 106
31 107
31 109
31 111
31 115
31 116
31 117
31 118
31 119
31 122
31 124
31 125
31 127
31 128
31 129
31 130
31 131
31 132
31 133
31 134
31 135
31 136
31 137
31 138
31 139
31 142
31 143
31 145
31 146
31 147
31 148
31 150
31 151
31 152
31 153
31 154
31 155
31 157
31 158
31 159
31 161
32 34
32 35
32 38
32 39
32 41
32 42
32 45
32 47
32 49
32 50
32 51
32 52
32 54
32 55
32 56
32 57
32 58
32 64
32 65
32 67
32 68
32 69
32 70
32 72
32 73
32 74
32 75
32 76
32 79
32 80
32 84
32 86
32 88
32 89
32 90
32 92
32 94
32 96
32 97
32 99
32 100
32 102
32 105
32 106
32 107
32 108
32 111
32 112
32 113
32 114
32 115
32 117
32 118
32 119
32 120
32 125
32 126
32 128
32 129
32 130
32 133
32 136
32 137
32 138
32 139
32 142
32 146
32 150
32 151
32 152
32 153
32 154
32 157
32 158
32 159
32 161
33 35
33 40
33 49
33 52
33 54
33 55
33 58
33 64
33 66
33 70
33 72
33 73
33 90
33 92
33 93
33 101
33 106
33 108
33 110
33 113
33 116
33 126
33 138
33 147
33 150
33 154
34 35
34 36
34 38
34 41
34 44
34 48
34 54
34 58
34 71
34 72
34 73
34 79
34 84
34 86
34 87
34 92
34 94
34 104
34 105
34 109
34 115
34 118
34 126
34 129
34 133
34 134
34 135
34 137
34 138
34 139
34 142
34 146
34 147
34 151
34 152
34 153
35 36
35 37
35 38
35 39
35 42
35 43
35 45
35 46
35 49
35 50
35 51
35 54
35 57
35 58
35 63
35 65
35 67
35 70
35 71
35 72
35 74
35 76
35 77
35 79
35 80
35 81
35 87
35 89
35 91
35 92
35 93
35 99
35 103
35 105
35 106
35 108
35 111
35 112
35 113
35 114
35 115
35 116
35 117
35 118
35 124
35 125
35 126
35 128
35 129
35 130
35 131
35 136
35 137
35 138
35 143
35 147
35 148
35 149
35 150
35 151
35 152
35 154
35 155
35 156
35 158
35 160
36 37
36 38
36 39
36 40
36 49
36 50
36 53
36 54
36 56
36 63
36 65
36 66
36 67
36 68
36 70
36 72
36 73
36 74
36 79
36 80
36 82
36 83
36 84
36 85
36 86
36 87
36 89
36 90
36 97
36 99
36 100
36 101
36 102
36 103
36 104
36 105
36 106
36 108
36 109
36 110
36 111
36 115
36 116
36 121
36 123
36 125
36 126
36 129
36 130
36 133
36 134
36 135
36 137
36 138
36 142
36 143
36 145
36 147
36 148
36 149
36 151
36 154
36 157
36 158
36 160
36 161
37 40
37 43
37 44
37 49
37 50
37 51
37 52
37 54
37 64
37 65
37 67
37 68
37 69
37 70
37 72
37 73
37 74
37 76
37 77
37 80
37 82
37 89
37 95
37 97
37 101
37 105
37 106
37 108
37 109
37 110
37 111
37 112
37 114
37 125
37 126
37 129
37 134
37 137
37 138
37 141
37 143
37 151
37 152
37 157
38 39
38 40
38 42
38 43
38 44
38 45
38 46
38 51
38 52
38 53
38 54
38 55
38 56
38 57
38 58
38 59
38 61
38 63
38 64
38 66
38 67
38 68
38 71
38 72
38 73
38 74
38 75
38 76
38 78
38 79
38 81
38 83
38 84
38 89
38 90
38 91
38 92
38 97
38 99
38 100
38 101
38 102
38 103
38 105
38 106
38 108
38 109
38 110
38 112
38 113
38 114
38 115
38 117
38 124
38 125
38 126
38 129
38 130
38 132
38 133
38 134
38 135
38 137
38 138
38 140
38 141
38 144
38 145
38 147
38 148
38 149
38 150
38 151
38 152
38 153
38 154
38 157
38 158
38 159
38 161
39 40
39 42
39 43
39 44
39 46
39 51
39 54
39 56
39 58
39 60
39 61
39 63
39 64
39 65
39 68
39 70
39 71
39 73
39 74
39 77
39 80
39 81
39 84
39 88
39 89
39 92
39 97
39 101
39 104
39 105
39 108
39 109
39 113
39 114
39 115
39 117
39 118
39 125
39 128
39 130
39 133
39 138
39 139
39 142
39 144
39 146
39 147
39 151
39 152
39 158
39 161
40 41
40 42
40 44
40 46
40 48
40 49
40 50
40 51
40 52
40 53
40 54
40 55
40 56
40 58
40 59
40 60
40 61
40 62
40 64
40 65
40 66
40 67
40 68
40 69
40 70
40 72
40 73
40 74
40 75
40 76
40 77
40 78
40 79
40 80
40 81
40 83
40 84
40 86
40 87
40 88
40 89
40 91
40 93
40 94
40 95
40 96
40 98
40 100
40 101
40 102
40 104
40 105
40 106
40 107
40 108
40 109
40 112
40 113
40 114
40 115
40 117
40 118
40 119
40 125
40 126
40 131
40 133
40 137
40 138
40 139
40 140
40 141
40 142
40 144
40 145
40 146
40 147
40 149
40 150
40 151
40 152
40 153
40 154
40 155
40 157
40 158
40 159
40 160
41 44
41 55
41 58
41 64
41 65
41 67
41 69
41 70
41 72
41 74
41 79
41 83
41 84
41 92
41 98
41 105
41 110
41 112
41 114
41 115
41 117
41 129
41 133
41 134
41 135
41 140
41 143
41 146
41 147
41 151
41 158
41 160
41 161
42 43
42 44
42 47
42 49
42 50
42 52
42 54
42 56
42 58
42 61
42 63
42 65
42 67
42 68
42 70
42 72
42 73
42 74
42 75
42 84
42 85
42 88
42 89
42 94
42 101
42 105
42 107
42 109
42 111
42 112
42 114
42 115
42 117
42 129
42 131
42 138
42 139
42 140
42 142
42 145
42 147
42 149
42 154
42 155
42 156
42 160
43 44
43 49
43 51
43 58
43 59
43 63
43 66
43 67
43 68
43 69
43 70
43 71
43 72
43 73
43 74
43 75
43 83
43 86
43 88
43 89
43 93
43 97
43 101
43 102
43 104
43 111
43 112
43 120
43 121
43 125
43 126
43 129
43 131
43 134
43 135
43 137
43 138
43 139
43 141
43 145
43 146
43 147
43 150
43 151
43 152
43 154
43 157
44 46
44 47
44 51
44 53
44 54
44 60
44 65
44 66
44 67
44 68
44 69
44 70
44 71
44 74
44 75
44 77
44 79
44 81
44 84
44 87
44 89
44 90
44 93
44 94
44 96
44 97
44 99
44 100
44 102
44 105
44 106
44 107
44 109
44 113
44 115
44 116
44 117
44 118
44 124
44 125
44 126
44 128
44 129
44 130
44 131
44 133
44 137
44 138
44 140
44 141
44 143
44 145
44 146
44 147
44 148
44 153
44 154
44 155
44 158
44 159
44 161
45 46
45 50
45 51
45 53
45 54
45 56
45 58
45 59
45 61
45 62
45 63
45 64
45 65
45 66
45 67
45 68
45 69
45 70
45 71
45 72
45 73
45 75
45 76
45 77
45 78
45 79
45 80
45 81
45 83
45 85
45 87
45 89
45 91
45 92
45 94
45 97
45 98
45 100
45 101
45 102
45 103
45 105
45 106
45 107
45 108
45 109
45 110
45 112
45 113
45 114
45 115
45 121
45 125
45 126
45 128
45 129
45 130
45 131
45 133
45 134
45 136
45 137
45 138
45 139
45 140
45 141
45 142
45 145
45 147
45 148
45 151
45 152
45 154
45 156
45 158
45 159
45 161
46 49
46 50
46 52
46 55
46 56
46 59
46 61
46 64
46 68
46 69
46 70
46 71
46 72
46 74
46 75
46 80
46 84
46 87
46 89
46 90
46 92
46 94
46 97
46 100
46 101
46 104
46 107
46 112
46 113
46 114
46 117
46 118
46 124
46 125
46 130
46 131
46 134
46 135
46 136
46 137
46 138
46 142
46 145
46 147
46 148
46 149
46 151
46 153
46 154
46 155
46 157
46 161
47 52
47 57
47 60
47 66
47 67
47 69
47 70
47 71
47 72
47 76
47 77
47 78
47 80
47 84
47 85
47 94
47 98
47 114
47 115
47 117
47 118
47 126
47 128
47 131
47 132
47 133
47 134
47 137
47 148
47 157
47 158
48 51
48 54
48 66
48 70
48 72
48 87
48 89
48 92
48 100
48 101
48 109
48 119
48 131
48 133
48 138
48 139
48 142
48 151
48 153
48 155
48 158
49 50
49 51
49 52
49 54
49 57
49 61
49 63
49 64
49 65
49 67
49 70
49 71
49 72
49 74
49 75
49 76
49 77
49 79
49 80
49 82
49 86
49 87
49 91
49 92
49 95
49 99
49 100
49 101
49 102
49 103
49 104
49 105
49 106
49 107
49 108
49 109
49 112
49 113
49 115
49 116
49 117
49 118
49 119
49 120
49 124
49 126
49 127
49 128
49 131
49 133
49 134
49 135
49 136
49 137
49 138
49 139
49 142
49 143
49 147
49 148
49 149
49 150
49 151
49 152
49 153
49 154
49 155
49 156
49 157
49 158
49 159
49 160
50 53
50 55
50 57
50 58
50 59
50 63
50 64
50 65
50 66
50 67
50 68
50 69
50 70
50 71
50 72
50 73
50 74
50 77
50 81
50 86
50 89
50 90
50 93
50 95
50 97
50 101
50 102
50 103
50 104
50 105
50 106
50 107
50 109
50 112
50 113
50 114
50 118
50 122
50 125
50 126
50 127
50 131
50 133
50 134
50 137
50 138
50 142
50 146
50 147
50 148
50 149
50 152
50 157
51 52
51 53
51 54
51 56
51 58
51 59
51 61
51 63
51 64
51 65
51 66
51 67
51 68
51 69
51 70
51 71
51 72
51 74
51 75
51 76
51 77
51 79
51 80
51 83
51 84
51 86
51 87
51 88
51 89
51 91
51 93
51 94
51 95
51 97
51 98
51 99
51 101
51 102
51 103
51 105
51 106
51 107
51 109
51 110
51 115
51 117
51 118
51 119
51 121
51 122
51 124
51 125
51 126
51 127
51 128
51 129
51 131
51 132
51 133
51 134
51 135
51 137
51 138
51 139
51 142
51 145
51 146
51 147
51 148
51 149
51 150
51 152
51 153
51 154
51 156
51 157
51 158
51 161
52 54
52 63
52 65
52 67
52 69
52 71
52 72
52 74
52 82
52 84
52 86
52 89
52 92
52 94
52 98
52 104
52 108
52 109
52 113
52 115
52 116
52 117
52 119
52 122
52 125
52 126
52 130
52 133
52 136
52 137
52 140
52 142
52 146
52 147
52 151
52 152
52 153
52 154
52 158
53 54
53 58
53 63
53 68
53 71
53 72
53 80
53 83
53 84
53 86
53 87
53 94
53 96
53 101
53 102
53 103
53 108
53 110
53 117
53 118
53 119
53 122
53 125
53 130
53 133
53 136
53 138
53 149
53 150
53 154
54 56
54 58
54 60
54 63
54 64
54 65
54 66
54 67
54 68
54 69
54 72
54 74
54 75
54 77
54 79
54 81
54 82
54 83
54 84
54 86
54 87
54 89
54 90
54 91
54 92
54 93
54 94
54 95
54 97
54 98
54 99
54 101
54 103
54 104
54 105
54 106
54 107
54 108
54 109
54 110
54 113
54 114
54 115
54 116
54 117
54 118
54 121
54 122
54 123
54 125
54 126
54 127
54 129
54 130
54 131
54 133
54 136
54 137
54 138
54 139
54 140
54 141
54 142
54 143
54 144
54 145
54 146
54 147
54 148
54 149
54 150
54 151
54 152
54 154
54 161
55 56
55 57
55 61
55 63
55 65
55 66
55 67
55 69
55 70
55 72
55 73
55 74
55 76
55 77
55 79
55 83
55 86
55 92
55 93
55 94
55 96
55 99
55 100
55 102
55 106
55 107
55 109
55 110
55 113
55 114
55 115
55 118
55 119
55 120
55 127
55 129
55 131
55 132
55 133
55 137
55 138
55 141
55 142
55 147
55 150
55 151
55 152
55 153
55 157
55 158
56 59
56 61
56 62
56 63
56 64
56 66
56 67
56 68
56 70
56 72
56 73
56 74
56 77
56 78
56 79
56 82
56 83
56 84
56 86
56 88
56 89
56 90
56 92
56 93
56 94
56 96
56 97
56 100
56 102
56 104
56 105
56 106
56 108
56 109
56 113
56 114
56 115
56 117
56 118
56 124
56 125
56 126
56 127
56 129
56 130
56 131
56 133
56 134
56 135
56 137
56 138
56 142
56 146
56 148
56 150
56 151
56 152
56 153
56 154
56 155
56 156
56 158
56 159
56 160
57 58
57 68
57 73
57 74
57 80
57 82
57 85
57 88
57 89
57 94
57 95
57 101
57 102
57 105
57 106
57 112
57 114
57 115
57 125
57 127
57 128
57 130
57 132
57 133
57 138
57 139
57 141
57 142
57 143
57 154
57 156
57 161
58 60
58 61
58 64
58 66
58 67
58 68
58 69
58 70
58 72
58 74
58 75
58 77
58 78
58 79
58 81
58 84
58 85
58 86
58 95
58 96
58 100
58 102
58 103
58 106
58 109
58 111
58 112
58 114
58 115
58 118
58 119
58 125
58 127
58 128
58 129
58 130
58 133
58 134
58 136
58 137
58 142
58 143
58 145
58 146
58 147
58 149
58 150
58 151
58 152
58 158
58 159
58 161
59 60
59 63
59 64
59 65
59 66
59 67
59 69
59 72
59 74
59 77
59 79
59 80
59 82
59 85
59 86
59 89
59 90
59 94
59 95
59 97
59 99
59 101
59 102
59 107
59 108
59 110
59 111
59 112
59 113
59 114
59 117
59 118
59 125
59 126
59 132
59 136
59 137
59 138
59 139
59 140
59 141
59 142
59 145
59 147
59 150
59 151
59 152
59 154
59 155
59 158
59 161
60 63
60 72
60 82
60 83
60 89
60 90
60 109
60 114
60 128
60 133
60 134
60 137
60 155
61 63
61 64
61 69
61 70
61 71
61 72
61 74
61 77
61 79
61 80
61 84
61 94
61 99
61 102
61 105
61 106
61 109
61 114
61 115
61 116
61 117
61 118
61 125
61 126
61 128
61 129
61 131
61 134
61 135
61 136
61 137
61 138
61 139
61 142
61 143
61 146
61 147
61 149
61 152
61 153
61 156
61 158
61 159
61 160
62 64
62 67
62 68
62 69
62 71
62 72
62 73
62 77
62 81
62 99
62 103
62 106
62 107
62 109
62 114
62 116
62 118
62 125
62 135
62 136
62 137
62 138
62 141
62 146
62 150
62 151
62 152
62 153
62 157
62 159
63 64
63 65
63 66
63 67
63 68
63 70
63 71
63 72
63 73
63 74
63 75
63 77
63 79
63 80
63 82
63 83
63 85
63 87
63 89
63 93
63 94
63 97
63 99
63 101
63 104
63 105
63 106
63 108
63 110
63 113
63 114
63 120
63 121
63 125
63 126
63 127
63 129
63 130
63 133
63 134
63 135
63 136
63 137
63 138
63 139
63 142
63 147
63 148
63 149
63 151
63 152
63 153
63 154
63 155
63 158
63 159
63 161
64 65
64 66
64 67
64 68
64 69
64 70
64 71
64 73
64 74
64 77
64 78
64 80
64 82
64 83
64 84
64 86
64 87
64 88
64 90
64 91
64 92
64 93
64 94
64 95
64 96
64 97
64 98
64 99
64 100
64 101
64 102
64 103
64 105
64 106
64 108
64 113
64 114
64 115
64 116
64 117
64 118
64 119
64 120
64 121
64 122
64 124
64 127
64 128
64 129
64 130
64 131
64 132
64 134
64 137
64 138
64 139
64 140
64 142
64 145
64 146
64 147
64 150
64 151
64 152
64 154
64 157
64 158
64 159
64 160
64 161
65 66
65 69
65 70
65 71
65 72
65 73
65 74
65 77
65 83
65 84
65 85
65 86
65 87
65 88
65 89
65 90
65 93
65 94
65 96
65 97
65 98
65 102
65 105
65 106
65 107
65 108
65 109
65 110
65 111
65 112
65 114
65 115
65 118
65 119
65 124
65 125
65 126
65 129
65 130
65 133
65 134
65 136
65 137
65 138
65 139
65 142
65 144
65 146
65 149
65 150
65 152
65 154
65 157
65 158
65 159
65 160
65 161
66 68
66 71
66 72
66 73
66 75
66 77
66 79
66 83
66 84
66 86
66 87
66 89
66 90
66 91
66 93
66 94
66 100
66 101
66 102
66 103
66 105
66 106
66 108
66 109
66 113
66 114
66 115
66 117
66 118
66 126
66 129
66 130
66 131
66 133
66 134
66 136
66 137
66 142
66 143
66 145
66 146
66 147
66 148
66 149
66 151
66 152
66 153
66 154
66 158
66 159
67 68
67 69
67 70
67 71
67 72
67 73
67 74
67 75
67 77
67 78
67 79
67 80
67 81
67 82
67 84
67 86
67 89
67 90
67 91
67 93
67 97
67 98
67 99
67 100
67 102
67 103
67 106
67 108
67 109
67 110
67 111
67 112
67 113
67 114
67 117
67 118
67 119
67 125
67 126
67 127
67 128
67 130
67 133
67 134
67 135
67 137
67 138
67 140
67 145
67 147
67 148
67 150
67 152
67 154
67 157
67 158
67 160
67 161
68 69
68 70
68 71
68 72
68 73
68 74
68 75
68 77
68 78
68 79
68 82
68 83
68 85
68 86
68 88
68 91
68 93
68 96
68 97
68 98
68 101
68 102
68 104
68 106
68 107
68 108
68 112
68 113
68 114
68 115
68 116
68 117
68 118
68 121
68 124
68 126
68 128
68 129
68 131
68 132
68 133
68 134
68 136
68 137
68 138
68 142
68 143
68 146
68 147
68 150
68 151
68 154
68 155
68 157
68 158
68 159
68 160
68 161
69 70
69 71
69 72
69 73
69 76
69 79
69 83
69 84
69 85
69 87
69 89
69 92
69 94
69 95
69 96
69 97
69 98
69 99
69 100
69 101
69 102
69 103
69 104
69 105
69 106
69 107
69 108
69 109
69 111
69 112
69 113
69 114
69 115
69 116
69 117
69 118
69 125
69 127
69 129
69 131
69 132
69 135
69 138
69 139
69 142
69 145
69 146
69 147
69 149
69 150
69 151
69 153
69 154
69 155
69 157
69 158
69 159
70 71
70 72
70 73
70 74
70 75
70 76
70 79
70 80
70 81
70 84
70 85
70 86
70 87
70 88
70 89
70 91
70 92
70 94
70 95
70 97
70 98
70 100
70 101
70 102
70 103
70 105
70 106
70 107
70 108
70 109
70 111
70 112
70 113
70 114
70 115
70 117
70 118
70 125
70 126
70 127
70 128
70 129
70 131
70 132
70 134
70 136
70 138
70 139
70 140
70 142
70 143
70 146
70 148
70 149
70 153
70 155
70 156
70 157
70 158
70 159
70 160
71 72
71 74
71 75
71 76
71 77
71 80
71 81
71 83
71 84
71 87
71 89
71 93
71 94
71 95
71 99
71 102
71 106
71 109
71 111
71 112
71 113
71 114
71 116
71 118
71 124
71 125
71 126
71 128
71 130
71 131
71 133
71 134
71 136
71 138
71 139
71 142
71 143
71 145
71 147
71 148
71 151
71 152
71 154
71 156
71 159
71 161
72 76
72 77
72 79
72 82
72 83
72 85
72 86
72 88
72 89
72 91
72 92
72 94
72 95
72 97
72 99
72 101
72 102
72 103
72 105
72 106
72 108
72 109
72 110
72 114
72 115
72 116
72 117
72 118
72 120
72 126
72 127
72 128
72 129
72 130
72 131
72 133
72 135
72 137
72 138
72 139
72 140
72 141
72 143
72 144
72 146
72 147
72 150
72 151
72 152
72 153
72 156
72 157
72 160
72 161
73 74
73 75
73 77
73 79
73 83
73 84
73 86
73 91
73 93
73 94
73 101
73 103
73 104
73 107
73 109
73 111
73 112
73 113
73 115
73 116
73 117
73 118
73 127
73 131
73 133
73 134
73 136
73 138
73 139
73 142
73 143
73 146
73 149
73 150
73 151
73 152
73 153
73 154
73 158
73 159
73 160
73 161
74 75
74 76
74 77
74 81
74 83
74 85
74 86
74 87
74 88
74 89
74 91
74 92
74 93
74 95
74 96
74 99
74 101
74 103
74 106
74 108
74 109
74 112
74 113
74 115
74 116
74 117
74 118
74 121
74 125
74 128
74 131
74 133
74 134
74 137
74 139
74 141
74 142
74 143
74 145
74 147
74 149
74 150
74 151
74 152
74 153
74 154
74 155
74 157
74 158
74 161
75 76
75 79
75 81
75 84
75 85
75 87
75 93
75 94
75 96
75 97
75 99
75 100
75 101
75 105
75 106
75 107
75 108
75 109
75 111
75 112
75 113
75 114
75 115
75 116
75 126
75 128
75 129
75 134
75 137
75 138
75 141
75 142
75 143
75 146
75 147
75 149
75 150
75 151
75 152
75 153
75 157
75 158
75 161
76 77
76 79
76 89
76 90
76 96
76 99
76 102
76 105
76 106
76 107
76 108
76 111
76 114
76 115
76 117
76 118
76 128
76 129
76 133
76 134
76 135
76 137
76 138
76 141
76 142
76 145
76 147
76 150
76 154
76 155
76 161
77 79
77 82
77 83
77 84
77 85
77 86
77 87
77 88
77 89
77 90
77 94
77 95
77 96
77 97
77 100
77 102
77 106
77 108
77 109
77 110
77 112
77 113
77 114
77 115
77 118
77 125
77 129
77 130
77 131
77 132
77 134
77 135
77 136
77 137
77 139
77 140
77 141
77 145
77 147
77 151
77 153
77 154
77 155
77 157
77 158
77 159
77 160
77 161
78 82
78 87
78 106
78 108
78 109
78 133
78 142
78 149
78 153
78 158
78 161
79 82
79 84
79 85
79 88
79 89
79 91
79 92
79 93
79 94
79 95
79 96
79 99
79 100
79 101
79 102
79 103
79 106
79 107
79 111
79 112
79 114
79 115
79 116
79 117
79 118
79 121
79 124
79 126
79 128
79 129
79 130
79 131
79 132
79 133
79 134
79 135
79 136
79 137
79 138
79 139
79 140
79 141
79 142
79 143
79 144
79 145
79 146
79 149
79 150
79 151
79 152
79 153
79 156
79 159
80 84
80 87
80 88
80 90
80 94
80 98
80 100
80 102
80 107
80 109
80 113
80 114
80 118
80 124
80 125
80 129
80 133
80 134
80 136
80 137
80 138
80 142
80 146
80 147
80 150
80 153
80 160
81 83
81 84
81 89
81 93
81 98
81 101
81 102
81 105
81 106
81 107
81 108
81 118
81 125
81 128
81 129
81 134
81 137
81 138
81 139
81 142
81 145
81 149
81 152
81 157
81 158
82 84
82 87
82 103
82 107
82 114
82 116
82 117
82 118
82 125
82 130
82 137
82 138
82 139
82 142
82 152
82 154
82 158
82 161
83 84
83 85
83 87
83 93
83 94
83 96
83 97
83 101
83 102
83 106
83 112
83 113
83 114
83 116
83 117
83 121
83 125
83 127
83 128
83 130
83 134
83 139
83 142
83 145
83 146
83 149
83 151
83 154
83 158
83 159
84 85
84 89
84 94
84 96
84 97
84 98
84 103
84 106
84 107
84 111
84 112
84 113
84 114
84 117
84 118
84 122
84 124
84 125
84 129
84 134
84 137
84 138
84 139
84 141
84 142
84 143
84 148
84 151
84 152
84 153
84 154
84 157
84 158
84 161
85 88
85 92
85 97
85 98
85 102
85 106
85 108
85 109
85 112
85 114
85 117
85 125
85 134
85 138
85 139
85 145
85 148
85 150
85 151
85 153
85 155
85 157
85 158
85 159
85 160
86 89
86 94
86 97
86 100
86 101
86 107
86 109
86 113
86 114
86 115
86 117
86 118
86 125
86 128
86 129
86 133
86 136
86 142
86 147
86 150
86 151
86 153
86 157
86 158
87 89
87 94
87 98
87 101
87 105
87 106
87 108
87 110
87 113
87 114
87 116
87 118
87 121
87 125
87 126
87 128
87 131
87 134
87 137
87 138
87 142
87 143
87 145
87 150
87 153
87 157
87 158
87 161
88 101
88 102
88 104
88 105
88 110
88 112
88 113
88 114
88 117
88 125
88 126
88 130
88 131
88 138
88 139
88 142
88 147
88 151
88 152
88 154
88 155
88 156
88 157
89 90
89 91
89 92
89 93
89 94
89 97
89 98
89 101
89 103
89 105
89 106
89 107
89 108
89 109
89 110
89 111
89 112
89 113
89 114
89 115
89 116
89 117
89 119
89 120
89 122
89 123
89 124
89 125
89 126
89 127
89 128
89 129
89 130
89 131
89 133
89 134
89 135
89 137
89 138
89 140
89 141
89 146
89 149
89 150
89 151
89 152
89 153
89 154
89 155
89 157
89 161
90 94
90 101
90 103
90 115
90 118
90 125
90 129
90 131
90 132
90 136
90 137
90 141
90 146
90 151
90 157
90 161
91 92
91 93
91 100
91 102
91 103
91 104
91 106
91 108
91 112
91 113
91 114
91 115
91 117
91 118
91 129
91 130
91 131
91 133
91 134
91 137
91 138
91 142
91 146
91 147
91 149
91 152
91 155
91 157
91 160
91 161
92 94
92 99
92 101
92 102
92 103
92 104
92 105
92 106
92 109
92 110
92 112
92 115
92 118
92 125
92 127
92 130
92 131
92 133
92 134
92 137
92 138
92 139
92 141
92 146
92 148
92 149
92 150
92 152
92 154
92 155
92 157
92 161
93 94
93 96
93 97
93 98
93 102
93 106
93 108
93 109
93 112
93 114
93 118
93 122
93 127
93 130
93 132
93 133
93 135
93 137
93 140
93 141
93 147
93 152
93 153
93 154
93 157
93 158
93 159
94 97
94 99
94 100
94 101
94 102
94 106
94 107
94 108
94 109
94 112
94 113
94 114
94 116
94 117
94 118
94 121
94 122
94 125
94 127
94 129
94 131
94 133
94 134
94 135
94 138
94 139
94 142
94 146
94 147
94 151
94 152
94 154
94 157
94 158
95 101
95 103
95 108
95 109
95 112
95 113
95 115
95 127
95 131
95 133
95 135
95 137
95 139
95 142
95 150
95 151
95 152
95 154
95 157
95 158
95 160
96 104
96 105
96 106
96 107
96 108
96 114
96 127
96 131
96 134
96 137
96 138
96 142
96 145
96 146
96 149
96 152
96 154
96 158
96 159
96 161
97 105
97 106
97 107
97 108
97 109
97 112
97 116
97 117
97 118
97 121
97 122
97 123
97 124
97 126
97 127
97 129
97 130
97 131
97 133
97 135
97 137
97 139
97 141
97 142
97 145
97 146
97 147
97 149
97 151
97 152
97 153
97 154
97 155
97 157
97 158
97 159
97 160
97 161
98 100
98 102
98 106
98 108
98 109
98 112
98 113
98 118
98 128
98 129
98 133
98 136
98 140
98 144
98 145
98 146
98 147
98 148
98 150
98 151
98 152
98 153
98 154
98 159
99 102
99 106
99 111
99 113
99 114
99 115
99 118
99 119
99 125
99 133
99 136
99 138
99 139
99 140
99 142
99 145
99 147
99 148
99 150
99 152
99 159
99 161
100 101
100 102
100 105
100 106
100 108
100 114
100 115
100 116
100 117
100 118
100 129
100 131
100 133
100 136
100 137
100 138
100 145
100 146
100 149
100 150
100 152
100 154
100 158
100 161
101 102
101 104
101 106
101 109
101 110
101 111
101 112
101 113
101 117
101 118
101 124
101 125
101 126
101 128
101 130
101 134
101 135
101 136
101 137
101 138
101 139
101 140
101 141
101 142
101 143
101 145
101 147
101 150
101 151
101 153
101 154
101 155
101 157
101 159
101 161
102 103
102 105
102 106
102 107
102 109
102 111
102 114
102 116
102 117
102 119
102 124
102 125
102 129
102 130
102 131
102 133
102 134
102 135
102 136
102 138
102 141
102 142
102 145
102 146
102 147
102 148
102 149
102 150
102 151
102 152
102 153
102 154
102 155
102 156
102 159
102 160
102 161
103 106
103 107
103 108
103 109
103 110
103 111
103 114
103 115
103 122
103 128
103 129
103 130
103 131
103 134
103 138
103 139
103 146
103 147
103 148
103 151
103 152
103 153
103 154
103 157
103 159
103 160
104 106
104 111
104 112
104 113
104 114
104 115
104 121
104 122
104 125
104 127
104 133
104 134
104 138
104 139
104 142
104 143
104 146
104 147
104 148
104 150
104 151
104 159
104 161
105 106
105 107
105 108
105 109
105 110
105 111
105 112
105 113
105 115
105 117
105 118
105 122
105 126
105 128
105 129
105 131
105 133
105 135
105 137
105 138
105 139
105 140
105 141
105 142
105 146
105 149
105 150
105 152
105 153
105 154
105 157
105 159
106 109
106 112
106 114
106 115
106 116
106 118
106 122
106 125
106 126
106 128
106 129
106 130
106 131
106 132
106 133
106 134
106 135
106 136
106 137
106 138
106 139
106 142
106 145
106 146
106 147
106 148
106 150
106 151
106 152
106 153
106 157
106 158
106 160
107 109
107 110
107 114
107 115
107 116
107 124
107 125
107 129
107 132
107 133
107 135
107 137
107 138
107 141
107 142
107 146
107 147
107 149
107 152
107 154
107 158
108 109
108 110
108 112
108 114
108 116
108 117
108 119
108 120
108 121
108 123
108 125
108 129
108 131
108 133
108 134
108 137
108 138
108 141
108 142
108 145
108 146
108 147
108 148
108 149
108 150
108 151
108 153
108 154
108 155
108 156
108 157
108 158
108 160
108 161
109 111
109 114
109 115
109 116
109 118
109 124
109 128
109 129
109 130
109 134
109 137
109 138
109 142
109 143
109 146
109 147
109 148
109 149
109 150
109 151
109 153
109 154
109 157
109 158
109 159
109 160
109 161
110 113
110 114
110 118
110 124
110 129
110 132
110 134
110 146
110 147
110 151
110 153
110 154
110 157
110 158
111 112
111 114
111 117
111 125
111 126
111 128
111 131
111 133
111 134
111 136
111 137
111 138
111 142
111 144
111 146
111 148
111 149
111 153
111 154
111 157
111 158
112 113
112 114
112 116
112 117
112 118
112 125
112 126
112 130
112 133
112 134
112 135
112 138
112 139
112 141
112 143
112 144
112 145
112 147
112 151
112 152
112 153
112 154
112 156
112 157
112 158
112 160
113 114
113 115
113 117
113 118
113 121
113 126
113 129
113 130
113 131
113 133
113 134
113 135
113 137
113 138
113 140
113 142
113 146
113 147
113 149
113 150
113 154
113 155
113 160
113 161
114 115
114 116
114 117
114 118
114 119
114 122
114 126
114 127
114 129
114 130
114 131
114 133
114 135
114 136
114 137
114 138
114 140
114 142
114 145
114 146
114 147
114 148
114 149
114 150
114 151
114 152
114 156
114 157
114 158
114 161
115 116
115 117
115 118
115 121
115 123
115 125
115 126
115 128
115 129
115 130
115 131
115 132
115 134
115 135
115 137
115 138
115 139
115 141
115 142
115 143
115 146
115 147
115 148
115 149
115 152
115 153
115 154
115 155
115 157
115 159
115 160
115 161
116 117
116 119
116 125
116 128
116 129
116 131
116 133
116 134
116 138
116 146
116 147
116 150
116 152
116 158
117 121
117 125
117 126
117 127
117 129
117 131
117 133
117 134
117 136
117 137
117 139
117 140
117 141
117 142
117 143
117 145
117 146
117 149
117 150
117 151
117 152
117 153
117 154
117 158
117 159
117 160
118 123
118 124
118 126
118 128
118 129
118 130
118 131
118 133
118 134
118 135
118 136
118 137
118 138
118 141
118 142
118 145
118 146
118 147
118 148
118 149
118 150
118 151
118 152
118 153
118 154
118 156
118 157
118 158
118 159
118 160
118 161
119 123
119 131
119 133
119 137
119 138
119 140
119 142
119 149
119 150
119 152
119 154
119 155
120 133
120 136
120 138
120 139
120 146
120 151
120 152
120 158
121 126
121 130
121 139
121 142
121 145
121 148
121 153
121 158
121 161
122 129
122 131
122 137
122 147
122 157
123 131
123 133
123 137
123 140
123 142
123 146
123 151
123 154
123 155
124 126
124 130
124 133
124 134
124 138
124 139
124 146
124 160
124 161
125 126
125 128
125 129
125 131
125 133
125 134
125 135
125 136
125 137
125 138
125 140
125 142
125 145
125 147
125 150
125 151
125 152
125 156
125 157
125 159
125 160
126 127
126 128
126 130
126 131
126 132
126 133
126 134
126 137
126 138
126 142
126 145
126 146
126 149
126 151
126 152
126 154
126 157
127 131
127 136
127 138
127 139
127 140
127 142
127 146
127 148
127 152
127 158
128 132
128 133
128 135
128 138
128 140
128 142
128 146
128 150
128 151
128 152
128 153
128 158
128 159
128 161
129 131
129 133
129 134
129 135
129 136
129 137
129 139
129 140
129 141
129 143
129 144
129 146
129 147
129 149
129 150
129 153
129 154
129 157
129 158
129 159
129 160
129 161
130 131
130 133
130 134
130 136
130 137
130 139
130 144
130 145
130 146
130 147
130 152
130 157
130 158
131 133
131 134
131 135
131 136
131 137
131 138
131 141
131 142
131 143
131 145
131 146
131 147
131 148
131 151
131 152
131 153
131 154
131 156
131 157
131 158
131 159
131 161
132 133
132 134
132 135
132 138
132 142
132 153
132 154
132 160
133 134
133 137
133 138
133 139
133 141
133 142
133 145
133 146
133 147
133 148
133 149
133 150
133 152
133 153
133 154
133 156
134 135
134 136
134 137
134 138
134 139
134 142
134 145
134 147
134 149
134 150
134 151
134 152
134 153
134 154
134 157
134 160
134 161
135 136
135 137
135 138
135 141
135 142
135 146
135 147
135 148
135 151
135 152
135 154
135 155
135 157
135 160
136 138
136 141
136 142
136 147
136 150
136 154
136 157
136 160
136 161
137 138
137 139
137 140
137 141
137 142
137 143
137 145
137 146
137 147
137 148
137 149
137 150
137 151
137 152
137 153
137 154
137 157
137 158
137 159
137 160
137 161
138 139
138 141
138 142
138 143
138 144
138 145
138 147
138 149
138 150
138 153
138 154
138 157
138 158
138 161
139 140
139 142
139 145
139 146
139 147
139 148
139 150
139 151
139 152
139 155
139 157
139 158
139 161
140 142
140 148
140 151
140 152
140 153
140 155
140 161
141 147
141 149
141 151
141 152
141 154
141 157
141 158
142 143
142 146
142 147
142 149
142 151
142 152
142 153
142 154
142 155
142 158
142 159
142 160
142 161
143 145
143 147
143 149
143 151
143 153
143 158
143 161
144 149
144 150
144 153
145 150
145 154
145 160
146 147
146 148
146 150
146 152
146 154
146 156
146 157
146 160
146 161
147 148
147 150
147 151
147 152
147 153
147 154
147 156
147 157
147 158
147 160
147 161
148 151
148 152
149 150
149 152
150 151
150 152
150 153
150 154
150 155
150 157
150 161
151 154
151 156
151 157
151 158
151 159
151 160
151 161
152 154
152 155
152 156
152 158
152 159
152 161
153 154
153 157
153 158
153 159
153 160
153 161
154 156
154 157
154 158
154 160
155 161
156 158
157 158
157 159
157 160
157 161
158 160
159 160
159 161
