0 1
0 2
0 4
0 5
0 12
0 15
0 19
0 21
0 25
0 26
0 30
0 34
0 35
0 40
0 43
0 51
0 54
0 56
0 58
0 66
0 67
0 71
0 72
0 73
0 74
0 75
0 77
0 79
0 80
0 81
0 84
0 85
0 87
0 89
0 93
0 100
0 101
0 102
0 105
0 107
0 108
0 116
0 118
0 125
0 128
0 129
0 131
0 133
0 137
0 141
0 142
0 145
0 146
0 147
0 150
0 152
0 153
0 156
0 158
0 159
1 4
1 5
1 6
1 7
1 11
1 12
1 17
1 18
1 19
1 21
1 22
1 25
1 26
1 28
1 30
1 32
1 35
1 36
1 38
1 42
1 43
1 44
1 45
1 49
1 50
1 51
1 53
1 56
1 58
1 59
1 63
1 69
1 70
1 71
1 72
1 77
1 79
1 81
1 83
1 84
1 85
1 86
1 87
1 94
1 95
1 96
1 97
1 98
1 100
1 101
1 102
1 103
1 105
1 106
1 111
1 112
1 114
1 115
1 116
1 117
1 118
1 121
1 122
1 127
1 129
1 130
1 134
1 138
1 142
1 145
1 150
1 151
1 152
1 154
1 155
1 157
1 158
1 159
1 161
2 6
2 7
2 8
2 13
2 14
2 26
2 30
2 31
2 37
2 38
2 39
2 40
2 43
2 46
2 47
2 57
2 64
2 68
2 69
2 70
2 72
2 77
2 79
2 82
2 85
2 90
2 91
2 94
2 100
2 109
2 114
2 115
2 116
2 117
2 118
2 126
2 129
2 130
2 131
2 137
2 138
2 139
2 140
2 143
2 145
2 146
2 151
2 152
2 158
2 160
2 161
3 4
3 6
3 7
3 13
3 16
3 21
3 22
3 23
3 26
3 30
3 31
3 32
3 38
3 46
3 49
3 51
3 58
3 65
3 67
3 72
3 74
3 76
3 85
3 86
3 87
3 88
3 93
3 94
3 95
3 97
3 98
3 100
3 102
3 106
3 108
3 109
3 111
3 114
3 117
3 118
3 119
3 123
3 129
3 138
3 140
3 142
3 151
3 152
3 154
3 157
4 6
4 7
4 11
4 12
4 14
4 19
4 20
4 21
4 22
4 23
4 24
4 25
4 26
4 29
4 30
4 31
4 32
4 35
4 36
4 38
4 39
4 40
4 42
4 43
4 44
4 45
4 46
4 47
4 49
4 50
4 51
4 52
4 53
4 54
4 56
4 57
4 62
4 63
4 64
4 65
4 68
4 69
4 70
4 71
4 72
4 73
4 75
4 76
4 77
4 79
4 80
4 81
4 83
4 86
4 87
4 89
4 92
4 94
4 95
4 96
4 98
4 101
4 102
4 104
4 105
4 107
4 108
4 109
4 110
4 112
4 113
4 114
4 117
4 118
4 120
4 121
4 125
4 126
4 127
4 129
4 130
4 131
4 132
4 133
4 135
4 136
4 137
4 138
4 139
4 140
4 141
4 142
4 144
4 145
4 147
4 148
4 150
4 151
4 152
4 153
4 154
4 155
4 157
4 158
4 159
4 160
5 6
5 10
5 11
5 18
5 43
5 47
5 63
5 64
5 67
5 68
5 73
5 74
5 77
5 79
5 83
5 87
5 92
5 106
5 111
5 114
5 117
5 118
5 126
5 130
5 131
5 138
5 147
5 149
5 150
5 151
5 154
5 157
6 7
6 8
6 9
6 11
6 14
6 15
6 16
6 17
6 19
6 21
6 23
6 25
6 26
6 28
6 30
6 31
6 32
6 33
6 37
6 38
6 39
6 40
6 41
6 42
6 44
6 45
6 47
6 50
6 51
6 53
6 54
6 55
6 56
6 58
6 59
6 60
6 64
6 66
6 67
6 70
6 71
6 72
6 73
6 74
6 76
6 77
6 79
6 81
6 84
6 87
6 88
6 89
6 91
6 93
6 94
6 95
6 99
6 101
6 103
6 104
6 106
6 107
6 109
6 111
6 112
6 113
6 114
6 115
6 117
6 118
6 124
6 125
6 127
6 128
6 129
6 130
6 131
6 132
6 133
6 134
6 135
6 137
6 138
6 139
6 140
6 142
6 143
6 146
6 147
6 149
6 151
6 152
6 154
6 155
6 157
6 158
6 160
6 161
7 8
7 9
7 10
7 11
7 13
7 14
7 16
7 17
7 20
7 21
7 23
7 25
7 26
7 28
7 30
7 31
7 34
7 37
7 38
7 39
7 40
7 45
7 46
7 48
7 49
7 50
7 51
7 53
7 54
7 56
7 57
7 58
7 59
7 60
7 62
7 63
7 64
7 65
7 67
7 69
7 70
7 71
7 72
7 73
7 74
7 77
7 79
7 80
7 81
7 82
7 83
7 87
7 88
7 92
7 93
7 97
7 98
7 99
7 101
7 103
7 105
7 106
7 108
7 109
7 111
7 112
7 113
7 114
7 115
7 117
7 118
7 122
7 126
7 129
7 130
7 131
7 133
7 134
7 135
7 136
7 138
7 139
7 141
7 143
7 144
7 145
7 146
7 147
7 148
7 149
7 151
7 152
7 154
7 155
7 157
7 158
7 160
8 11
8 14
8 21
8 25
8 30
8 32
8 52
8 63
8 64
8 68
8 70
8 74
8 75
8 77
8 82
8 86
8 89
8 95
8 96
8 97
8 102
8 103
8 106
8 110
8 116
8 117
8 118
8 125
8 131
8 133
8 135
8 136
8 138
8 139
8 140
8 142
8 146
8 147
8 151
8 154
8 155
9 12
9 14
9 15
9 18
9 19
9 20
9 25
9 26
9 29
9 31
9 34
9 35
9 36
9 37
9 40
9 43
9 45
9 46
9 47
9 49
9 50
9 51
9 57
9 59
9 61
9 62
9 63
9 66
9 67
9 68
9 69
9 71
9 72
9 73
9 74
9 76
9 80
9 83
9 86
9 87
9 88
9 89
9 93
9 94
9 95
9 96
9 97
9 103
9 104
9 107
9 108
9 112
9 115
9 116
9 118
9 122
9 125
9 130
9 131
9 133
9 136
9 137
9 140
9 141
9 142
9 143
9 148
9 150
9 151
9 152
9 153
9 155
9 157
9 158
9 159
9 160
10 11
10 13
10 14
10 20
10 22
10 25
10 32
10 33
10 35
10 36
10 37
10 40
10 43
10 45
10 49
10 51
10 52
10 53
10 54
10 56
10 61
10 63
10 64
10 68
10 70
10 72
10 74
10 77
10 82
10 83
10 84
10 85
10 86
10 89
10 90
10 91
10 93
10 99
10 100
10 102
10 104
10 106
10 109
10 110
10 112
10 113
10 115
10 116
10 117
10 118
10 125
10 128
10 129
10 130
10 131
10 133
10 136
10 137
10 138
10 139
10 147
10 149
10 150
10 151
10 154
10 159
10 161
11 12
11 13
11 16
11 17
11 19
11 22
11 23
11 24
11 25
11 26
11 27
11 28
11 30
11 32
11 35
11 36
11 37
11 38
11 40
11 42
11 46
11 51
11 52
11 53
11 54
11 55
11 56
11 61
11 63
11 64
11 66
11 67
11 69
11 71
11 72
11 73
11 74
11 77
11 79
11 81
11 82
11 83
11 84
11 86
11 87
11 89
11 92
11 94
11 99
11 101
11 107
11 110
11 112
11 114
11 115
11 117
11 125
11 128
11 129
11 130
11 131
11 133
11 134
11 135
11 136
11 137
11 138
11 139
11 140
11 145
11 146
11 147
11 150
11 151
11 152
11 153
11 156
11 157
11 158
11 161
12 14
12 19
12 23
12 26
12 27
12 28
12 31
12 32
12 36
12 37
12 38
12 40
12 48
12 49
12 51
12 55
12 61
12 65
12 66
12 67
12 68
12 70
12 71
12 73
12 77
12 79
12 83
12 85
12 88
12 94
12 96
12 100
12 102
12 108
12 110
12 114
12 115
12 117
12 118
12 121
12 124
12 125
12 129
12 130
12 132
12 133
12 134
12 137
12 140
12 141
12 143
12 147
12 149
12 151
12 152
12 158
13 14
13 19
13 25
13 26
13 31
13 32
13 40
13 44
13 45
13 47
13 50
13 53
13 54
13 56
13 58
13 59
13 60
13 64
13 65
13 67
13 68
13 70
13 71
13 72
13 73
13 74
13 77
13 80
13 87
13 94
13 96
13 98
13 101
13 104
13 108
13 111
13 114
13 115
13 119
13 122
13 125
13 129
13 130
13 133
13 134
13 135
13 137
13 138
13 139
13 145
13 146
13 147
13 150
13 154
13 157
14 15
14 16
14 17
14 18
14 19
14 20
14 21
14 22
14 24
14 25
14 26
14 27
14 29
14 31
14 32
14 35
14 37
14 39
14 40
14 42
14 43
14 45
14 49
14 51
14 52
14 54
14 55
14 56
14 57
14 58
14 59
14 61
14 62
14 63
14 64
14 65
14 66
14 67
14 68
14 69
14 70
14 71
14 72
14 73
14 74
14 75
14 76
14 79
14 80
14 84
14 85
14 86
14 87
14 89
14 91
14 92
14 93
14 94
14 95
14 99
14 100
14 101
14 104
14 107
14 109
14 111
14 113
14 115
14 117
14 118
14 122
14 126
14 127
14 129
14 131
14 132
14 133
14 134
14 135
14 137
14 138
14 139
14 141
14 142
14 145
14 146
14 147
14 151
14 152
14 153
14 154
14 157
14 158
14 159
14 160
14 161
15 18
15 19
15 21
15 22
15 25
15 26
15 28
15 31
15 34
15 35
15 40
15 42
15 43
15 44
15 45
15 46
15 49
15 51
15 54
15 56
15 61
15 64
15 65
15 66
15 67
15 68
15 71
15 74
15 79
15 80
15 85
15 89
15 91
15 94
15 100
15 101
15 102
15 103
15 104
15 107
15 110
15 111
15 113
15 117
15 118
15 122
15 125
15 128
15 131
15 133
15 134
15 135
15 137
15 138
15 140
15 141
15 142
15 145
15 150
15 151
15 152
15 154
15 157
15 158
16 21
16 23
16 26
16 28
16 31
16 34
16 35
16 38
16 47
16 49
16 52
16 53
16 54
16 55
16 58
16 63
16 65
16 67
16 68
16 69
16 70
16 72
16 74
16 87
16 96
16 97
16 98
16 99
16 101
16 102
16 107
16 109
16 114
16 115
16 129
16 130
16 131
16 133
16 141
16 142
16 150
16 154
16 157
16 160
17 26
17 37
17 61
17 65
17 70
17 73
17 74
17 84
17 89
17 92
17 94
17 105
17 115
17 127
17 131
17 138
17 139
17 141
17 145
17 150
17 153
17 154
17 158
18 19
18 20
18 26
18 29
18 31
18 32
18 33
18 35
18 36
18 37
18 38
18 39
18 40
18 44
18 45
18 46
18 51
18 54
18 56
18 58
18 63
18 64
18 67
18 68
18 73
18 74
18 75
18 77
18 80
18 82
18 86
18 87
18 91
18 96
18 99
18 105
18 106
18 109
18 110
18 111
18 113
18 115
18 116
18 119
18 122
18 125
18 127
18 129
18 131
18 134
18 135
18 138
18 142
18 143
18 144
18 145
18 150
18 151
18 152
18 154
18 158
19 21
19 22
19 23
19 24
19 28
19 29
19 30
19 31
19 32
19 34
19 35
19 36
19 37
19 38
19 39
19 40
19 41
19 44
19 45
19 48
19 49
19 50
19 51
19 52
19 54
19 63
19 64
19 65
19 66
19 67
19 68
19 70
19 73
19 74
19 75
19 76
19 77
19 80
19 83
19 84
19 86
19 88
19 89
19 91
19 93
19 94
19 95
19 96
19 97
19 98
19 99
19 100
19 101
19 102
19 103
19 106
19 109
19 110
19 111
19 112
19 113
19 114
19 115
19 117
19 119
19 120
19 122
19 124
19 125
19 128
19 129
19 130
19 131
19 132
19 133
19 134
19 137
19 138
19 139
19 140
19 142
19 143
19 145
19 147
19 148
19 150
19 151
19 152
19 153
19 154
19 158
19 159
19 160
20 21
20 25
20 30
20 32
20 34
20 35
20 39
20 43
20 45
20 55
20 56
20 57
20 59
20 61
20 74
20 80
20 82
20 86
20 87
20 88
20 94
20 95
20 97
20 101
20 103
20 105
20 106
20 107
20 109
20 117
20 125
20 126
20 128
20 131
20 138
20 145
20 147
20 151
20 157
20 158
20 159
21 22
21 29
21 30
21 31
21 38
21 40
21 43
21 44
21 45
21 46
21 49
21 51
21 54
21 55
21 56
21 61
21 63
21 64
21 67
21 68
21 69
21 70
21 71
21 73
21 74
21 79
21 83
21 88
21 92
21 93
21 94
21 97
21 98
21 99
21 100
21 101
21 102
21 103
21 105
21 106
21 109
21 111
21 112
21 114
21 118
21 121
21 122
21 125
21 126
21 127
21 128
21 129
21 132
21 135
21 136
21 137
21 138
21 139
21 140
21 141
21 142
21 143
21 145
21 146
21 147
21 148
21 149
21 150
21 156
21 157
21 158
21 159
21 161
22 24
22 25
22 26
22 29
22 31
22 32
22 35
22 36
22 37
22 40
22 45
22 49
22 51
22 52
22 56
22 58
22 63
22 64
22 69
22 70
22 72
22 74
22 79
22 84
22 87
22 89
22 90
22 93
22 97
22 101
22 102
22 103
22 104
22 109
22 110
22 113
22 117
22 120
22 128
22 131
22 133
22 134
22 138
22 141
22 150
22 153
22 158
23 26
23 36
23 40
23 44
23 45
23 46
23 50
23 51
23 54
23 56
23 59
23 61
23 64
23 65
23 67
23 69
23 71
23 72
23 74
23 77
23 84
23 86
23 89
23 90
23 93
23 94
23 95
23 99
23 102
23 104
23 106
23 109
23 112
23 113
23 115
23 121
23 125
23 126
23 127
23 130
23 137
23 138
23 139
23 140
23 145
23 146
23 149
23 150
23 154
23 155
23 161
24 31
24 35
24 37
24 43
24 46
24 49
24 54
24 59
24 64
24 65
24 66
24 68
24 69
24 70
24 71
24 74
24 75
24 77
24 86
24 88
24 89
24 94
24 97
24 98
24 101
24 108
24 109
24 110
24 112
24 113
24 118
24 125
24 126
24 135
24 137
24 141
24 142
24 143
24 146
24 147
24 151
24 152
24 154
24 157
25 26
25 29
25 30
25 31
25 32
25 34
25 35
25 38
25 40
25 42
25 44
25 45
25 51
25 52
25 54
25 57
25 64
25 66
25 67
25 68
25 72
25 74
25 77
25 79
25 82
25 85
25 88
25 89
25 94
25 95
25 103
25 105
25 106
25 113
25 114
25 115
25 118
25 121
25 127
25 129
25 133
25 134
25 135
25 136
25 137
25 141
25 142
25 146
25 147
25 149
25 150
25 151
25 152
25 154
25 157
25 160
26 27
26 29
26 31
26 32
26 36
26 37
26 38
26 39
26 40
26 42
26 43
26 44
26 45
26 46
26 50
26 51
26 53
26 54
26 56
26 57
26 58
26 61
26 62
26 63
26 64
26 65
26 67
26 68
26 69
26 70
26 72
26 74
26 75
26 76
26 77
26 80
26 82
26 83
26 84
26 85
26 87
26 88
26 89
26 91
26 92
26 94
26 97
26 98
26 99
26 100
26 101
26 102
26 103
26 104
26 105
26 106
26 107
26 108
26 111
26 114
26 115
26 116
26 117
26 118
26 122
26 124
26 125
26 126
26 127
26 128
26 129
26 133
26 135
26 136
26 138
26 139
26 142
26 143
26 145
26 146
26 147
26 150
26 151
26 153
26 154
26 158
26 159
26 161
27 28
27 38
27 46
27 49
27 53
27 54
27 56
27 61
27 68
27 70
27 71
27 74
27 77
27 80
27 84
27 86
27 87
27 102
27 111
27 114
27 123
27 125
27 126
27 133
27 134
27 137
27 146
27 147
27 150
27 151
27 158
27 161
28 29
28 31
28 32
28 35
28 36
28 37
28 38
28 40
28 43
28 45
28 50
28 54
28 55
28 58
28 64
28 69
28 70
28 71
28 74
28 84
28 87
28 94
28 97
28 101
28 102
28 106
28 107
28 122
28 124
28 125
28 133
28 137
28 143
28 145
28 151
28 152
28 154
28 156
28 161
29 30
29 31
29 32
29 35
29 36
29 40
29 44
29 63
29 64
29 65
29 77
29 79
29 80
29 91
29 94
29 99
29 103
29 108
29 111
29 112
29 113
29 115
29 124
29 126
29 134
29 137
29 151
29 152
29 154
30 32
30 35
30 38
30 39
30 40
30 43
30 44
30 45
30 46
30 49
30 50
30 51
30 52
30 55
30 56
30 58
30 59
30 61
30 63
30 64
30 65
30 68
30 69
30 70
30 71
30 72
30 73
30 74
30 75
30 77
30 79
30 82
30 84
30 85
30 87
30 88
30 89
30 90
30 91
30 92
30 93
30 94
30 96
30 97
30 98
30 101
30 103
30 104
30 105
30 106
30 108
30 111
30 112
30 113
30 115
30 117
30 118
30 120
30 121
30 122
30 124
30 128
30 129
30 130
30 131
30 133
30 134
30 135
30 136
30 138
30 139
30 140
30 141
30 142
30 146
30 147
30 148
30 150
30 151
30 152
30 153
30 154
30 157
30 158
30 159
30 161
31 32
31 34
31 35
31 36
31 38
31 39
31 40
31 41
31 43
31 45
31 49
31 50
31 51
31 52
31 53
31 54
31 55
31 56
31 59
31 63
31 64
31 65
31 67
31 68
31 70
31 71
31 72
31 73
31 74
31 76
31 77
31 79
31 80
31 83
31 86
31 87
31 92
31 93
31 94
31 97
31 98
31 99
31 100
31 101
31 102
31 105
31 106
31 107
31 109
31 111
31 112
31 113
31 114
31 115
31 124
31 125
31 126
31 129
31 131
31 132
31 133
31 134
31 135
31 136
31 137
31 138
31 139
31 141
31 146
31 147
31 149
31 152
31 154
31 157
31 158
31 160
32 36
32 38
32 39
32 40
32 41
32 43
32 44
32 45
32 46
32 47
32 50
32 51
32 52
32 54
32 55
32 56
32 58
32 61
32 62
32 63
32 66
32 67
32 68
32 69
32 70
32 71
32 72
32 73
32 74
32 75
32 76
32 79
32 83
32 85
32 86
32 87
32 88
32 89
32 91
32 93
32 94
32 95
32 99
32 101
32 102
32 104
32 105
32 106
32 107
32 108
32 109
32 110
32 111
32 112
32 113
32 114
32 115
32 117
32 121
32 122
32 125
32 126
32 127
32 129
32 130
32 131
32 133
32 134
32 135
32 137
32 139
32 140
32 141
32 142
32 143
32 145
32 146
32 147
32 149
32 154
32 156
32 157
32 161
33 35
33 39
33 54
33 57
33 67
33 70
33 74
33 88
33 91
33 97
33 101
33 106
33 124
33 127
33 129
33 131
33 136
33 145
33 146
33 147
33 149
33 154
33 157
34 35
34 43
34 48
34 50
34 54
34 58
34 61
34 68
34 70
34 71
34 72
34 74
34 84
34 85
34 89
34 92
34 95
34 101
34 102
34 105
34 106
34 111
34 117
34 134
34 138
34 139
34 141
34 142
34 146
34 150
34 157
34 161
35 36
35 37
35 40
35 42
35 45
35 46
35 48
35 49
35 50
35 51
35 52
35 53
35 54
35 55
35 57
35 58
35 59
35 62
35 63
35 65
35 66
35 67
35 69
35 70
35 71
35 72
35 74
35 75
35 77
35 83
35 84
35 85
35 89
35 90
35 91
35 94
35 95
35 96
35 98
35 101
35 102
35 103
35 105
35 106
35 108
35 109
35 110
35 111
35 112
35 113
35 114
35 115
35 117
35 125
35 129
35 134
35 136
35 137
35 138
35 139
35 141
35 142
35 147
35 151
35 152
35 154
35 156
35 158
35 160
35 161
36 39
36 42
36 43
36 44
36 45
36 48
36 49
36 51
36 52
36 53
36 54
36 56
36 57
36 58
36 59
36 63
36 65
36 66
36 69
36 70
36 71
36 72
36 75
36 77
36 79
36 83
36 86
36 91
36 95
36 99
36 105
36 108
36 109
36 112
36 113
36 114
36 115
36 117
36 118
36 122
36 125
36 129
36 131
36 133
36 134
36 137
36 138
36 146
36 147
36 149
36 150
36 151
36 152
36 153
36 154
36 157
36 160
36 161
37 39
37 43
37 44
37 45
37 51
37 52
37 54
37 55
37 56
37 57
37 58
37 61
37 64
37 65
37 67
37 68
37 70
37 72
37 73
37 75
37 76
37 78
37 84
37 86
37 89
37 90
37 95
37 100
37 102
37 105
37 107
37 109
37 114
37 115
37 116
37 118
37 120
37 124
37 126
37 127
37 130
37 131
37 133
37 136
37 137
37 141
37 144
37 145
37 146
37 150
37 152
37 153
37 157
37 158
38 40
38 41
38 44
38 45
38 46
38 49
38 51
38 52
38 53
38 54
38 56
38 58
38 59
38 60
38 63
38 65
38 67
38 68
38 71
38 72
38 73
38 74
38 76
38 77
38 79
38 80
38 82
38 83
38 84
38 88
38 89
38 91
38 92
38 94
38 95
38 97
38 99
38 101
38 103
38 106
38 108
38 109
38 112
38 113
38 114
38 115
38 117
38 119
38 121
38 128
38 129
38 130
38 132
38 133
38 137
38 139
38 142
38 146
38 147
38 150
38 151
38 152
38 157
38 158
38 160
38 161
39 40
39 43
39 45
39 46
39 55
39 56
39 58
39 59
39 62
39 64
39 66
39 68
39 70
39 71
39 72
39 73
39 74
39 75
39 77
39 78
39 79
39 80
39 83
39 84
39 85
39 88
39 89
39 90
39 92
39 94
39 97
39 101
39 102
39 103
39 106
39 107
39 108
39 109
39 110
39 112
39 113
39 114
39 115
39 117
39 118
39 120
39 125
39 130
39 133
39 134
39 137
39 139
39 142
39 143
39 145
39 147
39 148
39 151
39 152
39 154
39 158
39 159
39 160
39 161
40 41
40 42
40 44
40 45
40 46
40 47
40 49
40 50
40 51
40 52
40 55
40 56
40 57
40 60
40 61
40 63
40 65
40 67
40 68
40 69
40 70
40 71
40 72
40 73
40 74
40 75
40 76
40 77
40 79
40 80
40 82
40 84
40 88
40 89
40 90
40 91
40 92
40 95
40 96
40 97
40 100
40 101
40 102
40 103
40 105
40 106
40 109
40 111
40 112
40 113
40 114
40 115
40 117
40 119
40 123
40 124
40 125
40 129
40 130
40 131
40 133
40 134
40 138
40 140
40 141
40 142
40 145
40 146
40 147
40 149
40 150
40 151
40 152
40 153
40 154
40 155
40 157
40 159
40 161
41 44
41 49
41 65
41 67
41 68
41 72
41 73
41 79
41 89
41 101
41 104
41 105
41 106
41 118
41 139
41 140
41 142
41 145
41 147
41 151
41 152
41 161
42 43
42 44
42 49
42 50
42 52
42 54
42 57
42 58
42 64
42 67
42 68
42 69
42 70
42 71
42 77
42 83
42 92
42 94
42 98
42 102
42 106
42 107
42 108
42 112
42 113
42 114
42 115
42 116
42 117
42 123
42 126
42 129
42 130
42 131
42 137
42 138
42 146
42 151
42 154
42 158
42 159
43 46
43 47
43 51
43 54
43 55
43 58
43 61
43 63
43 64
43 65
43 69
43 70
43 72
43 73
43 74
43 75
43 76
43 80
43 83
43 84
43 85
43 86
43 87
43 89
43 94
43 97
43 99
43 101
43 102
43 103
43 105
43 108
43 109
43 110
43 111
43 112
43 115
43 117
43 122
43 125
43 126
43 128
43 129
43 130
43 137
43 139
43 140
43 142
43 143
43 144
43 147
43 148
43 151
43 152
43 153
43 154
43 155
43 161
44 49
44 54
44 56
44 58
44 60
44 61
44 62
44 63
44 64
44 65
44 66
44 67
44 69
44 70
44 71
44 72
44 74
44 79
44 80
44 82
44 84
44 85
44 86
44 91
44 92
44 93
44 95
44 96
44 97
44 100
44 101
44 102
44 106
44 107
44 108
44 109
44 110
44 113
44 114
44 117
44 118
44 119
44 123
44 125
44 126
44 127
44 128
44 129
44 133
44 134
44 135
44 137
44 138
44 139
44 142
44 147
44 148
44 151
44 152
44 153
44 154
44 155
44 157
44 158
44 159
44 160
44 161
45 46
45 49
45 51
45 53
45 54
45 57
45 59
45 61
45 64
45 65
45 67
45 68
45 69
45 70
45 71
45 72
45 73
45 74
45 75
45 77
45 79
45 84
45 86
45 87
45 89
45 91
45 94
45 97
45 98
45 99
45 101
45 102
45 104
45 107
45 109
45 113
45 114
45 115
45 116
45 117
45 118
45 125
45 126
45 128
45 130
45 131
45 133
45 136
45 137
45 138
45 139
45 141
45 142
45 145
45 146
45 147
45 149
45 151
45 154
45 155
45 156
45 157
45 158
45 161
46 49
46 51
46 52
46 55
46 56
46 61
46 63
46 64
46 65
46 66
46 67
46 68
46 69
46 70
46 71
46 72
46 76
46 77
46 79
46 80
46 83
46 84
46 89
46 91
46 96
46 97
46 101
46 102
46 103
46 105
46 106
46 108
46 109
46 113
46 115
46 117
46 125
46 128
46 129
46 133
46 135
46 137
46 138
46 142
46 147
46 151
46 153
46 154
46 155
46 157
46 158
47 54
47 55
47 64
47 67
47 69
47 70
47 71
47 84
47 90
47 101
47 102
47 103
47 112
47 113
47 115
47 117
47 126
47 131
47 133
47 135
47 136
47 137
47 145
47 156
48 51
48 54
48 68
48 70
48 83
48 84
48 94
48 101
48 107
48 110
48 114
48 115
48 117
48 118
48 133
48 134
48 137
48 138
48 140
48 142
48 145
48 154
48 157
48 159
49 50
49 51
49 52
49 53
49 54
49 55
49 56
49 57
49 58
49 59
49 63
49 64
49 65
49 68
49 69
49 70
49 72
49 74
49 75
49 77
49 79
49 83
49 84
49 85
49 87
49 89
49 90
49 92
49 93
49 96
49 97
49 99
49 100
49 101
49 103
49 106
49 107
49 108
49 109
49 110
49 111
49 112
49 113
49 114
49 115
49 116
49 117
49 123
49 126
49 129
49 130
49 131
49 133
49 134
49 137
49 138
49 139
49 141
49 142
49 146
49 150
49 151
49 152
49 153
49 154
49 155
49 157
49 158
49 159
49 160
50 51
50 54
50 56
50 58
50 62
50 64
50 65
50 66
50 68
50 69
50 71
50 72
50 74
50 75
50 76
50 77
50 83
50 86
50 91
50 93
50 97
50 101
50 103
50 106
50 108
50 113
50 114
50 115
50 116
50 117
50 118
50 120
50 122
50 125
50 126
50 127
50 129
50 133
50 136
50 138
50 139
50 142
50 143
50 146
50 147
50 150
50 152
50 153
50 154
50 155
50 158
50 159
50 160
51 52
51 55
51 56
51 57
51 58
51 59
51 60
51 61
51 63
51 65
51 66
51 68
51 69
51 70
51 71
51 72
51 73
51 74
51 77
51 80
51 81
51 84
51 85
51 87
51 88
51 89
51 90
51 91
51 93
51 94
51 95
51 96
51 97
51 98
51 102
51 107
51 108
51 109
51 110
51 111
51 112
51 113
51 114
51 115
51 116
51 117
51 118
51 126
51 128
51 129
51 131
51 132
51 133
51 134
51 136
51 137
51 138
51 139
51 141
51 142
51 143
51 147
51 148
51 149
51 150
51 151
51 153
51 154
51 155
51 157
51 158
51 159
51 160
51 161
52 54
52 55
52 58
52 59
52 63
52 65
52 66
52 67
52 68
52 70
52 71
52 73
52 75
52 76
52 79
52 84
52 85
52 86
52 89
52 90
52 94
52 99
52 101
52 102
52 103
52 104
52 106
52 108
52 110
52 112
52 115
52 118
52 119
52 122
52 123
52 125
52 127
52 137
52 143
52 145
52 150
52 152
52 157
52 160
53 56
53 61
53 62
53 63
53 65
53 66
53 70
53 73
53 74
53 75
53 84
53 86
53 94
53 101
53 102
53 105
53 108
53 111
53 112
53 114
53 117
53 125
53 129
53 133
53 134
53 136
53 137
53 146
53 147
53 152
53 153
53 154
53 158
53 159
54 55
54 56
54 58
54 59
54 61
54 62
54 64
54 65
54 66
54 67
54 69
54 70
54 71
54 72
54 73
54 74
54 77
54 78
54 79
54 82
54 83
54 84
54 86
54 87
54 88
54 90
54 91
54 92
54 93
54 94
54 97
54 98
54 99
54 101
54 102
54 103
54 104
54 106
54 107
54 108
54 109
54 110
54 111
54 112
54 113
54 115
54 117
54 118
54 119
54 120
54 123
54 124
54 125
54 126
54 127
54 128
54 130
54 131
54 133
54 137
54 138
54 139
54 141
54 142
54 143
54 145
54 146
54 147
54 149
54 151
54 154
54 157
54 159
54 160
54 161
55 56
55 58
55 60
55 64
55 65
55 67
55 68
55 70
55 71
55 72
55 73
55 74
55 75
55 76
55 77
55 79
55 84
55 86
55 88
55 89
55 90
55 92
55 93
55 96
55 97
55 99
55 100
55 102
55 105
55 106
55 107
55 108
55 110
55 115
55 116
55 117
55 118
55 121
55 124
55 126
55 129
55 130
55 133
55 134
55 135
55 136
55 141
55 142
55 145
55 147
55 149
55 150
55 151
55 152
55 153
55 154
55 156
55 157
56 59
56 61
56 62
56 63
56 65
56 67
56 68
56 69
56 71
56 72
56 73
56 77
56 78
56 79
56 82
56 83
56 88
56 89
56 90
56 92
56 93
56 94
56 95
56 96
56 97
56 98
56 99
56 101
56 103
56 104
56 105
56 106
56 107
56 108
56 109
56 110
56 111
56 112
56 113
56 114
56 115
56 116
56 118
56 122
56 125
56 127
56 128
56 129
56 131
56 133
56 134
56 135
56 136
56 137
56 138
56 139
56 140
56 141
56 142
56 143
56 145
56 146
56 147
56 152
56 154
56 155
56 157
56 158
56 159
57 58
57 64
57 65
57 66
57 67
57 70
57 77
57 84
57 85
57 91
57 105
57 106
57 109
57 115
57 116
57 125
57 129
57 133
57 138
57 142
57 143
57 147
57 151
57 156
58 59
58 61
58 63
58 65
58 67
58 68
58 69
58 70
58 71
58 74
58 75
58 79
58 83
58 84
58 86
58 89
58 91
58 92
58 93
58 94
58 102
58 103
58 104
58 105
58 106
58 110
58 111
58 114
58 115
58 116
58 117
58 118
58 123
58 125
58 127
58 128
58 129
58 133
58 135
58 137
58 140
58 141
58 142
58 146
58 147
58 153
58 154
58 156
58 157
58 158
58 160
59 68
59 70
59 72
59 73
59 74
59 77
59 78
59 79
59 80
59 85
59 93
59 94
59 96
59 101
59 102
59 107
59 108
59 111
59 112
59 114
59 115
59 117
59 118
59 121
59 127
59 129
59 133
59 134
59 136
59 138
59 139
59 142
59 143
59 147
59 151
59 158
59 159
59 160
59 161
60 64
60 67
60 75
60 77
60 79
60 84
60 91
60 92
60 101
60 108
60 118
60 129
60 134
60 139
60 147
60 153
61 62
61 64
61 66
61 68
61 69
61 70
61 71
61 72
61 74
61 76
61 77
61 79
61 88
61 89
61 90
61 94
61 97
61 101
61 102
61 106
61 107
61 108
61 110
61 111
61 113
61 118
61 125
61 126
61 128
61 129
61 133
61 138
61 142
61 143
61 145
61 147
61 148
61 149
61 153
61 154
61 158
62 65
62 67
62 72
62 73
62 77
62 80
62 82
62 86
62 89
62 94
62 95
62 100
62 101
62 105
62 112
62 114
62 117
62 118
62 122
62 126
62 131
62 133
62 135
62 138
62 145
62 146
62 147
62 149
62 151
62 152
62 154
63 65
63 66
63 67
63 69
63 70
63 72
63 74
63 76
63 79
63 82
63 83
63 87
63 88
63 89
63 94
63 99
63 100
63 101
63 102
63 104
63 105
63 106
63 107
63 109
63 112
63 114
63 115
63 117
63 119
63 123
63 125
63 128
63 129
63 131
63 133
63 134
63 135
63 139
63 141
63 143
63 147
63 148
63 151
63 152
63 154
63 157
63 159
64 65
64 67
64 68
64 69
64 70
64 71
64 72
64 73
64 74
64 76
64 79
64 80
64 82
64 83
64 84
64 85
64 86
64 88
64 89
64 93
64 94
64 95
64 98
64 99
64 100
64 101
64 102
64 103
64 105
64 106
64 107
64 108
64 109
64 111
64 112
64 113
64 114
64 115
64 117
64 118
64 119
64 125
64 126
64 127
64 128
64 129
64 131
64 133
64 134
64 135
64 136
64 137
64 138
64 139
64 142
64 143
64 145
64 146
64 147
64 148
64 149
64 151
64 152
64 153
64 157
64 158
64 160
64 161
65 67
65 68
65 69
65 70
65 71
65 76
65 77
65 79
65 80
65 81
65 87
65 89
65 92
65 93
65 94
65 95
65 98
65 101
65 102
65 104
65 105
65 106
65 108
65 109
65 110
65 111
65 112
65 113
65 114
65 115
65 116
65 117
65 118
65 119
65 126
65 129
65 130
65 131
65 134
65 135
65 137
65 138
65 139
65 142
65 143
65 145
65 148
65 150
65 151
65 152
65 153
65 154
65 158
65 159
65 160
65 161
66 68
66 70
66 71
66 72
66 74
66 75
66 76
66 77
66 79
66 85
66 89
66 91
66 92
66 94
66 95
66 98
66 99
66 100
66 101
66 103
66 108
66 112
66 113
66 114
66 115
66 117
66 125
66 126
66 127
66 128
66 129
66 131
66 132
66 133
66 134
66 136
66 137
66 138
66 141
66 143
66 146
66 147
66 149
66 150
66 151
66 152
66 153
66 154
66 158
66 159
66 160
66 161
67 69
67 71
67 72
67 73
67 74
67 75
67 78
67 79
67 80
67 83
67 85
67 86
67 87
67 88
67 89
67 91
67 93
67 94
67 97
67 98
67 99
67 100
67 101
67 102
67 104
67 105
67 106
67 107
67 108
67 109
67 110
67 111
67 112
67 113
67 114
67 115
67 116
67 117
67 122
67 124
67 125
67 127
67 128
67 130
67 131
67 133
67 134
67 135
67 136
67 138
67 139
67 142
67 145
67 146
67 147
67 148
67 149
67 150
67 151
67 153
67 154
67 155
67 156
67 157
67 158
67 161
68 69
68 70
68 71
68 72
68 73
68 79
68 80
68 81
68 82
68 85
68 86
68 87
68 88
68 91
68 92
68 93
68 94
68 95
68 101
68 102
68 103
68 105
68 106
68 107
68 108
68 111
68 112
68 113
68 114
68 115
68 118
68 119
68 125
68 129
68 130
68 132
68 133
68 134
68 136
68 137
68 138
68 139
68 142
68 143
68 144
68 145
68 146
68 149
68 150
68 152
68 153
68 154
68 156
68 157
68 159
68 161
69 70
69 72
69 73
69 74
69 75
69 76
69 77
69 82
69 84
69 86
69 87
69 89
69 90
69 94
69 97
69 98
69 100
69 103
69 106
69 108
69 109
69 110
69 112
69 113
69 114
69 115
69 116
69 117
69 121
69 125
69 126
69 133
69 134
69 137
69 141
69 142
69 147
69 150
69 152
69 154
69 157
69 158
70 71
70 72
70 73
70 74
70 75
70 76
70 80
70 81
70 82
70 84
70 86
70 89
70 91
70 92
70 93
70 94
70 95
70 97
70 102
70 103
70 105
70 106
70 107
70 108
70 110
70 111
70 112
70 114
70 115
70 116
70 117
70 118
70 121
70 125
70 126
70 127
70 129
70 130
70 131
70 133
70 135
70 137
70 138
70 140
70 142
70 143
70 145
70 147
70 148
70 149
70 150
70 151
70 152
70 153
70 154
70 155
70 156
70 159
70 160
70 161
71 73
71 74
71 75
71 77
71 79
71 80
71 82
71 83
71 84
71 85
71 87
71 89
71 91
71 94
71 95
71 97
71 98
71 99
71 101
71 102
71 103
71 104
71 105
71 107
71 108
71 109
71 111
71 112
71 113
71 114
71 115
71 118
71 119
71 121
71 124
71 125
71 126
71 127
71 131
71 133
71 138
71 141
71 142
71 143
71 146
71 147
71 150
71 151
71 152
71 153
71 154
71 155
71 157
71 158
71 159
71 160
72 73
72 74
72 78
72 79
72 80
72 82
72 83
72 84
72 86
72 87
72 88
72 93
72 94
72 95
72 96
72 97
72 98
72 99
72 101
72 102
72 103
72 105
72 107
72 108
72 109
72 110
72 112
72 113
72 115
72 117
72 118
72 131
72 133
72 134
72 135
72 137
72 138
72 139
72 140
72 142
72 143
72 145
72 146
72 147
72 149
72 151
72 152
72 154
72 155
72 157
72 158
72 159
72 161
73 74
73 75
73 77
73 79
73 81
73 82
73 83
73 85
73 87
73 88
73 93
73 95
73 96
73 98
73 99
73 101
73 102
73 105
73 106
73 107
73 108
73 109
73 110
73 111
73 112
73 113
73 114
73 115
73 117
73 118
73 120
73 125
73 126
73 129
73 131
73 134
73 136
73 138
73 139
73 142
73 143
73 145
73 147
73 148
73 151
73 152
73 154
73 158
73 161
74 75
74 76
74 77
74 79
74 82
74 83
74 84
74 85
74 87
74 88
74 89
74 90
74 91
74 93
74 94
74 95
74 96
74 97
74 98
74 100
74 101
74 102
74 103
74 105
74 106
74 107
74 108
74 109
74 110
74 111
74 114
74 115
74 116
74 117
74 118
74 122
74 126
74 127
74 128
74 129
74 131
74 133
74 134
74 135
74 137
74 138
74 140
74 142
74 145
74 146
74 147
74 148
74 149
74 150
74 151
74 153
74 154
74 156
74 158
74 159
74 161
75 77
75 80
75 82
75 86
75 89
75 91
75 92
75 93
75 94
75 95
75 97
75 102
75 107
75 108
75 110
75 111
75 112
75 113
75 117
75 118
75 120
75 125
75 131
75 134
75 138
75 142
75 145
75 146
75 147
75 149
75 151
75 153
75 154
75 157
75 158
76 77
76 78
76 79
76 80
76 87
76 88
76 89
76 94
76 98
76 101
76 102
76 103
76 106
76 108
76 109
76 113
76 114
76 117
76 118
76 125
76 135
76 137
76 138
76 139
76 141
76 142
76 144
76 145
76 146
76 147
76 149
76 154
76 157
76 158
77 79
77 81
77 83
77 84
77 87
77 88
77 89
77 94
77 97
77 99
77 101
77 102
77 104
77 105
77 106
77 108
77 109
77 112
77 114
77 115
77 116
77 117
77 118
77 119
77 122
77 125
77 126
77 129
77 130
77 131
77 132
77 133
77 136
77 137
77 138
77 139
77 141
77 142
77 146
77 147
77 148
77 152
77 154
77 159
77 160
78 79
78 81
78 85
78 92
78 106
78 107
78 114
78 118
78 127
78 129
78 131
78 150
78 154
79 80
79 84
79 85
79 87
79 88
79 89
79 93
79 94
79 95
79 96
79 97
79 98
79 102
79 103
79 104
79 105
79 106
79 107
79 108
79 109
79 110
79 112
79 113
79 114
79 115
79 116
79 117
79 118
79 121
79 122
79 123
79 125
79 127
79 129
79 130
79 131
79 132
79 133
79 135
79 136
79 137
79 138
79 140
79 141
79 142
79 143
79 146
79 147
79 149
79 150
79 152
79 153
79 154
79 155
79 157
79 160
80 83
80 84
80 85
80 86
80 87
80 91
80 92
80 94
80 97
80 99
80 101
80 106
80 111
80 114
80 115
80 118
80 122
80 125
80 127
80 133
80 134
80 137
80 142
80 145
80 149
80 150
80 153
80 154
80 157
80 160
80 161
81 83
81 89
81 91
81 93
81 104
81 105
81 108
81 113
81 115
81 116
81 118
81 125
81 129
81 133
81 137
81 139
81 142
81 144
81 145
81 153
81 154
81 160
81 161
82 85
82 88
82 89
82 92
82 94
82 101
82 102
82 105
82 106
82 107
82 111
82 112
82 114
82 117
82 127
82 129
82 131
82 132
82 133
82 138
82 147
82 149
82 150
82 154
82 161
83 89
83 91
83 97
83 99
83 106
83 107
83 108
83 109
83 112
83 116
83 118
83 125
83 127
83 129
83 131
83 133
83 142
83 148
83 149
83 152
83 154
83 155
84 89
84 90
84 91
84 94
84 96
84 101
84 102
84 105
84 106
84 108
84 109
84 112
84 113
84 114
84 115
84 118
84 126
84 127
84 130
84 131
84 132
84 133
84 135
84 136
84 137
84 138
84 139
84 142
84 143
84 145
84 147
84 149
84 150
84 151
84 152
84 154
84 157
84 158
84 160
85 86
85 87
85 89
85 93
85 94
85 97
85 99
85 101
85 105
85 106
85 108
85 109
85 112
85 114
85 118
85 124
85 131
85 133
85 151
85 152
85 153
85 155
85 157
85 158
86 87
86 91
86 93
86 94
86 99
86 101
86 106
86 108
86 109
86 111
86 112
86 113
86 115
86 116
86 117
86 118
86 124
86 126
86 128
86 130
86 136
86 137
86 138
86 139
86 141
86 142
86 146
86 147
86 151
86 152
86 153
86 154
86 161
87 88
87 89
87 92
87 93
87 97
87 98
87 100
87 101
87 106
87 108
87 110
87 113
87 114
87 115
87 118
87 121
87 122
87 124
87 125
87 130
87 133
87 134
87 137
87 138
87 139
87 141
87 142
87 145
87 146
87 147
87 148
87 149
87 150
87 151
87 154
87 157
87 158
87 159
88 94
88 96
88 102
88 103
88 105
88 108
88 109
88 110
88 112
88 113
88 114
88 116
88 118
88 119
88 123
88 124
88 125
88 128
88 129
88 130
88 131
88 133
88 135
88 138
88 141
88 142
88 145
88 147
88 148
88 150
88 152
88 154
88 157
88 158
88 159
89 93
89 94
89 95
89 96
89 97
89 98
89 99
89 100
89 101
89 102
89 103
89 105
89 106
89 107
89 108
89 111
89 112
89 113
89 114
89 115
89 116
89 117
89 118
89 119
89 122
89 124
89 125
89 128
89 129
89 130
89 133
89 135
89 136
89 137
89 138
89 139
89 140
89 141
89 142
89 143
89 144
89 147
89 151
89 152
89 153
89 154
89 155
89 157
89 158
89 159
89 160
89 161
90 91
90 101
90 109
90 113
90 114
90 127
90 130
90 137
90 141
90 143
90 152
90 161
91 93
91 95
91 101
91 102
91 103
91 104
91 105
91 106
91 107
91 108
91 109
91 113
91 115
91 116
91 118
91 125
91 129
91 131
91 137
91 139
91 142
91 147
91 148
91 149
91 151
91 153
91 158
92 93
92 97
92 102
92 106
92 113
92 114
92 115
92 116
92 118
92 123
92 125
92 129
92 130
92 131
92 133
92 135
92 136
92 137
92 141
92 142
92 145
92 151
92 154
92 155
92 158
92 161
93 94
93 95
93 99
93 101
93 102
93 106
93 112
93 114
93 115
93 121
93 122
93 126
93 127
93 128
93 129
93 133
93 134
93 135
93 138
93 139
93 141
93 146
93 148
93 151
93 153
93 157
93 158
93 160
94 95
94 96
94 97
94 98
94 100
94 101
94 102
94 105
94 106
94 107
94 108
94 111
94 112
94 113
94 114
94 115
94 117
94 118
94 128
94 129
94 133
94 134
94 138
94 140
94 141
94 142
94 145
94 147
94 148
94 150
94 151
94 154
94 158
94 160
95 97
95 101
95 103
95 104
95 105
95 107
95 110
95 112
95 114
95 117
95 124
95 125
95 127
95 128
95 129
95 131
95 132
95 133
95 134
95 137
95 138
95 139
95 146
95 148
95 149
95 150
95 154
95 155
95 157
95 158
96 99
96 102
96 104
96 110
96 118
96 129
96 131
96 133
96 135
96 139
96 142
96 146
96 149
96 152
96 158
97 98
97 99
97 100
97 101
97 105
97 108
97 110
97 111
97 112
97 113
97 114
97 115
97 116
97 117
97 118
97 121
97 125
97 126
97 129
97 131
97 132
97 133
97 135
97 136
97 137
97 138
97 140
97 141
97 142
97 145
97 147
97 149
97 150
97 151
97 152
97 155
97 160
97 161
98 99
98 106
98 108
98 112
98 114
98 116
98 117
98 120
98 126
98 131
98 133
98 134
98 138
98 142
98 153
98 155
98 157
99 102
99 103
99 105
99 106
99 108
99 109
99 117
99 119
99 126
99 129
99 134
99 137
99 138
99 140
99 141
99 142
99 143
99 145
99 146
99 149
99 150
99 151
99 152
99 153
99 158
100 101
100 102
100 106
100 108
100 112
100 114
100 116
100 117
100 118
100 119
100 131
100 134
100 135
100 137
100 138
100 141
100 147
100 151
100 157
100 158
100 161
101 102
101 103
101 105
101 106
101 108
101 109
101 110
101 111
101 112
101 113
101 114
101 115
101 116
101 117
101 118
101 119
101 120
101 123
101 125
101 126
101 127
101 129
101 130
101 131
101 134
101 135
101 137
101 138
101 139
101 142
101 143
101 145
101 146
101 147
101 149
101 150
101 151
101 152
101 153
101 154
101 155
101 157
101 158
101 159
101 161
102 103
102 104
102 106
102 107
102 109
102 112
102 113
102 114
102 115
102 116
102 117
102 118
102 119
102 120
102 123
102 124
102 125
102 127
102 128
102 130
102 131
102 132
102 133
102 134
102 137
102 138
102 142
102 144
102 145
102 146
102 147
102 148
102 150
102 151
102 152
102 153
102 154
102 157
103 106
103 110
103 111
103 112
103 114
103 115
103 117
103 120
103 121
103 130
103 131
103 132
103 134
103 137
103 146
103 148
103 149
103 151
103 152
103 153
103 154
103 157
103 158
103 159
103 160
103 161
104 108
104 115
104 116
104 129
104 131
104 133
104 134
104 135
104 137
104 138
104 141
104 142
104 145
104 153
104 159
105 106
105 108
105 109
105 113
105 115
105 116
105 117
105 118
105 122
105 125
105 127
105 128
105 129
105 130
105 131
105 132
105 133
105 134
105 135
105 138
105 139
105 142
105 143
105 145
105 149
105 152
105 157
105 161
106 107
106 108
106 111
106 112
106 113
106 114
106 115
106 117
106 118
106 120
106 124
106 125
106 129
106 130
106 131
106 133
106 134
106 135
106 136
106 137
106 138
106 139
106 140
106 141
106 142
106 143
106 146
106 147
106 150
106 153
106 154
106 157
106 158
106 159
106 160
107 108
107 113
107 114
107 116
107 117
107 118
107 119
107 120
107 122
107 123
107 128
107 130
107 131
107 134
107 138
107 140
107 142
107 147
107 150
107 152
107 154
107 158
107 160
108 109
108 112
108 113
108 114
108 115
108 117
108 118
108 122
108 123
108 126
108 129
108 130
108 131
108 133
108 134
108 135
108 136
108 137
108 138
108 139
108 141
108 142
108 144
108 147
108 148
108 149
108 150
108 151
108 153
108 154
108 161
109 110
109 112
109 113
109 114
109 115
109 116
109 117
109 118
109 119
109 122
109 125
109 126
109 133
109 135
109 136
109 137
109 138
109 142
109 143
109 146
109 149
109 150
109 151
109 158
109 160
110 111
110 112
110 114
110 116
110 117
110 118
110 121
110 126
110 131
110 133
110 134
110 137
110 139
110 142
110 146
110 147
110 148
110 149
110 150
110 151
110 153
110 154
110 157
110 158
110 160
111 112
111 114
111 115
111 117
111 118
111 121
111 125
111 129
111 131
111 134
111 138
111 141
111 142
111 144
111 146
111 150
111 151
111 152
111 154
111 157
111 158
112 114
112 115
112 116
112 117
112 118
112 120
112 122
112 124
112 125
112 126
112 130
112 131
112 133
112 137
112 138
112 139
112 142
112 143
112 145
112 147
112 150
112 152
112 153
112 154
112 158
112 159
113 115
113 117
113 118
113 125
113 128
113 129
113 130
113 131
113 134
113 135
113 136
113 137
113 138
113 141
113 145
113 147
113 148
113 150
113 153
113 154
113 156
113 159
113 160
113 161
114 118
114 119
114 121
114 122
114 127
114 128
114 129
114 131
114 133
114 134
114 135
114 136
114 137
114 138
114 142
114 145
114 146
114 147
114 149
114 150
114 151
114 152
114 154
114 155
114 156
114 158
114 159
114 161
115 116
115 117
115 118
115 119
115 121
115 122
115 124
115 125
115 126
115 129
115 130
115 131
115 133
115 134
115 137
115 138
115 139
115 140
115 142
115 143
115 145
115 146
115 147
115 150
115 151
115 152
115 153
115 154
115 155
115 159
115 160
115 161
116 121
116 125
116 126
116 129
116 132
116 134
116 135
116 145
116 146
116 147
116 148
116 153
116 154
116 157
116 161
117 118
117 124
117 127
117 128
117 129
117 130
117 131
117 133
117 134
117 135
117 136
117 137
117 140
117 142
117 143
117 145
117 146
117 150
117 151
117 152
117 154
117 155
117 156
117 159
117 161
118 124
118 125
118 126
118 127
118 129
118 130
118 133
118 134
118 136
118 137
118 139
118 142
118 143
118 145
118 147
118 150
118 151
118 152
118 153
118 157
118 161
119 122
119 135
119 136
119 138
119 139
119 141
119 145
119 147
119 157
119 158
119 161
120 131
120 133
120 134
120 137
120 142
120 146
120 147
120 153
120 159
120 160
121 128
121 129
121 134
121 137
121 138
121 139
121 145
121 146
121 150
121 154
121 157
122 125
122 126
122 129
122 130
122 138
122 142
122 147
122 151
122 159
122 160
123 133
123 134
124 125
124 131
124 135
124 141
124 142
124 145
124 152
124 154
125 127
125 129
125 130
125 131
125 133
125 136
125 137
125 138
125 139
125 142
125 143
125 146
125 147
125 149
125 150
125 151
125 152
125 154
125 155
125 158
125 159
125 160
126 133
126 134
126 137
126 138
126 142
126 143
126 144
126 145
126 149
126 150
126 152
126 154
126 158
126 159
127 128
127 129
127 130
127 131
127 133
127 138
127 145
127 149
127 150
127 151
127 152
127 153
127 157
127 160
128 130
128 131
128 133
128 134
128 137
128 142
128 146
128 147
128 151
128 152
128 153
128 154
128 157
128 158
129 130
129 131
129 134
129 135
129 137
129 138
129 139
129 140
129 141
129 142
129 143
129 145
129 147
129 149
129 151
129 153
129 154
129 155
129 157
129 158
129 159
129 160
130 131
130 135
130 139
130 140
130 142
130 147
130 151
130 152
130 154
130 157
130 159
130 161
131 132
131 133
131 134
131 136
131 137
131 138
131 139
131 140
131 141
131 142
131 145
131 146
131 149
131 150
131 151
131 153
131 154
131 155
131 156
131 157
131 158
131 159
131 160
131 161
132 138
132 141
132 150
132 154
133 134
133 135
133 136
133 138
133 139
133 140
133 141
133 142
133 145
133 147
133 149
133 150
133 151
133 152
133 153
133 154
133 156
133 157
133 158
133 159
133 161
134 136
134 137
134 138
134 139
134 140
134 141
134 142
134 143
134 145
134 146
134 147
134 149
134 151
134 152
134 155
134 157
134 159
134 161
135 136
135 139
135 141
135 145
135 146
135 151
135 152
135 153
135 154
135 158
135 159
136 138
136 142
136 145
136 147
136 151
136 152
136 153
136 158
136 159
136 160
137 138
137 139
137 140
137 141
137 142
137 143
137 146
137 147
137 150
137 151
137 152
137 153
137 154
137 155
137 157
137 158
137 159
137 160
137 161
138 140
138 142
138 147
138 149
138 150
138 151
138 152
138 153
138 154
138 155
138 156
138 157
138 158
139 141
139 143
139 146
139 149
139 150
139 152
139 154
140 145
140 146
140 147
140 151
140 152
140 154
140 156
140 158
140 159
140 161
141 147
141 158
141 161
142 143
142 144
142 145
142 146
142 147
142 148
142 149
142 151
142 152
142 153
142 154
142 155
142 156
142 157
142 159
142 160
142 161
143 146
143 149
143 151
143 152
143 153
143 157
143 160
144 151
145 146
145 150
145 154
145 157
145 158
146 147
146 148
146 150
146 151
146 152
146 153
146 154
146 158
146 159
147 149
147 150
147 151
147 152
147 154
147 156
147 159
147 160
148 152
148 155
148 160
148 161
149 150
149 154
149 158
149 159
149 161
150 151
150 154
150 156
150 160
151 153
151 154
151 156
151 157
151 158
151 161
152 154
152 156
152 157
152 159
152 160
152 161
153 154
153 158
153 160
153 161
154 155
154 157
154 158
154 159
154 160
154 161
155 158
155 161
156 157
156 158
157 158
157 160
157 161
158 159
158 160
159 160
159 161
