0 4
0 6
0 9
0 11
0 12
0 15
0 16
0 19
0 21
0 22
0 25
0 31
0 34
0 35
0 36
0 40
0 54
0 58
0 63
0 64
0 70
0 72
0 73
0 74
0 75
0 79
0 80
0 89
0 91
0 92
0 95
0 97
0 99
0 101
0 102
0 103
0 104
0 107
0 109
0 111
0 112
0 113
0 114
0 115
0 117
0 125
0 129
0 131
0 133
0 134
0 135
0 137
0 138
0 142
0 143
0 147
0 151
0 153
0 154
0 157
0 158
0 160
1 5
1 6
1 7
1 14
1 19
1 20
1 26
1 30
1 31
1 39
1 40
1 42
1 43
1 44
1 45
1 46
1 49
1 50
1 54
1 56
1 59
1 61
1 62
1 65
1 67
1 70
1 71
1 72
1 75
1 76
1 81
1 83
1 84
1 85
1 89
1 95
1 97
1 98
1 103
1 105
1 106
1 108
1 110
1 112
1 117
1 118
1 125
1 131
1 132
1 133
1 137
1 138
1 144
1 145
1 147
1 152
1 154
2 6
2 7
2 9
2 10
2 14
2 16
2 21
2 26
2 29
2 30
2 32
2 37
2 45
2 49
2 51
2 56
2 59
2 64
2 68
2 70
2 72
2 75
2 77
2 84
2 88
2 93
2 95
2 97
2 101
2 103
2 107
2 110
2 111
2 113
2 114
2 118
2 119
2 122
2 125
2 126
2 129
2 131
2 137
2 139
2 140
2 145
2 148
2 152
2 154
2 157
2 159
2 160
2 161
3 11
3 14
3 16
3 19
3 21
3 24
3 26
3 31
3 36
3 40
3 42
3 44
3 45
3 49
3 50
3 52
3 53
3 54
3 55
3 58
3 64
3 66
3 67
3 68
3 69
3 70
3 71
3 72
3 79
3 85
3 93
3 94
3 95
3 101
3 106
3 108
3 109
3 115
3 118
3 131
3 133
3 135
3 138
3 140
3 142
3 145
3 151
3 152
3 154
3 156
4 6
4 7
4 9
4 10
4 11
4 13
4 14
4 19
4 21
4 24
4 26
4 27
4 28
4 29
4 30
4 31
4 35
4 36
4 38
4 39
4 40
4 43
4 44
4 45
4 46
4 48
4 49
4 50
4 51
4 52
4 54
4 55
4 56
4 58
4 59
4 60
4 63
4 64
4 65
4 67
4 68
4 69
4 70
4 72
4 73
4 74
4 75
4 76
4 77
4 80
4 81
4 82
4 86
4 89
4 91
4 92
4 93
4 95
4 97
4 98
4 105
4 106
4 110
4 111
4 114
4 115
4 117
4 118
4 121
4 122
4 127
4 128
4 129
4 130
4 131
4 133
4 135
4 137
4 138
4 139
4 142
4 145
4 147
4 148
4 150
4 151
4 153
4 154
4 157
4 159
4 160
4 161
5 13
5 31
5 32
5 43
5 52
5 54
5 61
5 64
5 67
5 71
5 73
5 75
5 82
5 88
5 90
5 95
5 99
5 100
5 106
5 108
5 113
5 114
5 117
5 119
5 125
5 129
5 133
5 136
5 138
5 140
5 145
5 148
5 152
5 154
5 155
5 158
6 7
6 8
6 9
6 10
6 11
6 14
6 15
6 16
6 17
6 18
6 19
6 20
6 21
6 23
6 25
6 26
6 28
6 30
6 31
6 32
6 35
6 36
6 37
6 38
6 39
6 40
6 42
6 43
6 44
6 45
6 46
6 48
6 49
6 51
6 53
6 54
6 55
6 56
6 57
6 58
6 59
6 61
6 62
6 63
6 64
6 67
6 68
6 70
6 72
6 74
6 75
6 77
6 79
6 80
6 83
6 84
6 85
6 87
6 90
6 91
6 92
6 93
6 94
6 95
6 96
6 97
6 98
6 100
6 101
6 102
6 103
6 104
6 105
6 108
6 109
6 110
6 111
6 112
6 113
6 114
6 115
6 116
6 117
6 118
6 119
6 125
6 126
6 128
6 129
6 130
6 131
6 132
6 133
6 134
6 136
6 137
6 139
6 141
6 142
6 145
6 146
6 147
6 148
6 149
6 150
6 151
6 152
6 154
6 156
6 157
6 158
6 160
7 9
7 10
7 11
7 12
7 14
7 15
7 16
7 17
7 19
7 21
7 22
7 25
7 26
7 27
7 28
7 30
7 31
7 32
7 33
7 34
7 35
7 36
7 40
7 41
7 42
7 45
7 48
7 49
7 51
7 53
7 55
7 56
7 57
7 61
7 62
7 63
7 64
7 68
7 69
7 70
7 71
7 72
7 73
7 74
7 76
7 80
7 82
7 83
7 84
7 85
7 87
7 88
7 89
7 90
7 92
7 93
7 94
7 95
7 96
7 98
7 99
7 101
7 102
7 103
7 104
7 105
7 106
7 107
7 108
7 109
7 110
7 112
7 113
7 114
7 115
7 116
7 118
7 121
7 123
7 128
7 130
7 131
7 133
7 134
7 135
7 137
7 138
7 139
7 141
7 142
7 143
7 145
7 146
7 147
7 149
7 151
7 152
7 153
7 154
7 155
7 157
7 158
7 159
7 160
8 12
8 14
8 15
8 20
8 26
8 35
8 38
8 40
8 42
8 45
8 46
8 50
8 51
8 52
8 55
8 61
8 63
8 68
8 71
8 75
8 79
8 84
8 85
8 86
8 88
8 89
8 93
8 99
8 101
8 102
8 107
8 111
8 113
8 115
8 118
8 121
8 133
8 134
8 138
8 146
8 152
8 153
8 154
8 159
8 160
9 15
9 16
9 18
9 19
9 23
9 24
9 25
9 29
9 30
9 31
9 34
9 37
9 38
9 39
9 40
9 41
9 42
9 43
9 44
9 45
9 47
9 48
9 56
9 58
9 59
9 60
9 61
9 63
9 64
9 65
9 66
9 68
9 70
9 71
9 72
9 74
9 75
9 76
9 77
9 79
9 83
9 84
9 87
9 89
9 90
9 94
9 96
9 98
9 102
9 104
9 105
9 106
9 107
9 108
9 112
9 114
9 115
9 118
9 119
9 129
9 131
9 132
9 133
9 134
9 135
9 136
9 137
9 138
9 141
9 142
9 146
9 147
9 149
9 150
9 152
9 153
9 154
9 155
9 159
9 160
10 12
10 21
10 22
10 24
10 25
10 26
10 29
10 31
10 34
10 35
10 36
10 40
10 41
10 42
10 46
10 49
10 53
10 54
10 58
10 59
10 61
10 63
10 64
10 65
10 66
10 68
10 69
10 70
10 74
10 76
10 86
10 88
10 89
10 90
10 91
10 93
10 94
10 97
10 101
10 105
10 107
10 108
10 113
10 114
10 115
10 117
10 118
10 122
10 125
10 127
10 129
10 131
10 135
10 136
10 137
10 142
10 145
10 146
10 152
10 154
10 161
11 13
11 15
11 16
11 18
11 22
11 24
11 26
11 29
11 31
11 33
11 38
11 39
11 40
11 42
11 43
11 45
11 46
11 47
11 48
11 52
11 53
11 56
11 58
11 59
11 63
11 66
11 67
11 69
11 72
11 73
11 74
11 77
11 79
11 82
11 87
11 90
11 91
11 92
11 95
11 97
11 99
11 101
11 102
11 105
11 106
11 107
11 108
11 109
11 111
11 112
11 113
11 114
11 115
11 117
11 118
11 119
11 125
11 126
11 129
11 131
11 133
11 135
11 136
11 137
11 138
11 139
11 141
11 144
11 145
11 146
11 147
11 150
11 151
11 152
11 153
11 154
11 155
11 156
11 157
11 158
11 161
12 19
12 23
12 25
12 30
12 31
12 32
12 36
12 37
12 38
12 39
12 40
12 43
12 44
12 45
12 55
12 56
12 57
12 58
12 63
12 65
12 68
12 69
12 70
12 71
12 73
12 82
12 84
12 85
12 87
12 94
12 96
12 98
12 101
12 108
12 109
12 112
12 115
12 116
12 117
12 118
12 119
12 126
12 129
12 130
12 131
12 133
12 134
12 136
12 137
12 146
12 152
12 153
12 158
13 19
13 21
13 25
13 26
13 31
13 32
13 37
13 38
13 40
13 45
13 46
13 48
13 49
13 54
13 55
13 56
13 63
13 65
13 68
13 70
13 71
13 72
13 76
13 77
13 78
13 80
13 81
13 82
13 84
13 86
13 87
13 89
13 92
13 93
13 97
13 98
13 100
13 101
13 105
13 107
13 108
13 112
13 114
13 115
13 125
13 128
13 129
13 131
13 134
13 135
13 139
13 141
13 142
13 144
13 147
13 150
13 152
13 153
13 154
13 155
13 157
13 158
13 161
14 18
14 19
14 21
14 22
14 23
14 25
14 29
14 31
14 32
14 34
14 35
14 38
14 39
14 40
14 43
14 45
14 47
14 49
14 53
14 54
14 55
14 56
14 57
14 58
14 59
14 60
14 61
14 62
14 63
14 64
14 65
14 66
14 68
14 69
14 70
14 71
14 72
14 75
14 76
14 77
14 78
14 79
14 80
14 82
14 84
14 85
14 86
14 87
14 89
14 94
14 95
14 96
14 97
14 98
14 99
14 101
14 102
14 105
14 108
14 109
14 111
14 113
14 115
14 116
14 117
14 118
14 121
14 124
14 125
14 126
14 130
14 131
14 133
14 134
14 135
14 136
14 137
14 138
14 139
14 141
14 142
14 144
14 145
14 147
14 149
14 151
14 152
14 153
14 156
14 157
14 159
14 160
15 18
15 19
15 23
15 32
15 35
15 45
15 46
15 48
15 51
15 55
15 56
15 58
15 64
15 67
15 70
15 71
15 72
15 74
15 75
15 79
15 82
15 86
15 89
15 91
15 94
15 99
15 104
15 105
15 106
15 108
15 113
15 114
15 115
15 118
15 127
15 129
15 130
15 131
15 133
15 135
15 137
15 138
15 139
15 140
15 141
15 142
15 146
15 147
15 148
15 151
15 152
15 154
15 161
16 18
16 19
16 20
16 21
16 24
16 25
16 27
16 30
16 31
16 32
16 36
16 38
16 40
16 43
16 44
16 45
16 49
16 51
16 52
16 53
16 54
16 55
16 63
16 65
16 66
16 67
16 70
16 73
16 74
16 77
16 80
16 83
16 87
16 89
16 92
16 93
16 94
16 95
16 99
16 105
16 108
16 110
16 111
16 115
16 125
16 128
16 131
16 133
16 134
16 137
16 142
16 143
16 150
16 151
16 152
16 154
16 157
16 159
16 160
16 161
17 18
17 26
17 29
17 31
17 33
17 42
17 43
17 56
17 59
17 63
17 64
17 67
17 73
17 84
17 91
17 96
17 102
17 105
17 106
17 108
17 115
17 116
17 125
17 133
17 135
17 137
17 139
17 141
17 142
17 151
17 152
17 153
17 157
17 158
18 19
18 21
18 28
18 32
18 34
18 37
18 46
18 49
18 55
18 56
18 65
18 67
18 69
18 70
18 72
18 75
18 79
18 84
18 89
18 90
18 97
18 98
18 100
18 101
18 105
18 108
18 109
18 113
18 114
18 126
18 127
18 128
18 129
18 131
18 134
18 139
18 142
18 147
18 149
18 154
18 159
18 161
19 20
19 21
19 23
19 24
19 25
19 26
19 27
19 28
19 30
19 31
19 32
19 35
19 37
19 38
19 39
19 40
19 42
19 43
19 49
19 51
19 53
19 54
19 56
19 58
19 61
19 62
19 63
19 64
19 65
19 66
19 67
19 69
19 70
19 71
19 74
19 75
19 76
19 77
19 79
19 82
19 83
19 84
19 85
19 86
19 87
19 88
19 90
19 91
19 92
19 94
19 95
19 97
19 99
19 100
19 104
19 105
19 106
19 107
19 108
19 114
19 115
19 116
19 117
19 119
19 124
19 125
19 126
19 128
19 129
19 130
19 131
19 133
19 134
19 135
19 136
19 137
19 138
19 142
19 145
19 146
19 147
19 148
19 150
19 151
19 152
19 154
19 157
19 158
19 160
20 27
20 28
20 30
20 35
20 36
20 40
20 45
20 48
20 51
20 52
20 55
20 56
20 58
20 59
20 67
20 68
20 69
20 70
20 72
20 79
20 89
20 99
20 101
20 103
20 105
20 112
20 134
20 136
20 137
20 138
20 145
20 147
20 152
20 153
21 23
21 25
21 26
21 27
21 30
21 31
21 32
21 34
21 35
21 36
21 37
21 38
21 39
21 40
21 42
21 43
21 44
21 45
21 46
21 47
21 49
21 50
21 51
21 54
21 56
21 58
21 59
21 61
21 65
21 66
21 67
21 68
21 69
21 70
21 72
21 74
21 75
21 79
21 81
21 82
21 83
21 84
21 87
21 89
21 91
21 92
21 93
21 94
21 97
21 98
21 99
21 100
21 101
21 102
21 103
21 105
21 106
21 107
21 108
21 109
21 113
21 117
21 118
21 119
21 122
21 125
21 127
21 128
21 129
21 134
21 135
21 137
21 138
21 139
21 140
21 145
21 147
21 148
21 152
21 153
21 154
21 158
21 160
21 161
22 23
22 26
22 35
22 40
22 44
22 45
22 47
22 52
22 53
22 65
22 67
22 68
22 69
22 70
22 72
22 74
22 77
22 85
22 87
22 88
22 89
22 92
22 97
22 98
22 103
22 106
22 109
22 112
22 115
22 117
22 119
22 122
22 124
22 128
22 129
22 133
22 134
22 137
22 138
22 141
22 142
22 147
22 152
22 154
22 157
22 158
23 39
23 41
23 42
23 49
23 54
23 57
23 58
23 61
23 64
23 65
23 67
23 68
23 69
23 70
23 71
23 72
23 74
23 80
23 84
23 85
23 88
23 92
23 94
23 95
23 101
23 103
23 105
23 106
23 115
23 117
23 124
23 128
23 129
23 131
23 142
23 145
23 147
23 150
23 151
23 152
23 155
23 158
23 159
24 25
24 26
24 28
24 29
24 30
24 31
24 32
24 51
24 55
24 56
24 61
24 63
24 67
24 68
24 69
24 70
24 71
24 72
24 75
24 81
24 84
24 89
24 90
24 94
24 102
24 106
24 108
24 112
24 113
24 118
24 120
24 121
24 125
24 126
24 131
24 133
24 138
24 140
24 143
24 147
24 152
24 159
25 26
25 29
25 31
25 32
25 35
25 37
25 38
25 42
25 49
25 50
25 51
25 53
25 54
25 56
25 58
25 59
25 62
25 64
25 65
25 66
25 67
25 69
25 70
25 71
25 72
25 77
25 84
25 85
25 86
25 89
25 91
25 92
25 93
25 94
25 98
25 102
25 104
25 106
25 110
25 114
25 115
25 116
25 122
25 125
25 132
25 133
25 134
25 136
25 138
25 139
25 142
25 143
25 146
25 150
25 151
25 152
25 154
25 157
25 158
26 28
26 29
26 30
26 32
26 33
26 34
26 35
26 37
26 38
26 39
26 40
26 41
26 43
26 44
26 45
26 46
26 49
26 50
26 51
26 52
26 53
26 55
26 58
26 63
26 64
26 65
26 68
26 70
26 71
26 72
26 73
26 74
26 75
26 78
26 79
26 80
26 81
26 84
26 85
26 87
26 88
26 89
26 91
26 92
26 94
26 95
26 96
26 97
26 101
26 102
26 105
26 106
26 107
26 109
26 112
26 113
26 114
26 115
26 117
26 121
26 125
26 126
26 128
26 129
26 130
26 131
26 133
26 135
26 136
26 137
26 139
26 142
26 143
26 144
26 145
26 146
26 147
26 148
26 150
26 151
26 152
26 153
26 154
26 157
26 159
26 160
26 161
27 31
27 43
27 45
27 46
27 51
27 54
27 56
27 61
27 64
27 65
27 67
27 68
27 73
27 75
27 79
27 81
27 84
27 89
27 94
27 98
27 100
27 101
27 107
27 109
27 112
27 114
27 117
27 118
27 125
27 130
27 131
27 133
27 136
27 137
27 142
27 152
27 154
28 30
28 32
28 34
28 37
28 40
28 41
28 44
28 45
28 49
28 50
28 51
28 53
28 54
28 55
28 59
28 63
28 64
28 66
28 67
28 72
28 73
28 74
28 77
28 79
28 80
28 82
28 83
28 85
28 86
28 88
28 89
28 91
28 96
28 101
28 102
28 103
28 105
28 106
28 108
28 109
28 111
28 113
28 114
28 121
28 122
28 123
28 126
28 128
28 129
28 132
28 135
28 138
28 141
28 143
28 146
28 147
28 150
28 151
28 153
28 154
28 155
28 160
28 161
29 44
29 46
29 51
29 53
29 56
29 58
29 64
29 66
29 67
29 68
29 71
29 73
29 84
29 85
29 89
29 94
29 97
29 98
29 101
29 105
29 106
29 114
29 115
29 118
29 119
29 131
29 133
29 134
29 137
29 141
29 142
29 147
29 151
29 152
29 158
29 159
29 160
30 32
30 38
30 40
30 42
30 45
30 48
30 49
30 51
30 52
30 54
30 56
30 57
30 58
30 59
30 61
30 62
30 65
30 66
30 67
30 68
30 69
30 70
30 74
30 76
30 77
30 79
30 80
30 81
30 82
30 83
30 84
30 85
30 86
30 87
30 89
30 90
30 92
30 93
30 94
30 95
30 99
30 100
30 103
30 105
30 106
30 108
30 109
30 110
30 111
30 112
30 113
30 115
30 117
30 118
30 122
30 126
30 127
30 128
30 129
30 130
30 131
30 133
30 134
30 136
30 137
30 139
30 140
30 142
30 145
30 146
30 147
30 149
30 150
30 152
30 153
30 154
30 156
30 158
30 159
30 160
30 161
31 33
31 34
31 35
31 37
31 38
31 39
31 40
31 41
31 42
31 43
31 44
31 45
31 46
31 47
31 49
31 51
31 56
31 58
31 59
31 61
31 64
31 65
31 66
31 68
31 70
31 71
31 72
31 74
31 77
31 80
31 81
31 84
31 86
31 87
31 88
31 89
31 90
31 93
31 94
31 95
31 99
31 101
31 103
31 104
31 105
31 106
31 107
31 108
31 109
31 110
31 112
31 116
31 117
31 119
31 124
31 125
31 126
31 128
31 129
31 130
31 131
31 132
31 133
31 134
31 135
31 137
31 138
31 139
31 142
31 143
31 146
31 147
31 148
31 149
31 150
31 151
31 152
31 153
31 154
31 155
31 156
31 158
31 159
31 160
31 161
32 34
32 38
32 39
32 40
32 42
32 43
32 46
32 51
32 53
32 54
32 55
32 56
32 57
32 58
32 59
32 63
32 65
32 66
32 68
32 71
32 72
32 74
32 76
32 77
32 79
32 81
32 82
32 84
32 85
32 86
32 87
32 88
32 89
32 90
32 92
32 93
32 97
32 98
32 99
32 100
32 101
32 103
32 107
32 108
32 109
32 111
32 113
32 114
32 115
32 117
32 121
32 125
32 126
32 127
32 129
32 130
32 131
32 132
32 133
32 134
32 137
32 139
32 140
32 141
32 142
32 146
32 147
32 149
32 150
32 151
32 152
32 153
32 154
32 155
32 156
32 157
32 158
32 159
32 160
33 36
33 37
33 38
33 39
33 44
33 45
33 49
33 53
33 55
33 57
33 74
33 75
33 80
33 86
33 89
33 90
33 92
33 93
33 106
33 108
33 109
33 112
33 114
33 115
33 117
33 118
33 128
33 129
33 137
33 144
33 151
33 154
34 35
34 39
34 40
34 42
34 44
34 47
34 54
34 55
34 57
34 63
34 65
34 68
34 69
34 74
34 75
34 76
34 77
34 79
34 80
34 81
34 93
34 94
34 97
34 99
34 101
34 106
34 108
34 110
34 114
34 115
34 116
34 122
34 124
34 128
34 130
34 133
34 134
34 135
34 136
34 137
34 138
34 139
34 143
34 145
34 146
34 147
34 150
34 151
34 154
34 157
34 161
35 36
35 37
35 38
35 43
35 44
35 45
35 46
35 49
35 52
35 53
35 54
35 55
35 56
35 61
35 64
35 65
35 67
35 68
35 70
35 72
35 74
35 75
35 76
35 77
35 79
35 80
35 81
35 83
35 84
35 86
35 87
35 88
35 91
35 92
35 94
35 96
35 97
35 98
35 101
35 103
35 106
35 108
35 109
35 110
35 111
35 113
35 114
35 115
35 117
35 120
35 121
35 125
35 127
35 129
35 131
35 133
35 135
35 137
35 138
35 142
35 147
35 149
35 150
35 151
35 152
35 154
35 157
35 158
35 161
36 37
36 39
36 42
36 43
36 45
36 46
36 48
36 49
36 51
36 53
36 54
36 55
36 56
36 57
36 60
36 64
36 66
36 68
36 70
36 71
36 73
36 76
36 78
36 79
36 83
36 84
36 85
36 86
36 87
36 89
36 93
36 94
36 96
36 97
36 98
36 101
36 103
36 108
36 109
36 111
36 112
36 114
36 115
36 116
36 118
36 119
36 124
36 125
36 128
36 129
36 131
36 133
36 134
36 137
36 139
36 140
36 141
36 142
36 145
36 146
36 147
36 150
36 151
36 152
36 153
36 154
36 155
36 157
36 158
36 159
36 160
37 38
37 42
37 43
37 44
37 46
37 48
37 49
37 50
37 55
37 56
37 58
37 64
37 65
37 68
37 70
37 71
37 73
37 74
37 77
37 79
37 80
37 83
37 84
37 85
37 86
37 89
37 91
37 92
37 94
37 95
37 97
37 98
37 99
37 100
37 101
37 102
37 105
37 106
37 109
37 112
37 113
37 115
37 117
37 122
37 124
37 127
37 131
37 133
37 134
37 135
37 136
37 137
37 139
37 141
37 142
37 144
37 145
37 146
37 147
37 151
37 152
37 153
37 154
38 41
38 43
38 44
38 47
38 52
38 53
38 54
38 56
38 57
38 58
38 61
38 62
38 63
38 64
38 65
38 69
38 70
38 71
38 72
38 74
38 75
38 77
38 79
38 84
38 85
38 86
38 87
38 88
38 91
38 92
38 93
38 94
38 95
38 98
38 99
38 100
38 102
38 106
38 110
38 111
38 112
38 114
38 115
38 116
38 117
38 118
38 121
38 126
38 128
38 129
38 131
38 134
38 135
38 137
38 138
38 141
38 142
38 143
38 144
38 145
38 147
38 148
38 149
38 150
38 151
38 153
38 155
38 156
38 160
39 41
39 42
39 43
39 45
39 46
39 47
39 49
39 53
39 54
39 55
39 58
39 61
39 63
39 64
39 66
39 67
39 68
39 69
39 70
39 71
39 72
39 76
39 77
39 79
39 81
39 83
39 84
39 85
39 88
39 89
39 91
39 92
39 93
39 97
39 98
39 99
39 100
39 101
39 102
39 107
39 111
39 113
39 117
39 118
39 119
39 124
39 127
39 128
39 129
39 131
39 133
39 135
39 137
39 138
39 139
39 140
39 141
39 142
39 145
39 146
39 147
39 150
39 151
39 152
39 154
39 159
39 161
40 42
40 43
40 44
40 48
40 49
40 50
40 51
40 52
40 53
40 54
40 56
40 57
40 58
40 61
40 62
40 63
40 64
40 67
40 68
40 69
40 72
40 74
40 75
40 79
40 80
40 82
40 83
40 84
40 85
40 87
40 88
40 89
40 90
40 92
40 93
40 94
40 95
40 96
40 97
40 100
40 101
40 102
40 103
40 105
40 108
40 109
40 110
40 111
40 112
40 113
40 114
40 115
40 117
40 118
40 119
40 121
40 125
40 126
40 127
40 129
40 131
40 133
40 134
40 138
40 139
40 142
40 143
40 145
40 146
40 148
40 150
40 151
40 152
40 154
40 157
40 159
40 160
40 161
41 46
41 49
41 50
41 51
41 56
41 65
41 70
41 72
41 76
41 84
41 95
41 106
41 110
41 112
41 118
41 133
41 134
41 135
41 142
41 147
41 151
41 152
41 153
41 158
41 160
42 45
42 46
42 49
42 50
42 51
42 52
42 54
42 55
42 61
42 62
42 66
42 67
42 73
42 74
42 77
42 79
42 80
42 81
42 88
42 94
42 97
42 99
42 101
42 108
42 109
42 110
42 114
42 115
42 117
42 118
42 123
42 125
42 129
42 130
42 131
42 134
42 135
42 137
42 138
42 139
42 142
42 146
42 147
42 149
42 150
42 151
42 152
42 158
42 159
42 161
43 44
43 45
43 46
43 48
43 51
43 54
43 55
43 61
43 62
43 64
43 66
43 67
43 69
43 70
43 71
43 72
43 73
43 74
43 75
43 79
43 80
43 81
43 83
43 84
43 87
43 88
43 89
43 90
43 92
43 94
43 97
43 99
43 102
43 103
43 104
43 105
43 108
43 109
43 112
43 113
43 114
43 117
43 129
43 133
43 134
43 135
43 137
43 138
43 139
43 141
43 142
43 143
43 144
43 146
43 147
43 152
43 154
43 155
43 156
43 158
44 45
44 46
44 47
44 49
44 50
44 51
44 52
44 54
44 55
44 56
44 57
44 58
44 59
44 64
44 67
44 71
44 74
44 75
44 76
44 77
44 79
44 80
44 83
44 84
44 87
44 88
44 90
44 92
44 94
44 99
44 101
44 105
44 106
44 108
44 109
44 111
44 112
44 113
44 114
44 115
44 116
44 117
44 119
44 121
44 125
44 126
44 127
44 128
44 129
44 131
44 133
44 134
44 137
44 138
44 139
44 141
44 142
44 143
44 146
44 151
44 158
44 159
44 161
45 47
45 49
45 51
45 53
45 54
45 55
45 56
45 57
45 58
45 59
45 61
45 63
45 64
45 66
45 68
45 73
45 75
45 77
45 78
45 79
45 80
45 81
45 85
45 86
45 87
45 89
45 91
45 92
45 93
45 94
45 97
45 98
45 101
45 102
45 103
45 105
45 106
45 107
45 108
45 109
45 110
45 112
45 113
45 114
45 115
45 116
45 117
45 118
45 121
45 123
45 125
45 126
45 128
45 129
45 130
45 131
45 133
45 134
45 135
45 136
45 137
45 141
45 142
45 145
45 147
45 149
45 150
45 152
45 153
45 157
45 161
46 47
46 48
46 49
46 50
46 51
46 54
46 56
46 59
46 60
46 64
46 65
46 67
46 69
46 70
46 71
46 72
46 74
46 77
46 79
46 84
46 88
46 90
46 94
46 101
46 102
46 104
46 105
46 106
46 107
46 108
46 110
46 111
46 113
46 117
46 118
46 125
46 127
46 129
46 133
46 134
46 138
46 139
46 142
46 143
46 145
46 150
46 151
46 153
46 154
46 158
46 159
47 64
47 66
47 70
47 74
47 77
47 89
47 91
47 92
47 97
47 101
47 102
47 106
47 107
47 109
47 113
47 115
47 116
47 126
47 127
47 137
47 138
47 139
47 142
47 146
47 147
47 158
47 160
48 49
48 52
48 59
48 62
48 64
48 70
48 71
48 72
48 74
48 77
48 78
48 88
48 89
48 96
48 98
48 101
48 109
48 116
48 117
48 125
48 129
48 130
48 131
48 134
48 137
48 138
48 141
48 146
48 153
48 154
48 157
49 51
49 52
49 53
49 54
49 55
49 56
49 57
49 58
49 59
49 60
49 61
49 63
49 64
49 65
49 66
49 67
49 68
49 70
49 71
49 72
49 73
49 74
49 75
49 79
49 83
49 84
49 85
49 86
49 88
49 89
49 90
49 91
49 93
49 94
49 95
49 97
49 99
49 101
49 102
49 103
49 105
49 106
49 107
49 108
49 109
49 110
49 111
49 112
49 113
49 115
49 116
49 117
49 118
49 120
49 121
49 125
49 126
49 127
49 128
49 129
49 131
49 133
49 134
49 135
49 136
49 137
49 138
49 140
49 141
49 142
49 144
49 145
49 146
49 147
49 148
49 149
49 150
49 151
49 152
49 154
49 157
49 158
49 161
50 51
50 54
50 55
50 56
50 57
50 58
50 60
50 61
50 64
50 65
50 67
50 69
50 70
50 72
50 77
50 79
50 80
50 81
50 83
50 84
50 88
50 90
50 91
50 96
50 97
50 98
50 99
50 100
50 101
50 102
50 108
50 109
50 112
50 115
50 116
50 117
50 118
50 125
50 127
50 128
50 129
50 131
50 133
50 137
50 142
50 146
50 149
50 150
50 151
50 152
50 153
50 154
50 157
50 160
50 161
51 52
51 53
51 54
51 55
51 56
51 57
51 59
51 60
51 61
51 62
51 63
51 64
51 65
51 66
51 67
51 69
51 71
51 72
51 73
51 74
51 76
51 77
51 79
51 81
51 82
51 83
51 86
51 88
51 90
51 92
51 93
51 94
51 100
51 101
51 102
51 103
51 104
51 105
51 106
51 108
51 109
51 110
51 112
51 113
51 114
51 115
51 116
51 119
51 124
51 125
51 126
51 129
51 133
51 134
51 135
51 137
51 138
51 139
51 140
51 142
51 143
51 146
51 147
51 150
51 151
51 152
51 153
51 154
51 155
51 156
51 157
51 159
51 160
51 161
52 54
52 56
52 58
52 61
52 65
52 67
52 68
52 69
52 70
52 73
52 74
52 77
52 81
52 84
52 85
52 87
52 89
52 91
52 92
52 94
52 101
52 103
52 105
52 106
52 108
52 112
52 117
52 118
52 121
52 124
52 128
52 130
52 133
52 138
52 139
52 142
52 145
52 147
52 149
52 150
52 152
52 154
52 156
52 158
52 159
53 54
53 55
53 56
53 65
53 68
53 69
53 70
53 71
53 73
53 75
53 79
53 81
53 85
53 86
53 95
53 101
53 105
53 106
53 108
53 115
53 130
53 133
53 138
53 142
53 143
53 147
53 150
53 152
53 153
53 154
53 157
53 158
53 159
53 161
54 56
54 57
54 58
54 59
54 60
54 61
54 62
54 63
54 65
54 66
54 67
54 69
54 70
54 71
54 72
54 73
54 76
54 79
54 80
54 81
54 82
54 83
54 85
54 86
54 88
54 89
54 90
54 91
54 92
54 93
54 98
54 99
54 101
54 105
54 106
54 107
54 108
54 109
54 110
54 111
54 112
54 113
54 114
54 116
54 118
54 121
54 125
54 127
54 129
54 130
54 131
54 133
54 135
54 137
54 138
54 139
54 141
54 142
54 144
54 145
54 147
54 148
54 149
54 151
54 152
54 154
54 156
54 157
54 159
54 160
54 161
55 56
55 58
55 62
55 67
55 68
55 71
55 72
55 75
55 79
55 80
55 87
55 88
55 93
55 94
55 96
55 97
55 99
55 100
55 101
55 105
55 106
55 107
55 108
55 109
55 111
55 112
55 113
55 115
55 116
55 117
55 118
55 125
55 126
55 129
55 135
55 136
55 138
55 147
55 151
55 154
55 155
55 156
55 158
55 161
56 57
56 61
56 63
56 64
56 65
56 67
56 68
56 69
56 70
56 71
56 72
56 73
56 74
56 75
56 76
56 77
56 79
56 81
56 83
56 85
56 87
56 90
56 91
56 92
56 93
56 94
56 96
56 97
56 98
56 99
56 100
56 101
56 103
56 104
56 105
56 106
56 107
56 109
56 110
56 111
56 112
56 113
56 114
56 117
56 119
56 123
56 126
56 128
56 129
56 130
56 131
56 132
56 133
56 134
56 136
56 137
56 138
56 140
56 142
56 145
56 147
56 148
56 149
56 150
56 152
56 154
56 158
56 161
57 59
57 62
57 64
57 67
57 68
57 72
57 73
57 74
57 79
57 82
57 87
57 88
57 101
57 106
57 111
57 113
57 115
57 117
57 118
57 124
57 126
57 130
57 131
57 138
57 142
57 146
57 148
57 151
57 154
57 158
58 60
58 63
58 65
58 67
58 69
58 70
58 71
58 72
58 73
58 79
58 80
58 81
58 83
58 88
58 89
58 91
58 93
58 94
58 98
58 99
58 100
58 101
58 102
58 104
58 106
58 107
58 110
58 111
58 112
58 113
58 114
58 118
58 120
58 129
58 131
58 133
58 134
58 135
58 136
58 138
58 140
58 142
58 144
58 145
58 146
58 148
58 152
58 153
58 154
58 156
58 157
58 159
59 62
59 64
59 66
59 67
59 69
59 70
59 72
59 75
59 83
59 84
59 87
59 89
59 91
59 95
59 97
59 98
59 101
59 102
59 109
59 114
59 115
59 116
59 117
59 118
59 130
59 131
59 133
59 136
59 138
59 140
59 145
59 147
59 150
59 154
59 156
59 157
59 159
60 62
60 77
60 89
60 94
60 95
60 105
60 106
60 107
60 114
60 115
60 118
60 125
60 129
60 135
60 137
60 138
60 139
60 142
60 150
60 152
60 158
61 64
61 67
61 69
61 70
61 72
61 74
61 75
61 77
61 84
61 87
61 88
61 92
61 95
61 98
61 100
61 101
61 104
61 105
61 106
61 109
61 111
61 112
61 113
61 114
61 115
61 118
61 121
61 129
61 130
61 133
61 135
61 137
61 138
61 140
61 142
61 144
61 146
61 147
61 148
61 151
61 155
61 157
61 158
61 159
61 161
62 66
62 67
62 68
62 69
62 70
62 77
62 79
62 84
62 87
62 88
62 89
62 90
62 93
62 101
62 102
62 104
62 106
62 109
62 110
62 114
62 117
62 118
62 125
62 129
62 130
62 133
62 136
62 137
62 138
62 142
62 145
62 150
62 152
62 159
63 64
63 66
63 68
63 69
63 70
63 71
63 72
63 73
63 74
63 75
63 77
63 79
63 80
63 82
63 83
63 84
63 88
63 89
63 90
63 92
63 94
63 97
63 101
63 103
63 106
63 109
63 110
63 112
63 113
63 114
63 115
63 117
63 121
63 123
63 124
63 125
63 128
63 129
63 131
63 134
63 135
63 137
63 138
63 139
63 140
63 141
63 142
63 143
63 144
63 147
63 148
63 149
63 150
63 151
63 152
63 154
63 156
63 157
63 160
64 65
64 66
64 67
64 69
64 70
64 71
64 72
64 73
64 74
64 76
64 77
64 78
64 79
64 80
64 83
64 84
64 86
64 87
64 88
64 89
64 90
64 93
64 95
64 97
64 99
64 101
64 102
64 103
64 106
64 107
64 108
64 109
64 112
64 113
64 114
64 115
64 117
64 118
64 119
64 122
64 123
64 125
64 126
64 128
64 131
64 133
64 134
64 135
64 137
64 138
64 139
64 141
64 143
64 145
64 148
64 149
64 150
64 151
64 152
64 154
64 155
64 157
65 66
65 67
65 68
65 69
65 70
65 71
65 72
65 73
65 74
65 77
65 79
65 84
65 85
65 87
65 88
65 89
65 94
65 97
65 98
65 100
65 101
65 102
65 105
65 106
65 108
65 109
65 110
65 114
65 115
65 116
65 117
65 118
65 122
65 123
65 124
65 125
65 126
65 128
65 129
65 131
65 132
65 133
65 134
65 135
65 137
65 139
65 142
65 143
65 145
65 147
65 149
65 151
65 152
65 154
65 155
65 158
65 159
65 160
65 161
66 67
66 68
66 69
66 70
66 71
66 72
66 73
66 74
66 75
66 77
66 79
66 80
66 81
66 82
66 86
66 87
66 88
66 97
66 98
66 99
66 100
66 101
66 102
66 103
66 105
66 106
66 107
66 108
66 109
66 110
66 111
66 114
66 117
66 118
66 123
66 125
66 126
66 127
66 129
66 130
66 131
66 132
66 133
66 134
66 137
66 138
66 140
66 141
66 142
66 147
66 149
66 151
66 154
66 156
66 157
66 159
66 160
67 68
67 70
67 73
67 74
67 75
67 76
67 77
67 79
67 81
67 83
67 85
67 86
67 88
67 89
67 90
67 91
67 93
67 94
67 97
67 98
67 101
67 102
67 105
67 106
67 108
67 109
67 111
67 114
67 115
67 116
67 117
67 118
67 120
67 125
67 126
67 128
67 129
67 130
67 131
67 132
67 134
67 137
67 138
67 139
67 142
67 145
67 146
67 147
67 148
67 149
67 151
67 152
67 153
67 154
67 157
67 158
67 159
67 160
68 70
68 71
68 72
68 74
68 75
68 76
68 77
68 79
68 82
68 85
68 87
68 88
68 89
68 90
68 91
68 93
68 94
68 95
68 97
68 98
68 99
68 101
68 102
68 103
68 108
68 109
68 110
68 111
68 112
68 113
68 114
68 115
68 117
68 118
68 119
68 121
68 126
68 128
68 129
68 131
68 134
68 135
68 136
68 137
68 138
68 139
68 141
68 142
68 145
68 146
68 147
68 148
68 150
68 152
68 153
68 154
68 155
68 157
68 158
68 160
68 161
69 70
69 71
69 72
69 73
69 75
69 77
69 79
69 80
69 82
69 83
69 85
69 86
69 87
69 88
69 89
69 91
69 92
69 93
69 94
69 95
69 97
69 98
69 99
69 101
69 105
69 106
69 108
69 110
69 112
69 113
69 114
69 115
69 118
69 126
69 128
69 130
69 133
69 134
69 138
69 141
69 142
69 144
69 145
69 146
69 147
69 149
69 150
69 151
69 154
69 155
69 156
69 157
69 158
69 160
70 71
70 72
70 73
70 74
70 75
70 77
70 79
70 80
70 81
70 83
70 84
70 87
70 88
70 89
70 90
70 94
70 97
70 98
70 101
70 102
70 105
70 106
70 107
70 109
70 110
70 111
70 112
70 113
70 114
70 115
70 116
70 117
70 118
70 119
70 121
70 122
70 123
70 124
70 125
70 127
70 129
70 131
70 133
70 135
70 136
70 137
70 138
70 139
70 141
70 142
70 143
70 144
70 145
70 149
70 150
70 151
70 153
70 154
70 157
70 158
70 159
70 161
71 72
71 73
71 78
71 79
71 80
71 85
71 86
71 87
71 88
71 89
71 93
71 95
71 97
71 101
71 102
71 103
71 105
71 106
71 107
71 109
71 112
71 113
71 114
71 115
71 116
71 117
71 118
71 122
71 124
71 127
71 131
71 132
71 133
71 134
71 137
71 138
71 139
71 142
71 146
71 147
71 149
71 151
71 152
71 154
71 155
71 156
71 157
71 161
72 73
72 74
72 76
72 77
72 79
72 80
72 84
72 86
72 87
72 89
72 91
72 92
72 93
72 94
72 95
72 97
72 98
72 102
72 103
72 106
72 107
72 108
72 109
72 111
72 113
72 114
72 115
72 116
72 117
72 118
72 122
72 129
72 130
72 131
72 133
72 134
72 135
72 136
72 137
72 138
72 139
72 140
72 141
72 142
72 145
72 146
72 147
72 151
72 152
72 153
72 154
72 155
72 157
72 158
72 159
72 160
72 161
73 74
73 76
73 77
73 79
73 80
73 81
73 82
73 84
73 85
73 87
73 88
73 89
73 91
73 93
73 94
73 97
73 99
73 100
73 102
73 103
73 106
73 108
73 109
73 113
73 114
73 115
73 117
73 118
73 122
73 123
73 125
73 126
73 129
73 130
73 131
73 133
73 134
73 135
73 137
73 138
73 141
73 142
73 143
73 145
73 146
73 147
73 148
73 150
73 151
73 152
73 153
73 154
73 155
73 156
73 157
73 160
73 161
74 75
74 77
74 78
74 79
74 80
74 81
74 83
74 87
74 88
74 89
74 90
74 92
74 93
74 94
74 95
74 100
74 101
74 102
74 103
74 106
74 108
74 109
74 110
74 111
74 112
74 113
74 114
74 115
74 117
74 118
74 120
74 121
74 126
74 129
74 130
74 131
74 132
74 133
74 134
74 135
74 137
74 138
74 139
74 140
74 141
74 142
74 143
74 145
74 146
74 147
74 148
74 149
74 150
74 151
74 152
74 154
74 155
74 157
74 159
74 160
74 161
75 77
75 79
75 80
75 83
75 84
75 85
75 86
75 94
75 96
75 97
75 98
75 102
75 106
75 108
75 110
75 112
75 113
75 114
75 115
75 116
75 117
75 118
75 123
75 126
75 131
75 134
75 135
75 136
75 137
75 139
75 140
75 143
75 147
75 150
75 151
75 154
75 157
75 158
76 77
76 79
76 80
76 84
76 85
76 87
76 88
76 89
76 91
76 92
76 94
76 100
76 101
76 106
76 108
76 114
76 116
76 118
76 120
76 131
76 133
76 136
76 137
76 139
76 142
76 146
76 147
76 152
76 153
76 154
76 157
76 159
77 79
77 83
77 84
77 85
77 86
77 88
77 89
77 92
77 96
77 97
77 98
77 100
77 101
77 102
77 106
77 107
77 109
77 110
77 112
77 113
77 114
77 115
77 116
77 117
77 118
77 119
77 122
77 124
77 125
77 127
77 128
77 129
77 130
77 131
77 133
77 134
77 136
77 137
77 138
77 142
77 145
77 146
77 147
77 150
77 151
77 152
77 153
77 154
77 155
77 156
77 157
77 158
77 160
77 161
78 82
78 89
78 98
78 100
78 101
78 113
78 125
78 131
78 132
78 134
78 143
78 145
78 149
78 150
78 152
78 153
79 80
79 83
79 84
79 85
79 88
79 89
79 91
79 93
79 94
79 95
79 97
79 98
79 99
79 101
79 102
79 103
79 104
79 105
79 106
79 107
79 108
79 110
79 111
79 112
79 113
79 115
79 116
79 117
79 118
79 122
79 125
79 127
79 128
79 129
79 130
79 133
79 134
79 135
79 136
79 137
79 138
79 139
79 140
79 142
79 143
79 146
79 147
79 149
79 151
79 152
79 154
79 157
79 158
79 160
79 161
80 81
80 84
80 97
80 99
80 105
80 106
80 107
80 108
80 109
80 112
80 113
80 116
80 118
80 121
80 122
80 125
80 126
80 131
80 133
80 134
80 139
80 146
80 147
80 151
80 152
80 153
80 154
80 156
81 85
81 98
81 102
81 113
81 114
81 116
81 118
81 123
81 126
81 128
81 129
81 134
81 138
81 140
81 142
81 144
81 146
81 150
81 151
81 154
81 158
82 84
82 94
82 97
82 100
82 101
82 106
82 108
82 111
82 114
82 115
82 117
82 118
82 125
82 126
82 129
82 134
82 135
82 136
82 144
82 145
82 146
82 148
82 152
82 157
83 84
83 89
83 92
83 99
83 101
83 103
83 105
83 109
83 110
83 111
83 113
83 114
83 116
83 123
83 126
83 129
83 133
83 134
83 138
83 139
83 142
83 145
83 148
83 152
83 153
83 154
83 158
83 159
84 86
84 87
84 88
84 89
84 91
84 93
84 94
84 95
84 97
84 98
84 99
84 100
84 102
84 106
84 107
84 108
84 111
84 112
84 113
84 114
84 115
84 117
84 118
84 122
84 124
84 125
84 126
84 130
84 131
84 132
84 134
84 136
84 137
84 139
84 141
84 142
84 145
84 146
84 147
84 148
84 149
84 150
84 151
84 152
84 153
84 154
84 155
84 157
84 158
84 160
84 161
85 86
85 92
85 101
85 102
85 105
85 113
85 114
85 115
85 117
85 124
85 126
85 130
85 131
85 133
85 137
85 138
85 141
85 142
85 152
85 157
86 89
86 93
86 94
86 97
86 100
86 109
86 114
86 115
86 116
86 128
86 129
86 132
86 134
86 141
86 145
86 146
86 147
86 151
86 153
86 154
86 155
86 160
86 161
87 94
87 95
87 96
87 100
87 101
87 104
87 105
87 106
87 111
87 112
87 113
87 115
87 117
87 118
87 122
87 126
87 127
87 129
87 133
87 134
87 135
87 147
87 148
87 149
87 151
87 152
87 153
87 154
87 157
88 94
88 96
88 99
88 103
88 106
88 107
88 113
88 115
88 118
88 122
88 130
88 131
88 133
88 134
88 136
88 137
88 138
88 146
88 147
88 150
88 152
88 153
88 155
88 157
88 158
88 161
89 91
89 92
89 93
89 94
89 98
89 100
89 103
89 105
89 107
89 108
89 109
89 110
89 111
89 112
89 114
89 115
89 116
89 117
89 118
89 120
89 121
89 122
89 127
89 129
89 132
89 133
89 134
89 136
89 137
89 138
89 139
89 141
89 142
89 144
89 145
89 146
89 147
89 148
89 149
89 150
89 151
89 152
89 154
89 157
89 158
89 160
89 161
90 91
90 94
90 101
90 102
90 106
90 113
90 117
90 118
90 127
90 129
90 130
90 134
90 135
90 137
90 141
90 143
90 145
90 147
90 150
90 152
90 157
90 161
91 93
91 94
91 95
91 99
91 100
91 103
91 106
91 107
91 111
91 112
91 114
91 115
91 116
91 118
91 120
91 124
91 125
91 131
91 133
91 136
91 137
91 138
91 142
91 143
91 147
91 150
91 151
91 152
91 154
91 155
91 157
91 158
91 159
91 161
92 94
92 95
92 97
92 104
92 107
92 108
92 115
92 125
92 131
92 133
92 134
92 138
92 139
92 145
92 146
92 147
92 149
92 151
92 152
93 94
93 95
93 98
93 99
93 105
93 106
93 112
93 114
93 115
93 117
93 118
93 125
93 130
93 134
93 135
93 136
93 138
93 141
93 142
93 143
93 147
93 149
93 151
93 152
93 153
93 154
93 158
94 96
94 101
94 102
94 103
94 104
94 105
94 107
94 108
94 113
94 115
94 116
94 117
94 125
94 129
94 130
94 131
94 132
94 133
94 136
94 137
94 138
94 139
94 142
94 145
94 146
94 147
94 149
94 151
94 152
94 153
94 154
94 156
94 157
94 158
94 159
94 160
94 161
95 96
95 99
95 101
95 102
95 106
95 107
95 108
95 110
95 113
95 115
95 121
95 127
95 131
95 133
95 134
95 137
95 138
95 145
95 147
95 151
95 155
95 158
95 161
96 100
96 101
96 106
96 109
96 112
96 114
96 115
96 120
96 128
96 130
96 133
96 134
96 135
96 136
96 139
96 141
96 142
96 143
96 147
96 150
96 152
96 154
96 158
97 99
97 101
97 102
97 104
97 107
97 108
97 109
97 111
97 112
97 113
97 114
97 115
97 118
97 124
97 125
97 126
97 128
97 129
97 130
97 131
97 132
97 134
97 137
97 138
97 139
97 141
97 142
97 147
97 150
97 151
97 152
97 153
97 154
97 157
97 159
97 160
97 161
98 99
98 101
98 110
98 111
98 117
98 123
98 126
98 127
98 128
98 131
98 133
98 135
98 137
98 138
98 142
98 146
98 149
98 152
98 154
98 157
98 158
99 102
99 108
99 110
99 111
99 112
99 113
99 114
99 117
99 118
99 122
99 125
99 126
99 128
99 129
99 131
99 133
99 134
99 142
99 145
99 149
99 151
99 152
99 153
99 154
99 157
99 158
99 159
99 161
100 102
100 105
100 106
100 109
100 116
100 117
100 118
100 125
100 129
100 131
100 137
100 138
100 140
100 150
100 151
100 152
100 153
100 154
100 158
100 161
101 102
101 105
101 106
101 108
101 110
101 111
101 112
101 113
101 114
101 115
101 116
101 117
101 118
101 119
101 125
101 126
101 127
101 128
101 129
101 130
101 131
101 132
101 133
101 134
101 136
101 137
101 138
101 139
101 140
101 141
101 142
101 143
101 145
101 146
101 147
101 149
101 151
101 152
101 153
101 154
101 155
101 156
101 158
101 159
101 160
102 103
102 104
102 105
102 106
102 108
102 109
102 110
102 111
102 112
102 113
102 115
102 117
102 120
102 125
102 126
102 127
102 129
102 130
102 133
102 136
102 138
102 142
102 146
102 147
102 148
102 150
102 151
102 152
102 154
102 157
102 158
103 105
103 107
103 108
103 109
103 111
103 113
103 118
103 122
103 128
103 130
103 131
103 132
103 133
103 134
103 137
103 140
103 141
103 150
103 151
103 153
103 154
103 157
104 106
104 108
104 113
104 114
104 115
104 117
104 122
104 125
104 128
104 136
104 137
104 151
104 152
104 153
104 155
104 160
105 106
105 107
105 108
105 110
105 111
105 112
105 116
105 118
105 120
105 125
105 128
105 129
105 130
105 131
105 137
105 138
105 139
105 142
105 146
105 147
105 149
105 150
105 152
105 153
105 155
105 157
105 158
106 107
106 108
106 109
106 110
106 111
106 112
106 113
106 114
106 115
106 116
106 118
106 120
106 124
106 125
106 126
106 127
106 128
106 130
106 132
106 133
106 135
106 137
106 138
106 139
106 140
106 142
106 145
106 146
106 147
106 150
106 151
106 152
106 153
106 154
106 160
107 108
107 109
107 110
107 112
107 113
107 116
107 117
107 129
107 131
107 137
107 140
107 142
107 143
107 144
107 146
107 147
107 150
107 151
107 152
107 154
107 158
107 159
108 110
108 113
108 114
108 115
108 117
108 118
108 119
108 122
108 124
108 125
108 126
108 129
108 130
108 134
108 135
108 137
108 138
108 139
108 141
108 145
108 147
108 149
108 150
108 151
108 152
108 153
108 154
108 157
108 159
108 161
109 111
109 112
109 114
109 115
109 117
109 120
109 124
109 125
109 126
109 128
109 129
109 130
109 131
109 133
109 134
109 135
109 136
109 138
109 141
109 142
109 146
109 152
109 153
109 154
109 155
109 156
109 157
109 158
110 111
110 114
110 115
110 117
110 118
110 124
110 125
110 127
110 129
110 131
110 134
110 137
110 138
110 142
110 143
110 152
110 153
110 154
110 157
111 117
111 125
111 126
111 128
111 129
111 130
111 133
111 136
111 137
111 142
111 143
111 151
111 152
111 157
111 158
112 113
112 116
112 118
112 125
112 126
112 129
112 130
112 131
112 132
112 133
112 134
112 137
112 138
112 141
112 142
112 143
112 145
112 149
112 150
112 151
112 153
112 154
112 157
113 114
113 115
113 117
113 118
113 119
113 124
113 125
113 126
113 127
113 129
113 131
113 134
113 137
113 139
113 142
113 143
113 146
113 147
113 148
113 151
113 152
113 153
113 154
113 155
113 157
113 158
113 159
113 160
113 161
114 115
114 116
114 117
114 118
114 120
114 123
114 130
114 131
114 133
114 134
114 136
114 137
114 138
114 139
114 142
114 145
114 146
114 147
114 148
114 149
114 150
114 151
114 152
114 153
114 154
114 155
114 157
114 160
114 161
115 116
115 117
115 118
115 119
115 125
115 129
115 133
115 134
115 135
115 136
115 137
115 138
115 139
115 140
115 141
115 142
115 145
115 146
115 148
115 149
115 151
115 152
115 157
115 158
115 160
116 117
116 118
116 119
116 120
116 125
116 128
116 129
116 131
116 134
116 137
116 142
116 146
116 147
116 152
116 157
116 158
117 118
117 121
117 124
117 125
117 126
117 128
117 130
117 131
117 134
117 138
117 139
117 140
117 145
117 146
117 147
117 149
117 150
117 151
117 152
117 153
117 154
117 155
117 157
117 158
118 123
118 126
118 127
118 128
118 129
118 130
118 131
118 133
118 134
118 136
118 137
118 138
118 139
118 140
118 142
118 145
118 146
118 147
118 148
118 149
118 151
118 152
118 153
118 154
118 155
118 157
118 159
119 122
119 126
119 129
119 133
119 138
119 142
119 147
119 149
119 151
119 154
119 157
119 161
120 127
120 143
120 149
120 150
120 152
120 160
121 125
121 126
121 129
121 130
121 132
121 147
121 149
121 160
121 161
122 128
122 129
122 137
122 146
122 147
122 151
122 154
122 157
123 125
123 127
123 154
124 126
124 133
124 137
124 138
124 143
124 149
124 151
124 154
124 158
125 126
125 127
125 128
125 129
125 131
125 133
125 134
125 137
125 138
125 140
125 141
125 143
125 144
125 145
125 146
125 147
125 150
125 151
125 152
125 153
125 154
125 155
125 156
125 157
125 158
125 159
126 128
126 129
126 132
126 133
126 135
126 137
126 138
126 141
126 142
126 143
126 145
126 150
126 151
126 152
126 153
126 154
126 158
126 159
126 160
126 161
127 129
127 130
127 133
127 134
127 135
127 137
127 138
127 139
127 141
127 143
127 145
127 146
127 149
127 150
127 151
127 154
127 156
128 129
128 131
128 133
128 134
128 138
128 139
128 142
128 145
128 147
128 151
128 158
128 159
128 161
129 132
129 136
129 137
129 138
129 139
129 142
129 143
129 145
129 147
129 150
129 152
129 154
129 155
129 156
129 159
129 160
129 161
130 136
130 137
130 138
130 140
130 141
130 142
130 143
130 145
130 146
130 148
130 151
130 152
130 154
130 160
130 161
131 132
131 133
131 134
131 135
131 136
131 137
131 138
131 140
131 141
131 142
131 143
131 144
131 145
131 147
131 148
131 149
131 151
131 152
131 154
131 157
131 158
131 160
131 161
132 138
132 147
132 148
132 150
132 152
132 154
132 158
132 159
132 161
133 134
133 135
133 136
133 137
133 138
133 139
133 142
133 143
133 146
133 147
133 148
133 150
133 151
133 152
133 153
133 154
133 155
133 156
133 157
133 158
133 160
133 161
134 136
134 138
134 140
134 141
134 142
134 146
134 147
134 150
134 152
134 153
134 154
134 157
134 158
134 161
135 137
135 140
135 141
135 142
135 145
135 146
135 147
135 148
135 152
135 154
135 155
135 161
136 137
136 141
136 146
136 150
136 151
136 152
136 153
136 157
136 161
137 138
137 139
137 142
137 143
137 145
137 147
137 150
137 151
137 152
137 154
137 155
137 157
137 158
137 159
137 160
137 161
138 142
138 146
138 147
138 151
138 152
138 153
138 156
138 158
138 159
138 160
138 161
139 141
139 143
139 150
139 151
139 152
139 154
139 157
139 158
139 160
139 161
140 142
140 144
140 145
140 148
140 149
140 153
140 157
140 158
141 142
141 145
141 147
141 148
141 149
141 152
141 154
141 160
141 161
142 143
142 146
142 147
142 150
142 151
142 152
142 153
142 154
142 155
142 156
142 157
142 158
142 161
143 147
143 148
143 152
143 153
143 161
144 151
144 154
145 146
145 147
145 148
145 151
145 154
145 156
145 157
145 158
145 160
146 147
146 149
146 151
146 152
146 153
146 154
146 155
146 156
146 161
147 148
147 150
147 151
147 155
147 157
147 158
147 159
147 160
147 161
148 149
148 150
148 152
148 154
148 156
148 158
149 150
149 151
149 160
149 161
150 151
150 154
150 156
150 157
151 152
151 153
151 155
151 157
151 159
151 161
152 153
152 154
152 155
152 156
152 157
152 160
152 161
153 155
153 158
153 160
154 157
154 160
155 160
155 161
156 160
157 158
157 159
157 160
158 161
