0 7
0 9
0 10
0 16
0 17
0 19
0 20
0 21
0 22
0 24
0 25
0 26
0 28
0 35
0 37
0 38
0 42
0 45
0 49
0 50
0 52
0 53
0 62
0 66
0 69
0 70
0 71
0 72
0 74
0 75
0 77
0 91
0 92
0 93
0 94
0 97
0 98
0 99
0 105
0 108
0 109
0 110
0 112
0 116
0 117
0 118
0 121
0 124
0 129
0 131
0 136
0 138
0 142
0 144
0 149
0 152
0 157
0 158
0 160
1 6
1 7
1 9
1 13
1 14
1 20
1 21
1 24
1 26
1 27
1 30
1 31
1 34
1 35
1 37
1 38
1 40
1 43
1 44
1 45
1 46
1 49
1 55
1 57
1 58
1 60
1 61
1 65
1 67
1 68
1 69
1 70
1 71
1 80
1 82
1 84
1 88
1 99
1 105
1 106
1 107
1 108
1 109
1 112
1 113
1 114
1 115
1 117
1 118
1 122
1 128
1 129
1 130
1 132
1 133
1 134
1 136
1 138
1 139
1 141
1 142
1 149
1 150
1 151
1 153
1 155
1 157
1 159
2 4
2 7
2 9
2 10
2 13
2 14
2 19
2 24
2 26
2 30
2 31
2 32
2 35
2 37
2 46
2 49
2 50
2 51
2 52
2 64
2 66
2 68
2 69
2 71
2 72
2 73
2 75
2 79
2 82
2 87
2 88
2 93
2 102
2 103
2 104
2 106
2 108
2 110
2 112
2 113
2 114
2 115
2 116
2 117
2 122
2 129
2 130
2 133
2 134
2 137
2 142
2 144
2 145
2 150
2 151
2 154
2 155
2 158
2 160
2 161
3 4
3 7
3 9
3 13
3 14
3 18
3 19
3 21
3 24
3 25
3 26
3 29
3 38
3 39
3 43
3 45
3 47
3 48
3 49
3 56
3 59
3 63
3 64
3 65
3 66
3 67
3 69
3 71
3 72
3 74
3 76
3 84
3 87
3 89
3 94
3 97
3 102
3 103
3 105
3 107
3 109
3 112
3 113
3 117
3 118
3 122
3 126
3 130
3 131
3 134
3 135
3 137
3 142
3 147
3 150
3 152
4 6
4 8
4 10
4 11
4 12
4 13
4 14
4 15
4 16
4 18
4 19
4 21
4 25
4 26
4 28
4 29
4 30
4 31
4 32
4 34
4 35
4 36
4 37
4 38
4 39
4 40
4 43
4 44
4 45
4 46
4 47
4 48
4 49
4 50
4 51
4 53
4 54
4 56
4 57
4 58
4 59
4 61
4 62
4 63
4 64
4 65
4 66
4 68
4 69
4 70
4 71
4 72
4 73
4 74
4 75
4 77
4 78
4 79
4 80
4 82
4 83
4 85
4 86
4 87
4 88
4 89
4 91
4 92
4 94
4 97
4 98
4 99
4 100
4 103
4 104
4 105
4 106
4 107
4 108
4 109
4 112
4 113
4 114
4 115
4 119
4 122
4 125
4 126
4 127
4 128
4 130
4 131
4 132
4 133
4 134
4 135
4 137
4 138
4 139
4 141
4 142
4 143
4 145
4 146
4 147
4 149
4 150
4 152
4 154
4 155
4 157
4 158
4 159
4 161
5 7
5 16
5 21
5 22
5 26
5 30
5 32
5 37
5 45
5 56
5 59
5 64
5 67
5 68
5 69
5 74
5 76
5 87
5 93
5 95
5 102
5 105
5 108
5 109
5 112
5 113
5 114
5 129
5 135
5 137
5 142
5 150
5 152
5 154
5 159
6 7
6 8
6 9
6 10
6 12
6 14
6 15
6 18
6 20
6 21
6 22
6 23
6 25
6 26
6 27
6 29
6 30
6 31
6 36
6 37
6 39
6 40
6 41
6 42
6 44
6 45
6 49
6 50
6 52
6 53
6 56
6 57
6 58
6 59
6 61
6 62
6 64
6 65
6 66
6 68
6 70
6 72
6 73
6 74
6 75
6 76
6 79
6 82
6 83
6 85
6 87
6 88
6 92
6 93
6 94
6 95
6 97
6 101
6 102
6 104
6 105
6 106
6 108
6 109
6 112
6 113
6 114
6 115
6 116
6 117
6 118
6 122
6 126
6 128
6 129
6 130
6 133
6 134
6 135
6 136
6 137
6 138
6 139
6 143
6 147
6 148
6 149
6 151
6 152
6 153
6 154
6 158
6 159
6 160
6 161
7 9
7 11
7 12
7 13
7 14
7 16
7 18
7 19
7 21
7 22
7 24
7 25
7 26
7 28
7 29
7 30
7 31
7 32
7 35
7 37
7 38
7 39
7 40
7 42
7 43
7 44
7 45
7 46
7 51
7 56
7 58
7 60
7 61
7 62
7 63
7 64
7 65
7 67
7 68
7 69
7 70
7 71
7 72
7 73
7 74
7 76
7 77
7 79
7 80
7 81
7 84
7 87
7 89
7 90
7 91
7 93
7 94
7 96
7 97
7 99
7 100
7 102
7 103
7 104
7 105
7 106
7 107
7 108
7 109
7 113
7 114
7 115
7 116
7 117
7 122
7 123
7 124
7 125
7 126
7 129
7 131
7 132
7 133
7 136
7 137
7 138
7 139
7 140
7 141
7 142
7 143
7 145
7 146
7 147
7 149
7 150
7 151
7 152
7 153
7 154
7 157
7 158
7 161
8 19
8 22
8 30
8 31
8 32
8 34
8 39
8 43
8 44
8 45
8 47
8 49
8 50
8 51
8 53
8 55
8 56
8 65
8 67
8 70
8 74
8 80
8 94
8 95
8 108
8 115
8 116
8 118
8 121
8 125
8 133
8 146
8 147
8 150
8 151
8 152
8 153
8 160
9 17
9 19
9 21
9 28
9 31
9 37
9 38
9 40
9 41
9 45
9 46
9 49
9 51
9 54
9 55
9 57
9 58
9 59
9 62
9 63
9 64
9 65
9 66
9 68
9 70
9 72
9 73
9 74
9 75
9 76
9 79
9 80
9 82
9 84
9 85
9 87
9 89
9 91
9 94
9 97
9 98
9 99
9 102
9 104
9 105
9 107
9 108
9 110
9 111
9 113
9 114
9 116
9 117
9 124
9 129
9 130
9 131
9 133
9 134
9 136
9 137
9 139
9 140
9 141
9 142
9 145
9 146
9 147
9 151
9 152
9 153
9 156
9 157
9 159
9 160
10 11
10 17
10 18
10 21
10 23
10 26
10 28
10 32
10 36
10 40
10 49
10 50
10 53
10 55
10 56
10 57
10 58
10 59
10 60
10 61
10 65
10 66
10 67
10 68
10 70
10 72
10 74
10 77
10 79
10 82
10 84
10 86
10 88
10 89
10 93
10 96
10 97
10 100
10 102
10 105
10 108
10 109
10 111
10 112
10 113
10 117
10 118
10 122
10 124
10 132
10 133
10 134
10 137
10 138
10 139
10 143
10 151
10 153
10 154
10 155
10 156
10 158
11 13
11 14
11 15
11 21
11 22
11 23
11 24
11 30
11 31
11 35
11 37
11 38
11 39
11 40
11 41
11 42
11 44
11 45
11 49
11 51
11 52
11 53
11 54
11 55
11 56
11 61
11 63
11 64
11 67
11 68
11 70
11 74
11 75
11 77
11 79
11 81
11 83
11 84
11 88
11 89
11 93
11 94
11 95
11 98
11 99
11 101
11 102
11 104
11 105
11 107
11 112
11 114
11 116
11 117
11 118
11 125
11 126
11 127
11 128
11 130
11 131
11 133
11 134
11 135
11 138
11 139
11 142
11 143
11 146
11 147
11 151
11 152
11 154
11 158
12 14
12 15
12 16
12 19
12 21
12 26
12 29
12 30
12 31
12 36
12 41
12 43
12 44
12 45
12 48
12 49
12 50
12 52
12 61
12 67
12 68
12 69
12 70
12 72
12 73
12 74
12 77
12 83
12 93
12 94
12 95
12 97
12 101
12 102
12 105
12 106
12 108
12 109
12 110
12 111
12 114
12 115
12 117
12 125
12 128
12 129
12 133
12 135
12 137
12 138
12 139
12 140
12 142
12 146
12 147
12 152
12 153
12 154
12 159
12 160
13 17
13 20
13 21
13 22
13 26
13 30
13 32
13 33
13 36
13 40
13 45
13 50
13 52
13 53
13 56
13 58
13 63
13 64
13 67
13 72
13 73
13 74
13 77
13 79
13 80
13 85
13 88
13 89
13 91
13 93
13 94
13 99
13 100
13 101
13 102
13 111
13 116
13 117
13 118
13 125
13 126
13 129
13 132
13 133
13 134
13 137
13 140
13 142
13 147
13 149
13 151
13 154
13 155
13 156
13 160
13 161
14 15
14 16
14 18
14 21
14 25
14 26
14 28
14 29
14 30
14 31
14 32
14 36
14 37
14 38
14 39
14 40
14 41
14 43
14 44
14 46
14 47
14 48
14 49
14 51
14 53
14 54
14 55
14 56
14 58
14 59
14 61
14 63
14 64
14 66
14 68
14 69
14 70
14 71
14 72
14 73
14 74
14 76
14 77
14 79
14 80
14 81
14 82
14 83
14 84
14 85
14 88
14 89
14 91
14 93
14 94
14 95
14 97
14 99
14 100
14 101
14 102
14 103
14 104
14 106
14 107
14 108
14 110
14 111
14 113
14 114
14 118
14 120
14 122
14 124
14 125
14 126
14 128
14 129
14 131
14 132
14 133
14 134
14 137
14 138
14 140
14 141
14 142
14 145
14 146
14 147
14 150
14 151
14 152
14 153
14 155
14 156
14 157
14 158
14 160
14 161
15 18
15 21
15 22
15 26
15 30
15 31
15 35
15 39
15 40
15 43
15 45
15 46
15 51
15 53
15 61
15 67
15 69
15 70
15 71
15 78
15 79
15 80
15 81
15 83
15 88
15 91
15 98
15 102
15 106
15 108
15 111
15 113
15 115
15 117
15 126
15 129
15 131
15 133
15 134
15 139
15 147
15 150
15 152
15 154
15 158
15 160
16 18
16 26
16 30
16 34
16 36
16 38
16 40
16 41
16 43
16 44
16 45
16 51
16 54
16 56
16 62
16 63
16 66
16 70
16 75
16 76
16 77
16 84
16 86
16 87
16 89
16 95
16 97
16 98
16 99
16 102
16 105
16 108
16 109
16 112
16 113
16 114
16 115
16 116
16 117
16 126
16 131
16 137
16 138
16 143
16 150
16 152
16 153
17 19
17 26
17 31
17 32
17 35
17 38
17 47
17 51
17 56
17 58
17 61
17 62
17 66
17 71
17 74
17 77
17 85
17 89
17 94
17 97
17 98
17 100
17 106
17 108
17 112
17 116
17 117
17 134
17 136
17 137
17 151
17 154
17 161
18 26
18 32
18 34
18 35
18 37
18 38
18 39
18 40
18 42
18 43
18 44
18 49
18 51
18 52
18 53
18 54
18 60
18 63
18 65
18 67
18 69
18 70
18 71
18 72
18 76
18 77
18 79
18 81
18 84
18 92
18 93
18 97
18 98
18 99
18 100
18 105
18 106
18 108
18 112
18 115
18 116
18 117
18 118
18 121
18 125
18 129
18 131
18 133
18 134
18 135
18 137
18 138
18 139
18 141
18 143
18 147
18 150
18 151
18 153
18 154
18 157
18 158
19 21
19 23
19 24
19 25
19 28
19 30
19 31
19 32
19 33
19 34
19 36
19 37
19 38
19 39
19 40
19 41
19 42
19 44
19 45
19 46
19 48
19 49
19 50
19 51
19 54
19 55
19 56
19 58
19 59
19 61
19 62
19 63
19 64
19 66
19 67
19 68
19 69
19 70
19 72
19 73
19 75
19 77
19 79
19 80
19 82
19 83
19 84
19 87
19 88
19 89
19 91
19 92
19 93
19 94
19 96
19 97
19 99
19 100
19 101
19 102
19 104
19 105
19 107
19 108
19 109
19 111
19 112
19 113
19 114
19 115
19 118
19 122
19 124
19 125
19 129
19 130
19 131
19 132
19 133
19 134
19 135
19 138
19 139
19 142
19 143
19 145
19 146
19 147
19 148
19 149
19 150
19 151
19 152
19 153
19 154
19 158
19 159
19 160
19 161
20 21
20 26
20 27
20 30
20 31
20 34
20 35
20 37
20 38
20 45
20 48
20 49
20 50
20 51
20 58
20 59
20 60
20 64
20 68
20 71
20 72
20 73
20 74
20 77
20 79
20 80
20 87
20 89
20 90
20 96
20 110
20 112
20 118
20 132
20 134
20 142
20 151
20 152
20 154
20 155
20 158
21 22
21 23
21 24
21 26
21 28
21 31
21 32
21 34
21 35
21 36
21 40
21 42
21 43
21 44
21 45
21 46
21 47
21 48
21 49
21 52
21 54
21 58
21 59
21 60
21 61
21 62
21 63
21 65
21 68
21 71
21 72
21 73
21 74
21 75
21 77
21 78
21 79
21 80
21 82
21 83
21 84
21 85
21 87
21 89
21 90
21 92
21 97
21 100
21 101
21 102
21 105
21 107
21 108
21 109
21 110
21 112
21 113
21 114
21 115
21 116
21 117
21 118
21 120
21 121
21 122
21 123
21 125
21 126
21 129
21 131
21 132
21 133
21 134
21 136
21 137
21 141
21 142
21 144
21 145
21 147
21 151
21 153
21 154
21 155
21 156
21 158
21 160
21 161
22 28
22 29
22 31
22 32
22 36
22 40
22 45
22 49
22 50
22 53
22 62
22 64
22 66
22 67
22 68
22 70
22 71
22 72
22 75
22 79
22 81
22 86
22 89
22 100
22 105
22 108
22 110
22 112
22 113
22 115
22 118
22 121
22 129
22 136
22 138
22 142
22 147
22 150
22 154
23 24
23 25
23 34
23 35
23 38
23 39
23 40
23 46
23 49
23 56
23 63
23 65
23 67
23 68
23 69
23 70
23 71
23 72
23 73
23 76
23 79
23 80
23 83
23 86
23 87
23 94
23 101
23 102
23 107
23 110
23 112
23 113
23 117
23 118
23 122
23 125
23 130
23 131
23 133
23 141
23 142
23 147
23 149
23 152
23 153
23 154
23 158
23 160
24 28
24 33
24 44
24 45
24 46
24 49
24 54
24 55
24 64
24 65
24 66
24 70
24 71
24 74
24 76
24 87
24 88
24 98
24 101
24 104
24 107
24 108
24 113
24 114
24 119
24 128
24 130
24 133
24 138
24 139
24 145
24 149
24 150
24 151
24 155
24 157
24 158
24 161
25 26
25 28
25 29
25 31
25 33
25 34
25 36
25 37
25 40
25 42
25 44
25 45
25 46
25 48
25 51
25 52
25 54
25 55
25 56
25 58
25 59
25 61
25 64
25 67
25 70
25 71
25 73
25 75
25 77
25 79
25 83
25 84
25 85
25 86
25 88
25 91
25 93
25 94
25 96
25 99
25 100
25 101
25 102
25 103
25 105
25 106
25 107
25 109
25 114
25 116
25 118
25 122
25 125
25 126
25 128
25 130
25 131
25 133
25 136
25 137
25 139
25 141
25 142
25 143
25 145
25 147
25 148
25 150
25 151
25 152
25 154
25 155
25 157
25 158
25 159
25 161
26 29
26 30
26 31
26 32
26 33
26 36
26 37
26 38
26 40
26 42
26 43
26 44
26 46
26 47
26 48
26 50
26 51
26 52
26 53
26 54
26 56
26 57
26 58
26 61
26 63
26 64
26 65
26 67
26 68
26 69
26 70
26 71
26 72
26 73
26 74
26 75
26 77
26 81
26 83
26 85
26 86
26 87
26 88
26 89
26 92
26 94
26 95
26 97
26 98
26 99
26 101
26 102
26 103
26 106
26 108
26 109
26 110
26 111
26 112
26 113
26 114
26 115
26 117
26 118
26 121
26 125
26 126
26 127
26 128
26 129
26 130
26 131
26 132
26 133
26 134
26 136
26 137
26 138
26 139
26 140
26 141
26 142
26 144
26 146
26 147
26 149
26 150
26 151
26 152
26 153
26 154
26 155
26 156
26 157
26 158
26 160
27 30
27 31
27 36
27 37
27 40
27 44
27 45
27 56
27 72
27 73
27 74
27 79
27 106
27 113
27 126
27 131
27 138
27 142
27 146
27 147
27 151
27 154
27 155
27 156
28 31
28 32
28 35
28 38
28 40
28 44
28 49
28 54
28 55
28 56
28 58
28 62
28 63
28 64
28 65
28 66
28 67
28 70
28 71
28 72
28 79
28 80
28 84
28 87
28 93
28 94
28 101
28 111
28 114
28 117
28 119
28 122
28 130
28 131
28 132
28 133
28 134
28 137
28 141
28 142
28 144
28 147
28 150
28 151
28 154
28 156
29 30
29 43
29 46
29 49
29 51
29 56
29 60
29 63
29 65
29 72
29 74
29 75
29 77
29 79
29 82
29 84
29 89
29 97
29 99
29 108
29 109
29 110
29 112
29 113
29 114
29 117
29 120
29 126
29 128
29 133
29 134
29 136
29 137
29 138
29 139
29 146
29 147
29 151
29 152
29 154
30 31
30 33
30 35
30 36
30 37
30 38
30 39
30 40
30 42
30 44
30 45
30 48
30 49
30 51
30 55
30 58
30 59
30 62
30 65
30 66
30 67
30 69
30 70
30 71
30 73
30 74
30 75
30 76
30 78
30 79
30 84
30 85
30 94
30 96
30 98
30 99
30 101
30 102
30 105
30 109
30 111
30 115
30 116
30 117
30 118
30 121
30 122
30 125
30 126
30 127
30 128
30 129
30 131
30 134
30 135
30 137
30 138
30 141
30 142
30 143
30 146
30 147
30 153
30 154
30 155
30 157
30 158
30 159
31 33
31 35
31 36
31 38
31 39
31 40
31 43
31 47
31 49
31 51
31 54
31 55
31 57
31 58
31 59
31 60
31 61
31 63
31 64
31 65
31 66
31 67
31 68
31 69
31 70
31 71
31 72
31 73
31 74
31 76
31 77
31 79
31 81
31 82
31 84
31 87
31 88
31 89
31 90
31 91
31 94
31 98
31 99
31 101
31 102
31 103
31 105
31 106
31 107
31 108
31 109
31 110
31 111
31 113
31 114
31 115
31 116
31 117
31 118
31 119
31 124
31 126
31 128
31 129
31 130
31 131
31 133
31 134
31 135
31 136
31 137
31 138
31 139
31 142
31 143
31 144
31 146
31 147
31 148
31 150
31 151
31 152
31 153
31 154
31 157
31 159
31 160
32 35
32 36
32 39
32 40
32 42
32 43
32 44
32 45
32 46
32 49
32 50
32 51
32 53
32 54
32 55
32 56
32 58
32 59
32 61
32 63
32 64
32 65
32 68
32 69
32 70
32 73
32 75
32 76
32 78
32 79
32 80
32 84
32 86
32 87
32 88
32 89
32 90
32 91
32 92
32 98
32 99
32 101
32 104
32 105
32 106
32 110
32 112
32 113
32 114
32 115
32 116
32 118
32 119
32 121
32 124
32 125
32 126
32 128
32 129
32 130
32 131
32 133
32 134
32 135
32 136
32 137
32 138
32 140
32 142
32 143
32 144
32 145
32 146
32 147
32 148
32 150
32 152
32 153
32 157
32 158
32 159
32 161
33 39
33 49
33 56
33 66
33 67
33 68
33 79
33 82
33 84
33 87
33 88
33 89
33 101
33 108
33 114
33 116
33 137
33 138
33 140
33 151
33 155
34 35
34 37
34 40
34 42
34 44
34 51
34 52
34 53
34 55
34 58
34 64
34 67
34 69
34 88
34 89
34 94
34 98
34 99
34 101
34 105
34 112
34 113
34 114
34 118
34 125
34 129
34 131
34 137
34 139
34 141
34 142
34 147
34 149
34 150
34 157
34 161
35 37
35 38
35 39
35 40
35 41
35 43
35 45
35 46
35 49
35 51
35 58
35 62
35 63
35 65
35 66
35 67
35 68
35 69
35 70
35 71
35 72
35 73
35 74
35 75
35 77
35 79
35 83
35 84
35 85
35 86
35 87
35 89
35 91
35 92
35 94
35 97
35 98
35 99
35 102
35 103
35 105
35 106
35 109
35 110
35 115
35 117
35 118
35 125
35 126
35 127
35 129
35 131
35 133
35 134
35 136
35 137
35 138
35 140
35 142
35 151
35 152
35 153
35 154
35 157
35 158
35 159
36 38
36 40
36 42
36 43
36 44
36 46
36 49
36 51
36 52
36 56
36 57
36 61
36 63
36 64
36 65
36 66
36 67
36 70
36 72
36 74
36 75
36 77
36 78
36 79
36 80
36 84
36 85
36 86
36 87
36 89
36 93
36 94
36 97
36 100
36 101
36 102
36 105
36 106
36 107
36 109
36 110
36 112
36 113
36 114
36 117
36 118
36 119
36 125
36 126
36 131
36 136
36 137
36 138
36 144
36 146
36 150
36 152
36 153
36 154
36 157
36 158
37 45
37 51
37 52
37 54
37 55
37 57
37 58
37 64
37 65
37 66
37 67
37 69
37 70
37 72
37 74
37 75
37 76
37 80
37 87
37 88
37 91
37 93
37 94
37 95
37 98
37 100
37 101
37 105
37 106
37 107
37 108
37 109
37 113
37 114
37 115
37 116
37 118
37 119
37 123
37 127
37 129
37 133
37 134
37 135
37 137
37 138
37 142
37 145
37 146
37 151
37 152
37 153
37 154
38 39
38 40
38 41
38 42
38 44
38 45
38 49
38 52
38 53
38 54
38 55
38 56
38 57
38 58
38 60
38 61
38 62
38 64
38 65
38 66
38 69
38 70
38 71
38 72
38 74
38 75
38 76
38 77
38 79
38 80
38 84
38 89
38 92
38 94
38 96
38 97
38 101
38 102
38 104
38 105
38 106
38 107
38 109
38 110
38 112
38 114
38 115
38 118
38 119
38 122
38 125
38 128
38 129
38 131
38 134
38 135
38 136
38 138
38 139
38 140
38 141
38 142
38 146
38 150
38 151
38 152
38 157
38 158
38 159
38 160
39 40
39 42
39 43
39 44
39 45
39 49
39 50
39 53
39 58
39 59
39 62
39 68
39 69
39 70
39 74
39 79
39 82
39 83
39 84
39 89
39 94
39 95
39 97
39 101
39 102
39 104
39 108
39 112
39 113
39 115
39 117
39 119
39 124
39 125
39 127
39 128
39 129
39 132
39 135
39 136
39 137
39 139
39 142
39 144
39 145
39 152
39 153
39 154
39 158
39 161
40 42
40 43
40 45
40 48
40 49
40 50
40 53
40 54
40 55
40 56
40 58
40 59
40 61
40 63
40 64
40 65
40 66
40 67
40 68
40 69
40 70
40 72
40 73
40 74
40 76
40 77
40 79
40 80
40 81
40 82
40 83
40 84
40 85
40 87
40 88
40 89
40 90
40 91
40 92
40 93
40 94
40 95
40 99
40 100
40 101
40 102
40 103
40 106
40 107
40 108
40 109
40 110
40 113
40 114
40 115
40 116
40 117
40 118
40 120
40 121
40 123
40 124
40 125
40 126
40 127
40 130
40 131
40 133
40 134
40 136
40 138
40 139
40 141
40 142
40 143
40 144
40 145
40 146
40 149
40 150
40 151
40 154
40 155
40 157
40 160
40 161
41 49
41 51
41 54
41 55
41 56
41 58
41 59
41 70
41 72
41 74
41 77
41 79
41 93
41 96
41 104
41 114
41 117
41 122
41 126
41 137
41 145
41 151
41 155
41 157
41 158
42 44
42 49
42 50
42 51
42 52
42 54
42 55
42 64
42 70
42 77
42 83
42 84
42 85
42 86
42 89
42 91
42 94
42 95
42 97
42 98
42 99
42 100
42 101
42 103
42 106
42 107
42 112
42 114
42 115
42 116
42 118
42 122
42 129
42 131
42 135
42 138
42 139
42 140
42 142
42 143
42 150
42 151
42 153
42 155
42 158
43 45
43 46
43 47
43 49
43 50
43 51
43 55
43 56
43 57
43 59
43 64
43 66
43 67
43 69
43 70
43 71
43 72
43 73
43 76
43 79
43 84
43 93
43 97
43 98
43 99
43 100
43 101
43 102
43 103
43 104
43 105
43 106
43 111
43 112
43 115
43 122
43 126
43 128
43 133
43 137
43 139
43 143
43 145
43 147
43 152
43 153
43 154
43 157
43 158
43 159
43 161
44 45
44 46
44 49
44 51
44 54
44 56
44 59
44 63
44 64
44 65
44 68
44 70
44 71
44 73
44 74
44 76
44 77
44 81
44 84
44 88
44 89
44 90
44 92
44 93
44 94
44 95
44 96
44 97
44 99
44 100
44 101
44 103
44 104
44 105
44 106
44 107
44 109
44 114
44 116
44 118
44 124
44 125
44 127
44 129
44 130
44 131
44 133
44 136
44 137
44 140
44 142
44 144
44 146
44 147
44 153
44 154
44 155
44 158
44 159
44 161
45 46
45 47
45 49
45 50
45 51
45 52
45 54
45 59
45 63
45 64
45 65
45 66
45 67
45 68
45 69
45 70
45 71
45 72
45 73
45 74
45 75
45 76
45 77
45 79
45 80
45 83
45 84
45 85
45 86
45 87
45 89
45 91
45 92
45 94
45 99
45 101
45 102
45 103
45 105
45 106
45 107
45 108
45 109
45 110
45 111
45 113
45 114
45 115
45 116
45 117
45 118
45 119
45 120
45 125
45 128
45 129
45 131
45 133
45 134
45 136
45 137
45 138
45 139
45 142
45 145
45 146
45 147
45 149
45 150
45 151
45 152
45 154
45 157
45 159
45 160
45 161
46 47
46 52
46 54
46 58
46 62
46 65
46 67
46 68
46 70
46 73
46 74
46 75
46 79
46 82
46 88
46 90
46 96
46 97
46 99
46 100
46 101
46 103
46 106
46 114
46 116
46 117
46 118
46 119
46 125
46 128
46 132
46 134
46 137
46 138
46 142
46 145
46 147
46 151
46 154
46 159
47 49
47 50
47 51
47 55
47 56
47 59
47 62
47 63
47 64
47 65
47 70
47 71
47 73
47 74
47 79
47 101
47 103
47 106
47 108
47 109
47 116
47 117
47 125
47 126
47 128
47 138
47 143
47 149
47 151
48 51
48 54
48 57
48 58
48 64
48 66
48 72
48 76
48 77
48 79
48 84
48 87
48 88
48 97
48 105
48 107
48 108
48 125
48 132
48 133
48 135
48 137
48 138
48 146
48 147
48 154
48 157
48 159
48 161
49 51
49 52
49 54
49 56
49 57
49 58
49 59
49 62
49 63
49 64
49 65
49 66
49 67
49 68
49 69
49 70
49 72
49 73
49 74
49 80
49 82
49 83
49 85
49 87
49 88
49 89
49 91
49 92
49 93
49 94
49 95
49 97
49 98
49 100
49 101
49 102
49 105
49 106
49 108
49 109
49 110
49 111
49 113
49 114
49 115
49 116
49 117
49 119
49 123
49 124
49 125
49 127
49 128
49 130
49 131
49 133
49 136
49 137
49 138
49 142
49 143
49 145
49 147
49 150
49 151
49 153
49 154
49 155
49 156
49 157
49 158
49 159
49 161
50 52
50 54
50 55
50 56
50 57
50 58
50 64
50 65
50 68
50 70
50 72
50 73
50 79
50 80
50 84
50 88
50 93
50 94
50 95
50 97
50 100
50 103
50 105
50 106
50 108
50 109
50 110
50 111
50 113
50 114
50 115
50 116
50 117
50 120
50 121
50 129
50 130
50 133
50 134
50 135
50 136
50 137
50 138
50 139
50 140
50 142
50 145
50 146
50 147
50 149
50 151
50 153
50 154
50 158
50 160
51 52
51 54
51 55
51 56
51 57
51 58
51 59
51 60
51 61
51 63
51 64
51 65
51 67
51 68
51 69
51 70
51 71
51 72
51 73
51 74
51 75
51 76
51 79
51 80
51 82
51 84
51 87
51 88
51 90
51 91
51 92
51 94
51 96
51 97
51 101
51 102
51 103
51 105
51 106
51 108
51 109
51 113
51 114
51 117
51 118
51 119
51 123
51 127
51 129
51 130
51 131
51 133
51 134
51 135
51 136
51 137
51 138
51 139
51 140
51 142
51 143
51 145
51 148
51 150
51 151
51 152
51 153
51 154
51 155
51 157
51 160
52 54
52 55
52 56
52 58
52 59
52 60
52 63
52 64
52 65
52 68
52 72
52 73
52 75
52 77
52 79
52 80
52 81
52 82
52 87
52 89
52 92
52 93
52 94
52 97
52 100
52 101
52 106
52 108
52 111
52 112
52 114
52 117
52 118
52 125
52 126
52 127
52 128
52 129
52 131
52 134
52 137
52 139
52 142
52 145
52 147
52 149
52 150
52 151
52 152
52 153
52 158
52 159
52 161
53 64
53 65
53 66
53 67
53 69
53 71
53 72
53 73
53 74
53 79
53 80
53 83
53 88
53 91
53 92
53 94
53 98
53 100
53 101
53 104
53 107
53 113
53 115
53 118
53 124
53 125
53 128
53 129
53 130
53 137
53 142
53 143
53 145
53 151
53 153
53 154
53 155
53 157
53 160
53 161
54 55
54 56
54 59
54 61
54 62
54 63
54 65
54 67
54 69
54 70
54 71
54 72
54 73
54 74
54 75
54 77
54 79
54 80
54 84
54 86
54 89
54 90
54 95
54 97
54 100
54 101
54 102
54 104
54 105
54 106
54 108
54 109
54 111
54 113
54 115
54 116
54 117
54 118
54 123
54 125
54 126
54 128
54 129
54 130
54 132
54 133
54 134
54 135
54 137
54 138
54 140
54 141
54 147
54 149
54 150
54 151
54 152
54 154
54 156
54 158
54 160
54 161
55 56
55 59
55 61
55 63
55 64
55 65
55 66
55 67
55 68
55 69
55 70
55 71
55 74
55 75
55 78
55 80
55 82
55 87
55 89
55 91
55 92
55 93
55 98
55 101
55 102
55 103
55 105
55 106
55 108
55 111
55 112
55 113
55 115
55 117
55 118
55 125
55 127
55 128
55 129
55 131
55 133
55 141
55 144
55 145
55 146
55 151
55 152
55 153
55 154
55 157
55 158
55 160
56 58
56 59
56 61
56 63
56 64
56 65
56 67
56 68
56 69
56 72
56 74
56 75
56 77
56 79
56 82
56 83
56 85
56 87
56 88
56 89
56 92
56 93
56 95
56 98
56 99
56 101
56 102
56 105
56 106
56 107
56 108
56 109
56 111
56 112
56 113
56 115
56 118
56 119
56 124
56 125
56 126
56 128
56 129
56 130
56 131
56 133
56 138
56 140
56 141
56 142
56 143
56 145
56 146
56 147
56 148
56 149
56 150
56 151
56 152
56 154
56 155
56 157
56 158
56 159
56 161
57 63
57 64
57 68
57 72
57 74
57 77
57 79
57 86
57 87
57 94
57 96
57 101
57 102
57 105
57 106
57 112
57 116
57 129
57 131
57 133
57 134
57 137
57 141
57 142
57 145
57 148
57 152
57 154
57 158
57 161
58 62
58 64
58 65
58 66
58 67
58 68
58 69
58 70
58 71
58 73
58 74
58 75
58 78
58 81
58 88
58 89
58 91
58 93
58 94
58 95
58 97
58 98
58 101
58 103
58 107
58 109
58 111
58 112
58 113
58 114
58 115
58 118
58 124
58 127
58 128
58 129
58 130
58 131
58 133
58 134
58 136
58 137
58 138
58 139
58 142
58 145
58 146
58 147
58 149
58 150
58 151
58 152
58 154
58 160
58 161
59 64
59 65
59 68
59 70
59 72
59 75
59 79
59 82
59 84
59 88
59 90
59 92
59 93
59 94
59 95
59 97
59 101
59 105
59 106
59 110
59 112
59 113
59 114
59 115
59 117
59 118
59 122
59 126
59 129
59 132
59 137
59 138
59 139
59 140
59 146
59 147
59 148
59 150
59 151
59 152
59 154
59 159
60 67
60 71
60 75
60 84
60 89
60 93
60 94
60 101
60 110
60 113
60 114
60 118
60 129
60 132
60 133
60 134
60 137
60 142
60 146
60 151
60 152
60 153
60 154
60 157
60 158
60 161
61 62
61 63
61 66
61 68
61 69
61 70
61 74
61 79
61 87
61 89
61 95
61 99
61 101
61 102
61 103
61 104
61 106
61 107
61 113
61 114
61 117
61 123
61 125
61 128
61 133
61 135
61 138
61 141
61 142
61 143
61 150
61 152
61 153
61 154
61 156
61 160
62 67
62 71
62 72
62 79
62 80
62 89
62 97
62 99
62 101
62 102
62 104
62 106
62 108
62 113
62 117
62 118
62 125
62 129
62 134
62 138
62 140
62 153
63 64
63 65
63 66
63 67
63 68
63 69
63 70
63 71
63 72
63 74
63 75
63 79
63 84
63 87
63 89
63 90
63 91
63 94
63 95
63 98
63 101
63 102
63 103
63 104
63 106
63 109
63 110
63 112
63 113
63 114
63 115
63 116
63 119
63 125
63 129
63 130
63 131
63 132
63 133
63 135
63 136
63 137
63 138
63 143
63 146
63 147
63 148
63 149
63 150
63 151
63 153
63 154
63 158
63 161
64 66
64 67
64 68
64 70
64 71
64 72
64 74
64 76
64 77
64 79
64 80
64 81
64 83
64 84
64 85
64 92
64 93
64 94
64 97
64 98
64 101
64 102
64 103
64 106
64 107
64 109
64 110
64 111
64 112
64 113
64 114
64 115
64 116
64 118
64 123
64 125
64 126
64 128
64 129
64 131
64 133
64 134
64 135
64 136
64 137
64 138
64 141
64 144
64 146
64 147
64 149
64 150
64 151
64 152
64 153
64 155
64 156
64 157
64 158
64 161
65 66
65 69
65 70
65 73
65 74
65 75
65 77
65 79
65 80
65 83
65 84
65 87
65 88
65 89
65 90
65 92
65 94
65 95
65 96
65 99
65 101
65 103
65 105
65 106
65 108
65 109
65 110
65 112
65 113
65 114
65 115
65 122
65 125
65 126
65 129
65 131
65 133
65 134
65 135
65 137
65 138
65 140
65 142
65 145
65 146
65 147
65 151
65 154
65 157
65 158
65 159
65 160
65 161
66 69
66 70
66 71
66 72
66 76
66 77
66 78
66 79
66 82
66 83
66 84
66 85
66 87
66 89
66 90
66 95
66 97
66 100
66 101
66 102
66 105
66 106
66 108
66 109
66 111
66 113
66 115
66 116
66 118
66 120
66 124
66 129
66 130
66 131
66 132
66 133
66 134
66 135
66 137
66 138
66 139
66 142
66 145
66 147
66 150
66 151
66 152
66 153
66 154
66 155
66 157
66 159
66 161
67 68
67 69
67 71
67 72
67 74
67 75
67 76
67 77
67 79
67 81
67 83
67 84
67 88
67 89
67 91
67 92
67 93
67 94
67 95
67 96
67 100
67 101
67 102
67 105
67 106
67 108
67 110
67 113
67 114
67 117
67 125
67 126
67 129
67 130
67 131
67 132
67 133
67 134
67 135
67 136
67 137
67 138
67 140
67 141
67 142
67 144
67 145
67 146
67 147
67 150
67 151
67 152
67 153
67 156
67 157
67 159
67 160
68 69
68 70
68 71
68 72
68 73
68 74
68 77
68 79
68 84
68 86
68 88
68 89
68 90
68 91
68 92
68 93
68 94
68 95
68 97
68 98
68 100
68 101
68 102
68 103
68 105
68 106
68 107
68 108
68 109
68 110
68 111
68 112
68 113
68 114
68 115
68 117
68 118
68 119
68 125
68 126
68 128
68 129
68 130
68 131
68 134
68 135
68 137
68 138
68 139
68 140
68 141
68 142
68 143
68 144
68 145
68 146
68 147
68 148
68 149
68 150
68 151
68 152
68 153
68 154
68 157
68 158
69 70
69 71
69 72
69 74
69 75
69 77
69 78
69 79
69 80
69 81
69 83
69 84
69 85
69 90
69 93
69 94
69 96
69 98
69 99
69 100
69 101
69 102
69 104
69 105
69 106
69 111
69 114
69 115
69 116
69 117
69 118
69 119
69 121
69 125
69 126
69 130
69 131
69 134
69 135
69 137
69 138
69 139
69 140
69 141
69 142
69 147
69 148
69 149
69 150
69 151
69 152
69 153
69 154
69 157
69 159
70 71
70 72
70 73
70 74
70 76
70 79
70 80
70 81
70 84
70 85
70 86
70 87
70 91
70 94
70 97
70 100
70 101
70 102
70 104
70 106
70 107
70 108
70 109
70 111
70 112
70 113
70 114
70 115
70 116
70 117
70 118
70 122
70 124
70 125
70 126
70 128
70 129
70 130
70 131
70 133
70 134
70 137
70 138
70 140
70 141
70 142
70 143
70 144
70 145
70 148
70 150
70 151
70 153
70 154
70 155
70 156
70 158
70 159
70 160
71 72
71 73
71 74
71 76
71 77
71 80
71 82
71 83
71 84
71 88
71 92
71 96
71 97
71 98
71 99
71 100
71 101
71 102
71 104
71 105
71 107
71 108
71 109
71 110
71 111
71 112
71 113
71 114
71 115
71 117
71 119
71 120
71 122
71 123
71 125
71 128
71 129
71 131
71 133
71 136
71 138
71 140
71 142
71 143
71 145
71 149
71 152
71 154
71 157
71 160
71 161
72 73
72 74
72 77
72 79
72 80
72 82
72 83
72 84
72 88
72 89
72 90
72 91
72 92
72 93
72 94
72 95
72 100
72 101
72 102
72 103
72 105
72 106
72 108
72 109
72 110
72 111
72 112
72 113
72 114
72 115
72 117
72 122
72 125
72 126
72 127
72 129
72 130
72 131
72 133
72 135
72 137
72 138
72 139
72 140
72 141
72 142
72 143
72 145
72 146
72 147
72 148
72 149
72 150
72 151
72 153
72 154
72 156
72 160
72 161
73 74
73 77
73 79
73 83
73 84
73 92
73 93
73 94
73 95
73 97
73 99
73 100
73 101
73 103
73 106
73 107
73 109
73 111
73 114
73 117
73 118
73 121
73 125
73 127
73 129
73 130
73 133
73 134
73 137
73 139
73 142
73 145
73 148
73 151
73 152
73 154
73 156
73 157
73 158
73 159
73 160
74 75
74 76
74 77
74 79
74 80
74 81
74 82
74 84
74 85
74 86
74 88
74 89
74 90
74 91
74 92
74 94
74 96
74 99
74 100
74 102
74 103
74 105
74 106
74 108
74 109
74 113
74 114
74 115
74 116
74 117
74 118
74 120
74 121
74 125
74 126
74 127
74 129
74 131
74 133
74 134
74 136
74 137
74 138
74 139
74 140
74 141
74 142
74 145
74 146
74 147
74 151
74 152
74 153
74 154
74 158
74 161
75 77
75 79
75 87
75 89
75 93
75 94
75 95
75 97
75 101
75 106
75 108
75 110
75 111
75 113
75 114
75 119
75 121
75 123
75 126
75 129
75 131
75 132
75 135
75 137
75 138
75 143
75 145
75 148
75 151
75 154
75 157
75 158
75 160
76 77
76 86
76 89
76 92
76 94
76 101
76 102
76 106
76 108
76 110
76 114
76 117
76 118
76 125
76 126
76 127
76 128
76 129
76 130
76 133
76 134
76 137
76 138
76 139
76 146
76 147
76 149
76 152
76 154
76 159
76 161
77 78
77 82
77 84
77 86
77 87
77 88
77 89
77 93
77 97
77 98
77 100
77 102
77 103
77 104
77 105
77 106
77 107
77 108
77 109
77 110
77 111
77 113
77 114
77 116
77 117
77 118
77 119
77 120
77 121
77 125
77 126
77 129
77 130
77 131
77 134
77 135
77 137
77 138
77 139
77 140
77 141
77 144
77 145
77 147
77 148
77 149
77 151
77 152
77 155
77 157
77 158
77 160
78 83
78 93
78 97
78 101
78 125
78 133
78 147
78 150
78 153
78 154
78 161
79 80
79 81
79 85
79 86
79 88
79 89
79 92
79 93
79 95
79 97
79 101
79 102
79 103
79 105
79 107
79 108
79 109
79 110
79 113
79 115
79 116
79 117
79 118
79 120
79 122
79 125
79 126
79 127
79 128
79 129
79 131
79 132
79 134
79 136
79 137
79 138
79 139
79 141
79 145
79 146
79 147
79 148
79 150
79 151
79 152
79 154
79 157
79 158
79 159
79 160
79 161
80 82
80 85
80 87
80 88
80 89
80 94
80 96
80 99
80 102
80 108
80 113
80 114
80 117
80 118
80 128
80 129
80 131
80 133
80 137
80 138
80 142
80 143
80 145
80 148
80 149
80 150
80 151
80 152
80 153
80 154
80 159
80 160
81 83
81 84
81 87
81 101
81 103
81 106
81 107
81 109
81 114
81 120
81 123
81 126
81 129
81 134
81 150
81 152
81 160
81 161
82 88
82 89
82 92
82 94
82 95
82 98
82 99
82 100
82 101
82 105
82 106
82 110
82 113
82 115
82 118
82 129
82 130
82 131
82 134
82 135
82 137
82 140
82 141
82 146
82 152
82 157
82 158
83 84
83 85
83 88
83 89
83 95
83 96
83 99
83 102
83 106
83 114
83 118
83 120
83 121
83 125
83 129
83 131
83 133
83 138
83 139
83 146
83 149
83 150
83 152
83 153
83 157
83 159
84 89
84 92
84 94
84 96
84 97
84 99
84 100
84 101
84 102
84 103
84 105
84 106
84 109
84 112
84 113
84 114
84 115
84 117
84 118
84 125
84 126
84 131
84 132
84 133
84 136
84 137
84 138
84 141
84 142
84 146
84 147
84 148
84 151
84 152
84 153
84 154
84 157
84 158
84 159
84 161
85 88
85 89
85 92
85 99
85 101
85 103
85 105
85 106
85 107
85 108
85 109
85 113
85 114
85 115
85 117
85 129
85 130
85 132
85 133
85 134
85 137
85 138
85 139
85 140
85 141
85 161
86 87
86 89
86 94
86 97
86 101
86 102
86 103
86 105
86 106
86 108
86 109
86 110
86 111
86 112
86 114
86 116
86 117
86 125
86 126
86 129
86 131
86 133
86 134
86 140
86 141
86 142
86 145
86 146
86 147
86 148
86 149
86 150
86 159
86 161
87 88
87 89
87 92
87 94
87 99
87 101
87 102
87 103
87 105
87 106
87 107
87 108
87 110
87 111
87 113
87 114
87 118
87 128
87 133
87 134
87 136
87 137
87 138
87 140
87 142
87 145
87 148
87 151
87 152
87 153
87 154
87 157
87 161
88 89
88 92
88 94
88 95
88 97
88 99
88 100
88 101
88 103
88 108
88 112
88 114
88 116
88 117
88 119
88 121
88 125
88 126
88 129
88 130
88 131
88 132
88 133
88 134
88 142
88 148
88 150
88 152
88 154
88 157
88 159
89 90
89 91
89 92
89 94
89 95
89 97
89 100
89 101
89 104
89 106
89 107
89 108
89 110
89 111
89 112
89 114
89 115
89 116
89 117
89 118
89 121
89 122
89 124
89 125
89 126
89 128
89 129
89 130
89 131
89 133
89 135
89 137
89 138
89 141
89 142
89 143
89 145
89 146
89 147
89 150
89 151
89 154
89 155
89 157
89 159
89 161
90 92
90 94
90 97
90 99
90 101
90 102
90 104
90 106
90 113
90 117
90 118
90 125
90 131
90 133
90 138
90 142
90 145
90 149
90 151
90 152
90 153
90 154
91 94
91 101
91 102
91 105
91 106
91 110
91 112
91 113
91 114
91 126
91 128
91 129
91 133
91 134
91 135
91 136
91 137
91 138
91 139
91 141
91 142
91 143
91 148
91 151
91 154
91 157
91 158
91 159
91 161
92 94
92 97
92 99
92 101
92 106
92 108
92 109
92 110
92 114
92 116
92 124
92 127
92 129
92 130
92 131
92 133
92 135
92 137
92 142
92 145
92 150
92 151
92 152
92 153
92 154
92 156
92 157
93 97
93 101
93 102
93 105
93 109
93 111
93 112
93 113
93 114
93 115
93 117
93 118
93 119
93 121
93 128
93 129
93 130
93 133
93 134
93 135
93 136
93 137
93 138
93 139
93 141
93 142
93 145
93 148
93 151
93 161
94 99
94 100
94 101
94 102
94 103
94 104
94 105
94 107
94 108
94 110
94 111
94 112
94 113
94 114
94 115
94 116
94 118
94 119
94 121
94 124
94 125
94 126
94 127
94 128
94 130
94 133
94 134
94 135
94 136
94 137
94 138
94 139
94 142
94 143
94 146
94 147
94 148
94 151
94 152
94 153
94 155
94 158
95 102
95 104
95 105
95 106
95 107
95 108
95 112
95 114
95 115
95 118
95 129
95 131
95 132
95 133
95 135
95 137
95 138
95 139
95 145
95 146
95 151
95 152
95 153
95 154
95 157
95 158
95 160
96 99
96 100
96 101
96 102
96 113
96 117
96 118
96 126
96 129
96 131
96 135
96 136
96 139
96 141
96 142
96 145
96 148
96 151
96 154
96 155
96 157
96 161
97 98
97 101
97 102
97 103
97 105
97 106
97 109
97 111
97 112
97 113
97 115
97 116
97 117
97 118
97 119
97 121
97 122
97 125
97 128
97 129
97 133
97 134
97 137
97 138
97 140
97 142
97 147
97 150
97 152
97 155
97 159
97 160
97 161
98 101
98 103
98 106
98 108
98 109
98 118
98 126
98 129
98 130
98 134
98 135
98 136
98 138
98 139
98 142
98 145
98 147
98 150
98 152
98 158
98 160
98 161
99 100
99 101
99 105
99 106
99 109
99 110
99 113
99 114
99 115
99 125
99 126
99 130
99 133
99 136
99 137
99 138
99 145
99 146
99 147
99 149
99 152
99 153
99 154
100 101
100 102
100 104
100 109
100 110
100 113
100 118
100 123
100 125
100 126
100 129
100 137
100 138
100 141
100 143
100 145
100 147
100 150
100 151
100 154
100 158
100 161
101 102
101 103
101 104
101 105
101 106
101 107
101 108
101 109
101 110
101 114
101 115
101 116
101 117
101 118
101 122
101 123
101 124
101 125
101 126
101 128
101 129
101 131
101 133
101 134
101 135
101 136
101 137
101 138
101 139
101 140
101 141
101 142
101 143
101 145
101 146
101 147
101 148
101 150
101 151
101 152
101 153
101 154
101 155
101 156
101 157
101 158
101 160
102 103
102 106
102 108
102 111
102 112
102 113
102 114
102 115
102 116
102 117
102 118
102 119
102 122
102 124
102 125
102 126
102 130
102 131
102 133
102 134
102 137
102 138
102 142
102 145
102 146
102 150
102 151
102 152
102 154
102 155
102 157
102 158
102 160
102 161
103 104
103 105
103 106
103 108
103 111
103 113
103 114
103 116
103 118
103 123
103 125
103 129
103 130
103 131
103 133
103 134
103 136
103 137
103 138
103 142
103 147
103 150
103 152
103 154
104 105
104 115
104 117
104 122
104 123
104 127
104 128
104 131
104 134
104 136
104 137
104 138
104 139
104 140
104 141
104 147
104 149
104 150
104 153
104 154
104 157
105 106
105 107
105 108
105 109
105 110
105 112
105 113
105 114
105 115
105 118
105 120
105 122
105 125
105 127
105 130
105 131
105 133
105 137
105 138
105 139
105 140
105 142
105 145
105 148
105 150
105 153
105 157
105 158
105 161
106 107
106 108
106 109
106 110
106 113
106 114
106 115
106 117
106 118
106 124
106 126
106 127
106 128
106 129
106 131
106 133
106 134
106 135
106 137
106 139
106 141
106 142
106 143
106 145
106 146
106 147
106 150
106 151
106 152
106 153
106 154
106 155
106 156
106 157
106 158
106 159
106 161
107 108
107 110
107 111
107 112
107 113
107 114
107 115
107 117
107 118
107 119
107 125
107 126
107 130
107 133
107 134
107 137
107 138
107 139
107 140
107 142
107 146
107 147
107 148
107 150
107 151
107 152
107 158
107 161
108 109
108 110
108 112
108 114
108 115
108 117
108 118
108 121
108 124
108 125
108 126
108 127
108 129
108 130
108 132
108 134
108 135
108 138
108 139
108 140
108 141
108 142
108 145
108 147
108 148
108 149
108 150
108 151
108 152
108 153
108 157
108 158
109 112
109 113
109 117
109 118
109 124
109 125
109 128
109 130
109 133
109 134
109 135
109 138
109 139
109 140
109 142
109 143
109 145
109 146
109 147
109 150
109 151
109 152
109 153
109 154
109 157
109 159
109 160
110 111
110 112
110 114
110 115
110 118
110 125
110 129
110 130
110 131
110 133
110 134
110 142
110 145
110 152
110 154
110 158
110 159
111 112
111 113
111 114
111 115
111 117
111 118
111 122
111 125
111 126
111 127
111 128
111 129
111 131
111 133
111 134
111 137
111 145
111 147
111 149
111 150
111 152
111 153
111 157
111 160
111 161
112 114
112 115
112 116
112 117
112 118
112 119
112 122
112 126
112 129
112 130
112 131
112 134
112 136
112 137
112 138
112 140
112 141
112 142
112 146
112 147
112 148
112 149
112 153
112 155
112 157
112 158
112 159
112 160
113 115
113 117
113 118
113 126
113 128
113 129
113 131
113 133
113 134
113 135
113 137
113 138
113 139
113 142
113 144
113 145
113 147
113 149
113 153
113 155
113 156
113 157
113 159
114 115
114 117
114 118
114 119
114 123
114 125
114 126
114 127
114 129
114 130
114 131
114 133
114 134
114 135
114 136
114 138
114 139
114 140
114 141
114 142
114 143
114 145
114 146
114 147
114 150
114 151
114 152
114 154
114 155
114 156
114 157
114 158
114 160
115 116
115 117
115 119
115 124
115 125
115 126
115 127
115 128
115 129
115 130
115 131
115 133
115 134
115 135
115 137
115 139
115 141
115 142
115 144
115 146
115 147
115 149
115 150
115 151
115 152
115 154
115 156
115 159
115 160
115 161
116 117
116 118
116 119
116 125
116 129
116 131
116 133
116 134
116 135
116 137
116 142
116 144
116 147
116 151
116 157
116 160
117 118
117 119
117 123
117 124
117 125
117 126
117 128
117 129
117 130
117 131
117 133
117 134
117 136
117 138
117 139
117 140
117 142
117 145
117 147
117 149
117 150
117 152
117 153
117 154
117 157
117 158
117 161
118 119
118 123
118 124
118 125
118 128
118 129
118 130
118 131
118 133
118 134
118 135
118 136
118 139
118 140
118 141
118 142
118 146
118 147
118 148
118 150
118 151
118 152
118 153
118 154
118 155
118 157
118 158
118 161
119 124
119 128
119 131
119 133
119 134
119 139
119 141
119 142
119 146
119 151
119 154
119 158
120 134
120 141
120 143
120 151
121 129
121 131
121 133
121 145
121 147
121 152
122 134
122 136
122 145
122 147
122 150
122 154
122 157
123 126
123 128
123 129
123 134
123 139
123 147
123 153
123 156
123 160
123 161
124 131
124 133
124 136
124 137
124 142
124 151
124 152
124 160
125 126
125 127
125 129
125 131
125 133
125 135
125 137
125 138
125 141
125 142
125 143
125 145
125 146
125 147
125 148
125 149
125 151
125 152
125 153
125 154
125 155
125 157
125 159
125 161
126 129
126 130
126 133
126 136
126 137
126 138
126 139
126 141
126 147
126 151
126 152
126 153
126 154
126 155
126 157
126 160
126 161
127 128
127 130
127 131
127 136
127 137
127 138
127 146
127 147
127 152
127 158
128 129
128 130
128 131
128 133
128 137
128 138
128 139
128 142
128 147
128 150
128 151
128 158
128 161
129 130
129 131
129 132
129 133
129 134
129 135
129 136
129 137
129 138
129 139
129 141
129 142
129 144
129 146
129 147
129 148
129 151
129 152
129 153
129 154
129 155
129 157
129 158
129 160
130 133
130 134
130 136
130 138
130 139
130 147
130 150
130 152
130 154
130 155
130 158
130 159
130 160
131 133
131 134
131 135
131 137
131 138
131 139
131 141
131 143
131 147
131 148
131 150
131 151
131 152
131 154
131 156
131 157
131 159
131 160
131 161
132 134
132 141
132 143
132 147
132 150
133 134
133 135
133 136
133 138
133 141
133 142
133 143
133 144
133 145
133 146
133 147
133 148
133 149
133 150
133 153
133 154
133 157
133 158
133 160
133 161
134 136
134 137
134 138
134 139
134 140
134 141
134 142
134 143
134 148
134 149
134 152
134 153
134 156
134 159
134 160
134 161
135 138
135 141
135 142
135 147
135 151
135 153
135 154
136 137
136 142
136 146
136 147
136 151
136 155
136 157
136 159
137 138
137 139
137 141
137 142
137 143
137 145
137 146
137 149
137 150
137 153
137 154
137 156
137 157
137 158
137 159
137 160
137 161
138 139
138 141
138 142
138 144
138 147
138 148
138 149
138 153
138 154
138 155
138 157
138 158
138 160
138 161
139 140
139 142
139 145
139 146
139 147
139 150
139 151
139 152
139 154
139 155
139 160
140 142
140 147
140 152
140 154
140 155
140 158
141 147
141 151
141 152
141 153
141 154
141 157
141 159
141 160
142 144
142 145
142 146
142 147
142 150
142 151
142 152
142 153
142 154
142 155
142 156
142 157
142 158
142 159
142 161
143 147
143 150
143 151
143 152
143 154
143 157
143 161
144 146
144 149
144 160
145 147
145 150
145 151
145 152
145 154
145 155
145 156
145 157
145 158
145 160
145 161
146 147
146 149
146 151
146 152
146 160
147 149
147 150
147 151
147 152
147 153
147 154
147 155
147 157
147 158
147 159
147 160
148 149
148 151
148 152
148 154
148 159
148 161
149 152
149 157
149 161
150 152
150 153
150 154
150 157
151 152
151 153
151 154
151 155
151 157
151 158
151 161
152 154
152 157
152 158
152 160
152 161
153 154
153 157
153 158
153 159
154 155
154 159
154 160
155 157
155 158
157 158
157 160
157 161
158 159
158 161
159 160
