0 4
0 7
0 9
0 21
0 25
0 27
0 30
0 31
0 34
0 38
0 40
0 42
0 45
0 46
0 51
0 55
0 58
0 59
0 62
0 64
0 66
0 67
0 68
0 69
0 71
0 72
0 73
0 74
0 77
0 79
0 80
0 82
0 89
0 90
0 91
0 92
0 93
0 94
0 97
0 103
0 105
0 106
0 107
0 108
0 112
0 115
0 117
0 118
0 127
0 130
0 135
0 136
0 141
0 142
0 147
0 148
0 151
0 152
0 154
0 158
0 159
1 2
1 4
1 6
1 7
1 8
1 9
1 11
1 14
1 15
1 19
1 20
1 21
1 26
1 30
1 32
1 34
1 38
1 40
1 43
1 45
1 51
1 52
1 54
1 61
1 64
1 68
1 71
1 74
1 77
1 84
1 85
1 87
1 89
1 92
1 97
1 99
1 100
1 101
1 102
1 106
1 108
1 112
1 114
1 117
1 124
1 125
1 126
1 128
1 129
1 131
1 136
1 138
1 139
1 142
1 146
1 150
1 151
1 153
1 155
1 157
1 158
2 3
2 4
2 6
2 8
2 9
2 16
2 31
2 36
2 38
2 45
2 48
2 50
2 51
2 55
2 58
2 65
2 68
2 69
2 70
2 73
2 77
2 78
2 79
2 84
2 85
2 89
2 90
2 93
2 95
2 101
2 102
2 104
2 105
2 106
2 112
2 116
2 117
2 118
2 122
2 125
2 126
2 127
2 129
2 131
2 134
2 137
2 138
2 151
2 152
2 155
2 156
2 159
2 161
3 6
3 7
3 18
3 21
3 26
3 31
3 32
3 35
3 36
3 40
3 43
3 51
3 54
3 64
3 65
3 71
3 74
3 76
3 78
3 79
3 80
3 87
3 90
3 93
3 97
3 106
3 113
3 114
3 115
3 117
3 118
3 133
3 134
3 136
3 137
3 138
3 146
3 150
3 152
3 154
3 158
4 5
4 6
4 7
4 9
4 10
4 11
4 12
4 13
4 14
4 16
4 18
4 19
4 20
4 21
4 23
4 25
4 26
4 27
4 28
4 29
4 30
4 31
4 32
4 33
4 34
4 35
4 37
4 40
4 41
4 45
4 46
4 47
4 48
4 49
4 50
4 51
4 53
4 54
4 56
4 57
4 58
4 61
4 64
4 65
4 66
4 67
4 68
4 69
4 71
4 72
4 75
4 77
4 78
4 79
4 83
4 84
4 86
4 87
4 90
4 92
4 93
4 97
4 98
4 99
4 101
4 102
4 103
4 106
4 108
4 109
4 111
4 112
4 113
4 114
4 115
4 118
4 119
4 122
4 125
4 126
4 127
4 130
4 133
4 134
4 135
4 136
4 138
4 139
4 141
4 144
4 145
4 150
4 151
4 152
4 154
4 156
4 158
4 159
4 160
5 6
5 26
5 31
5 40
5 43
5 45
5 48
5 49
5 50
5 51
5 54
5 58
5 59
5 61
5 67
5 70
5 71
5 84
5 86
5 88
5 89
5 96
5 102
5 108
5 115
5 129
5 131
5 133
5 138
5 142
5 145
5 147
5 150
5 154
5 160
6 7
6 10
6 12
6 15
6 16
6 17
6 20
6 21
6 22
6 23
6 27
6 28
6 30
6 31
6 32
6 35
6 36
6 38
6 41
6 42
6 45
6 48
6 49
6 50
6 51
6 52
6 53
6 54
6 55
6 56
6 57
6 59
6 62
6 65
6 66
6 67
6 68
6 69
6 70
6 71
6 72
6 73
6 74
6 79
6 81
6 83
6 84
6 85
6 87
6 88
6 89
6 91
6 92
6 94
6 97
6 98
6 101
6 102
6 103
6 104
6 106
6 107
6 108
6 111
6 112
6 113
6 115
6 117
6 118
6 120
6 122
6 125
6 126
6 128
6 129
6 130
6 131
6 133
6 135
6 136
6 137
6 138
6 139
6 140
6 141
6 142
6 143
6 145
6 146
6 147
6 148
6 150
6 152
6 153
6 154
6 155
6 156
6 157
6 158
6 159
6 160
7 8
7 9
7 13
7 18
7 20
7 21
7 24
7 26
7 29
7 30
7 31
7 32
7 35
7 36
7 38
7 39
7 40
7 41
7 42
7 43
7 44
7 45
7 46
7 49
7 50
7 54
7 56
7 57
7 58
7 60
7 62
7 63
7 64
7 65
7 67
7 69
7 70
7 71
7 72
7 73
7 77
7 78
7 79
7 80
7 83
7 84
7 88
7 89
7 93
7 94
7 97
7 98
7 100
7 101
7 102
7 103
7 104
7 105
7 106
7 108
7 109
7 111
7 112
7 113
7 114
7 115
7 117
7 118
7 119
7 121
7 122
7 123
7 124
7 126
7 127
7 129
7 131
7 132
7 133
7 134
7 137
7 138
7 140
7 142
7 146
7 147
7 149
7 151
7 152
7 157
7 158
7 159
7 160
7 161
8 9
8 10
8 18
8 23
8 26
8 35
8 39
8 43
8 50
8 51
8 52
8 58
8 60
8 62
8 63
8 65
8 67
8 68
8 69
8 74
8 80
8 81
8 88
8 95
8 100
8 101
8 103
8 106
8 107
8 109
8 114
8 124
8 126
8 131
8 137
8 142
8 143
8 145
8 152
8 155
8 157
8 161
9 10
9 11
9 12
9 14
9 16
9 19
9 21
9 22
9 23
9 26
9 28
9 30
9 31
9 34
9 37
9 38
9 39
9 40
9 43
9 44
9 45
9 46
9 47
9 50
9 51
9 53
9 54
9 56
9 58
9 60
9 61
9 63
9 64
9 65
9 66
9 67
9 68
9 69
9 70
9 72
9 74
9 75
9 77
9 79
9 80
9 84
9 89
9 91
9 92
9 94
9 96
9 97
9 99
9 101
9 102
9 105
9 106
9 107
9 108
9 109
9 110
9 112
9 113
9 115
9 117
9 125
9 128
9 129
9 130
9 132
9 133
9 134
9 135
9 137
9 138
9 140
9 141
9 143
9 145
9 146
9 151
9 152
9 153
9 154
9 156
9 157
9 159
9 161
10 11
10 15
10 19
10 23
10 25
10 26
10 28
10 29
10 30
10 31
10 32
10 35
10 36
10 42
10 44
10 45
10 46
10 49
10 51
10 53
10 55
10 56
10 58
10 61
10 63
10 64
10 65
10 68
10 69
10 70
10 72
10 75
10 77
10 79
10 83
10 84
10 85
10 88
10 92
10 94
10 95
10 97
10 98
10 99
10 101
10 105
10 106
10 108
10 109
10 111
10 114
10 115
10 122
10 125
10 129
10 133
10 134
10 139
10 142
10 149
10 151
10 154
10 155
11 16
11 17
11 18
11 19
11 20
11 22
11 23
11 26
11 29
11 30
11 31
11 32
11 34
11 35
11 36
11 37
11 39
11 44
11 46
11 48
11 49
11 52
11 53
11 56
11 57
11 61
11 63
11 67
11 68
11 70
11 71
11 72
11 73
11 74
11 75
11 78
11 79
11 80
11 81
11 82
11 86
11 87
11 88
11 89
11 92
11 94
11 95
11 97
11 101
11 103
11 105
11 106
11 108
11 109
11 111
11 113
11 114
11 117
11 118
11 124
11 126
11 128
11 129
11 131
11 136
11 137
11 138
11 140
11 141
11 142
11 143
11 146
11 147
11 148
11 150
11 151
11 152
11 153
12 14
12 16
12 18
12 19
12 24
12 26
12 30
12 31
12 32
12 34
12 36
12 38
12 40
12 44
12 49
12 50
12 51
12 62
12 64
12 65
12 67
12 68
12 70
12 72
12 74
12 77
12 79
12 82
12 83
12 89
12 95
12 99
12 105
12 107
12 108
12 111
12 113
12 115
12 118
12 125
12 129
12 131
12 134
12 137
12 138
12 139
12 141
12 142
12 146
12 150
12 151
12 152
12 158
12 159
12 160
13 18
13 19
13 32
13 36
13 39
13 40
13 44
13 49
13 54
13 56
13 57
13 61
13 63
13 64
13 65
13 67
13 68
13 70
13 71
13 72
13 73
13 74
13 76
13 79
13 80
13 82
13 86
13 87
13 92
13 93
13 97
13 99
13 102
13 105
13 108
13 109
13 110
13 111
13 112
13 115
13 118
13 119
13 120
13 124
13 126
13 128
13 129
13 131
13 134
13 139
13 141
13 142
13 143
13 147
13 150
13 151
13 152
13 153
13 154
13 155
13 158
14 16
14 17
14 18
14 20
14 22
14 23
14 24
14 25
14 26
14 28
14 29
14 30
14 31
14 32
14 34
14 38
14 40
14 42
14 43
14 44
14 45
14 48
14 49
14 52
14 53
14 54
14 56
14 62
14 63
14 64
14 65
14 66
14 68
14 69
14 70
14 71
14 73
14 76
14 77
14 79
14 80
14 81
14 83
14 84
14 86
14 87
14 88
14 89
14 90
14 93
14 94
14 95
14 96
14 100
14 101
14 103
14 104
14 105
14 107
14 108
14 110
14 111
14 113
14 114
14 116
14 117
14 118
14 121
14 122
14 124
14 125
14 126
14 127
14 129
14 130
14 131
14 132
14 133
14 134
14 135
14 136
14 137
14 138
14 139
14 141
14 142
14 146
14 147
14 149
14 150
14 151
14 152
14 153
14 155
14 157
14 158
14 161
15 18
15 19
15 21
15 26
15 30
15 31
15 32
15 34
15 37
15 38
15 42
15 43
15 52
15 54
15 58
15 63
15 65
15 69
15 70
15 71
15 73
15 74
15 76
15 79
15 80
15 89
15 94
15 95
15 101
15 102
15 104
15 107
15 108
15 109
15 112
15 115
15 116
15 118
15 131
15 132
15 133
15 134
15 138
15 141
15 142
15 145
15 147
15 150
15 154
15 157
15 158
15 160
16 18
16 19
16 21
16 28
16 30
16 31
16 32
16 36
16 37
16 40
16 51
16 52
16 55
16 56
16 64
16 65
16 72
16 73
16 74
16 77
16 85
16 87
16 91
16 94
16 95
16 100
16 101
16 102
16 103
16 106
16 117
16 118
16 125
16 129
16 131
16 133
16 135
16 136
16 137
16 138
16 139
16 142
16 147
16 152
17 18
17 25
17 43
17 50
17 64
17 68
17 84
17 92
17 97
17 106
17 107
17 108
17 115
17 117
17 123
17 130
17 136
17 152
17 153
17 161
18 19
18 20
18 21
18 24
18 26
18 27
18 29
18 31
18 32
18 37
18 40
18 44
18 45
18 46
18 49
18 51
18 52
18 55
18 58
18 62
18 64
18 65
18 70
18 71
18 72
18 75
18 76
18 77
18 83
18 89
18 90
18 97
18 101
18 102
18 106
18 108
18 111
18 112
18 114
18 115
18 117
18 118
18 119
18 120
18 122
18 124
18 129
18 131
18 135
18 139
18 143
18 147
18 149
18 151
18 152
18 153
18 158
18 159
19 22
19 24
19 25
19 28
19 30
19 31
19 32
19 35
19 36
19 37
19 38
19 39
19 43
19 44
19 45
19 46
19 47
19 48
19 51
19 52
19 53
19 54
19 55
19 56
19 58
19 59
19 63
19 64
19 65
19 68
19 69
19 70
19 71
19 72
19 73
19 74
19 76
19 77
19 79
19 82
19 86
19 87
19 89
19 90
19 93
19 94
19 95
19 96
19 97
19 100
19 101
19 102
19 104
19 105
19 106
19 108
19 109
19 110
19 112
19 113
19 114
19 115
19 116
19 117
19 118
19 122
19 127
19 129
19 130
19 131
19 133
19 134
19 136
19 137
19 138
19 139
19 140
19 142
19 145
19 147
19 150
19 151
19 152
19 153
19 154
19 157
19 158
19 159
19 160
19 161
20 24
20 25
20 31
20 32
20 40
20 46
20 50
20 54
20 56
20 57
20 58
20 61
20 63
20 65
20 72
20 79
20 83
20 89
20 92
20 93
20 99
20 100
20 105
20 106
20 107
20 108
20 113
20 114
20 115
20 116
20 118
20 123
20 126
20 129
20 130
20 134
20 135
20 136
20 138
20 141
20 147
20 148
20 149
20 150
20 152
20 157
20 158
21 22
21 23
21 24
21 25
21 26
21 30
21 33
21 35
21 36
21 38
21 39
21 40
21 41
21 42
21 43
21 44
21 46
21 47
21 48
21 49
21 50
21 52
21 56
21 57
21 63
21 65
21 66
21 67
21 68
21 69
21 70
21 71
21 72
21 73
21 74
21 77
21 78
21 79
21 80
21 81
21 82
21 83
21 85
21 86
21 87
21 88
21 92
21 93
21 97
21 99
21 101
21 103
21 104
21 108
21 109
21 110
21 112
21 113
21 114
21 115
21 116
21 118
21 126
21 128
21 129
21 130
21 131
21 133
21 134
21 135
21 137
21 138
21 140
21 141
21 143
21 144
21 145
21 146
21 147
21 149
21 150
21 151
21 152
21 153
21 154
21 155
21 157
21 160
22 25
22 29
22 30
22 38
22 39
22 40
22 44
22 55
22 56
22 57
22 59
22 62
22 64
22 67
22 70
22 71
22 72
22 73
22 75
22 77
22 84
22 87
22 89
22 92
22 93
22 99
22 101
22 104
22 105
22 107
22 108
22 115
22 117
22 126
22 129
22 131
22 133
22 138
22 139
22 146
22 147
22 150
22 152
22 153
22 154
22 157
22 159
23 25
23 26
23 27
23 30
23 35
23 40
23 42
23 45
23 50
23 51
23 52
23 54
23 61
23 64
23 65
23 68
23 69
23 72
23 84
23 87
23 93
23 94
23 99
23 102
23 103
23 104
23 106
23 111
23 114
23 122
23 125
23 134
23 137
23 138
23 142
23 144
23 148
23 150
23 152
23 155
24 26
24 32
24 34
24 38
24 39
24 40
24 49
24 51
24 52
24 53
24 58
24 61
24 62
24 63
24 64
24 75
24 83
24 84
24 85
24 89
24 93
24 95
24 106
24 108
24 109
24 117
24 118
24 119
24 125
24 128
24 129
24 131
24 132
24 133
24 137
24 142
24 150
24 152
24 155
24 159
25 26
25 27
25 28
25 31
25 32
25 36
25 37
25 39
25 42
25 47
25 49
25 52
25 53
25 54
25 56
25 62
25 64
25 65
25 69
25 70
25 71
25 72
25 74
25 77
25 79
25 85
25 86
25 89
25 90
25 94
25 97
25 101
25 105
25 106
25 107
25 108
25 109
25 111
25 112
25 113
25 115
25 118
25 124
25 127
25 129
25 131
25 132
25 133
25 134
25 136
25 138
25 139
25 141
25 142
25 143
25 144
25 146
25 147
25 149
25 151
25 152
25 153
25 154
25 156
25 157
25 158
25 159
26 27
26 30
26 31
26 32
26 34
26 35
26 37
26 40
26 41
26 43
26 44
26 45
26 46
26 49
26 50
26 51
26 52
26 54
26 55
26 57
26 58
26 61
26 62
26 63
26 64
26 65
26 66
26 67
26 68
26 69
26 70
26 72
26 73
26 74
26 75
26 76
26 77
26 79
26 80
26 81
26 82
26 83
26 84
26 86
26 87
26 88
26 89
26 91
26 92
26 93
26 100
26 101
26 102
26 103
26 105
26 106
26 109
26 111
26 114
26 117
26 125
26 126
26 127
26 129
26 130
26 131
26 132
26 133
26 134
26 135
26 136
26 137
26 140
26 141
26 143
26 145
26 146
26 147
26 149
26 150
26 151
26 152
26 154
26 158
26 159
26 160
26 161
27 31
27 33
27 34
27 35
27 41
27 44
27 49
27 50
27 55
27 56
27 59
27 66
27 67
27 68
27 70
27 71
27 73
27 74
27 88
27 89
27 95
27 105
27 106
27 107
27 108
27 109
27 115
27 117
27 129
27 138
27 139
27 142
27 154
28 30
28 31
28 35
28 36
28 39
28 40
28 41
28 43
28 45
28 51
28 54
28 55
28 56
28 64
28 65
28 66
28 83
28 84
28 88
28 89
28 92
28 94
28 97
28 101
28 105
28 106
28 108
28 113
28 116
28 129
28 134
28 136
28 138
28 150
28 152
28 153
28 158
28 160
29 32
29 35
29 40
29 41
29 45
29 50
29 51
29 55
29 56
29 65
29 67
29 72
29 75
29 77
29 79
29 80
29 84
29 86
29 87
29 89
29 93
29 94
29 98
29 101
29 102
29 103
29 104
29 107
29 112
29 113
29 117
29 121
29 125
29 138
29 139
29 143
29 144
29 145
29 147
29 148
29 152
29 154
29 157
29 158
29 160
29 161
30 31
30 32
30 33
30 34
30 36
30 38
30 39
30 40
30 43
30 46
30 47
30 49
30 50
30 51
30 52
30 54
30 55
30 56
30 57
30 58
30 59
30 63
30 64
30 65
30 67
30 68
30 69
30 70
30 72
30 73
30 74
30 75
30 77
30 79
30 83
30 84
30 86
30 87
30 88
30 89
30 96
30 97
30 98
30 100
30 101
30 102
30 104
30 105
30 108
30 109
30 110
30 113
30 114
30 115
30 117
30 118
30 120
30 121
30 124
30 127
30 128
30 129
30 131
30 134
30 137
30 138
30 139
30 140
30 146
30 147
30 149
30 150
30 151
30 152
30 153
30 154
30 155
30 159
30 160
31 34
31 38
31 39
31 41
31 42
31 45
31 46
31 50
31 51
31 52
31 53
31 54
31 55
31 56
31 57
31 58
31 61
31 63
31 64
31 65
31 67
31 68
31 69
31 70
31 71
31 72
31 73
31 74
31 75
31 80
31 81
31 83
31 85
31 87
31 89
31 92
31 93
31 94
31 95
31 96
31 97
31 98
31 99
31 100
31 101
31 102
31 105
31 106
31 108
31 109
31 110
31 112
31 114
31 115
31 116
31 117
31 118
31 125
31 126
31 127
31 129
31 130
31 131
31 133
31 134
31 135
31 137
31 138
31 139
31 141
31 142
31 143
31 146
31 147
31 148
31 149
31 150
31 154
31 156
31 157
31 160
31 161
32 35
32 37
32 39
32 43
32 44
32 45
32 46
32 49
32 50
32 51
32 52
32 53
32 54
32 55
32 56
32 57
32 58
32 60
32 63
32 64
32 65
32 66
32 67
32 68
32 70
32 73
32 74
32 75
32 77
32 79
32 80
32 82
32 83
32 84
32 86
32 87
32 88
32 93
32 94
32 95
32 97
32 98
32 102
32 103
32 105
32 109
32 111
32 112
32 114
32 115
32 117
32 119
32 125
32 129
32 133
32 138
32 140
32 141
32 142
32 143
32 145
32 146
32 149
32 150
32 151
32 152
32 153
32 154
32 155
32 159
32 160
33 34
33 35
33 38
33 40
33 44
33 51
33 52
33 54
33 55
33 56
33 59
33 65
33 69
33 72
33 74
33 75
33 77
33 82
33 83
33 86
33 89
33 91
33 97
33 98
33 105
33 110
33 115
33 124
33 129
33 134
33 137
33 142
33 158
34 40
34 54
34 55
34 61
34 63
34 68
34 72
34 74
34 75
34 78
34 79
34 89
34 94
34 104
34 105
34 106
34 110
34 111
34 117
34 125
34 126
34 127
34 128
34 131
34 133
34 138
34 146
34 147
34 149
34 150
34 151
34 152
34 161
35 36
35 37
35 40
35 42
35 44
35 49
35 51
35 52
35 54
35 55
35 56
35 58
35 59
35 63
35 66
35 67
35 69
35 71
35 72
35 73
35 74
35 77
35 80
35 81
35 84
35 85
35 87
35 88
35 89
35 90
35 92
35 94
35 95
35 98
35 102
35 103
35 106
35 108
35 109
35 112
35 113
35 114
35 115
35 118
35 123
35 126
35 129
35 134
35 136
35 138
35 139
35 140
35 143
35 145
35 146
35 148
35 150
35 152
35 158
36 39
36 40
36 41
36 44
36 50
36 52
36 56
36 58
36 63
36 66
36 67
36 68
36 69
36 71
36 74
36 76
36 83
36 84
36 85
36 87
36 88
36 89
36 91
36 92
36 93
36 94
36 96
36 97
36 98
36 99
36 100
36 101
36 102
36 103
36 107
36 108
36 109
36 110
36 116
36 118
36 120
36 121
36 125
36 126
36 127
36 128
36 129
36 134
36 136
36 140
36 141
36 142
36 147
36 150
36 154
36 155
36 157
36 158
36 159
36 160
37 38
37 39
37 40
37 44
37 45
37 54
37 55
37 58
37 61
37 64
37 65
37 66
37 67
37 68
37 70
37 72
37 74
37 75
37 76
37 77
37 78
37 79
37 86
37 88
37 89
37 91
37 97
37 99
37 101
37 102
37 106
37 107
37 108
37 110
37 112
37 114
37 117
37 125
37 126
37 127
37 129
37 130
37 133
37 137
37 142
37 143
37 147
37 151
37 152
37 154
37 157
37 158
37 159
37 161
38 39
38 40
38 41
38 43
38 44
38 45
38 47
38 49
38 51
38 52
38 53
38 54
38 55
38 56
38 58
38 63
38 64
38 65
38 66
38 67
38 69
38 70
38 71
38 72
38 73
38 74
38 75
38 79
38 84
38 86
38 87
38 89
38 93
38 94
38 97
38 98
38 101
38 103
38 104
38 106
38 108
38 109
38 110
38 113
38 114
38 117
38 120
38 122
38 125
38 126
38 127
38 129
38 130
38 131
38 134
38 135
38 136
38 137
38 138
38 140
38 141
38 142
38 143
38 146
38 150
38 152
38 153
38 154
38 157
38 160
38 161
39 40
39 41
39 43
39 45
39 50
39 52
39 54
39 58
39 59
39 61
39 62
39 63
39 64
39 65
39 66
39 67
39 69
39 74
39 75
39 77
39 80
39 83
39 84
39 87
39 89
39 94
39 95
39 98
39 101
39 102
39 105
39 111
39 112
39 115
39 116
39 117
39 118
39 119
39 120
39 125
39 130
39 131
39 135
39 137
39 138
39 142
39 145
39 146
39 148
39 150
39 151
39 154
39 155
39 157
40 42
40 43
40 45
40 48
40 50
40 51
40 53
40 54
40 55
40 56
40 58
40 59
40 61
40 63
40 64
40 66
40 67
40 68
40 69
40 70
40 72
40 73
40 74
40 76
40 77
40 78
40 79
40 80
40 82
40 85
40 87
40 88
40 89
40 90
40 91
40 92
40 93
40 94
40 95
40 97
40 99
40 100
40 101
40 102
40 103
40 104
40 106
40 108
40 109
40 110
40 111
40 112
40 113
40 114
40 115
40 117
40 118
40 125
40 127
40 128
40 130
40 131
40 133
40 134
40 135
40 136
40 137
40 138
40 139
40 142
40 143
40 146
40 147
40 149
40 150
40 151
40 152
40 154
40 157
40 158
40 159
40 161
41 57
41 58
41 60
41 62
41 64
41 66
41 67
41 68
41 70
41 71
41 72
41 73
41 77
41 82
41 88
41 98
41 102
41 107
41 108
41 109
41 111
41 115
41 118
41 126
41 129
41 137
41 138
41 139
41 141
41 145
41 147
41 148
41 152
41 153
41 157
41 158
42 45
42 49
42 54
42 56
42 59
42 63
42 64
42 65
42 68
42 69
42 80
42 81
42 85
42 95
42 96
42 97
42 99
42 101
42 102
42 105
42 106
42 108
42 113
42 114
42 115
42 118
42 124
42 125
42 129
42 131
42 134
42 136
42 137
42 138
42 139
42 141
42 142
42 145
42 146
42 147
42 151
42 153
42 157
42 158
42 159
43 44
43 45
43 49
43 50
43 54
43 55
43 56
43 59
43 63
43 66
43 68
43 69
43 70
43 72
43 74
43 76
43 80
43 84
43 85
43 88
43 89
43 90
43 93
43 94
43 96
43 100
43 101
43 102
43 106
43 107
43 108
43 112
43 113
43 114
43 126
43 134
43 135
43 137
43 138
43 139
43 140
43 142
43 143
43 147
43 150
43 151
43 154
43 158
44 45
44 46
44 49
44 54
44 55
44 56
44 59
44 63
44 64
44 65
44 66
44 67
44 68
44 70
44 71
44 72
44 73
44 74
44 75
44 77
44 79
44 91
44 92
44 93
44 94
44 98
44 100
44 101
44 102
44 104
44 105
44 106
44 108
44 109
44 112
44 113
44 114
44 115
44 117
44 118
44 119
44 121
44 123
44 125
44 127
44 128
44 129
44 131
44 133
44 135
44 137
44 138
44 139
44 140
44 142
44 145
44 146
44 147
44 150
44 151
44 152
44 153
44 154
44 158
44 160
44 161
45 46
45 47
45 48
45 49
45 51
45 54
45 55
45 56
45 58
45 63
45 64
45 65
45 66
45 67
45 68
45 72
45 73
45 74
45 77
45 79
45 80
45 81
45 84
45 86
45 87
45 89
45 92
45 93
45 94
45 95
45 97
45 99
45 100
45 101
45 102
45 104
45 105
45 106
45 109
45 112
45 114
45 115
45 117
45 118
45 122
45 125
45 129
45 133
45 134
45 135
45 136
45 137
45 139
45 140
45 142
45 145
45 148
45 149
45 150
45 151
45 152
45 155
45 156
45 157
45 158
45 159
45 160
46 48
46 56
46 58
46 64
46 65
46 66
46 69
46 71
46 73
46 74
46 79
46 81
46 82
46 87
46 88
46 91
46 94
46 100
46 101
46 102
46 103
46 106
46 107
46 109
46 112
46 114
46 116
46 117
46 118
46 121
46 123
46 125
46 128
46 131
46 133
46 138
46 139
46 141
46 142
46 143
46 145
46 147
46 150
46 151
46 152
46 158
46 161
47 49
47 54
47 57
47 61
47 62
47 70
47 72
47 73
47 83
47 85
47 88
47 91
47 94
47 97
47 113
47 114
47 133
47 137
47 138
47 146
47 148
47 152
47 157
48 49
48 51
48 54
48 68
48 69
48 70
48 72
48 74
48 75
48 79
48 83
48 90
48 101
48 103
48 107
48 114
48 116
48 126
48 129
48 131
48 133
48 137
48 141
48 148
48 151
48 156
49 51
49 52
49 54
49 55
49 56
49 58
49 60
49 61
49 62
49 64
49 65
49 67
49 68
49 69
49 70
49 71
49 72
49 74
49 78
49 79
49 80
49 81
49 82
49 83
49 85
49 86
49 87
49 89
49 90
49 91
49 92
49 93
49 94
49 95
49 96
49 97
49 98
49 99
49 101
49 102
49 103
49 105
49 108
49 109
49 110
49 111
49 112
49 114
49 115
49 117
49 120
49 122
49 125
49 126
49 127
49 129
49 131
49 133
49 135
49 136
49 137
49 138
49 139
49 142
49 145
49 146
49 147
49 149
49 152
49 154
49 155
49 157
49 159
49 160
49 161
50 51
50 54
50 56
50 57
50 58
50 60
50 63
50 64
50 67
50 68
50 69
50 70
50 72
50 74
50 75
50 79
50 80
50 84
50 87
50 88
50 92
50 94
50 101
50 102
50 105
50 107
50 112
50 113
50 114
50 115
50 117
50 121
50 122
50 125
50 128
50 129
50 131
50 133
50 136
50 137
50 138
50 142
50 144
50 145
50 147
50 148
50 149
50 151
50 152
50 157
50 158
51 52
51 53
51 54
51 56
51 61
51 63
51 65
51 66
51 68
51 69
51 70
51 71
51 72
51 77
51 78
51 79
51 83
51 84
51 85
51 86
51 87
51 88
51 89
51 94
51 96
51 99
51 100
51 101
51 102
51 103
51 105
51 106
51 108
51 110
51 111
51 112
51 115
51 117
51 118
51 121
51 127
51 128
51 129
51 131
51 133
51 134
51 137
51 138
51 139
51 140
51 141
51 142
51 145
51 146
51 147
51 148
51 150
51 152
51 154
51 156
51 157
51 160
51 161
52 64
52 65
52 66
52 67
52 68
52 69
52 70
52 71
52 72
52 74
52 77
52 87
52 89
52 98
52 99
52 102
52 103
52 104
52 105
52 109
52 113
52 114
52 126
52 130
52 131
52 134
52 136
52 137
52 138
52 140
52 141
52 145
52 146
52 150
52 151
52 152
52 153
53 56
53 58
53 59
53 65
53 68
53 69
53 72
53 74
53 79
53 83
53 88
53 90
53 97
53 101
53 108
53 111
53 114
53 115
53 117
53 118
53 122
53 125
53 126
53 134
53 142
53 147
53 151
53 152
53 154
53 158
53 159
53 161
54 56
54 57
54 59
54 62
54 63
54 64
54 65
54 66
54 67
54 68
54 69
54 70
54 71
54 72
54 76
54 79
54 81
54 84
54 86
54 88
54 93
54 94
54 95
54 96
54 97
54 100
54 101
54 102
54 105
54 106
54 107
54 108
54 109
54 110
54 111
54 112
54 114
54 115
54 117
54 118
54 120
54 122
54 126
54 128
54 129
54 131
54 133
54 134
54 136
54 137
54 138
54 139
54 140
54 141
54 142
54 146
54 147
54 148
54 150
54 151
54 152
54 153
54 154
54 156
54 157
54 158
54 160
54 161
55 56
55 61
55 64
55 66
55 70
55 71
55 72
55 73
55 74
55 77
55 79
55 82
55 83
55 86
55 87
55 89
55 91
55 92
55 93
55 94
55 97
55 103
55 105
55 106
55 108
55 109
55 110
55 111
55 112
55 115
55 116
55 117
55 126
55 129
55 131
55 133
55 134
55 135
55 137
55 138
55 140
55 145
55 146
55 147
55 150
55 152
55 153
55 154
55 155
55 157
55 158
55 159
55 160
56 57
56 62
56 64
56 65
56 67
56 68
56 69
56 70
56 71
56 77
56 78
56 80
56 82
56 84
56 85
56 86
56 87
56 88
56 89
56 90
56 91
56 93
56 100
56 101
56 103
56 105
56 107
56 108
56 110
56 112
56 113
56 114
56 117
56 118
56 124
56 125
56 126
56 128
56 129
56 130
56 131
56 133
56 134
56 137
56 138
56 145
56 146
56 147
56 150
56 152
56 153
56 154
56 155
56 158
56 159
56 160
57 60
57 61
57 66
57 70
57 74
57 76
57 77
57 79
57 83
57 87
57 89
57 94
57 101
57 106
57 107
57 113
57 115
57 124
57 125
57 126
57 129
57 131
57 138
57 142
57 145
57 149
57 151
57 153
57 156
57 158
57 160
57 161
58 63
58 65
58 66
58 67
58 69
58 70
58 71
58 74
58 75
58 76
58 77
58 81
58 83
58 84
58 86
58 92
58 93
58 94
58 96
58 97
58 98
58 99
58 101
58 104
58 106
58 107
58 108
58 109
58 113
58 114
58 117
58 118
58 124
58 125
58 126
58 128
58 129
58 130
58 131
58 133
58 134
58 141
58 142
58 143
58 150
58 151
58 152
58 157
58 159
58 161
59 63
59 64
59 68
59 70
59 75
59 79
59 81
59 88
59 94
59 95
59 96
59 106
59 108
59 112
59 115
59 116
59 117
59 118
59 125
59 128
59 133
59 134
59 135
59 136
59 137
59 141
59 142
59 145
59 147
59 151
59 152
59 153
59 154
59 157
59 159
60 65
60 67
60 71
60 79
60 84
60 88
60 89
60 92
60 101
60 103
60 106
60 115
60 118
60 129
60 131
60 137
60 138
60 147
60 151
60 153
60 161
61 64
61 66
61 67
61 68
61 69
61 70
61 71
61 72
61 73
61 74
61 77
61 79
61 82
61 84
61 85
61 86
61 87
61 88
61 89
61 90
61 93
61 94
61 98
61 106
61 109
61 111
61 112
61 114
61 115
61 118
61 125
61 126
61 128
61 130
61 133
61 136
61 137
61 139
61 140
61 141
61 142
61 143
61 146
61 147
61 151
61 152
61 154
61 158
62 64
62 65
62 67
62 71
62 72
62 73
62 74
62 75
62 76
62 79
62 80
62 83
62 84
62 86
62 89
62 91
62 97
62 98
62 102
62 105
62 107
62 108
62 115
62 117
62 118
62 119
62 126
62 130
62 131
62 133
62 137
62 139
62 142
62 143
62 146
62 147
62 148
62 154
62 156
62 157
63 64
63 65
63 66
63 67
63 70
63 71
63 72
63 73
63 75
63 76
63 79
63 83
63 85
63 86
63 87
63 88
63 89
63 91
63 92
63 93
63 97
63 99
63 101
63 102
63 105
63 106
63 107
63 112
63 113
63 114
63 117
63 118
63 120
63 123
63 125
63 129
63 131
63 133
63 135
63 139
63 140
63 142
63 147
63 150
63 153
63 154
63 157
63 158
63 159
64 66
64 67
64 68
64 69
64 70
64 71
64 72
64 73
64 74
64 75
64 77
64 79
64 80
64 81
64 82
64 83
64 85
64 87
64 89
64 91
64 94
64 96
64 97
64 98
64 101
64 103
64 104
64 106
64 108
64 109
64 110
64 112
64 114
64 115
64 116
64 119
64 122
64 127
64 129
64 131
64 134
64 135
64 136
64 137
64 138
64 139
64 140
64 141
64 142
64 143
64 145
64 147
64 148
64 149
64 150
64 152
64 153
64 154
64 155
64 157
64 158
64 159
64 160
64 161
65 67
65 69
65 70
65 71
65 72
65 73
65 74
65 75
65 76
65 77
65 80
65 85
65 87
65 88
65 89
65 90
65 92
65 93
65 94
65 97
65 98
65 99
65 101
65 102
65 103
65 104
65 105
65 106
65 108
65 111
65 112
65 113
65 114
65 116
65 117
65 122
65 125
65 127
65 131
65 133
65 136
65 137
65 138
65 139
65 141
65 144
65 145
65 147
65 148
65 150
65 151
65 154
65 155
65 157
65 159
65 160
65 161
66 67
66 68
66 70
66 72
66 74
66 76
66 77
66 78
66 79
66 85
66 87
66 89
66 91
66 94
66 97
66 101
66 103
66 107
66 109
66 112
66 113
66 114
66 115
66 117
66 118
66 125
66 126
66 129
66 133
66 134
66 136
66 137
66 138
66 140
66 141
66 146
66 147
66 148
66 155
66 157
66 158
66 160
66 161
67 69
67 70
67 71
67 72
67 74
67 75
67 76
67 77
67 79
67 80
67 85
67 88
67 89
67 91
67 93
67 94
67 95
67 96
67 97
67 98
67 100
67 101
67 103
67 104
67 106
67 108
67 109
67 110
67 112
67 113
67 114
67 115
67 116
67 118
67 119
67 122
67 125
67 126
67 128
67 133
67 134
67 137
67 138
67 139
67 140
67 142
67 145
67 146
67 147
67 149
67 150
67 151
67 152
67 154
67 155
67 157
67 158
67 160
67 161
68 69
68 70
68 71
68 74
68 75
68 76
68 79
68 82
68 83
68 84
68 85
68 87
68 88
68 89
68 90
68 91
68 93
68 94
68 95
68 96
68 98
68 100
68 101
68 102
68 103
68 105
68 106
68 107
68 108
68 109
68 110
68 111
68 113
68 114
68 116
68 117
68 118
68 121
68 123
68 124
68 125
68 126
68 129
68 130
68 133
68 134
68 137
68 142
68 143
68 145
68 146
68 147
68 149
68 150
68 152
68 153
68 154
68 156
68 158
68 159
68 160
69 70
69 72
69 73
69 74
69 75
69 76
69 77
69 79
69 80
69 82
69 87
69 92
69 93
69 94
69 95
69 97
69 101
69 102
69 103
69 105
69 106
69 107
69 108
69 109
69 112
69 113
69 118
69 125
69 126
69 127
69 129
69 133
69 136
69 137
69 138
69 139
69 142
69 145
69 146
69 147
69 150
69 152
69 155
69 158
69 160
69 161
70 71
70 72
70 73
70 74
70 77
70 79
70 83
70 84
70 85
70 86
70 87
70 89
70 91
70 92
70 94
70 95
70 96
70 97
70 98
70 101
70 102
70 103
70 104
70 105
70 106
70 107
70 108
70 109
70 111
70 113
70 114
70 117
70 118
70 120
70 122
70 129
70 130
70 133
70 134
70 135
70 136
70 137
70 138
70 139
70 141
70 142
70 143
70 146
70 147
70 150
70 151
70 152
70 153
70 154
70 155
70 157
70 158
70 160
71 72
71 73
71 75
71 77
71 78
71 79
71 80
71 81
71 82
71 85
71 86
71 89
71 91
71 92
71 94
71 96
71 97
71 98
71 99
71 100
71 101
71 102
71 103
71 105
71 106
71 107
71 108
71 109
71 111
71 112
71 113
71 114
71 115
71 116
71 117
71 118
71 124
71 125
71 126
71 129
71 130
71 131
71 133
71 134
71 135
71 137
71 139
71 143
71 144
71 147
71 149
71 151
71 152
71 154
71 155
71 156
71 157
71 158
72 73
72 74
72 76
72 77
72 78
72 79
72 80
72 83
72 86
72 87
72 88
72 89
72 93
72 95
72 97
72 99
72 100
72 101
72 102
72 104
72 105
72 106
72 107
72 108
72 109
72 111
72 114
72 115
72 116
72 117
72 118
72 119
72 121
72 124
72 125
72 127
72 128
72 129
72 130
72 131
72 133
72 134
72 136
72 137
72 138
72 139
72 140
72 142
72 143
72 145
72 146
72 147
72 149
72 150
72 151
72 152
72 153
72 154
72 155
72 156
72 157
72 158
73 74
73 75
73 76
73 79
73 80
73 83
73 84
73 89
73 93
73 96
73 97
73 98
73 99
73 100
73 101
73 102
73 105
73 106
73 108
73 109
73 110
73 111
73 112
73 113
73 115
73 116
73 117
73 121
73 125
73 127
73 129
73 131
73 133
73 134
73 135
73 136
73 137
73 139
73 141
73 142
73 143
73 146
73 147
73 148
73 150
73 151
73 154
73 156
73 157
73 159
73 161
74 76
74 77
74 79
74 80
74 83
74 84
74 85
74 86
74 88
74 89
74 91
74 93
74 94
74 98
74 100
74 101
74 103
74 105
74 106
74 108
74 109
74 110
74 112
74 113
74 114
74 115
74 116
74 118
74 122
74 123
74 124
74 126
74 127
74 129
74 130
74 131
74 133
74 134
74 135
74 136
74 137
74 138
74 139
74 140
74 141
74 142
74 143
74 144
74 147
74 150
74 151
74 152
74 153
74 154
74 155
74 158
74 159
74 161
75 76
75 79
75 80
75 81
75 85
75 94
75 97
75 98
75 103
75 105
75 106
75 107
75 108
75 109
75 111
75 112
75 113
75 114
75 116
75 118
75 127
75 128
75 129
75 130
75 131
75 132
75 133
75 134
75 135
75 137
75 138
75 141
75 145
75 147
75 153
75 154
75 156
75 161
76 77
76 79
76 91
76 100
76 101
76 110
76 115
76 117
76 118
76 124
76 131
76 135
76 137
76 138
76 139
76 144
76 150
76 152
76 154
76 157
76 160
77 79
77 80
77 82
77 84
77 85
77 87
77 88
77 89
77 92
77 94
77 98
77 101
77 102
77 103
77 104
77 106
77 108
77 109
77 111
77 112
77 113
77 114
77 115
77 116
77 117
77 118
77 121
77 125
77 127
77 129
77 130
77 131
77 132
77 133
77 134
77 137
77 138
77 139
77 142
77 143
77 146
77 147
77 150
77 151
77 152
77 153
77 154
77 155
77 157
77 159
77 160
77 161
78 79
78 89
78 104
78 105
78 112
78 116
78 126
78 152
78 160
79 81
79 82
79 84
79 85
79 88
79 89
79 93
79 94
79 95
79 97
79 101
79 102
79 103
79 106
79 107
79 108
79 109
79 110
79 112
79 113
79 114
79 115
79 116
79 117
79 118
79 122
79 124
79 126
79 129
79 131
79 133
79 134
79 136
79 138
79 139
79 141
79 143
79 144
79 146
79 148
79 149
79 150
79 151
79 153
79 154
79 155
79 156
79 157
79 158
79 161
80 83
80 88
80 89
80 91
80 92
80 94
80 95
80 101
80 106
80 107
80 109
80 111
80 114
80 115
80 116
80 117
80 122
80 130
80 132
80 133
80 134
80 136
80 137
80 138
80 139
80 141
80 142
80 143
80 147
80 148
80 149
80 151
80 152
80 154
80 158
81 89
81 92
81 94
81 108
81 112
81 114
81 115
81 117
81 122
81 125
81 126
81 134
81 137
81 142
81 153
81 158
82 88
82 89
82 90
82 91
82 93
82 94
82 97
82 102
82 106
82 107
82 109
82 111
82 112
82 113
82 114
82 117
82 118
82 125
82 126
82 129
82 131
82 133
82 134
82 135
82 138
82 140
82 141
82 147
82 150
82 151
82 154
82 156
82 157
82 158
83 86
83 87
83 92
83 94
83 95
83 96
83 102
83 104
83 106
83 108
83 113
83 115
83 118
83 121
83 126
83 133
83 135
83 137
83 138
83 139
83 140
83 142
83 145
83 146
83 147
83 152
83 153
83 154
83 158
84 85
84 86
84 91
84 94
84 97
84 98
84 99
84 101
84 102
84 105
84 106
84 107
84 110
84 111
84 113
84 114
84 115
84 117
84 118
84 124
84 129
84 130
84 132
84 133
84 134
84 136
84 137
84 138
84 140
84 141
84 142
84 147
84 148
84 149
84 151
84 152
84 153
84 154
84 157
84 159
84 160
85 90
85 94
85 101
85 102
85 106
85 114
85 117
85 126
85 131
85 135
85 136
85 137
85 138
85 143
85 146
85 147
85 151
85 153
85 158
85 159
85 161
86 87
86 94
86 101
86 105
86 106
86 108
86 111
86 112
86 113
86 114
86 118
86 123
86 125
86 129
86 132
86 133
86 137
86 138
86 139
86 146
86 147
86 151
86 152
86 157
86 161
87 93
87 94
87 98
87 99
87 101
87 102
87 103
87 106
87 108
87 109
87 111
87 112
87 113
87 116
87 117
87 118
87 124
87 125
87 129
87 130
87 131
87 135
87 136
87 139
87 143
87 146
87 149
87 150
87 151
87 152
87 154
87 158
88 89
88 92
88 93
88 94
88 101
88 102
88 103
88 104
88 105
88 107
88 108
88 113
88 114
88 116
88 117
88 118
88 123
88 125
88 126
88 128
88 129
88 130
88 131
88 133
88 136
88 137
88 138
88 142
88 145
88 146
88 148
88 151
88 152
88 153
88 154
88 156
88 157
88 159
88 161
89 91
89 93
89 94
89 97
89 98
89 101
89 102
89 104
89 105
89 106
89 108
89 111
89 112
89 113
89 115
89 116
89 117
89 118
89 119
89 122
89 125
89 126
89 128
89 129
89 133
89 136
89 137
89 138
89 139
89 140
89 141
89 142
89 144
89 145
89 146
89 147
89 149
89 150
89 152
89 153
89 154
89 157
89 159
89 160
89 161
90 101
90 105
90 106
90 108
90 110
90 113
90 115
90 130
90 131
90 133
90 136
90 146
90 155
90 158
91 94
91 97
91 101
91 102
91 105
91 106
91 109
91 115
91 120
91 121
91 125
91 131
91 132
91 133
91 137
91 138
91 145
91 149
91 150
91 152
91 154
91 155
91 157
91 158
92 93
92 94
92 100
92 102
92 104
92 105
92 106
92 107
92 108
92 111
92 112
92 113
92 114
92 129
92 131
92 134
92 138
92 146
92 147
92 150
92 154
92 158
92 159
92 161
93 94
93 97
93 100
93 102
93 105
93 106
93 109
93 110
93 112
93 113
93 114
93 115
93 117
93 118
93 125
93 127
93 129
93 133
93 134
93 137
93 139
93 141
93 143
93 145
93 147
93 150
93 151
93 152
93 153
93 154
93 157
93 158
93 160
93 161
94 97
94 98
94 99
94 100
94 101
94 102
94 103
94 104
94 106
94 107
94 112
94 113
94 115
94 117
94 118
94 125
94 126
94 127
94 128
94 129
94 130
94 131
94 133
94 134
94 135
94 137
94 139
94 140
94 141
94 142
94 146
94 147
94 149
94 153
94 154
94 155
94 156
94 157
94 158
94 161
95 97
95 102
95 103
95 105
95 106
95 114
95 118
95 129
95 133
95 138
95 140
95 142
95 150
95 152
95 153
95 154
95 158
96 105
96 112
96 113
96 115
96 117
96 119
96 122
96 131
96 133
96 138
96 142
96 144
96 147
96 151
96 155
96 157
96 160
97 98
97 99
97 100
97 102
97 103
97 104
97 106
97 110
97 111
97 112
97 113
97 115
97 116
97 117
97 118
97 119
97 120
97 121
97 125
97 126
97 129
97 130
97 133
97 134
97 137
97 138
97 146
97 150
97 151
97 152
97 153
97 154
97 155
97 157
97 159
97 161
98 101
98 102
98 105
98 106
98 108
98 111
98 114
98 115
98 117
98 129
98 132
98 133
98 134
98 135
98 137
98 138
98 140
98 142
98 143
98 145
98 147
98 148
98 150
98 152
98 153
98 154
98 157
99 101
99 102
99 103
99 107
99 108
99 114
99 115
99 118
99 122
99 124
99 128
99 130
99 131
99 133
99 135
99 137
99 138
99 139
99 141
99 142
99 146
99 151
99 152
99 154
99 158
99 160
99 161
100 101
100 102
100 106
100 108
100 109
100 114
100 117
100 118
100 125
100 126
100 133
100 134
100 139
100 140
100 141
100 142
100 147
100 150
100 152
100 158
101 104
101 105
101 106
101 107
101 109
101 111
101 112
101 114
101 115
101 118
101 123
101 124
101 125
101 126
101 128
101 129
101 130
101 131
101 133
101 135
101 137
101 138
101 140
101 141
101 143
101 146
101 149
101 151
101 152
101 154
101 157
101 158
101 159
101 161
102 103
102 104
102 106
102 107
102 108
102 109
102 110
102 111
102 113
102 114
102 115
102 116
102 117
102 125
102 126
102 130
102 131
102 132
102 133
102 134
102 137
102 138
102 139
102 141
102 142
102 143
102 145
102 146
102 147
102 149
102 150
102 151
102 152
102 153
102 154
102 157
102 158
102 159
102 160
102 161
103 106
103 110
103 112
103 114
103 115
103 116
103 117
103 130
103 131
103 133
103 134
103 135
103 137
103 138
103 147
103 151
103 152
103 161
104 105
104 106
104 107
104 108
104 111
104 112
104 117
104 118
104 124
104 129
104 130
104 131
104 133
104 135
104 137
104 142
104 154
104 157
104 160
105 106
105 107
105 108
105 109
105 110
105 112
105 113
105 115
105 121
105 122
105 123
105 126
105 127
105 128
105 130
105 131
105 133
105 134
105 135
105 136
105 137
105 139
105 140
105 142
105 143
105 145
105 146
105 147
105 150
105 151
105 152
105 153
105 154
105 157
105 158
105 159
106 108
106 109
106 112
106 115
106 117
106 118
106 119
106 125
106 126
106 127
106 128
106 129
106 131
106 132
106 133
106 134
106 136
106 137
106 138
106 139
106 141
106 144
106 146
106 147
106 148
106 149
106 150
106 151
106 153
106 154
106 158
106 159
106 161
107 108
107 109
107 112
107 114
107 115
107 116
107 126
107 127
107 129
107 130
107 131
107 133
107 135
107 138
107 139
107 142
107 143
107 145
107 147
107 149
107 151
107 152
107 153
107 157
107 158
107 161
108 109
108 111
108 112
108 113
108 114
108 115
108 116
108 117
108 118
108 119
108 122
108 124
108 125
108 126
108 127
108 129
108 130
108 131
108 133
108 134
108 135
108 137
108 138
108 140
108 142
108 147
108 148
108 150
108 151
108 152
108 154
108 157
108 158
108 161
109 110
109 111
109 112
109 114
109 115
109 116
109 117
109 119
109 120
109 125
109 126
109 132
109 133
109 134
109 135
109 137
109 138
109 140
109 142
109 147
109 151
109 152
109 157
109 158
109 160
110 112
110 113
110 116
110 121
110 126
110 133
110 134
110 135
110 136
110 137
110 138
110 140
110 141
110 143
110 149
110 150
110 154
111 112
111 114
111 115
111 116
111 117
111 118
111 126
111 128
111 131
111 133
111 134
111 136
111 137
111 138
111 139
111 141
111 146
111 147
111 148
111 150
111 153
111 155
111 157
112 114
112 116
112 117
112 118
112 122
112 124
112 125
112 127
112 129
112 133
112 134
112 137
112 138
112 139
112 140
112 142
112 143
112 145
112 146
112 147
112 150
112 152
112 153
112 154
112 158
113 114
113 117
113 123
113 124
113 125
113 126
113 129
113 131
113 133
113 137
113 138
113 139
113 143
113 146
113 147
113 149
113 151
113 152
113 153
113 154
113 157
113 158
113 159
113 160
113 161
114 115
114 118
114 119
114 120
114 124
114 126
114 127
114 129
114 131
114 132
114 133
114 134
114 135
114 137
114 139
114 141
114 142
114 143
114 145
114 147
114 148
114 150
114 151
114 152
114 153
114 154
114 158
114 161
115 117
115 118
115 119
115 121
115 125
115 126
115 129
115 131
115 133
115 136
115 137
115 139
115 140
115 142
115 150
115 151
115 153
115 154
115 157
115 158
115 159
115 160
116 117
116 118
116 131
116 133
116 134
116 135
116 136
116 137
116 138
116 139
116 142
116 146
116 148
116 150
116 157
117 120
117 121
117 125
117 129
117 130
117 131
117 132
117 133
117 134
117 135
117 138
117 142
117 143
117 145
117 147
117 148
117 151
117 152
117 153
117 154
117 157
117 158
118 120
118 122
118 125
118 128
118 129
118 131
118 133
118 134
118 135
118 136
118 137
118 139
118 141
118 142
118 143
118 145
118 147
118 148
118 151
118 152
118 153
118 154
118 155
118 157
118 158
118 159
118 161
119 125
119 131
119 133
119 134
119 145
119 152
119 154
119 158
119 161
120 124
120 127
120 136
120 137
120 151
120 152
120 155
120 158
121 131
121 143
121 146
121 150
121 151
121 152
121 153
121 154
121 161
122 125
122 129
122 134
122 136
122 138
122 141
122 146
122 147
122 154
122 157
123 130
123 134
123 144
123 147
124 129
124 137
124 147
124 151
124 152
124 154
125 127
125 128
125 129
125 130
125 133
125 135
125 138
125 139
125 140
125 141
125 142
125 143
125 144
125 146
125 147
125 148
125 150
125 152
125 155
125 156
125 157
125 158
125 160
125 161
126 127
126 128
126 129
126 130
126 131
126 132
126 133
126 134
126 138
126 139
126 142
126 146
126 149
126 151
126 153
126 160
127 130
127 133
127 136
127 138
127 139
127 143
127 147
127 152
127 153
127 154
128 131
128 137
128 139
128 143
128 145
128 149
128 150
128 152
128 153
128 154
128 157
129 133
129 134
129 135
129 136
129 137
129 138
129 140
129 143
129 145
129 146
129 147
129 148
129 149
129 150
129 151
129 152
129 153
129 158
129 159
129 160
129 161
130 133
130 134
130 136
130 137
130 142
130 147
130 151
130 152
130 153
130 155
130 157
130 158
130 161
131 132
131 133
131 134
131 135
131 136
131 137
131 138
131 139
131 142
131 143
131 144
131 146
131 148
131 149
131 150
131 151
131 152
131 153
131 154
131 157
131 158
131 160
131 161
132 140
133 134
133 135
133 136
133 137
133 138
133 139
133 140
133 142
133 143
133 147
133 149
133 150
133 151
133 152
133 153
133 155
133 156
133 159
133 160
134 135
134 138
134 139
134 141
134 142
134 144
134 145
134 147
134 149
134 150
134 151
134 152
134 153
134 154
134 156
134 158
134 160
134 161
135 136
135 137
135 141
135 145
135 146
135 151
135 152
135 154
135 158
135 160
136 137
136 141
136 146
136 151
136 152
136 153
136 157
136 159
137 138
137 139
137 141
137 142
137 143
137 145
137 146
137 147
137 148
137 149
137 150
137 152
137 154
137 157
137 158
137 159
137 160
137 161
138 139
138 141
138 142
138 146
138 147
138 148
138 151
138 152
138 153
138 154
138 158
138 159
138 160
138 161
139 141
139 142
139 143
139 145
139 146
139 147
139 150
139 151
139 152
139 153
139 154
139 155
139 158
139 160
140 149
140 151
140 153
140 156
140 157
140 158
140 161
141 142
141 143
141 144
141 145
141 147
141 149
141 150
141 152
141 156
141 157
141 159
141 160
142 145
142 147
142 148
142 149
142 150
142 151
142 152
142 154
142 155
142 157
142 159
142 160
142 161
143 147
143 151
143 154
143 155
143 157
143 158
144 146
145 149
145 152
145 154
145 155
145 161
146 147
146 150
146 151
146 152
146 154
146 157
146 158
147 149
147 150
147 151
147 154
147 155
147 157
147 158
147 159
147 160
148 149
148 152
148 153
148 154
148 157
148 161
149 152
149 153
149 154
149 160
150 151
150 152
150 155
150 158
150 159
150 160
150 161
151 153
151 154
151 156
151 158
151 159
151 160
151 161
152 153
152 154
152 155
152 158
152 159
152 160
152 161
153 154
153 157
153 158
153 160
153 161
154 155
154 156
154 157
154 158
154 160
154 161
155 157
157 158
157 159
157 160
158 159
158 161
160 161
