0 7
0 8
0 10
0 19
0 21
0 25
0 26
0 30
0 32
0 36
0 38
0 42
0 43
0 46
0 51
0 54
0 61
0 63
0 64
0 65
0 67
0 68
0 69
0 70
0 72
0 73
0 85
0 87
0 88
0 89
0 92
0 94
0 97
0 100
0 101
0 102
0 103
0 104
0 105
0 108
0 111
0 115
0 116
0 117
0 118
0 129
0 131
0 132
0 135
0 137
0 138
0 139
0 141
0 142
0 145
0 147
0 152
0 154
0 157
0 161
1 4
1 6
1 7
1 11
1 14
1 16
1 17
1 19
1 22
1 26
1 27
1 28
1 29
1 32
1 34
1 40
1 46
1 47
1 49
1 51
1 53
1 62
1 64
1 65
1 67
1 68
1 69
1 71
1 72
1 73
1 75
1 77
1 79
1 85
1 87
1 91
1 92
1 94
1 97
1 108
1 113
1 114
1 115
1 125
1 128
1 129
1 130
1 131
1 133
1 134
1 137
1 138
1 142
1 147
1 150
1 151
1 152
1 153
1 154
1 156
1 157
1 158
2 6
2 7
2 26
2 31
2 38
2 39
2 43
2 45
2 46
2 50
2 51
2 54
2 57
2 61
2 67
2 73
2 74
2 75
2 82
2 90
2 97
2 98
2 103
2 105
2 107
2 108
2 110
2 111
2 114
2 115
2 116
2 125
2 129
2 137
2 140
2 151
2 154
2 157
2 158
2 159
3 6
3 10
3 13
3 14
3 26
3 28
3 29
3 31
3 32
3 33
3 36
3 38
3 43
3 45
3 49
3 52
3 54
3 58
3 60
3 63
3 67
3 70
3 71
3 72
3 79
3 80
3 87
3 92
3 97
3 98
3 100
3 101
3 104
3 106
3 109
3 110
3 112
3 113
3 115
3 118
3 126
3 129
3 131
3 133
3 134
3 137
3 142
3 147
3 150
3 152
3 153
3 154
3 159
3 161
4 6
4 8
4 10
4 12
4 14
4 15
4 16
4 17
4 19
4 20
4 22
4 23
4 24
4 25
4 26
4 30
4 32
4 35
4 36
4 38
4 39
4 40
4 42
4 43
4 45
4 46
4 49
4 50
4 51
4 52
4 54
4 56
4 57
4 58
4 59
4 61
4 62
4 65
4 66
4 67
4 68
4 69
4 70
4 71
4 72
4 75
4 76
4 79
4 83
4 84
4 86
4 87
4 88
4 92
4 94
4 97
4 98
4 99
4 100
4 101
4 102
4 105
4 106
4 107
4 108
4 111
4 112
4 113
4 114
4 115
4 116
4 118
4 125
4 126
4 129
4 130
4 131
4 133
4 136
4 137
4 138
4 139
4 140
4 142
4 145
4 149
4 150
4 152
4 154
4 155
4 156
4 157
4 158
4 159
4 161
5 6
5 11
5 13
5 14
5 19
5 21
5 22
5 26
5 31
5 32
5 36
5 44
5 46
5 50
5 51
5 52
5 54
5 55
5 56
5 64
5 65
5 72
5 78
5 89
5 93
5 94
5 95
5 97
5 98
5 104
5 106
5 107
5 113
5 117
5 126
5 129
5 130
5 139
5 142
5 150
5 154
6 9
6 10
6 11
6 13
6 16
6 19
6 20
6 22
6 24
6 26
6 29
6 30
6 31
6 32
6 34
6 35
6 36
6 37
6 39
6 40
6 41
6 42
6 44
6 46
6 48
6 50
6 51
6 54
6 56
6 59
6 60
6 63
6 64
6 65
6 66
6 67
6 70
6 71
6 72
6 73
6 74
6 79
6 80
6 83
6 84
6 87
6 88
6 89
6 90
6 91
6 92
6 93
6 94
6 97
6 99
6 100
6 101
6 102
6 103
6 106
6 107
6 108
6 112
6 113
6 114
6 116
6 117
6 118
6 122
6 123
6 125
6 127
6 128
6 129
6 131
6 133
6 134
6 135
6 136
6 137
6 138
6 139
6 142
6 143
6 144
6 146
6 147
6 151
6 152
6 153
6 154
6 156
6 158
6 161
7 10
7 11
7 12
7 13
7 14
7 18
7 19
7 21
7 22
7 25
7 26
7 29
7 30
7 31
7 32
7 33
7 34
7 35
7 36
7 37
7 38
7 39
7 40
7 42
7 44
7 45
7 50
7 51
7 52
7 53
7 54
7 55
7 56
7 57
7 58
7 59
7 61
7 62
7 63
7 65
7 67
7 68
7 69
7 70
7 72
7 73
7 74
7 75
7 76
7 77
7 79
7 80
7 81
7 83
7 84
7 86
7 87
7 88
7 90
7 93
7 97
7 100
7 101
7 102
7 105
7 106
7 108
7 109
7 110
7 111
7 112
7 113
7 114
7 115
7 116
7 119
7 124
7 125
7 129
7 131
7 135
7 136
7 137
7 138
7 139
7 140
7 142
7 145
7 146
7 147
7 150
7 151
7 152
7 154
7 157
7 158
7 159
7 161
8 10
8 13
8 15
8 32
8 37
8 42
8 45
8 51
8 52
8 54
8 55
8 56
8 58
8 59
8 65
8 67
8 68
8 72
8 73
8 74
8 91
8 92
8 97
8 106
8 109
8 110
8 112
8 114
8 115
8 116
8 117
8 118
8 123
8 128
8 129
8 130
8 134
8 137
8 138
8 141
8 142
8 143
8 147
8 154
8 155
9 13
9 18
9 19
9 20
9 21
9 22
9 23
9 26
9 27
9 28
9 29
9 30
9 35
9 37
9 38
9 40
9 41
9 47
9 49
9 50
9 51
9 54
9 55
9 56
9 59
9 60
9 62
9 63
9 65
9 67
9 68
9 73
9 74
9 75
9 79
9 80
9 87
9 88
9 89
9 92
9 93
9 95
9 96
9 98
9 100
9 101
9 103
9 105
9 106
9 108
9 109
9 110
9 111
9 114
9 117
9 122
9 124
9 126
9 127
9 129
9 131
9 133
9 134
9 137
9 138
9 139
9 141
9 143
9 145
9 147
9 150
9 151
9 153
9 154
9 155
9 157
9 158
9 160
10 12
10 21
10 27
10 31
10 36
10 38
10 39
10 42
10 46
10 49
10 50
10 54
10 55
10 56
10 63
10 65
10 67
10 68
10 69
10 70
10 71
10 73
10 74
10 76
10 77
10 79
10 81
10 85
10 87
10 89
10 93
10 94
10 95
10 97
10 99
10 101
10 102
10 103
10 106
10 107
10 108
10 112
10 113
10 114
10 115
10 117
10 118
10 122
10 127
10 131
10 133
10 136
10 137
10 138
10 140
10 142
10 147
10 148
10 151
10 152
10 154
10 155
10 158
11 12
11 14
11 16
11 17
11 19
11 20
11 21
11 24
11 26
11 27
11 28
11 29
11 30
11 31
11 32
11 34
11 37
11 38
11 40
11 41
11 42
11 43
11 44
11 45
11 46
11 49
11 50
11 51
11 52
11 54
11 55
11 56
11 61
11 62
11 63
11 64
11 65
11 66
11 67
11 68
11 69
11 70
11 71
11 72
11 74
11 75
11 77
11 79
11 82
11 83
11 86
11 87
11 88
11 89
11 93
11 94
11 95
11 97
11 98
11 99
11 101
11 102
11 103
11 104
11 105
11 106
11 107
11 108
11 109
11 110
11 111
11 112
11 114
11 118
11 119
11 122
11 123
11 124
11 127
11 128
11 129
11 130
11 131
11 133
11 134
11 135
11 136
11 137
11 140
11 141
11 142
11 145
11 146
11 149
11 150
11 153
11 155
11 157
11 160
11 161
12 13
12 17
12 19
12 20
12 24
12 26
12 27
12 28
12 30
12 31
12 34
12 35
12 42
12 43
12 50
12 51
12 54
12 55
12 56
12 58
12 68
12 69
12 70
12 72
12 73
12 74
12 75
12 79
12 81
12 82
12 84
12 85
12 87
12 89
12 91
12 94
12 99
12 100
12 103
12 108
12 111
12 112
12 113
12 115
12 117
12 123
12 124
12 126
12 128
12 129
12 130
12 131
12 132
12 136
12 137
12 138
12 139
12 142
12 145
12 151
12 152
13 14
13 19
13 22
13 23
13 24
13 27
13 28
13 31
13 35
13 38
13 45
13 51
13 56
13 58
13 61
13 63
13 64
13 65
13 69
13 70
13 71
13 72
13 75
13 77
13 80
13 84
13 86
13 87
13 89
13 93
13 94
13 96
13 97
13 105
13 106
13 107
13 108
13 114
13 117
13 118
13 131
13 133
13 134
13 135
13 136
13 138
13 142
13 143
13 146
13 147
13 149
13 155
13 157
14 15
14 18
14 21
14 22
14 23
14 24
14 25
14 26
14 27
14 28
14 30
14 31
14 34
14 35
14 36
14 37
14 39
14 40
14 41
14 42
14 43
14 44
14 48
14 49
14 50
14 51
14 52
14 53
14 54
14 56
14 57
14 58
14 59
14 60
14 61
14 63
14 64
14 65
14 66
14 67
14 68
14 69
14 70
14 71
14 77
14 79
14 81
14 82
14 84
14 85
14 86
14 87
14 89
14 90
14 91
14 92
14 93
14 95
14 96
14 99
14 100
14 102
14 105
14 106
14 107
14 111
14 112
14 113
14 116
14 117
14 123
14 124
14 125
14 127
14 129
14 130
14 133
14 134
14 135
14 137
14 139
14 142
14 144
14 145
14 146
14 148
14 149
14 151
14 152
14 155
14 156
14 157
14 159
14 160
14 161
15 18
15 19
15 21
15 22
15 25
15 26
15 30
15 32
15 38
15 40
15 42
15 45
15 49
15 51
15 54
15 59
15 64
15 65
15 66
15 67
15 68
15 70
15 71
15 72
15 74
15 75
15 76
15 79
15 94
15 98
15 102
15 104
15 106
15 111
15 114
15 115
15 118
15 122
15 125
15 127
15 128
15 129
15 131
15 133
15 138
15 139
15 141
15 142
15 143
15 146
15 159
16 18
16 19
16 25
16 28
16 32
16 38
16 39
16 40
16 42
16 45
16 49
16 51
16 64
16 65
16 67
16 73
16 74
16 79
16 81
16 82
16 87
16 89
16 90
16 91
16 101
16 113
16 114
16 120
16 126
16 128
16 131
16 133
16 134
16 138
16 139
16 140
16 141
16 147
16 150
16 152
16 153
16 154
16 158
17 19
17 20
17 30
17 37
17 40
17 47
17 49
17 65
17 66
17 72
17 74
17 77
17 78
17 79
17 81
17 84
17 87
17 89
17 93
17 108
17 109
17 110
17 117
17 131
17 134
17 136
17 137
17 141
17 145
17 146
17 147
17 154
17 157
17 161
18 19
18 20
18 28
18 30
18 31
18 32
18 35
18 38
18 39
18 40
18 41
18 44
18 46
18 49
18 54
18 56
18 61
18 64
18 67
18 68
18 69
18 73
18 74
18 77
18 79
18 86
18 95
18 99
18 100
18 101
18 103
18 106
18 108
18 110
18 111
18 112
18 113
18 115
18 118
18 121
18 122
18 124
18 125
18 129
18 130
18 131
18 133
18 134
18 135
18 138
18 146
18 148
18 157
18 161
19 20
19 21
19 22
19 23
19 26
19 27
19 28
19 29
19 30
19 31
19 32
19 35
19 36
19 37
19 39
19 40
19 42
19 43
19 44
19 46
19 47
19 48
19 49
19 51
19 52
19 53
19 54
19 55
19 56
19 60
19 61
19 62
19 63
19 64
19 66
19 67
19 68
19 70
19 72
19 73
19 74
19 75
19 76
19 77
19 79
19 80
19 84
19 86
19 90
19 92
19 93
19 97
19 101
19 102
19 104
19 106
19 107
19 108
19 111
19 112
19 113
19 114
19 115
19 117
19 118
19 120
19 125
19 126
19 130
19 131
19 133
19 134
19 135
19 136
19 137
19 138
19 140
19 141
19 142
19 145
19 147
19 149
19 150
19 151
19 152
19 153
19 154
19 155
19 156
19 158
19 160
19 161
20 23
20 26
20 36
20 38
20 43
20 44
20 52
20 55
20 56
20 59
20 63
20 65
20 66
20 72
20 73
20 74
20 75
20 78
20 79
20 80
20 84
20 86
20 88
20 94
20 101
20 102
20 109
20 110
20 114
20 116
20 118
20 121
20 125
20 129
20 134
20 137
20 138
20 142
20 143
20 146
20 150
20 151
20 152
20 156
20 157
20 160
21 22
21 23
21 24
21 25
21 28
21 31
21 32
21 33
21 34
21 37
21 38
21 39
21 43
21 44
21 45
21 46
21 47
21 49
21 50
21 54
21 58
21 60
21 61
21 62
21 65
21 70
21 71
21 73
21 75
21 77
21 78
21 79
21 83
21 84
21 88
21 89
21 90
21 91
21 92
21 93
21 94
21 95
21 96
21 100
21 101
21 102
21 104
21 106
21 107
21 108
21 109
21 110
21 111
21 112
21 113
21 114
21 115
21 117
21 118
21 123
21 125
21 126
21 129
21 130
21 135
21 137
21 138
21 139
21 141
21 142
21 146
21 147
21 152
21 153
21 155
21 157
22 23
22 25
22 26
22 28
22 30
22 35
22 38
22 39
22 40
22 43
22 49
22 55
22 58
22 59
22 61
22 67
22 68
22 71
22 72
22 74
22 80
22 89
22 92
22 97
22 99
22 101
22 108
22 109
22 110
22 111
22 112
22 113
22 114
22 117
22 123
22 125
22 129
22 134
22 135
22 136
22 137
22 138
22 143
22 145
22 157
23 25
23 26
23 30
23 31
23 32
23 34
23 35
23 36
23 39
23 44
23 45
23 51
23 52
23 53
23 54
23 55
23 56
23 58
23 62
23 64
23 65
23 68
23 69
23 71
23 72
23 74
23 75
23 77
23 79
23 80
23 83
23 84
23 89
23 93
23 94
23 96
23 97
23 98
23 105
23 112
23 115
23 117
23 118
23 123
23 125
23 129
23 130
23 131
23 133
23 134
23 137
23 143
23 146
23 153
23 157
23 158
23 159
24 25
24 31
24 32
24 35
24 38
24 42
24 44
24 54
24 58
24 61
24 64
24 65
24 67
24 69
24 73
24 75
24 79
24 84
24 97
24 102
24 103
24 104
24 105
24 106
24 107
24 108
24 109
24 112
24 114
24 118
24 122
24 124
24 126
24 129
24 131
24 133
24 134
24 138
24 140
24 141
24 142
24 147
24 148
24 150
24 151
24 154
24 156
24 159
24 161
25 26
25 31
25 36
25 38
25 39
25 40
25 43
25 44
25 45
25 48
25 49
25 51
25 52
25 54
25 55
25 56
25 58
25 63
25 65
25 67
25 68
25 69
25 71
25 72
25 75
25 77
25 80
25 84
25 87
25 89
25 91
25 97
25 102
25 105
25 106
25 107
25 108
25 110
25 112
25 113
25 114
25 115
25 117
25 118
25 126
25 128
25 129
25 131
25 133
25 134
25 138
25 141
25 142
25 147
25 150
25 151
25 152
25 153
25 154
25 156
25 158
25 160
25 161
26 30
26 31
26 34
26 35
26 36
26 37
26 44
26 45
26 49
26 50
26 52
26 54
26 56
26 58
26 59
26 61
26 64
26 65
26 66
26 67
26 68
26 70
26 72
26 73
26 74
26 77
26 78
26 82
26 84
26 85
26 86
26 87
26 88
26 89
26 92
26 93
26 94
26 95
26 96
26 97
26 99
26 101
26 102
26 105
26 106
26 107
26 108
26 109
26 111
26 112
26 114
26 115
26 116
26 117
26 118
26 119
26 121
26 122
26 124
26 125
26 127
26 128
26 129
26 130
26 131
26 133
26 135
26 138
26 139
26 142
26 143
26 146
26 149
26 150
26 151
26 152
26 154
26 155
26 156
26 157
26 158
26 159
26 160
26 161
27 34
27 35
27 39
27 44
27 45
27 52
27 61
27 63
27 64
27 66
27 67
27 70
27 72
27 74
27 75
27 88
27 89
27 102
27 104
27 106
27 109
27 111
27 112
27 114
27 115
27 117
27 118
27 133
27 134
27 138
27 142
27 146
27 148
27 151
27 152
27 154
27 157
28 31
28 32
28 34
28 36
28 39
28 46
28 49
28 51
28 55
28 56
28 62
28 63
28 64
28 65
28 70
28 71
28 73
28 74
28 77
28 79
28 83
28 86
28 97
28 100
28 102
28 105
28 106
28 107
28 112
28 114
28 115
28 123
28 124
28 125
28 126
28 127
28 131
28 134
28 135
28 136
28 138
28 141
28 142
28 148
28 149
28 151
28 152
28 157
28 160
29 32
29 36
29 37
29 41
29 44
29 49
29 58
29 64
29 65
29 67
29 70
29 71
29 74
29 76
29 88
29 90
29 94
29 97
29 98
29 100
29 101
29 111
29 114
29 115
29 117
29 118
29 126
29 131
29 135
29 137
29 141
29 142
29 150
29 151
29 152
29 154
29 159
29 160
30 31
30 32
30 33
30 35
30 36
30 38
30 39
30 40
30 43
30 44
30 45
30 46
30 48
30 50
30 51
30 54
30 55
30 56
30 62
30 64
30 66
30 67
30 68
30 69
30 70
30 71
30 72
30 74
30 76
30 77
30 80
30 81
30 82
30 83
30 84
30 86
30 87
30 89
30 93
30 94
30 95
30 98
30 99
30 100
30 101
30 102
30 103
30 105
30 108
30 109
30 110
30 112
30 113
30 114
30 115
30 116
30 117
30 118
30 120
30 121
30 122
30 123
30 124
30 125
30 127
30 128
30 129
30 131
30 133
30 134
30 135
30 137
30 138
30 139
30 140
30 141
30 142
30 145
30 146
30 147
30 150
30 152
30 154
30 157
30 158
30 159
30 160
30 161
31 32
31 33
31 34
31 39
31 40
31 43
31 44
31 45
31 49
31 51
31 52
31 53
31 54
31 55
31 56
31 57
31 58
31 59
31 60
31 61
31 62
31 63
31 65
31 66
31 68
31 69
31 70
31 71
31 72
31 73
31 74
31 75
31 76
31 77
31 79
31 80
31 81
31 83
31 84
31 85
31 88
31 89
31 91
31 92
31 93
31 94
31 95
31 96
31 98
31 99
31 100
31 101
31 102
31 104
31 105
31 106
31 111
31 112
31 113
31 114
31 115
31 118
31 125
31 126
31 129
31 130
31 131
31 132
31 134
31 135
31 136
31 137
31 138
31 140
31 141
31 142
31 143
31 145
31 147
31 149
31 150
31 151
31 152
31 154
31 157
31 158
31 161
32 35
32 36
32 37
32 39
32 40
32 42
32 43
32 44
32 46
32 48
32 49
32 51
32 52
32 53
32 54
32 55
32 56
32 57
32 58
32 61
32 62
32 65
32 66
32 67
32 68
32 69
32 70
32 72
32 73
32 74
32 75
32 77
32 79
32 89
32 90
32 93
32 94
32 95
32 98
32 101
32 102
32 106
32 107
32 108
32 109
32 110
32 111
32 112
32 113
32 114
32 115
32 116
32 117
32 118
32 119
32 125
32 127
32 129
32 131
32 133
32 134
32 135
32 136
32 138
32 140
32 141
32 146
32 147
32 148
32 150
32 151
32 155
32 156
32 157
32 158
32 159
33 35
33 45
33 47
33 49
33 51
33 52
33 65
33 73
33 85
33 89
33 94
33 96
33 97
33 114
33 118
33 133
33 134
33 136
33 142
33 151
34 35
34 40
34 42
34 46
34 49
34 51
34 55
34 66
34 68
34 69
34 70
34 73
34 74
34 76
34 79
34 80
34 82
34 85
34 87
34 88
34 94
34 101
34 104
34 106
34 109
34 113
34 115
34 117
34 118
34 131
34 136
34 146
34 151
34 152
34 154
34 157
34 158
35 37
35 38
35 39
35 40
35 43
35 44
35 48
35 49
35 50
35 52
35 55
35 56
35 57
35 58
35 62
35 63
35 64
35 65
35 66
35 69
35 70
35 72
35 73
35 74
35 76
35 79
35 81
35 84
35 87
35 89
35 92
35 96
35 98
35 101
35 105
35 107
35 108
35 109
35 111
35 112
35 113
35 115
35 116
35 117
35 118
35 124
35 125
35 126
35 127
35 128
35 129
35 131
35 133
35 134
35 135
35 136
35 139
35 140
35 142
35 145
35 146
35 147
35 149
35 150
35 152
35 153
35 154
35 157
35 158
35 159
35 161
36 38
36 39
36 40
36 42
36 44
36 49
36 51
36 56
36 58
36 63
36 64
36 66
36 67
36 68
36 69
36 70
36 72
36 74
36 75
36 76
36 79
36 81
36 82
36 85
36 87
36 89
36 90
36 91
36 92
36 94
36 95
36 97
36 100
36 102
36 104
36 105
36 106
36 108
36 109
36 114
36 115
36 117
36 123
36 125
36 127
36 129
36 131
36 134
36 137
36 138
36 139
36 140
36 142
36 146
36 147
36 151
36 152
36 153
36 154
36 158
36 160
36 161
37 38
37 39
37 40
37 45
37 48
37 49
37 50
37 53
37 54
37 56
37 61
37 62
37 63
37 64
37 65
37 68
37 69
37 70
37 71
37 72
37 77
37 79
37 83
37 97
37 98
37 99
37 101
37 103
37 106
37 107
37 108
37 112
37 113
37 114
37 115
37 116
37 117
37 118
37 125
37 126
37 128
37 129
37 133
37 135
37 138
37 139
37 140
37 142
37 143
37 147
37 150
37 151
37 152
37 154
37 158
38 42
38 44
38 46
38 49
38 50
38 54
38 55
38 59
38 60
38 62
38 63
38 66
38 67
38 69
38 70
38 71
38 74
38 77
38 79
38 80
38 82
38 84
38 85
38 87
38 89
38 92
38 93
38 94
38 95
38 97
38 100
38 102
38 104
38 105
38 106
38 108
38 109
38 110
38 114
38 117
38 118
38 122
38 123
38 125
38 126
38 127
38 129
38 134
38 137
38 138
38 142
38 143
38 145
38 148
38 149
38 152
38 154
38 159
38 160
38 161
39 40
39 43
39 46
39 51
39 54
39 56
39 57
39 58
39 63
39 64
39 66
39 67
39 70
39 72
39 74
39 83
39 88
39 93
39 94
39 97
39 98
39 101
39 102
39 103
39 110
39 111
39 115
39 118
39 125
39 129
39 131
39 137
39 138
39 139
39 142
39 145
39 146
39 147
39 151
39 152
39 153
39 154
39 159
39 160
39 161
40 41
40 43
40 44
40 47
40 49
40 50
40 53
40 54
40 55
40 56
40 57
40 58
40 59
40 60
40 64
40 66
40 67
40 68
40 69
40 70
40 71
40 72
40 73
40 76
40 77
40 80
40 82
40 84
40 86
40 87
40 88
40 89
40 92
40 94
40 96
40 99
40 100
40 101
40 102
40 104
40 105
40 106
40 107
40 108
40 109
40 110
40 112
40 113
40 114
40 115
40 116
40 117
40 118
40 122
40 125
40 126
40 129
40 130
40 131
40 133
40 134
40 135
40 136
40 137
40 138
40 139
40 141
40 142
40 146
40 147
40 149
40 150
40 151
40 152
40 153
40 154
40 157
40 158
40 160
40 161
41 42
41 44
41 45
41 49
41 51
41 59
41 61
41 64
41 69
41 80
41 89
41 91
41 101
41 103
41 105
41 108
41 110
41 113
41 118
41 129
41 138
41 150
41 154
41 158
42 43
42 51
42 53
42 54
42 55
42 60
42 61
42 64
42 66
42 68
42 75
42 83
42 84
42 87
42 88
42 92
42 93
42 95
42 101
42 102
42 108
42 109
42 111
42 114
42 115
42 116
42 117
42 118
42 128
42 129
42 130
42 131
42 133
42 134
42 137
42 141
42 143
42 145
42 146
42 147
42 148
42 151
42 152
42 153
42 154
42 155
42 157
42 158
42 161
43 44
43 45
43 49
43 50
43 51
43 54
43 58
43 63
43 64
43 65
43 66
43 69
43 70
43 72
43 74
43 75
43 77
43 81
43 84
43 85
43 86
43 89
43 91
43 92
43 93
43 94
43 95
43 99
43 100
43 102
43 106
43 108
43 109
43 113
43 114
43 115
43 117
43 126
43 129
43 130
43 131
43 133
43 134
43 135
43 139
43 144
43 147
43 149
43 150
43 152
43 153
43 154
43 155
43 158
44 45
44 46
44 49
44 50
44 52
44 53
44 54
44 56
44 57
44 58
44 59
44 62
44 63
44 64
44 65
44 69
44 70
44 71
44 73
44 75
44 76
44 79
44 80
44 84
44 85
44 87
44 88
44 89
44 90
44 93
44 94
44 95
44 97
44 101
44 103
44 106
44 108
44 109
44 115
44 116
44 118
44 125
44 126
44 127
44 128
44 129
44 131
44 133
44 136
44 137
44 138
44 139
44 142
44 143
44 144
44 149
44 151
44 152
44 153
44 154
44 158
44 160
45 46
45 47
45 49
45 50
45 51
45 53
45 54
45 55
45 56
45 59
45 63
45 64
45 66
45 67
45 68
45 69
45 70
45 71
45 72
45 73
45 74
45 75
45 77
45 79
45 80
45 81
45 84
45 85
45 87
45 91
45 92
45 97
45 98
45 99
45 100
45 101
45 102
45 104
45 105
45 106
45 107
45 108
45 109
45 110
45 112
45 113
45 114
45 115
45 116
45 117
45 118
45 119
45 123
45 125
45 126
45 129
45 130
45 131
45 136
45 138
45 139
45 143
45 147
45 148
45 150
45 152
45 154
45 158
45 159
45 160
46 49
46 51
46 54
46 58
46 67
46 69
46 71
46 72
46 73
46 74
46 80
46 82
46 84
46 87
46 88
46 91
46 93
46 95
46 96
46 99
46 100
46 101
46 105
46 107
46 108
46 111
46 113
46 114
46 117
46 121
46 122
46 125
46 126
46 134
46 137
46 141
46 142
46 146
46 148
46 149
46 150
46 152
46 153
46 154
46 155
46 158
47 58
47 71
47 72
47 74
47 77
47 79
47 85
47 87
47 88
47 92
47 94
47 104
47 105
47 108
47 109
47 111
47 112
47 117
47 118
47 122
47 131
47 133
47 137
47 139
47 142
47 147
47 151
47 153
47 158
47 161
48 49
48 51
48 52
48 55
48 56
48 61
48 64
48 66
48 68
48 72
48 77
48 83
48 85
48 91
48 97
48 98
48 101
48 102
48 105
48 106
48 112
48 115
48 123
48 131
48 133
48 138
48 141
48 142
48 151
48 153
48 154
48 155
48 158
49 50
49 51
49 53
49 54
49 55
49 56
49 57
49 61
49 62
49 63
49 64
49 65
49 66
49 67
49 68
49 70
49 71
49 72
49 74
49 75
49 77
49 80
49 84
49 86
49 88
49 89
49 91
49 93
49 94
49 95
49 97
49 100
49 101
49 102
49 104
49 105
49 108
49 110
49 111
49 112
49 113
49 114
49 115
49 118
49 120
49 121
49 122
49 123
49 124
49 125
49 126
49 128
49 129
49 130
49 131
49 132
49 133
49 134
49 135
49 136
49 137
49 138
49 139
49 140
49 142
49 144
49 145
49 146
49 147
49 149
49 150
49 151
49 153
49 154
49 157
49 158
49 159
49 160
50 51
50 55
50 58
50 61
50 63
50 64
50 67
50 68
50 69
50 72
50 75
50 76
50 77
50 79
50 82
50 85
50 87
50 88
50 90
50 91
50 93
50 94
50 95
50 97
50 98
50 102
50 103
50 107
50 108
50 111
50 113
50 114
50 118
50 119
50 124
50 126
50 129
50 130
50 133
50 134
50 135
50 137
50 138
50 139
50 142
50 146
50 147
50 149
50 150
50 151
50 152
50 153
50 155
50 157
50 158
51 52
51 53
51 54
51 55
51 56
51 58
51 59
51 61
51 63
51 64
51 65
51 66
51 68
51 69
51 70
51 71
51 72
51 73
51 74
51 75
51 77
51 78
51 79
51 81
51 82
51 83
51 84
51 86
51 88
51 90
51 91
51 92
51 93
51 94
51 96
51 97
51 98
51 99
51 100
51 101
51 102
51 106
51 108
51 109
51 110
51 111
51 112
51 113
51 114
51 115
51 116
51 117
51 119
51 125
51 127
51 128
51 131
51 132
51 133
51 134
51 136
51 137
51 138
51 139
51 140
51 141
51 142
51 143
51 144
51 145
51 146
51 147
51 148
51 149
51 150
51 151
51 152
51 153
51 154
51 156
51 158
51 160
51 161
52 54
52 56
52 58
52 63
52 65
52 66
52 67
52 68
52 70
52 71
52 73
52 74
52 75
52 77
52 79
52 86
52 93
52 94
52 96
52 97
52 103
52 104
52 105
52 109
52 112
52 113
52 114
52 115
52 116
52 118
52 123
52 126
52 129
52 130
52 131
52 132
52 133
52 134
52 138
52 139
52 144
52 145
52 150
52 151
52 152
52 155
52 158
52 161
53 54
53 55
53 56
53 58
53 63
53 68
53 71
53 72
53 73
53 74
53 77
53 80
53 82
53 86
53 87
53 88
53 89
53 91
53 94
53 97
53 101
53 103
53 105
53 107
53 112
53 114
53 120
53 125
53 128
53 129
53 130
53 132
53 133
53 138
53 143
53 147
53 150
53 151
53 152
53 154
53 157
53 158
53 161
54 55
54 56
54 57
54 58
54 59
54 60
54 61
54 63
54 64
54 65
54 66
54 67
54 68
54 70
54 71
54 73
54 74
54 75
54 76
54 77
54 79
54 83
54 84
54 86
54 87
54 88
54 89
54 90
54 92
54 93
54 94
54 95
54 96
54 97
54 98
54 99
54 100
54 102
54 103
54 104
54 106
54 107
54 108
54 111
54 112
54 114
54 117
54 118
54 119
54 120
54 125
54 126
54 128
54 130
54 131
54 132
54 133
54 134
54 135
54 136
54 138
54 139
54 141
54 142
54 143
54 146
54 147
54 151
54 152
54 154
54 155
54 157
54 158
54 159
54 160
55 56
55 61
55 64
55 67
55 68
55 71
55 72
55 73
55 74
55 79
55 84
55 85
55 89
55 91
55 92
55 94
55 97
55 98
55 100
55 101
55 104
55 106
55 108
55 109
55 110
55 113
55 115
55 119
55 125
55 133
55 134
55 137
55 139
55 141
55 145
55 148
55 149
55 150
55 154
55 155
55 157
55 158
55 159
55 160
56 60
56 63
56 64
56 65
56 67
56 68
56 69
56 70
56 71
56 73
56 74
56 75
56 76
56 78
56 79
56 81
56 84
56 85
56 88
56 89
56 91
56 92
56 94
56 95
56 96
56 98
56 101
56 102
56 103
56 107
56 108
56 111
56 113
56 115
56 117
56 118
56 120
56 122
56 125
56 126
56 127
56 129
56 131
56 133
56 134
56 135
56 136
56 137
56 138
56 139
56 140
56 141
56 142
56 143
56 146
56 150
56 151
56 152
56 153
56 154
56 156
56 157
56 158
56 161
57 64
57 65
57 67
57 68
57 69
57 70
57 80
57 87
57 88
57 91
57 92
57 93
57 94
57 98
57 99
57 101
57 103
57 106
57 108
57 111
57 114
57 115
57 118
57 129
57 130
57 131
57 133
57 136
57 137
57 138
57 142
57 146
57 148
57 150
57 151
57 157
57 158
57 159
57 160
58 60
58 62
58 64
58 65
58 68
58 69
58 70
58 71
58 72
58 74
58 75
58 77
58 79
58 83
58 84
58 85
58 86
58 88
58 89
58 91
58 93
58 94
58 100
58 101
58 103
58 104
58 105
58 106
58 107
58 110
58 112
58 113
58 114
58 115
58 117
58 118
58 120
58 125
58 127
58 129
58 131
58 133
58 134
58 136
58 138
58 145
58 146
58 147
58 149
58 151
58 152
58 153
58 154
58 155
58 160
59 64
59 66
59 68
59 70
59 72
59 73
59 77
59 81
59 82
59 84
59 86
59 87
59 88
59 89
59 93
59 94
59 95
59 100
59 101
59 105
59 107
59 108
59 109
59 111
59 112
59 113
59 114
59 115
59 117
59 118
59 119
59 127
59 133
59 134
59 137
59 138
59 142
59 147
59 150
59 152
59 153
59 154
59 158
59 161
60 65
60 67
60 75
60 106
60 107
60 111
60 116
60 117
60 125
60 138
60 146
60 150
61 62
61 64
61 67
61 68
61 69
61 72
61 74
61 77
61 79
61 84
61 87
61 88
61 92
61 97
61 101
61 103
61 105
61 106
61 107
61 109
61 110
61 114
61 117
61 126
61 129
61 131
61 133
61 136
61 137
61 141
61 142
61 143
61 145
61 147
61 150
61 151
61 152
61 153
61 154
61 156
61 160
61 161
62 65
62 69
62 71
62 72
62 73
62 74
62 79
62 92
62 95
62 97
62 101
62 102
62 111
62 114
62 115
62 117
62 125
62 129
62 130
62 131
62 134
62 135
62 137
62 139
62 143
62 146
62 151
62 153
62 156
62 157
62 158
62 159
62 160
62 161
63 64
63 67
63 68
63 69
63 71
63 72
63 73
63 74
63 75
63 76
63 77
63 79
63 80
63 87
63 89
63 93
63 94
63 96
63 97
63 100
63 104
63 105
63 106
63 107
63 108
63 109
63 111
63 112
63 113
63 114
63 117
63 118
63 121
63 124
63 125
63 127
63 128
63 129
63 131
63 132
63 133
63 134
63 135
63 136
63 137
63 138
63 141
63 142
63 143
63 144
63 145
63 146
63 147
63 149
63 150
63 151
63 152
63 153
63 157
63 158
63 159
64 65
64 66
64 67
64 68
64 69
64 70
64 72
64 74
64 75
64 76
64 77
64 78
64 79
64 80
64 82
64 84
64 86
64 87
64 88
64 89
64 91
64 92
64 93
64 94
64 96
64 99
64 101
64 103
64 104
64 105
64 106
64 108
64 109
64 111
64 112
64 114
64 116
64 118
64 121
64 126
64 127
64 129
64 131
64 133
64 134
64 135
64 136
64 137
64 138
64 139
64 140
64 141
64 142
64 144
64 145
64 147
64 148
64 150
64 151
64 152
64 153
64 154
64 155
64 158
64 159
65 66
65 67
65 68
65 69
65 70
65 71
65 72
65 73
65 74
65 75
65 77
65 79
65 81
65 84
65 86
65 87
65 88
65 89
65 93
65 94
65 96
65 97
65 99
65 100
65 101
65 106
65 107
65 108
65 109
65 111
65 112
65 113
65 115
65 116
65 118
65 121
65 122
65 125
65 129
65 130
65 131
65 133
65 134
65 137
65 139
65 140
65 141
65 142
65 146
65 147
65 148
65 151
65 152
65 154
65 155
65 157
65 158
65 160
66 67
66 68
66 69
66 72
66 73
66 74
66 75
66 79
66 80
66 83
66 84
66 86
66 88
66 92
66 93
66 94
66 100
66 101
66 104
66 105
66 106
66 108
66 109
66 110
66 111
66 112
66 113
66 114
66 116
66 117
66 118
66 119
66 120
66 126
66 127
66 129
66 130
66 131
66 133
66 135
66 136
66 138
66 139
66 142
66 145
66 146
66 147
66 150
66 151
66 155
66 156
66 158
66 159
66 161
67 68
67 70
67 72
67 73
67 74
67 76
67 77
67 79
67 82
67 85
67 87
67 88
67 89
67 91
67 92
67 93
67 94
67 96
67 99
67 101
67 102
67 104
67 105
67 107
67 108
67 109
67 113
67 114
67 116
67 117
67 118
67 119
67 121
67 124
67 125
67 128
67 130
67 133
67 134
67 135
67 137
67 138
67 139
67 140
67 141
67 142
67 144
67 145
67 149
67 151
67 152
67 153
67 154
67 157
67 159
68 69
68 71
68 72
68 73
68 74
68 75
68 76
68 77
68 80
68 86
68 88
68 90
68 92
68 93
68 94
68 95
68 97
68 98
68 99
68 100
68 101
68 102
68 103
68 104
68 105
68 107
68 108
68 109
68 110
68 112
68 113
68 114
68 115
68 116
68 117
68 118
68 119
68 121
68 123
68 124
68 125
68 129
68 130
68 131
68 133
68 134
68 135
68 136
68 137
68 138
68 139
68 141
68 142
68 143
68 145
68 146
68 147
68 150
68 152
68 153
68 154
68 155
68 156
68 157
68 158
68 161
69 71
69 72
69 75
69 80
69 81
69 82
69 83
69 84
69 85
69 86
69 88
69 89
69 94
69 99
69 100
69 105
69 108
69 109
69 111
69 113
69 114
69 115
69 118
69 124
69 125
69 126
69 127
69 128
69 129
69 131
69 133
69 134
69 135
69 137
69 138
69 139
69 141
69 142
69 143
69 144
69 145
69 146
69 147
69 149
69 150
69 151
69 152
69 154
69 155
69 158
69 160
69 161
70 71
70 72
70 73
70 74
70 75
70 77
70 79
70 80
70 84
70 87
70 88
70 89
70 91
70 92
70 94
70 95
70 96
70 97
70 98
70 100
70 101
70 102
70 103
70 104
70 105
70 106
70 107
70 108
70 110
70 111
70 114
70 117
70 118
70 119
70 121
70 123
70 124
70 125
70 128
70 129
70 130
70 132
70 133
70 134
70 135
70 137
70 138
70 139
70 141
70 142
70 143
70 145
70 148
70 149
70 151
70 152
70 154
70 155
70 156
70 157
70 158
70 159
70 160
70 161
71 72
71 73
71 74
71 76
71 77
71 78
71 80
71 81
71 82
71 84
71 85
71 86
71 88
71 90
71 91
71 93
71 97
71 98
71 100
71 101
71 102
71 103
71 106
71 107
71 108
71 109
71 111
71 114
71 115
71 118
71 122
71 125
71 128
71 130
71 131
71 132
71 134
71 136
71 137
71 138
71 139
71 140
71 143
71 144
71 146
71 147
71 148
71 150
71 154
71 155
71 158
71 159
71 160
72 75
72 76
72 77
72 79
72 82
72 84
72 86
72 87
72 88
72 92
72 93
72 94
72 99
72 101
72 102
72 103
72 106
72 107
72 108
72 109
72 110
72 111
72 112
72 114
72 115
72 118
72 119
72 120
72 124
72 125
72 126
72 128
72 129
72 131
72 132
72 133
72 134
72 135
72 136
72 137
72 138
72 139
72 140
72 143
72 144
72 145
72 147
72 150
72 151
72 152
72 153
72 154
72 155
72 156
72 158
72 159
72 160
73 75
73 79
73 84
73 88
73 89
73 91
73 92
73 93
73 94
73 98
73 99
73 100
73 101
73 102
73 105
73 106
73 107
73 110
73 112
73 114
73 115
73 117
73 118
73 119
73 121
73 122
73 125
73 126
73 128
73 129
73 131
73 133
73 134
73 135
73 137
73 138
73 140
73 142
73 145
73 147
73 148
73 151
73 155
73 160
73 161
74 75
74 76
74 77
74 78
74 80
74 83
74 84
74 85
74 86
74 87
74 90
74 91
74 92
74 93
74 96
74 98
74 99
74 101
74 102
74 104
74 106
74 107
74 108
74 111
74 112
74 113
74 114
74 115
74 116
74 117
74 122
74 125
74 127
74 129
74 131
74 132
74 133
74 135
74 137
74 138
74 142
74 143
74 145
74 146
74 147
74 149
74 150
74 151
74 152
74 153
74 154
74 156
74 157
74 158
74 159
74 160
74 161
75 76
75 77
75 81
75 83
75 84
75 85
75 86
75 87
75 88
75 89
75 91
75 94
75 95
75 99
75 100
75 101
75 102
75 103
75 104
75 105
75 106
75 108
75 110
75 111
75 112
75 115
75 121
75 124
75 127
75 129
75 131
75 133
75 134
75 137
75 138
75 140
75 143
75 146
75 148
75 149
75 153
75 154
75 158
75 159
76 80
76 84
76 86
76 93
76 94
76 97
76 101
76 102
76 108
76 109
76 114
76 117
76 118
76 122
76 127
76 131
76 133
76 134
76 135
76 137
76 145
76 146
76 147
76 153
76 154
76 156
76 157
76 161
77 79
77 80
77 83
77 85
77 87
77 88
77 92
77 97
77 99
77 100
77 102
77 103
77 105
77 106
77 108
77 109
77 110
77 112
77 113
77 114
77 115
77 116
77 117
77 118
77 121
77 123
77 125
77 126
77 129
77 131
77 133
77 134
77 136
77 138
77 139
77 140
77 141
77 142
77 143
77 144
77 145
77 146
77 147
77 149
77 150
77 151
77 152
77 154
77 156
77 157
77 158
77 159
77 161
78 79
78 110
78 114
78 140
78 152
78 159
78 160
78 161
79 80
79 81
79 82
79 84
79 85
79 87
79 89
79 91
79 92
79 94
79 95
79 97
79 98
79 100
79 101
79 103
79 105
79 106
79 108
79 109
79 111
79 112
79 113
79 114
79 115
79 117
79 118
79 122
79 127
79 129
79 130
79 131
79 133
79 135
79 136
79 137
79 139
79 140
79 146
79 147
79 149
79 150
79 151
79 152
79 153
79 155
79 157
79 158
79 159
79 160
79 161
80 85
80 86
80 89
80 100
80 101
80 102
80 104
80 105
80 106
80 109
80 112
80 114
80 115
80 116
80 119
80 125
80 127
80 130
80 131
80 134
80 135
80 138
80 139
80 142
80 145
80 146
80 147
80 149
80 151
80 152
80 154
80 157
80 158
80 161
81 93
81 102
81 103
81 112
81 113
81 118
81 126
81 129
81 131
81 134
81 138
81 146
81 151
81 154
82 84
82 93
82 101
82 102
82 105
82 112
82 114
82 115
82 116
82 129
82 139
82 142
82 143
82 154
82 156
82 157
82 159
82 160
83 87
83 88
83 89
83 100
83 105
83 111
83 112
83 114
83 115
83 118
83 121
83 132
83 133
83 134
83 138
83 142
83 147
83 149
83 151
83 152
83 154
84 89
84 91
84 93
84 94
84 96
84 100
84 101
84 102
84 105
84 107
84 108
84 110
84 112
84 113
84 114
84 115
84 116
84 117
84 118
84 125
84 126
84 127
84 128
84 134
84 135
84 137
84 138
84 142
84 145
84 147
84 148
84 150
84 151
84 152
84 154
84 156
84 157
84 160
85 86
85 89
85 93
85 94
85 102
85 103
85 104
85 107
85 108
85 111
85 115
85 116
85 123
85 125
85 131
85 132
85 137
85 138
85 142
85 147
85 150
85 153
85 154
85 157
86 87
86 89
86 93
86 94
86 97
86 99
86 101
86 102
86 107
86 108
86 110
86 112
86 115
86 118
86 133
86 139
86 140
86 146
86 147
86 150
86 154
86 158
87 89
87 90
87 93
87 97
87 99
87 100
87 101
87 102
87 105
87 106
87 107
87 110
87 111
87 112
87 113
87 114
87 115
87 116
87 117
87 119
87 125
87 126
87 127
87 129
87 133
87 136
87 137
87 138
87 141
87 142
87 143
87 148
87 149
87 150
87 151
87 152
87 153
87 154
87 157
87 158
87 161
88 91
88 92
88 93
88 94
88 101
88 102
88 104
88 105
88 108
88 112
88 113
88 114
88 115
88 117
88 118
88 124
88 126
88 129
88 136
88 138
88 141
88 142
88 145
88 146
88 150
88 151
88 154
88 155
88 157
88 161
89 97
89 100
89 101
89 103
89 105
89 106
89 107
89 108
89 109
89 111
89 112
89 113
89 114
89 115
89 117
89 118
89 122
89 125
89 126
89 127
89 128
89 129
89 130
89 131
89 132
89 133
89 134
89 136
89 138
89 139
89 141
89 142
89 143
89 145
89 146
89 147
89 148
89 149
89 150
89 151
89 152
89 154
89 155
89 157
89 159
89 160
89 161
90 98
90 105
90 106
90 110
90 112
90 113
90 114
90 116
90 117
90 118
90 128
90 131
90 133
90 134
90 136
90 137
90 150
90 158
91 92
91 94
91 95
91 101
91 102
91 108
91 109
91 110
91 111
91 112
91 114
91 115
91 117
91 118
91 119
91 121
91 127
91 131
91 133
91 134
91 136
91 137
91 139
91 142
91 145
91 147
91 149
91 152
91 153
91 154
91 157
92 93
92 94
92 95
92 99
92 101
92 102
92 106
92 107
92 108
92 109
92 114
92 125
92 128
92 129
92 133
92 134
92 135
92 136
92 138
92 139
92 141
92 142
92 145
92 152
92 153
92 154
92 158
92 160
93 94
93 98
93 99
93 101
93 103
93 105
93 109
93 113
93 114
93 115
93 116
93 117
93 125
93 126
93 127
93 128
93 129
93 131
93 132
93 133
93 134
93 135
93 141
93 142
93 146
93 152
93 154
93 157
93 159
93 160
94 95
94 97
94 99
94 100
94 101
94 102
94 105
94 107
94 108
94 109
94 110
94 111
94 113
94 114
94 115
94 117
94 118
94 119
94 121
94 124
94 125
94 127
94 128
94 129
94 133
94 134
94 135
94 136
94 137
94 138
94 139
94 142
94 143
94 145
94 146
94 147
94 149
94 150
94 151
94 152
94 153
94 154
94 155
94 157
94 158
94 159
95 103
95 104
95 108
95 109
95 112
95 114
95 115
95 117
95 126
95 127
95 128
95 129
95 130
95 137
95 142
95 143
95 150
95 152
95 153
95 154
95 157
96 101
96 104
96 106
96 107
96 114
96 117
96 127
96 136
96 137
96 138
96 142
96 152
96 158
97 98
97 100
97 101
97 102
97 103
97 106
97 107
97 108
97 109
97 111
97 112
97 113
97 114
97 115
97 116
97 117
97 118
97 123
97 128
97 131
97 133
97 135
97 137
97 138
97 139
97 142
97 143
97 148
97 149
97 150
97 151
97 152
97 154
97 155
97 156
97 157
97 161
98 100
98 101
98 102
98 106
98 107
98 108
98 109
98 110
98 113
98 115
98 116
98 117
98 118
98 133
98 134
98 135
98 139
98 142
98 146
98 149
98 150
98 154
98 155
98 160
98 161
99 106
99 107
99 112
99 114
99 129
99 130
99 131
99 133
99 134
99 135
99 138
99 139
99 141
99 142
99 143
99 145
99 146
99 147
99 152
99 154
99 157
99 158
100 101
100 102
100 103
100 104
100 105
100 106
100 107
100 108
100 109
100 113
100 114
100 115
100 117
100 118
100 128
100 129
100 132
100 134
100 136
100 137
100 139
100 143
100 148
100 149
100 150
100 153
100 161
101 103
101 104
101 105
101 106
101 107
101 108
101 112
101 113
101 114
101 115
101 116
101 118
101 119
101 120
101 124
101 125
101 126
101 127
101 128
101 129
101 130
101 131
101 132
101 134
101 135
101 137
101 138
101 139
101 142
101 145
101 147
101 148
101 149
101 150
101 151
101 152
101 153
101 154
101 156
101 157
101 159
101 160
102 103
102 105
102 106
102 108
102 109
102 111
102 112
102 114
102 115
102 117
102 123
102 124
102 125
102 127
102 128
102 129
102 131
102 132
102 133
102 134
102 135
102 138
102 139
102 141
102 142
102 144
102 145
102 146
102 147
102 152
102 153
102 154
102 155
102 157
102 158
102 159
102 161
103 106
103 107
103 108
103 109
103 114
103 115
103 116
103 117
103 118
103 124
103 125
103 126
103 127
103 131
103 133
103 134
103 137
103 140
103 142
103 145
103 146
103 148
103 151
103 158
103 159
103 160
103 161
104 106
104 108
104 109
104 111
104 113
104 117
104 133
104 135
104 136
104 138
104 139
104 140
104 141
104 142
104 144
104 148
104 149
104 150
104 154
104 161
105 106
105 107
105 109
105 111
105 113
105 114
105 115
105 117
105 118
105 119
105 121
105 124
105 125
105 126
105 130
105 131
105 133
105 134
105 142
105 145
105 146
105 150
105 151
105 152
105 153
105 157
105 158
106 109
106 110
106 111
106 112
106 113
106 114
106 115
106 117
106 118
106 125
106 126
106 127
106 128
106 129
106 130
106 131
106 132
106 133
106 134
106 135
106 136
106 137
106 138
106 141
106 142
106 144
106 146
106 147
106 148
106 149
106 150
106 151
106 152
106 153
106 154
106 157
106 158
106 159
106 160
106 161
107 108
107 113
107 114
107 115
107 118
107 125
107 128
107 129
107 133
107 134
107 135
107 137
107 138
107 139
107 141
107 147
107 148
107 149
107 154
107 155
107 157
107 158
107 159
107 160
107 161
108 110
108 111
108 112
108 113
108 114
108 115
108 117
108 118
108 119
108 121
108 124
108 125
108 126
108 128
108 129
108 130
108 131
108 133
108 134
108 135
108 138
108 139
108 141
108 142
108 144
108 145
108 146
108 147
108 148
108 149
108 150
108 151
108 154
108 155
108 156
108 157
108 158
108 159
108 160
109 110
109 111
109 112
109 113
109 114
109 115
109 118
109 121
109 123
109 125
109 128
109 129
109 131
109 133
109 134
109 136
109 137
109 140
109 141
109 145
109 146
109 147
109 149
109 151
109 152
109 157
109 158
109 159
109 161
110 112
110 114
110 115
110 117
110 118
110 125
110 129
110 130
110 133
110 134
110 137
110 138
110 153
110 154
111 118
111 125
111 129
111 130
111 131
111 133
111 134
111 136
111 138
111 139
111 141
111 142
111 145
111 146
111 150
111 152
111 154
111 157
111 161
112 113
112 114
112 115
112 118
112 122
112 125
112 128
112 129
112 131
112 132
112 133
112 134
112 135
112 137
112 138
112 139
112 140
112 141
112 142
112 144
112 145
112 146
112 147
112 148
112 149
112 150
112 151
112 152
112 153
112 154
112 155
112 157
112 158
112 159
112 161
113 115
113 116
113 117
113 118
113 119
113 122
113 125
113 128
113 129
113 130
113 133
113 134
113 137
113 138
113 140
113 142
113 143
113 145
113 147
113 150
113 151
113 153
113 154
113 157
113 158
113 159
113 160
114 115
114 116
114 117
114 118
114 121
114 125
114 126
114 128
114 129
114 131
114 133
114 134
114 135
114 137
114 138
114 139
114 141
114 143
114 144
114 145
114 146
114 147
114 148
114 150
114 151
114 153
114 154
114 156
114 158
114 159
114 160
115 117
115 118
115 120
115 121
115 122
115 124
115 125
115 127
115 129
115 130
115 131
115 132
115 134
115 135
115 136
115 137
115 139
115 142
115 143
115 144
115 145
115 147
115 149
115 151
115 153
115 154
115 157
115 158
115 160
115 161
116 117
116 125
116 126
116 133
116 137
116 138
116 139
116 141
116 150
116 151
116 152
116 154
116 157
116 158
116 161
117 118
117 119
117 120
117 122
117 126
117 129
117 133
117 134
117 136
117 137
117 139
117 141
117 142
117 143
117 144
117 147
117 148
117 150
117 151
117 152
117 153
117 154
117 155
117 156
117 157
117 158
117 159
117 160
117 161
118 121
118 125
118 126
118 129
118 130
118 131
118 133
118 136
118 137
118 138
118 140
118 141
118 143
118 145
118 146
118 147
118 149
118 150
118 151
118 152
118 156
118 157
118 158
119 125
119 128
119 129
119 133
119 136
119 139
119 141
119 146
119 153
119 154
119 160
120 129
120 133
120 137
120 147
120 160
121 127
121 129
121 135
121 138
121 145
121 148
121 151
121 152
121 154
121 158
122 125
122 127
122 128
122 129
122 133
122 138
122 139
122 141
122 145
122 151
122 153
122 158
123 130
123 137
123 152
123 157
124 131
124 133
124 135
124 136
124 138
124 139
124 146
124 151
124 158
125 126
125 128
125 129
125 130
125 133
125 134
125 135
125 137
125 138
125 139
125 141
125 142
125 143
125 145
125 148
125 151
125 152
125 153
125 155
125 157
125 158
125 159
125 160
125 161
126 127
126 133
126 134
126 136
126 138
126 140
126 147
126 148
126 152
126 154
126 157
126 158
126 160
126 161
127 131
127 133
127 134
127 135
127 138
127 141
127 151
127 154
127 159
127 160
128 129
128 131
128 134
128 135
128 141
128 142
128 145
128 147
128 148
128 150
128 151
128 152
128 153
128 157
128 158
128 159
129 130
129 131
129 132
129 133
129 134
129 135
129 136
129 137
129 138
129 139
129 141
129 142
129 145
129 146
129 147
129 149
129 150
129 151
129 152
129 153
129 155
129 156
129 157
129 160
130 131
130 134
130 137
130 138
130 140
130 141
130 143
130 146
130 147
130 151
130 152
130 153
130 154
131 132
131 133
131 134
131 135
131 136
131 137
131 139
131 141
131 142
131 145
131 146
131 147
131 151
131 152
131 154
131 157
131 158
131 160
132 135
132 139
132 141
132 145
132 147
132 152
132 157
133 134
133 136
133 137
133 138
133 139
133 141
133 142
133 145
133 146
133 147
133 149
133 150
133 151
133 152
133 153
133 154
133 155
133 156
133 157
133 158
133 159
133 160
134 138
134 139
134 140
134 141
134 142
134 147
134 151
134 152
134 154
134 156
134 157
134 158
134 159
134 160
134 161
135 141
135 142
135 146
135 147
135 152
135 153
135 154
135 158
135 159
135 160
136 137
136 143
136 145
136 150
136 153
136 157
137 138
137 139
137 141
137 142
137 145
137 149
137 150
137 152
137 153
137 155
137 158
137 160
137 161
138 139
138 140
138 141
138 142
138 144
138 145
138 147
138 148
138 152
138 153
138 154
138 158
138 160
138 161
139 141
139 142
139 144
139 145
139 146
139 147
139 148
139 150
139 151
139 152
139 153
139 154
139 155
139 159
139 160
139 161
140 142
140 143
140 146
140 147
140 151
140 152
140 153
140 157
140 160
141 145
141 147
141 148
141 152
141 154
141 157
141 158
141 160
142 145
142 146
142 147
142 148
142 149
142 151
142 152
142 153
142 154
142 157
142 158
142 159
142 160
143 144
143 147
143 150
143 153
143 156
143 158
143 160
144 147
144 151
144 152
144 153
145 146
145 147
145 149
145 151
145 152
145 157
145 158
145 160
146 147
146 148
146 149
146 150
146 151
146 152
146 153
146 154
146 157
146 158
147 149
147 152
147 153
147 155
147 156
147 157
147 161
148 151
148 153
148 155
148 158
149 152
149 160
150 151
150 152
150 154
150 158
150 159
150 160
150 161
151 152
151 154
151 155
151 158
151 160
151 161
152 153
152 154
152 155
152 156
152 157
152 158
152 159
152 160
152 161
153 154
153 155
153 161
154 155
154 157
154 158
154 160
154 161
155 159
155 161
156 157
156 161
157 158
157 159
157 160
157 161
158 159
158 160
158 161
159 160
160 161
