0 5
0 6
0 7
0 8
0 11
0 13
0 14
0 15
0 19
0 20
0 21
0 26
0 30
0 32
0 34
0 35
0 36
0 39
0 40
0 45
0 48
0 50
0 52
0 54
0 55
0 56
0 58
0 60
0 63
0 66
0 67
0 70
0 72
0 75
0 86
0 87
0 88
0 92
0 93
0 94
0 98
0 102
0 103
0 106
0 109
0 114
0 115
0 117
0 118
0 121
0 122
0 124
0 125
0 127
0 128
0 129
0 133
0 134
0 137
0 139
0 141
0 142
0 145
0 150
0 151
0 152
0 161
1 6
1 7
1 9
1 18
1 19
1 21
1 25
1 26
1 28
1 31
1 32
1 35
1 36
1 39
1 49
1 59
1 64
1 66
1 68
1 70
1 71
1 73
1 75
1 77
1 79
1 80
1 81
1 82
1 87
1 92
1 93
1 94
1 97
1 98
1 101
1 103
1 106
1 113
1 115
1 117
1 118
1 125
1 127
1 128
1 131
1 134
1 135
1 137
1 146
1 147
1 151
1 153
1 154
1 157
1 158
1 160
2 6
2 7
2 14
2 16
2 21
2 22
2 26
2 30
2 31
2 32
2 35
2 40
2 46
2 51
2 54
2 55
2 57
2 64
2 65
2 72
2 74
2 75
2 77
2 86
2 87
2 89
2 93
2 94
2 98
2 100
2 102
2 108
2 113
2 115
2 117
2 118
2 121
2 125
2 126
2 128
2 129
2 133
2 152
2 154
2 160
3 4
3 7
3 8
3 12
3 13
3 14
3 25
3 35
3 38
3 55
3 65
3 66
3 67
3 69
3 70
3 72
3 74
3 84
3 89
3 97
3 102
3 106
3 110
3 111
3 115
3 116
3 117
3 125
3 127
3 131
3 133
3 136
3 141
3 146
3 148
3 149
3 154
3 155
4 5
4 9
4 13
4 14
4 16
4 19
4 24
4 25
4 26
4 31
4 32
4 35
4 36
4 39
4 40
4 42
4 44
4 45
4 46
4 47
4 48
4 49
4 50
4 51
4 52
4 53
4 54
4 56
4 57
4 58
4 60
4 61
4 62
4 64
4 65
4 66
4 67
4 68
4 69
4 70
4 71
4 74
4 75
4 77
4 79
4 80
4 83
4 84
4 85
4 86
4 87
4 89
4 90
4 91
4 92
4 93
4 94
4 97
4 98
4 100
4 101
4 103
4 104
4 105
4 106
4 107
4 108
4 109
4 110
4 112
4 113
4 114
4 115
4 116
4 117
4 119
4 120
4 121
4 122
4 125
4 130
4 131
4 133
4 134
4 136
4 138
4 139
4 140
4 145
4 146
4 150
4 151
4 152
4 154
4 157
4 159
5 6
5 7
5 14
5 19
5 21
5 22
5 23
5 26
5 31
5 39
5 40
5 41
5 43
5 45
5 46
5 51
5 54
5 55
5 59
5 61
5 64
5 65
5 69
5 71
5 74
5 94
5 97
5 100
5 102
5 103
5 112
5 114
5 115
5 117
5 118
5 125
5 130
5 133
5 137
5 138
5 140
5 142
5 147
5 152
5 155
5 157
5 158
6 7
6 8
6 9
6 10
6 11
6 12
6 13
6 14
6 19
6 21
6 24
6 25
6 26
6 29
6 30
6 32
6 35
6 36
6 37
6 38
6 40
6 43
6 44
6 46
6 49
6 52
6 53
6 54
6 55
6 56
6 60
6 61
6 62
6 65
6 66
6 67
6 68
6 69
6 70
6 71
6 72
6 73
6 76
6 77
6 79
6 80
6 82
6 86
6 89
6 90
6 93
6 94
6 97
6 98
6 100
6 101
6 102
6 103
6 105
6 106
6 107
6 108
6 110
6 115
6 117
6 118
6 119
6 123
6 125
6 126
6 127
6 128
6 132
6 133
6 134
6 135
6 137
6 138
6 139
6 140
6 141
6 142
6 143
6 145
6 146
6 147
6 149
6 151
6 152
6 153
6 154
6 155
6 156
6 157
6 158
6 159
7 9
7 11
7 13
7 15
7 16
7 19
7 20
7 21
7 22
7 23
7 24
7 29
7 30
7 31
7 32
7 34
7 35
7 36
7 37
7 38
7 39
7 40
7 41
7 42
7 43
7 44
7 45
7 48
7 49
7 51
7 52
7 53
7 54
7 56
7 57
7 58
7 62
7 63
7 64
7 65
7 67
7 68
7 69
7 70
7 72
7 74
7 77
7 79
7 80
7 81
7 82
7 84
7 86
7 88
7 89
7 91
7 92
7 93
7 94
7 95
7 96
7 97
7 99
7 100
7 101
7 102
7 105
7 106
7 108
7 110
7 112
7 113
7 114
7 115
7 116
7 117
7 118
7 119
7 123
7 125
7 128
7 129
7 130
7 131
7 132
7 133
7 134
7 135
7 137
7 138
7 139
7 141
7 142
7 145
7 146
7 147
7 148
7 149
7 150
7 151
7 152
7 154
7 155
7 157
7 158
7 161
8 11
8 18
8 20
8 26
8 28
8 31
8 36
8 38
8 40
8 41
8 49
8 51
8 53
8 56
8 59
8 65
8 69
8 70
8 74
8 77
8 79
8 84
8 88
8 89
8 94
8 95
8 102
8 105
8 108
8 111
8 113
8 114
8 118
8 131
8 134
8 135
8 137
8 139
8 142
8 146
8 150
8 153
8 154
8 161
9 12
9 14
9 17
9 19
9 20
9 21
9 25
9 26
9 31
9 32
9 33
9 34
9 35
9 40
9 41
9 42
9 44
9 45
9 46
9 49
9 51
9 54
9 56
9 58
9 62
9 63
9 64
9 65
9 66
9 69
9 70
9 72
9 73
9 74
9 77
9 78
9 79
9 82
9 83
9 84
9 85
9 86
9 87
9 89
9 91
9 94
9 95
9 96
9 97
9 99
9 101
9 106
9 108
9 109
9 111
9 112
9 113
9 114
9 115
9 117
9 125
9 127
9 130
9 131
9 133
9 134
9 135
9 136
9 137
9 138
9 139
9 140
9 142
9 143
9 146
9 147
9 148
9 149
9 150
9 151
9 152
9 153
9 156
9 157
9 159
9 161
10 11
10 12
10 14
10 20
10 22
10 23
10 25
10 26
10 31
10 32
10 39
10 40
10 41
10 42
10 43
10 46
10 49
10 50
10 51
10 54
10 55
10 57
10 58
10 63
10 64
10 65
10 66
10 67
10 68
10 69
10 71
10 74
10 75
10 76
10 77
10 80
10 83
10 87
10 89
10 90
10 93
10 98
10 99
10 100
10 101
10 102
10 103
10 105
10 106
10 109
10 110
10 112
10 113
10 114
10 117
10 122
10 124
10 125
10 128
10 129
10 131
10 133
10 134
10 136
10 137
10 142
10 143
10 145
10 147
10 149
10 152
10 154
10 161
11 12
11 14
11 15
11 16
11 19
11 21
11 25
11 28
11 30
11 31
11 36
11 37
11 40
11 42
11 44
11 46
11 47
11 48
11 49
11 50
11 51
11 53
11 54
11 55
11 56
11 57
11 62
11 64
11 65
11 66
11 67
11 68
11 69
11 71
11 73
11 75
11 76
11 77
11 79
11 80
11 81
11 82
11 83
11 86
11 88
11 89
11 91
11 93
11 94
11 95
11 101
11 103
11 105
11 106
11 108
11 109
11 110
11 114
11 117
11 118
11 119
11 122
11 125
11 129
11 131
11 133
11 134
11 135
11 136
11 137
11 138
11 141
11 144
11 145
11 146
11 147
11 150
11 151
11 152
11 153
11 154
11 156
11 157
11 158
11 159
11 161
12 14
12 17
12 18
12 19
12 21
12 30
12 31
12 32
12 37
12 40
12 41
12 42
12 45
12 49
12 50
12 51
12 53
12 55
12 56
12 61
12 64
12 65
12 67
12 68
12 70
12 73
12 80
12 84
12 85
12 86
12 88
12 90
12 94
12 95
12 97
12 102
12 104
12 106
12 108
12 109
12 110
12 111
12 112
12 114
12 125
12 127
12 129
12 131
12 133
12 134
12 137
12 139
12 145
12 147
12 151
12 152
12 155
12 157
12 158
12 159
12 161
13 19
13 21
13 22
13 26
13 27
13 28
13 29
13 31
13 35
13 37
13 39
13 40
13 46
13 54
13 56
13 64
13 68
13 69
13 70
13 72
13 74
13 75
13 76
13 81
13 86
13 87
13 89
13 93
13 94
13 101
13 103
13 105
13 106
13 108
13 110
13 111
13 113
13 115
13 118
13 121
13 123
13 124
13 125
13 128
13 134
13 135
13 137
13 139
13 140
13 142
13 147
13 150
13 151
13 152
13 154
13 159
13 160
13 161
14 17
14 18
14 19
14 21
14 25
14 26
14 27
14 28
14 30
14 31
14 32
14 34
14 37
14 38
14 39
14 40
14 42
14 44
14 45
14 46
14 49
14 50
14 51
14 53
14 54
14 55
14 56
14 58
14 59
14 60
14 62
14 63
14 64
14 65
14 66
14 67
14 68
14 69
14 70
14 71
14 72
14 73
14 74
14 75
14 76
14 77
14 79
14 81
14 82
14 84
14 86
14 87
14 88
14 89
14 91
14 92
14 93
14 94
14 95
14 96
14 98
14 99
14 100
14 101
14 104
14 105
14 106
14 108
14 109
14 112
14 113
14 114
14 115
14 117
14 118
14 120
14 122
14 125
14 127
14 129
14 130
14 131
14 132
14 133
14 134
14 137
14 138
14 139
14 141
14 142
14 143
14 144
14 146
14 147
14 150
14 151
14 152
14 153
14 154
14 155
14 157
14 158
14 159
14 160
14 161
15 19
15 24
15 26
15 28
15 39
15 41
15 44
15 45
15 51
15 55
15 56
15 58
15 60
15 61
15 63
15 64
15 66
15 67
15 70
15 72
15 74
15 83
15 87
15 88
15 89
15 90
15 91
15 93
15 99
15 101
15 103
15 106
15 108
15 109
15 112
15 114
15 121
15 126
15 128
15 133
15 137
15 138
15 142
15 150
15 151
15 152
15 153
15 155
16 19
16 24
16 25
16 26
16 36
16 37
16 42
16 43
16 44
16 48
16 49
16 55
16 58
16 61
16 65
16 66
16 67
16 70
16 72
16 79
16 83
16 84
16 89
16 93
16 94
16 102
16 106
16 109
16 112
16 114
16 125
16 127
16 129
16 133
16 134
16 137
16 142
16 143
16 150
16 151
16 152
16 154
16 155
16 158
17 19
17 28
17 31
17 54
17 58
17 63
17 68
17 78
17 80
17 95
17 102
17 115
17 117
17 124
17 127
17 133
17 135
17 137
17 150
17 153
17 157
17 158
17 160
17 161
18 19
18 22
18 23
18 24
18 28
18 30
18 34
18 36
18 38
18 39
18 42
18 45
18 51
18 54
18 58
18 59
18 61
18 62
18 63
18 65
18 71
18 76
18 79
18 82
18 88
18 89
18 91
18 93
18 94
18 97
18 101
18 102
18 103
18 106
18 107
18 108
18 111
18 114
18 118
18 120
18 127
18 129
18 130
18 131
18 135
18 137
18 139
18 142
18 152
18 154
18 159
18 160
19 20
19 22
19 23
19 25
19 26
19 28
19 30
19 31
19 34
19 35
19 37
19 39
19 40
19 41
19 42
19 43
19 44
19 46
19 47
19 49
19 50
19 51
19 52
19 54
19 55
19 56
19 59
19 60
19 62
19 63
19 64
19 66
19 67
19 69
19 70
19 71
19 72
19 73
19 74
19 77
19 79
19 80
19 83
19 85
19 87
19 88
19 90
19 92
19 93
19 94
19 95
19 97
19 99
19 101
19 102
19 103
19 106
19 107
19 108
19 111
19 112
19 113
19 115
19 116
19 117
19 118
19 119
19 122
19 127
19 128
19 129
19 130
19 131
19 133
19 134
19 137
19 138
19 139
19 140
19 142
19 143
19 145
19 147
19 149
19 151
19 152
19 153
19 154
19 160
20 25
20 31
20 40
20 45
20 49
20 50
20 51
20 54
20 55
20 56
20 64
20 65
20 67
20 72
20 73
20 74
20 84
20 89
20 90
20 92
20 93
20 94
20 95
20 101
20 106
20 111
20 113
20 118
20 125
20 126
20 134
20 141
20 143
20 146
20 147
20 148
20 154
20 155
20 161
21 22
21 24
21 26
21 27
21 28
21 29
21 30
21 32
21 34
21 36
21 38
21 39
21 40
21 41
21 44
21 45
21 46
21 49
21 51
21 52
21 53
21 54
21 56
21 57
21 58
21 59
21 64
21 65
21 68
21 69
21 71
21 72
21 73
21 74
21 77
21 78
21 79
21 83
21 85
21 86
21 87
21 88
21 89
21 91
21 92
21 94
21 95
21 97
21 100
21 101
21 102
21 103
21 104
21 106
21 107
21 108
21 109
21 112
21 113
21 114
21 115
21 116
21 117
21 118
21 124
21 125
21 127
21 128
21 129
21 130
21 132
21 133
21 136
21 137
21 138
21 139
21 140
21 141
21 142
21 145
21 149
21 152
21 154
21 157
21 158
22 23
22 24
22 26
22 27
22 33
22 35
22 40
22 44
22 46
22 47
22 51
22 61
22 64
22 65
22 66
22 67
22 68
22 69
22 70
22 75
22 79
22 88
22 89
22 99
22 100
22 101
22 104
22 106
22 107
22 113
22 117
22 123
22 124
22 130
22 131
22 134
22 137
22 138
22 146
22 151
22 152
22 154
22 161
23 24
23 25
23 26
23 30
23 31
23 37
23 38
23 39
23 40
23 43
23 46
23 56
23 66
23 68
23 69
23 70
23 71
23 72
23 73
23 74
23 77
23 79
23 85
23 87
23 93
23 94
23 100
23 108
23 110
23 112
23 113
23 131
23 134
23 137
23 139
23 147
23 150
23 152
23 157
23 158
24 26
24 35
24 38
24 44
24 45
24 46
24 50
24 51
24 54
24 58
24 63
24 67
24 68
24 69
24 72
24 74
24 81
24 87
24 88
24 92
24 95
24 100
24 106
24 112
24 113
24 114
24 118
24 125
24 128
24 129
24 131
24 135
24 141
24 149
24 151
25 30
25 31
25 36
25 38
25 40
25 41
25 42
25 43
25 44
25 47
25 48
25 49
25 50
25 51
25 52
25 54
25 55
25 56
25 59
25 63
25 67
25 68
25 69
25 70
25 71
25 73
25 74
25 75
25 76
25 79
25 80
25 81
25 84
25 88
25 92
25 94
25 95
25 97
25 101
25 105
25 108
25 109
25 111
25 112
25 113
25 115
25 118
25 122
25 123
25 125
25 129
25 131
25 133
25 137
25 138
25 139
25 142
25 143
25 146
25 151
25 152
25 154
25 157
25 158
25 161
26 30
26 31
26 32
26 34
26 35
26 36
26 37
26 38
26 41
26 43
26 44
26 48
26 51
26 53
26 54
26 56
26 57
26 58
26 60
26 61
26 63
26 64
26 66
26 67
26 68
26 69
26 70
26 71
26 72
26 73
26 75
26 77
26 79
26 80
26 83
26 84
26 86
26 87
26 88
26 89
26 90
26 91
26 94
26 95
26 97
26 98
26 99
26 100
26 101
26 102
26 104
26 105
26 106
26 108
26 109
26 110
26 112
26 114
26 115
26 116
26 117
26 118
26 123
26 125
26 129
26 131
26 133
26 134
26 135
26 136
26 137
26 138
26 139
26 141
26 142
26 145
26 147
26 148
26 150
26 151
26 152
26 154
26 155
26 157
26 158
26 159
26 161
27 29
27 30
27 34
27 35
27 38
27 40
27 47
27 49
27 51
27 56
27 59
27 73
27 74
27 80
27 84
27 88
27 92
27 102
27 106
27 109
27 112
27 118
27 120
27 125
27 131
27 133
27 134
27 137
27 147
27 151
27 155
28 30
28 31
28 33
28 36
28 37
28 38
28 40
28 42
28 45
28 48
28 49
28 57
28 59
28 64
28 65
28 69
28 71
28 72
28 74
28 79
28 82
28 83
28 84
28 87
28 89
28 91
28 94
28 95
28 101
28 104
28 105
28 106
28 108
28 113
28 114
28 115
28 117
28 125
28 130
28 133
28 134
28 135
28 136
28 138
28 140
28 141
28 147
28 150
28 154
28 158
29 31
29 32
29 39
29 40
29 42
29 44
29 46
29 49
29 51
29 53
29 56
29 64
29 68
29 69
29 70
29 72
29 73
29 74
29 81
29 89
29 94
29 97
29 106
29 108
29 112
29 129
29 131
29 134
29 137
29 138
29 139
29 140
29 141
29 145
29 151
29 153
29 154
29 160
30 31
30 32
30 34
30 35
30 36
30 37
30 38
30 39
30 40
30 41
30 43
30 44
30 47
30 48
30 49
30 50
30 52
30 54
30 56
30 57
30 58
30 59
30 61
30 62
30 65
30 66
30 67
30 69
30 70
30 71
30 73
30 74
30 75
30 76
30 77
30 79
30 80
30 81
30 82
30 83
30 84
30 87
30 93
30 94
30 97
30 101
30 102
30 103
30 104
30 106
30 107
30 112
30 113
30 115
30 117
30 118
30 119
30 124
30 125
30 126
30 129
30 133
30 134
30 138
30 145
30 146
30 147
30 153
30 154
30 157
30 158
30 159
31 33
31 35
31 36
31 37
31 38
31 39
31 40
31 42
31 43
31 44
31 45
31 46
31 49
31 50
31 51
31 52
31 55
31 56
31 57
31 59
31 62
31 63
31 65
31 66
31 67
31 68
31 69
31 70
31 71
31 74
31 75
31 77
31 79
31 82
31 83
31 84
31 85
31 86
31 88
31 89
31 90
31 91
31 93
31 94
31 95
31 96
31 101
31 102
31 104
31 105
31 107
31 108
31 109
31 113
31 114
31 118
31 121
31 125
31 129
31 130
31 131
31 132
31 134
31 135
31 136
31 137
31 138
31 139
31 140
31 141
31 142
31 143
31 145
31 146
31 147
31 149
31 150
31 151
31 152
31 154
31 155
31 158
31 159
32 33
32 34
32 36
32 37
32 38
32 40
32 42
32 45
32 46
32 49
32 50
32 51
32 53
32 55
32 57
32 61
32 63
32 64
32 65
32 66
32 67
32 68
32 69
32 72
32 73
32 76
32 77
32 79
32 80
32 83
32 87
32 88
32 89
32 93
32 94
32 97
32 99
32 100
32 102
32 103
32 104
32 105
32 106
32 108
32 109
32 112
32 113
32 115
32 117
32 122
32 124
32 125
32 126
32 127
32 128
32 129
32 130
32 131
32 133
32 134
32 135
32 136
32 137
32 138
32 139
32 140
32 141
32 145
32 148
32 150
32 151
32 152
32 154
32 156
32 157
32 158
33 39
33 40
33 45
33 49
33 51
33 52
33 56
33 63
33 66
33 68
33 69
33 71
33 74
33 76
33 77
33 80
33 83
33 94
33 97
33 108
33 110
33 113
33 115
33 117
33 118
33 126
33 129
33 130
33 137
33 138
33 139
33 147
34 40
34 43
34 45
34 50
34 51
34 53
34 61
34 64
34 68
34 72
34 73
34 74
34 75
34 77
34 79
34 88
34 90
34 101
34 103
34 105
34 106
34 107
34 108
34 109
34 110
34 113
34 114
34 115
34 118
34 121
34 125
34 129
34 131
34 132
34 133
34 137
34 138
34 139
34 142
34 143
34 150
34 158
34 161
35 37
35 38
35 39
35 40
35 43
35 44
35 45
35 46
35 47
35 49
35 50
35 51
35 52
35 54
35 55
35 56
35 58
35 61
35 63
35 64
35 65
35 66
35 68
35 70
35 72
35 74
35 76
35 79
35 80
35 81
35 86
35 87
35 89
35 93
35 97
35 98
35 101
35 102
35 103
35 104
35 105
35 106
35 108
35 111
35 112
35 113
35 114
35 119
35 129
35 131
35 133
35 134
35 138
35 139
35 143
35 145
35 146
35 147
35 148
35 149
35 150
35 151
35 152
35 154
35 156
35 158
36 39
36 40
36 41
36 43
36 44
36 45
36 46
36 47
36 51
36 53
36 56
36 57
36 58
36 59
36 61
36 63
36 64
36 68
36 69
36 71
36 72
36 74
36 75
36 78
36 79
36 80
36 82
36 83
36 84
36 87
36 89
36 92
36 94
36 98
36 100
36 101
36 102
36 103
36 106
36 107
36 108
36 112
36 113
36 114
36 117
36 118
36 128
36 129
36 131
36 133
36 136
36 137
36 138
36 139
36 140
36 141
36 142
36 143
36 146
36 147
36 148
36 151
36 152
36 156
36 157
36 158
36 159
36 160
37 38
37 39
37 41
37 44
37 45
37 48
37 49
37 50
37 55
37 58
37 64
37 65
37 67
37 68
37 69
37 72
37 74
37 75
37 79
37 82
37 83
37 84
37 85
37 93
37 94
37 96
37 98
37 104
37 108
37 112
37 113
37 114
37 115
37 117
37 126
37 131
37 133
37 134
37 135
37 137
37 140
37 152
37 154
37 155
37 161
38 39
38 40
38 42
38 43
38 45
38 50
38 51
38 54
38 56
38 61
38 63
38 64
38 66
38 67
38 69
38 70
38 74
38 75
38 76
38 77
38 82
38 83
38 86
38 89
38 91
38 93
38 96
38 98
38 101
38 103
38 107
38 108
38 109
38 110
38 112
38 113
38 114
38 117
38 118
38 124
38 125
38 126
38 128
38 131
38 133
38 134
38 135
38 137
38 139
38 141
38 142
38 146
38 147
38 148
38 149
38 151
38 152
38 153
38 157
38 161
39 40
39 44
39 46
39 47
39 51
39 54
39 56
39 59
39 61
39 64
39 65
39 66
39 67
39 71
39 74
39 77
39 79
39 80
39 83
39 89
39 91
39 101
39 108
39 111
39 113
39 115
39 118
39 126
39 129
39 130
39 131
39 134
39 138
39 139
39 141
39 145
39 150
39 151
39 154
39 157
39 161
40 42
40 43
40 45
40 49
40 50
40 51
40 53
40 54
40 56
40 57
40 58
40 61
40 62
40 64
40 65
40 67
40 68
40 69
40 70
40 71
40 72
40 73
40 74
40 75
40 76
40 77
40 79
40 80
40 82
40 83
40 84
40 85
40 86
40 87
40 88
40 89
40 90
40 91
40 92
40 93
40 97
40 98
40 99
40 100
40 101
40 102
40 103
40 106
40 108
40 109
40 112
40 113
40 115
40 117
40 118
40 119
40 125
40 126
40 127
40 129
40 131
40 134
40 136
40 137
40 138
40 139
40 140
40 142
40 144
40 145
40 146
40 147
40 148
40 150
40 151
40 152
40 153
40 154
40 156
40 158
40 159
40 160
40 161
41 42
41 43
41 49
41 57
41 58
41 68
41 69
41 73
41 74
41 80
41 89
41 97
41 101
41 106
41 108
41 109
41 115
41 128
41 129
41 131
41 137
41 138
41 142
41 143
41 145
41 146
41 147
41 154
41 158
42 44
42 45
42 46
42 51
42 52
42 53
42 59
42 62
42 63
42 66
42 69
42 70
42 71
42 76
42 77
42 80
42 82
42 84
42 87
42 89
42 96
42 99
42 102
42 104
42 108
42 109
42 111
42 112
42 113
42 114
42 116
42 117
42 118
42 125
42 129
42 131
42 136
42 138
42 141
42 142
42 143
42 146
42 147
42 148
42 152
42 153
42 157
42 158
42 159
42 161
43 45
43 47
43 50
43 51
43 54
43 55
43 59
43 60
43 63
43 64
43 65
43 66
43 67
43 68
43 69
43 72
43 73
43 75
43 79
43 80
43 81
43 83
43 84
43 85
43 88
43 89
43 91
43 93
43 94
43 100
43 101
43 103
43 104
43 105
43 106
43 109
43 110
43 112
43 114
43 117
43 118
43 120
43 124
43 126
43 127
43 129
43 133
43 134
43 135
43 138
43 140
43 147
43 148
43 151
43 152
43 153
43 154
43 157
43 158
43 159
43 160
43 161
44 46
44 49
44 50
44 51
44 53
44 54
44 55
44 62
44 63
44 64
44 65
44 66
44 67
44 68
44 70
44 71
44 72
44 73
44 74
44 75
44 77
44 79
44 80
44 82
44 84
44 86
44 88
44 89
44 90
44 91
44 93
44 97
44 98
44 99
44 100
44 103
44 106
44 107
44 109
44 111
44 112
44 113
44 114
44 115
44 117
44 118
44 125
44 126
44 129
44 130
44 133
44 134
44 137
44 138
44 139
44 141
44 142
44 143
44 146
44 147
44 152
44 154
44 155
44 157
44 158
44 161
45 46
45 47
45 49
45 50
45 51
45 52
45 53
45 54
45 55
45 56
45 57
45 60
45 62
45 63
45 64
45 65
45 67
45 68
45 69
45 70
45 72
45 75
45 76
45 77
45 79
45 80
45 82
45 84
45 87
45 89
45 91
45 93
45 96
45 97
45 98
45 99
45 102
45 103
45 106
45 107
45 108
45 109
45 110
45 111
45 112
45 113
45 114
45 116
45 118
45 121
45 122
45 125
45 127
45 129
45 130
45 131
45 132
45 133
45 135
45 136
45 137
45 138
45 139
45 142
45 144
45 147
45 150
45 151
45 154
45 155
45 157
45 158
45 159
45 161
46 49
46 50
46 51
46 53
46 55
46 56
46 58
46 62
46 64
46 65
46 66
46 67
46 69
46 72
46 73
46 76
46 79
46 80
46 84
46 88
46 90
46 94
46 98
46 102
46 104
46 105
46 107
46 108
46 109
46 113
46 114
46 115
46 117
46 118
46 126
46 129
46 130
46 131
46 133
46 134
46 136
46 137
46 138
46 139
46 140
46 142
46 143
46 147
46 151
46 153
46 154
46 155
46 156
46 158
47 49
47 55
47 62
47 69
47 71
47 72
47 74
47 83
47 84
47 87
47 89
47 97
47 106
47 118
47 125
47 129
47 131
47 141
47 145
47 148
47 151
47 154
47 160
48 49
48 51
48 54
48 56
48 67
48 70
48 73
48 75
48 99
48 104
48 109
48 111
48 114
48 115
48 117
48 130
48 133
48 137
48 138
48 139
48 141
48 143
48 145
48 152
48 153
49 51
49 52
49 54
49 55
49 56
49 58
49 60
49 61
49 62
49 63
49 64
49 65
49 67
49 68
49 69
49 70
49 71
49 72
49 74
49 77
49 79
49 80
49 83
49 84
49 85
49 86
49 87
49 88
49 89
49 90
49 91
49 92
49 93
49 94
49 95
49 99
49 102
49 104
49 111
49 113
49 114
49 115
49 116
49 117
49 118
49 120
49 124
49 125
49 126
49 129
49 130
49 131
49 132
49 133
49 134
49 135
49 138
49 139
49 142
49 146
49 147
49 148
49 149
49 151
49 152
49 153
49 154
49 157
49 159
50 51
50 52
50 58
50 63
50 64
50 65
50 69
50 70
50 73
50 74
50 75
50 77
50 79
50 87
50 91
50 94
50 98
50 102
50 104
50 105
50 106
50 107
50 108
50 111
50 115
50 116
50 118
50 121
50 122
50 125
50 126
50 129
50 130
50 131
50 133
50 136
50 141
50 142
50 147
50 151
50 152
50 156
50 158
50 159
51 52
51 53
51 54
51 56
51 58
51 60
51 61
51 63
51 64
51 65
51 67
51 68
51 69
51 70
51 71
51 72
51 73
51 74
51 75
51 77
51 79
51 80
51 81
51 83
51 84
51 86
51 87
51 88
51 89
51 90
51 94
51 96
51 100
51 101
51 102
51 104
51 106
51 107
51 108
51 109
51 110
51 111
51 112
51 113
51 114
51 115
51 117
51 118
51 122
51 126
51 127
51 129
51 131
51 133
51 134
51 135
51 136
51 137
51 138
51 139
51 142
51 143
51 144
51 146
51 147
51 148
51 150
51 152
51 153
51 157
51 158
51 160
51 161
52 54
52 56
52 57
52 62
52 63
52 64
52 65
52 66
52 68
52 70
52 72
52 74
52 76
52 77
52 79
52 80
52 81
52 84
52 86
52 87
52 88
52 89
52 91
52 92
52 94
52 97
52 100
52 101
52 106
52 108
52 111
52 114
52 115
52 117
52 121
52 126
52 129
52 130
52 131
52 132
52 133
52 134
52 138
52 142
52 145
52 147
52 150
52 151
52 152
52 153
52 154
52 157
52 158
52 160
53 56
53 58
53 65
53 66
53 68
53 70
53 71
53 77
53 84
53 89
53 92
53 93
53 101
53 102
53 103
53 105
53 106
53 108
53 109
53 114
53 115
53 117
53 118
53 127
53 133
53 137
53 141
53 142
53 147
53 151
53 152
53 154
53 159
53 161
54 55
54 56
54 57
54 58
54 60
54 61
54 63
54 64
54 65
54 67
54 68
54 70
54 71
54 72
54 74
54 77
54 81
54 82
54 83
54 84
54 85
54 86
54 87
54 89
54 91
54 92
54 93
54 95
54 96
54 97
54 98
54 99
54 102
54 105
54 106
54 107
54 109
54 110
54 111
54 112
54 113
54 114
54 115
54 116
54 117
54 118
54 120
54 122
54 126
54 128
54 131
54 133
54 134
54 135
54 137
54 139
54 141
54 142
54 143
54 144
54 147
54 148
54 150
54 151
54 152
54 153
54 154
54 158
54 159
54 160
54 161
55 56
55 58
55 59
55 61
55 64
55 65
55 66
55 67
55 68
55 70
55 72
55 73
55 75
55 76
55 77
55 80
55 84
55 85
55 87
55 93
55 94
55 97
55 98
55 101
55 102
55 104
55 106
55 108
55 109
55 110
55 111
55 112
55 114
55 116
55 117
55 118
55 121
55 126
55 129
55 131
55 136
55 137
55 138
55 140
55 141
55 142
55 144
55 145
55 147
55 150
55 153
55 154
55 159
56 57
56 58
56 59
56 60
56 61
56 62
56 63
56 65
56 66
56 67
56 68
56 69
56 70
56 71
56 72
56 73
56 74
56 75
56 77
56 79
56 80
56 82
56 83
56 85
56 86
56 88
56 89
56 91
56 92
56 94
56 96
56 97
56 101
56 106
56 108
56 109
56 110
56 113
56 115
56 117
56 118
56 120
56 123
56 124
56 125
56 126
56 128
56 129
56 131
56 133
56 135
56 137
56 138
56 139
56 140
56 142
56 144
56 147
56 150
56 151
56 152
56 153
56 154
56 158
57 60
57 61
57 63
57 65
57 67
57 71
57 72
57 73
57 77
57 81
57 84
57 89
57 90
57 95
57 106
57 113
57 114
57 125
57 126
57 133
57 134
57 137
57 138
57 140
57 147
57 151
57 152
58 59
58 61
58 62
58 64
58 65
58 67
58 68
58 69
58 70
58 74
58 79
58 81
58 82
58 88
58 89
58 90
58 93
58 94
58 95
58 96
58 97
58 101
58 102
58 104
58 105
58 106
58 107
58 108
58 109
58 113
58 115
58 116
58 117
58 125
58 129
58 131
58 138
58 141
58 142
58 145
58 147
58 150
58 151
58 152
58 153
58 154
58 156
58 158
58 161
59 63
59 64
59 65
59 70
59 71
59 72
59 73
59 74
59 77
59 84
59 87
59 89
59 94
59 97
59 99
59 101
59 102
59 106
59 107
59 109
59 114
59 117
59 118
59 125
59 128
59 130
59 134
59 136
59 137
59 139
59 141
59 142
59 143
59 147
59 151
59 153
59 154
59 158
59 159
59 161
60 61
60 73
60 77
60 82
60 115
60 125
60 131
60 134
60 142
60 145
60 147
60 150
60 151
60 153
60 154
60 160
61 64
61 66
61 67
61 68
61 69
61 70
61 71
61 73
61 75
61 77
61 82
61 84
61 87
61 92
61 93
61 94
61 100
61 101
61 103
61 106
61 108
61 109
61 110
61 111
61 114
61 118
61 119
61 122
61 123
61 126
61 129
61 133
61 134
61 135
61 136
61 137
61 138
61 139
61 141
61 143
61 145
61 146
61 150
61 152
61 153
61 155
61 157
62 64
62 66
62 70
62 71
62 74
62 76
62 77
62 80
62 83
62 85
62 91
62 101
62 102
62 103
62 111
62 112
62 115
62 117
62 128
62 129
62 131
62 133
62 134
62 136
62 137
62 138
62 142
62 143
62 145
62 148
62 151
62 152
62 159
63 64
63 65
63 69
63 70
63 71
63 72
63 73
63 75
63 79
63 80
63 81
63 82
63 84
63 87
63 89
63 91
63 93
63 94
63 95
63 96
63 97
63 100
63 101
63 103
63 105
63 106
63 110
63 113
63 114
63 115
63 117
63 118
63 122
63 125
63 126
63 127
63 128
63 130
63 131
63 133
63 135
63 136
63 137
63 138
63 140
63 142
63 143
63 146
63 147
63 148
63 149
63 150
63 151
63 153
63 154
63 155
63 157
63 158
63 161
64 65
64 66
64 67
64 68
64 69
64 70
64 71
64 72
64 74
64 75
64 76
64 77
64 80
64 81
64 82
64 83
64 84
64 85
64 87
64 88
64 91
64 92
64 93
64 94
64 95
64 96
64 100
64 101
64 102
64 103
64 104
64 105
64 106
64 108
64 109
64 110
64 112
64 113
64 114
64 115
64 116
64 117
64 119
64 121
64 125
64 129
64 130
64 131
64 132
64 133
64 134
64 137
64 138
64 139
64 140
64 141
64 142
64 143
64 144
64 146
64 147
64 148
64 149
64 150
64 151
64 152
64 153
64 158
64 159
64 160
64 161
65 67
65 68
65 69
65 70
65 72
65 73
65 75
65 76
65 79
65 80
65 81
65 82
65 84
65 88
65 89
65 90
65 91
65 93
65 94
65 95
65 96
65 97
65 98
65 99
65 100
65 101
65 106
65 107
65 108
65 109
65 111
65 112
65 113
65 114
65 116
65 117
65 118
65 120
65 121
65 125
65 128
65 129
65 131
65 133
65 134
65 136
65 137
65 138
65 139
65 140
65 141
65 142
65 143
65 146
65 147
65 149
65 150
65 151
65 152
65 153
65 154
65 157
65 160
65 161
66 67
66 70
66 71
66 73
66 75
66 78
66 79
66 80
66 84
66 85
66 89
66 91
66 97
66 100
66 101
66 102
66 103
66 105
66 106
66 108
66 112
66 113
66 114
66 116
66 117
66 123
66 128
66 129
66 130
66 131
66 133
66 134
66 135
66 137
66 138
66 139
66 142
66 146
66 147
66 148
66 150
66 152
66 153
66 156
66 157
66 159
66 160
66 161
67 70
67 71
67 72
67 74
67 75
67 76
67 77
67 79
67 81
67 83
67 84
67 85
67 86
67 87
67 88
67 91
67 93
67 94
67 95
67 99
67 101
67 102
67 104
67 105
67 106
67 107
67 108
67 109
67 110
67 112
67 116
67 117
67 118
67 120
67 122
67 124
67 125
67 126
67 128
67 129
67 130
67 131
67 132
67 133
67 135
67 137
67 138
67 139
67 140
67 144
67 145
67 147
67 149
67 151
67 153
67 154
67 155
67 157
67 159
68 69
68 70
68 71
68 72
68 73
68 74
68 77
68 78
68 79
68 81
68 82
68 83
68 84
68 85
68 86
68 87
68 88
68 89
68 91
68 92
68 93
68 94
68 96
68 97
68 98
68 100
68 101
68 102
68 103
68 104
68 105
68 106
68 107
68 108
68 109
68 113
68 115
68 116
68 117
68 118
68 119
68 125
68 126
68 127
68 128
68 129
68 130
68 131
68 132
68 137
68 138
68 139
68 140
68 142
68 145
68 146
68 147
68 149
68 151
68 152
68 153
68 154
68 157
68 158
68 159
68 160
68 161
69 70
69 71
69 72
69 73
69 74
69 76
69 77
69 79
69 80
69 82
69 83
69 84
69 86
69 88
69 89
69 90
69 91
69 92
69 93
69 97
69 100
69 101
69 102
69 103
69 104
69 105
69 106
69 109
69 110
69 111
69 112
69 113
69 116
69 117
69 118
69 122
69 123
69 124
69 129
69 133
69 135
69 136
69 137
69 138
69 139
69 141
69 149
69 150
69 151
69 152
69 154
69 157
69 161
70 71
70 74
70 75
70 76
70 77
70 78
70 79
70 81
70 84
70 86
70 87
70 88
70 89
70 92
70 93
70 94
70 95
70 96
70 97
70 98
70 101
70 102
70 103
70 105
70 106
70 108
70 110
70 112
70 113
70 114
70 115
70 116
70 117
70 118
70 122
70 123
70 126
70 127
70 129
70 130
70 131
70 133
70 134
70 136
70 137
70 138
70 139
70 140
70 141
70 142
70 144
70 145
70 146
70 147
70 149
70 151
70 152
70 153
70 154
70 155
70 157
70 158
70 159
70 161
71 72
71 73
71 74
71 75
71 77
71 79
71 80
71 82
71 85
71 88
71 89
71 90
71 91
71 92
71 93
71 94
71 99
71 100
71 101
71 107
71 108
71 109
71 110
71 111
71 112
71 113
71 114
71 115
71 117
71 118
71 122
71 129
71 130
71 131
71 132
71 133
71 135
71 137
71 138
71 141
71 142
71 147
71 149
71 151
71 152
71 153
71 157
71 158
71 160
71 161
72 74
72 75
72 76
72 77
72 78
72 79
72 82
72 84
72 86
72 88
72 89
72 90
72 92
72 93
72 94
72 95
72 97
72 99
72 100
72 101
72 103
72 104
72 105
72 106
72 107
72 108
72 109
72 110
72 111
72 112
72 113
72 115
72 116
72 117
72 118
72 119
72 120
72 121
72 122
72 125
72 126
72 127
72 128
72 129
72 130
72 131
72 132
72 133
72 134
72 136
72 137
72 138
72 139
72 140
72 143
72 145
72 146
72 149
72 150
72 151
72 152
72 153
72 154
72 156
72 160
73 74
73 75
73 77
73 79
73 80
73 89
73 90
73 92
73 95
73 96
73 97
73 98
73 100
73 101
73 109
73 110
73 113
73 114
73 116
73 117
73 118
73 119
73 122
73 125
73 126
73 130
73 131
73 133
73 134
73 135
73 137
73 138
73 139
73 140
73 142
73 143
73 145
73 146
73 148
73 149
73 150
73 151
73 153
73 155
73 158
73 159
73 160
74 75
74 77
74 78
74 79
74 81
74 82
74 83
74 84
74 86
74 88
74 89
74 91
74 93
74 95
74 97
74 100
74 101
74 103
74 106
74 108
74 109
74 110
74 111
74 112
74 113
74 114
74 115
74 117
74 118
74 125
74 126
74 127
74 129
74 130
74 131
74 132
74 133
74 134
74 137
74 138
74 139
74 140
74 141
74 142
74 143
74 144
74 145
74 147
74 150
74 152
74 153
74 154
74 155
74 157
74 158
75 77
75 79
75 82
75 87
75 89
75 94
75 97
75 99
75 102
75 103
75 106
75 109
75 110
75 111
75 112
75 114
75 115
75 116
75 118
75 119
75 120
75 124
75 126
75 129
75 134
75 135
75 137
75 138
75 139
75 141
75 142
75 143
75 145
75 146
75 147
75 149
75 150
75 152
75 158
75 161
76 79
76 86
76 90
76 92
76 94
76 100
76 101
76 102
76 103
76 106
76 111
76 114
76 115
76 117
76 119
76 125
76 126
76 131
76 133
76 136
76 140
76 142
76 144
76 145
76 149
76 152
76 156
76 158
76 160
76 161
77 79
77 81
77 84
77 88
77 89
77 90
77 92
77 93
77 94
77 95
77 96
77 98
77 99
77 100
77 102
77 103
77 104
77 106
77 107
77 110
77 111
77 112
77 113
77 114
77 115
77 117
77 118
77 120
77 122
77 125
77 127
77 129
77 130
77 131
77 132
77 133
77 139
77 140
77 141
77 142
77 146
77 147
77 149
77 150
77 151
77 152
77 153
77 154
77 155
77 157
77 158
77 161
78 88
78 89
78 91
78 92
78 99
78 100
78 104
78 105
78 108
78 125
78 137
79 80
79 81
79 82
79 84
79 85
79 87
79 88
79 89
79 91
79 92
79 93
79 94
79 95
79 96
79 97
79 98
79 99
79 101
79 103
79 104
79 106
79 107
79 108
79 109
79 110
79 111
79 113
79 114
79 115
79 117
79 119
79 123
79 124
79 125
79 126
79 127
79 129
79 130
79 131
79 133
79 134
79 136
79 138
79 140
79 145
79 146
79 147
79 148
79 149
79 151
79 152
79 153
79 154
79 155
79 158
79 161
80 88
80 89
80 90
80 91
80 92
80 93
80 97
80 100
80 103
80 107
80 108
80 109
80 112
80 115
80 116
80 118
80 126
80 129
80 131
80 134
80 135
80 141
80 145
80 146
80 147
80 149
80 150
80 151
80 152
80 155
80 157
81 83
81 113
81 125
81 126
81 129
81 136
81 140
81 141
81 142
81 144
81 146
81 147
81 150
81 152
81 158
82 86
82 88
82 91
82 97
82 101
82 103
82 106
82 107
82 112
82 115
82 118
82 122
82 126
82 130
82 131
82 133
82 134
82 141
82 142
82 146
82 147
82 151
82 154
82 157
82 158
82 159
83 84
83 89
83 98
83 101
83 102
83 109
83 112
83 113
83 114
83 115
83 125
83 126
83 127
83 128
83 131
83 134
83 138
83 142
83 143
83 146
83 151
83 152
83 153
83 154
83 160
84 86
84 87
84 88
84 92
84 93
84 94
84 98
84 99
84 101
84 102
84 103
84 104
84 105
84 106
84 107
84 110
84 112
84 113
84 115
84 116
84 117
84 121
84 126
84 128
84 129
84 131
84 135
84 136
84 137
84 140
84 141
84 143
84 145
84 146
84 147
84 149
84 151
84 152
84 153
84 154
84 157
84 158
84 160
84 161
85 97
85 98
85 101
85 102
85 104
85 105
85 106
85 108
85 109
85 111
85 114
85 118
85 125
85 126
85 129
85 137
85 142
85 148
85 150
85 151
85 152
85 155
85 156
85 158
85 161
86 91
86 99
86 105
86 106
86 110
86 112
86 114
86 117
86 118
86 129
86 130
86 133
86 138
86 141
86 142
86 145
86 147
86 148
86 150
86 152
86 156
86 157
86 159
86 161
87 88
87 89
87 94
87 96
87 97
87 98
87 99
87 101
87 102
87 106
87 107
87 109
87 114
87 115
87 117
87 118
87 125
87 131
87 137
87 138
87 139
87 140
87 142
87 147
87 150
87 152
87 154
87 158
88 89
88 91
88 94
88 97
88 101
88 106
88 111
88 114
88 115
88 116
88 118
88 120
88 122
88 129
88 131
88 133
88 134
88 135
88 137
88 138
88 139
88 141
88 142
88 143
88 145
88 146
88 148
88 149
88 150
88 151
88 152
88 154
88 158
88 159
88 161
89 91
89 92
89 94
89 98
89 99
89 100
89 101
89 102
89 104
89 105
89 106
89 108
89 110
89 112
89 113
89 114
89 115
89 116
89 117
89 118
89 125
89 127
89 128
89 130
89 131
89 132
89 133
89 134
89 135
89 137
89 138
89 140
89 141
89 142
89 145
89 146
89 147
89 148
89 150
89 151
89 152
89 153
89 154
89 155
89 157
89 158
90 94
90 101
90 102
90 105
90 106
90 107
90 108
90 109
90 112
90 130
90 133
90 137
90 139
90 142
90 145
90 158
91 94
91 95
91 102
91 103
91 105
91 108
91 114
91 118
91 119
91 122
91 126
91 128
91 134
91 136
91 137
91 138
91 141
91 142
91 145
91 147
91 148
91 150
91 151
91 153
91 154
92 93
92 94
92 95
92 99
92 101
92 102
92 103
92 105
92 106
92 107
92 109
92 111
92 114
92 117
92 122
92 125
92 129
92 130
92 133
92 134
92 135
92 137
92 138
92 139
92 142
92 147
92 149
92 150
92 151
92 152
92 153
92 156
92 157
93 99
93 105
93 106
93 108
93 112
93 115
93 125
93 126
93 127
93 129
93 130
93 131
93 138
93 139
93 140
93 141
93 142
93 145
93 146
93 147
93 149
93 151
93 152
93 154
93 157
93 160
94 97
94 98
94 99
94 101
94 102
94 103
94 104
94 105
94 106
94 107
94 108
94 109
94 112
94 114
94 115
94 117
94 118
94 122
94 123
94 125
94 126
94 129
94 131
94 133
94 136
94 137
94 139
94 141
94 147
94 148
94 149
94 150
94 151
94 153
94 156
94 157
94 159
94 160
94 161
95 102
95 103
95 108
95 113
95 114
95 115
95 117
95 125
95 128
95 129
95 131
95 134
95 139
95 140
95 145
95 147
95 157
96 98
96 101
96 102
96 104
96 105
96 106
96 109
96 110
96 114
96 115
96 117
96 126
96 128
96 129
96 134
96 135
96 138
96 146
96 147
96 150
96 151
96 153
96 154
97 100
97 101
97 102
97 103
97 106
97 108
97 109
97 111
97 112
97 113
97 115
97 116
97 118
97 119
97 122
97 123
97 124
97 125
97 126
97 128
97 129
97 130
97 131
97 132
97 133
97 134
97 136
97 137
97 138
97 139
97 140
97 142
97 146
97 147
97 149
97 150
97 151
97 152
97 153
97 154
97 156
97 157
97 158
97 159
97 160
97 161
98 101
98 105
98 110
98 114
98 116
98 117
98 118
98 119
98 125
98 127
98 128
98 130
98 131
98 133
98 134
98 135
98 136
98 141
98 142
98 143
98 147
98 148
98 151
98 152
98 154
98 155
98 156
98 157
98 158
98 159
98 160
98 161
99 105
99 111
99 112
99 113
99 114
99 125
99 127
99 128
99 129
99 130
99 131
99 137
99 139
99 144
99 145
99 146
99 151
99 154
99 158
100 105
100 106
100 111
100 113
100 114
100 115
100 117
100 118
100 121
100 125
100 132
100 143
100 147
100 151
100 152
100 153
100 154
100 157
100 160
100 161
101 102
101 104
101 105
101 107
101 108
101 109
101 111
101 112
101 113
101 114
101 115
101 117
101 118
101 119
101 123
101 126
101 128
101 129
101 131
101 135
101 136
101 137
101 138
101 139
101 140
101 141
101 142
101 145
101 146
101 147
101 148
101 150
101 151
101 152
101 154
101 155
101 157
101 158
101 159
101 160
101 161
102 105
102 106
102 107
102 110
102 111
102 112
102 113
102 114
102 115
102 116
102 117
102 122
102 123
102 126
102 127
102 128
102 129
102 130
102 131
102 133
102 134
102 136
102 137
102 138
102 140
102 141
102 142
102 145
102 147
102 154
102 155
102 157
102 158
102 160
103 104
103 106
103 112
103 115
103 117
103 118
103 126
103 127
103 128
103 129
103 130
103 131
103 133
103 138
103 140
103 145
103 146
103 148
103 151
103 153
103 154
103 159
103 161
104 106
104 107
104 109
104 111
104 112
104 113
104 117
104 118
104 119
104 125
104 129
104 131
104 134
104 135
104 137
104 139
104 141
104 150
104 151
104 158
105 111
105 114
105 115
105 118
105 124
105 125
105 130
105 131
105 133
105 139
105 140
105 141
105 143
105 145
105 146
105 147
105 151
105 152
105 153
105 154
105 157
105 158
105 159
106 107
106 108
106 109
106 112
106 114
106 115
106 116
106 117
106 118
106 124
106 125
106 128
106 130
106 131
106 133
106 134
106 135
106 136
106 137
106 138
106 139
106 141
106 142
106 143
106 145
106 146
106 147
106 148
106 150
106 151
106 152
106 153
106 154
106 155
106 157
106 158
106 159
106 160
106 161
107 112
107 113
107 114
107 119
107 123
107 124
107 125
107 126
107 129
107 131
107 134
107 136
107 137
107 138
107 139
107 141
107 142
107 143
107 146
107 147
107 151
107 153
107 154
107 155
107 157
107 158
107 161
108 109
108 111
108 112
108 113
108 114
108 115
108 119
108 120
108 125
108 129
108 130
108 131
108 133
108 134
108 135
108 136
108 137
108 138
108 139
108 141
108 142
108 144
108 145
108 147
108 151
108 152
108 153
108 154
108 157
108 158
109 110
109 112
109 114
109 115
109 116
109 117
109 119
109 124
109 125
109 126
109 128
109 130
109 131
109 133
109 136
109 137
109 138
109 139
109 141
109 142
109 147
109 148
109 149
109 152
109 153
109 154
109 157
109 158
109 160
110 111
110 112
110 113
110 115
110 117
110 118
110 124
110 125
110 131
110 133
110 134
110 138
110 141
110 142
110 151
110 152
110 153
110 155
110 157
110 158
110 161
111 113
111 125
111 126
111 129
111 131
111 133
111 136
111 137
111 138
111 142
111 145
111 147
111 148
111 151
111 152
111 154
111 156
111 158
111 161
112 113
112 114
112 115
112 117
112 120
112 122
112 125
112 128
112 130
112 131
112 133
112 134
112 135
112 136
112 137
112 139
112 141
112 142
112 143
112 145
112 147
112 151
112 153
112 154
112 156
112 157
112 161
113 115
113 117
113 118
113 121
113 123
113 125
113 126
113 129
113 130
113 131
113 133
113 134
113 135
113 137
113 138
113 141
113 142
113 145
113 147
113 150
113 153
113 154
113 157
113 158
113 160
114 116
114 118
114 129
114 130
114 131
114 133
114 134
114 136
114 137
114 139
114 141
114 142
114 146
114 147
114 148
114 149
114 150
114 151
114 152
114 153
114 154
114 155
114 157
114 158
114 159
114 160
115 116
115 117
115 118
115 120
115 121
115 125
115 128
115 129
115 130
115 131
115 134
115 135
115 137
115 138
115 139
115 140
115 143
115 145
115 146
115 147
115 149
115 150
115 151
115 152
115 156
115 158
115 160
115 161
116 117
116 131
116 133
116 134
116 137
116 139
116 141
116 142
116 143
116 145
116 147
116 151
116 152
116 153
116 157
116 160
117 119
117 121
117 122
117 124
117 125
117 126
117 127
117 128
117 129
117 131
117 133
117 134
117 137
117 138
117 139
117 141
117 142
117 143
117 144
117 145
117 146
117 147
117 148
117 149
117 151
117 152
117 153
117 154
117 155
117 157
117 158
117 159
117 161
118 119
118 121
118 122
118 125
118 130
118 133
118 134
118 135
118 136
118 137
118 138
118 139
118 142
118 143
118 145
118 146
118 147
118 148
118 149
118 150
118 151
118 153
118 154
118 156
118 157
118 160
118 161
119 128
119 133
119 135
119 137
119 138
119 148
119 150
119 152
119 154
119 155
119 158
119 160
120 133
120 138
120 142
120 147
120 158
121 125
121 129
121 130
121 132
121 137
121 142
121 150
121 152
121 153
121 156
122 129
122 134
122 137
122 145
122 152
123 126
123 127
123 134
123 137
123 150
123 153
124 129
124 131
124 133
124 134
124 137
124 139
124 145
124 146
124 147
124 154
124 157
124 158
124 159
125 126
125 128
125 129
125 130
125 131
125 132
125 133
125 135
125 137
125 138
125 139
125 142
125 145
125 147
125 149
125 150
125 151
125 152
125 153
125 157
125 159
125 160
126 127
126 128
126 131
126 134
126 137
126 138
126 140
126 142
126 143
126 145
126 147
126 148
126 149
126 150
126 151
126 152
126 153
126 157
126 159
126 161
127 130
127 131
127 133
127 134
127 137
127 142
127 144
127 147
127 148
127 151
127 153
127 154
127 158
127 159
128 129
128 131
128 133
128 134
128 135
128 136
128 137
128 138
128 142
128 145
128 146
128 147
128 148
128 151
128 152
129 130
129 131
129 133
129 134
129 135
129 137
129 138
129 139
129 141
129 142
129 144
129 145
129 146
129 147
129 149
129 151
129 152
129 156
129 157
129 158
129 160
129 161
130 131
130 132
130 134
130 135
130 136
130 137
130 138
130 141
130 142
130 144
130 147
130 150
130 151
130 154
130 155
130 157
130 158
130 160
130 161
131 132
131 134
131 137
131 138
131 139
131 141
131 142
131 145
131 147
131 148
131 149
131 150
131 151
131 153
131 154
131 157
131 161
132 154
132 157
132 160
133 135
133 136
133 137
133 138
133 139
133 140
133 142
133 143
133 145
133 147
133 149
133 150
133 151
133 152
133 154
133 155
133 156
133 157
133 158
133 160
133 161
134 138
134 142
134 145
134 146
134 147
134 148
134 149
134 150
134 151
134 152
134 153
134 154
134 157
134 158
134 159
134 161
135 137
135 139
135 140
135 141
135 143
135 145
135 147
135 154
135 160
136 137
136 138
136 139
136 142
136 146
136 147
136 149
136 152
136 153
136 154
136 157
137 138
137 141
137 142
137 145
137 146
137 147
137 148
137 149
137 151
137 152
137 153
137 154
137 155
137 157
137 159
137 160
137 161
138 141
138 143
138 145
138 146
138 147
138 150
138 151
138 152
138 153
138 155
138 157
138 158
138 160
138 161
139 140
139 141
139 142
139 145
139 146
139 147
139 150
139 152
139 154
139 158
139 161
140 142
140 146
140 151
140 154
141 142
141 143
141 154
141 157
141 159
142 145
142 147
142 148
142 150
142 151
142 152
142 153
142 156
142 157
142 158
142 159
142 161
143 147
143 151
143 153
143 154
143 161
144 145
144 158
145 146
145 147
145 148
145 152
145 158
145 159
145 160
146 147
146 148
146 152
146 153
146 154
146 157
146 158
146 160
146 161
147 148
147 149
147 150
147 151
147 152
147 153
147 154
147 157
147 158
147 161
148 151
148 154
148 157
149 151
149 152
149 153
149 154
149 157
149 160
149 161
150 151
150 152
150 153
150 154
150 155
150 158
150 159
150 160
150 161
151 152
151 154
151 157
151 158
151 160
151 161
152 153
152 154
152 157
152 158
152 159
152 161
153 154
153 157
153 158
153 160
154 155
154 157
154 158
154 160
154 161
156 161
157 160
157 161
158 160
159 160
160 161
