0 2
0 3
0 5
0 6
0 7
0 9
0 11
0 12
0 14
0 19
0 21
0 22
0 26
0 30
0 31
0 33
0 37
0 38
0 41
0 42
0 44
0 45
0 46
0 50
0 51
0 55
0 56
0 59
0 61
0 67
0 68
0 70
0 72
0 74
0 76
0 77
0 79
0 80
0 85
0 89
0 94
0 96
0 97
0 98
0 99
0 100
0 101
0 103
0 104
0 105
0 108
0 109
0 114
0 116
0 125
0 126
0 127
0 133
0 135
0 137
0 139
0 145
0 152
1 4
1 6
1 7
1 11
1 12
1 13
1 14
1 21
1 23
1 24
1 25
1 26
1 35
1 37
1 40
1 41
1 51
1 53
1 59
1 61
1 63
1 65
1 66
1 67
1 68
1 69
1 71
1 72
1 74
1 79
1 81
1 84
1 85
1 86
1 87
1 90
1 98
1 101
1 102
1 103
1 106
1 108
1 109
1 112
1 113
1 114
1 115
1 125
1 126
1 127
1 128
1 129
1 133
1 134
1 135
1 137
1 138
1 141
1 142
1 146
1 147
1 150
1 151
1 156
1 159
1 161
2 5
2 10
2 11
2 13
2 26
2 30
2 31
2 34
2 36
2 37
2 43
2 44
2 46
2 49
2 56
2 58
2 59
2 64
2 67
2 68
2 69
2 71
2 79
2 82
2 84
2 93
2 97
2 103
2 105
2 106
2 108
2 109
2 112
2 113
2 118
2 121
2 125
2 126
2 129
2 130
2 133
2 135
2 147
2 152
2 155
2 158
2 159
2 161
3 4
3 10
3 12
3 20
3 22
3 27
3 30
3 31
3 32
3 38
3 40
3 43
3 44
3 58
3 61
3 65
3 70
3 74
3 75
3 76
3 86
3 88
3 89
3 92
3 99
3 101
3 107
3 109
3 114
3 115
3 116
3 129
3 133
3 134
3 135
3 136
3 137
3 139
3 141
3 142
3 152
3 153
3 161
4 5
4 6
4 9
4 10
4 11
4 13
4 14
4 16
4 18
4 20
4 21
4 22
4 23
4 25
4 26
4 28
4 30
4 31
4 32
4 33
4 34
4 35
4 36
4 38
4 40
4 43
4 45
4 46
4 49
4 50
4 51
4 53
4 54
4 55
4 56
4 57
4 58
4 61
4 63
4 64
4 65
4 66
4 69
4 70
4 71
4 72
4 73
4 74
4 75
4 76
4 79
4 83
4 84
4 86
4 87
4 88
4 89
4 90
4 92
4 93
4 94
4 95
4 96
4 97
4 101
4 102
4 103
4 105
4 106
4 108
4 110
4 111
4 112
4 113
4 115
4 116
4 117
4 118
4 123
4 125
4 126
4 127
4 128
4 129
4 130
4 135
4 136
4 137
4 139
4 140
4 141
4 142
4 145
4 146
4 147
4 151
4 152
4 153
4 154
4 156
4 157
4 158
4 159
4 160
4 161
5 6
5 11
5 17
5 19
5 21
5 28
5 30
5 31
5 32
5 40
5 44
5 47
5 49
5 54
5 62
5 67
5 70
5 71
5 74
5 75
5 78
5 82
5 83
5 84
5 86
5 88
5 93
5 105
5 107
5 113
5 115
5 116
5 125
5 129
5 130
5 131
5 137
5 138
5 139
5 149
5 154
5 157
6 7
6 9
6 10
6 11
6 14
6 16
6 19
6 20
6 21
6 22
6 23
6 25
6 28
6 29
6 30
6 32
6 35
6 37
6 38
6 39
6 44
6 45
6 46
6 47
6 48
6 49
6 50
6 51
6 52
6 54
6 55
6 57
6 58
6 60
6 61
6 62
6 63
6 64
6 65
6 66
6 67
6 68
6 69
6 70
6 71
6 72
6 74
6 84
6 85
6 87
6 89
6 90
6 91
6 92
6 93
6 95
6 96
6 97
6 99
6 100
6 101
6 102
6 105
6 107
6 108
6 109
6 110
6 112
6 113
6 114
6 116
6 117
6 118
6 119
6 124
6 125
6 126
6 127
6 128
6 129
6 131
6 132
6 133
6 134
6 136
6 137
6 138
6 139
6 140
6 141
6 142
6 143
6 145
6 147
6 150
6 151
6 152
6 153
6 154
6 157
6 158
6 159
6 161
7 9
7 12
7 13
7 14
7 19
7 22
7 24
7 25
7 26
7 27
7 28
7 29
7 30
7 31
7 32
7 33
7 34
7 35
7 38
7 39
7 40
7 41
7 42
7 43
7 44
7 45
7 46
7 49
7 50
7 51
7 52
7 54
7 55
7 58
7 59
7 60
7 61
7 62
7 63
7 64
7 65
7 68
7 69
7 70
7 71
7 72
7 73
7 74
7 76
7 77
7 80
7 81
7 82
7 83
7 85
7 86
7 87
7 89
7 90
7 91
7 92
7 93
7 97
7 98
7 99
7 100
7 101
7 102
7 106
7 108
7 109
7 110
7 111
7 113
7 114
7 115
7 117
7 118
7 122
7 125
7 129
7 130
7 131
7 132
7 133
7 134
7 135
7 137
7 138
7 140
7 141
7 142
7 143
7 146
7 147
7 148
7 149
7 150
7 151
7 153
7 154
7 155
7 157
7 158
7 160
8 14
8 19
8 20
8 24
8 26
8 27
8 28
8 31
8 32
8 35
8 36
8 39
8 45
8 48
8 50
8 51
8 54
8 65
8 67
8 69
8 72
8 75
8 77
8 78
8 89
8 96
8 100
8 113
8 114
8 123
8 125
8 126
8 134
8 135
8 137
8 142
8 147
8 148
8 151
8 155
8 156
8 158
9 11
9 12
9 19
9 21
9 22
9 24
9 26
9 27
9 28
9 31
9 37
9 40
9 42
9 44
9 45
9 49
9 50
9 51
9 52
9 53
9 54
9 56
9 59
9 62
9 63
9 64
9 66
9 67
9 70
9 71
9 74
9 76
9 77
9 79
9 81
9 84
9 87
9 91
9 95
9 97
9 98
9 99
9 100
9 101
9 102
9 103
9 104
9 105
9 106
9 107
9 108
9 109
9 110
9 113
9 114
9 115
9 117
9 121
9 124
9 125
9 129
9 131
9 132
9 134
9 135
9 136
9 138
9 139
9 141
9 142
9 144
9 146
9 147
9 148
9 151
9 152
9 154
9 157
9 160
9 161
10 13
10 27
10 30
10 31
10 40
10 42
10 46
10 49
10 50
10 51
10 56
10 58
10 61
10 62
10 63
10 66
10 67
10 68
10 69
10 72
10 73
10 74
10 75
10 80
10 84
10 86
10 92
10 93
10 94
10 97
10 99
10 103
10 105
10 106
10 108
10 110
10 112
10 114
10 116
10 117
10 118
10 129
10 133
10 134
10 137
10 141
10 143
10 146
10 152
10 154
10 157
10 159
10 161
11 13
11 14
11 19
11 21
11 22
11 23
11 26
11 30
11 31
11 35
11 36
11 37
11 38
11 40
11 42
11 44
11 46
11 49
11 51
11 55
11 56
11 57
11 61
11 62
11 63
11 64
11 65
11 66
11 67
11 70
11 71
11 72
11 73
11 77
11 80
11 81
11 84
11 86
11 87
11 88
11 89
11 93
11 95
11 96
11 98
11 99
11 103
11 104
11 105
11 106
11 108
11 111
11 112
11 114
11 115
11 117
11 118
11 125
11 128
11 129
11 133
11 134
11 137
11 138
11 139
11 140
11 142
11 143
11 145
11 146
11 148
11 149
11 151
11 153
11 154
11 157
11 158
11 160
12 16
12 18
12 19
12 25
12 38
12 40
12 44
12 46
12 51
12 52
12 55
12 56
12 57
12 61
12 63
12 64
12 65
12 67
12 68
12 69
12 70
12 74
12 75
12 77
12 79
12 85
12 88
12 91
12 94
12 96
12 100
12 101
12 103
12 105
12 117
12 118
12 121
12 129
12 130
12 131
12 134
12 137
12 138
12 143
12 146
12 147
12 148
12 149
12 152
12 153
12 155
12 157
12 158
12 161
13 16
13 19
13 21
13 24
13 26
13 27
13 30
13 31
13 32
13 35
13 36
13 40
13 43
13 45
13 47
13 51
13 53
13 54
13 55
13 57
13 60
13 64
13 65
13 67
13 68
13 69
13 70
13 72
13 73
13 74
13 75
13 77
13 80
13 86
13 91
13 92
13 93
13 95
13 99
13 101
13 102
13 103
13 104
13 106
13 108
13 109
13 110
13 112
13 113
13 115
13 117
13 118
13 122
13 126
13 130
13 131
13 133
13 136
13 137
13 141
13 146
13 147
13 151
13 152
13 153
13 154
13 155
13 158
13 159
13 160
13 161
14 20
14 22
14 24
14 25
14 26
14 28
14 29
14 31
14 32
14 34
14 35
14 36
14 37
14 39
14 40
14 42
14 44
14 51
14 52
14 53
14 54
14 55
14 56
14 58
14 59
14 60
14 62
14 63
14 65
14 68
14 69
14 70
14 71
14 72
14 73
14 74
14 75
14 76
14 77
14 79
14 80
14 82
14 83
14 84
14 85
14 86
14 87
14 88
14 89
14 90
14 91
14 92
14 94
14 95
14 97
14 98
14 99
14 100
14 102
14 103
14 105
14 106
14 107
14 108
14 110
14 112
14 113
14 114
14 115
14 116
14 117
14 118
14 121
14 125
14 126
14 127
14 128
14 129
14 130
14 131
14 133
14 134
14 135
14 137
14 139
14 141
14 142
14 143
14 145
14 147
14 148
14 149
14 150
14 152
14 154
14 155
14 157
14 159
14 161
15 21
15 23
15 26
15 28
15 31
15 35
15 36
15 38
15 46
15 53
15 54
15 56
15 57
15 63
15 64
15 65
15 66
15 67
15 69
15 70
15 74
15 75
15 77
15 83
15 84
15 89
15 92
15 94
15 96
15 97
15 99
15 108
15 109
15 112
15 114
15 115
15 116
15 117
15 118
15 121
15 125
15 126
15 130
15 131
15 132
15 136
15 138
15 140
15 141
15 143
15 145
15 146
15 147
15 151
15 152
15 154
16 20
16 24
16 25
16 30
16 31
16 32
16 34
16 35
16 40
16 44
16 46
16 48
16 49
16 50
16 52
16 54
16 55
16 62
16 65
16 67
16 68
16 70
16 71
16 72
16 74
16 77
16 91
16 94
16 98
16 100
16 101
16 102
16 104
16 105
16 106
16 108
16 109
16 113
16 117
16 125
16 129
16 131
16 133
16 134
16 137
16 138
16 141
16 142
16 146
16 147
16 148
16 154
16 156
16 158
17 19
17 22
17 25
17 26
17 38
17 41
17 45
17 48
17 55
17 56
17 64
17 67
17 72
17 73
17 74
17 76
17 79
17 112
17 118
17 142
17 152
18 19
18 21
18 22
18 23
18 24
18 25
18 32
18 35
18 39
18 40
18 45
18 50
18 51
18 52
18 53
18 54
18 58
18 64
18 66
18 68
18 69
18 70
18 72
18 73
18 74
18 77
18 79
18 82
18 85
18 87
18 88
18 89
18 92
18 93
18 95
18 97
18 101
18 102
18 103
18 104
18 106
18 108
18 109
18 113
18 119
18 129
18 132
18 133
18 134
18 142
18 145
18 146
18 148
18 149
18 150
18 151
18 154
18 158
18 161
19 20
19 21
19 23
19 24
19 25
19 26
19 27
19 31
19 32
19 36
19 37
19 38
19 39
19 40
19 42
19 43
19 44
19 46
19 47
19 48
19 49
19 50
19 51
19 53
19 54
19 58
19 61
19 64
19 65
19 72
19 73
19 74
19 75
19 76
19 77
19 78
19 79
19 80
19 82
19 84
19 85
19 86
19 87
19 89
19 90
19 91
19 93
19 94
19 95
19 97
19 100
19 101
19 102
19 104
19 108
19 109
19 110
19 112
19 113
19 118
19 119
19 120
19 121
19 125
19 126
19 127
19 131
19 133
19 134
19 135
19 138
19 141
19 142
19 146
19 147
19 148
19 149
19 150
19 151
19 152
19 153
19 157
19 158
19 159
19 160
19 161
20 23
20 25
20 31
20 32
20 37
20 44
20 51
20 56
20 57
20 63
20 69
20 73
20 75
20 76
20 77
20 79
20 84
20 85
20 87
20 89
20 94
20 95
20 98
20 102
20 105
20 106
20 107
20 108
20 110
20 113
20 114
20 118
20 125
20 129
20 130
20 134
20 139
20 141
20 146
20 147
20 150
20 152
20 153
21 23
21 26
21 29
21 30
21 31
21 33
21 34
21 35
21 36
21 37
21 38
21 39
21 40
21 43
21 45
21 49
21 50
21 53
21 54
21 55
21 56
21 57
21 58
21 60
21 62
21 63
21 64
21 65
21 67
21 69
21 70
21 72
21 74
21 75
21 76
21 77
21 78
21 80
21 85
21 86
21 87
21 89
21 92
21 93
21 94
21 95
21 97
21 98
21 100
21 101
21 103
21 105
21 108
21 109
21 110
21 111
21 113
21 114
21 115
21 116
21 117
21 118
21 120
21 122
21 124
21 125
21 129
21 130
21 132
21 133
21 136
21 137
21 139
21 142
21 143
21 149
21 150
21 151
21 154
21 157
21 159
21 161
22 26
22 27
22 32
22 40
22 46
22 48
22 51
22 56
22 58
22 62
22 64
22 65
22 68
22 70
22 71
22 72
22 82
22 83
22 85
22 86
22 88
22 89
22 92
22 94
22 97
22 102
22 103
22 105
22 106
22 107
22 112
22 115
22 117
22 126
22 127
22 128
22 129
22 135
22 137
22 139
22 147
22 154
22 158
23 24
23 30
23 35
23 40
23 41
23 44
23 45
23 49
23 51
23 52
23 53
23 58
23 59
23 62
23 63
23 66
23 67
23 69
23 70
23 71
23 73
23 74
23 79
23 80
23 84
23 86
23 93
23 94
23 95
23 96
23 106
23 113
23 114
23 117
23 118
23 119
23 134
23 140
23 142
23 146
23 147
23 149
23 151
23 153
23 154
23 157
23 158
24 26
24 27
24 45
24 50
24 51
24 60
24 68
24 69
24 75
24 76
24 77
24 84
24 87
24 88
24 89
24 94
24 97
24 101
24 102
24 104
24 105
24 113
24 115
24 117
24 125
24 126
24 127
24 129
24 131
24 133
24 134
24 142
24 146
24 152
24 153
24 154
24 157
25 27
25 29
25 30
25 31
25 32
25 36
25 39
25 40
25 43
25 44
25 45
25 46
25 47
25 49
25 50
25 51
25 53
25 55
25 58
25 61
25 63
25 64
25 65
25 66
25 67
25 68
25 69
25 70
25 71
25 72
25 74
25 78
25 79
25 82
25 83
25 84
25 90
25 92
25 98
25 99
25 100
25 101
25 102
25 104
25 105
25 108
25 109
25 110
25 111
25 112
25 113
25 115
25 117
25 118
25 119
25 125
25 129
25 133
25 136
25 137
25 138
25 140
25 141
25 145
25 147
25 150
25 152
25 153
25 155
25 157
25 158
25 159
25 161
26 27
26 28
26 29
26 30
26 31
26 32
26 34
26 35
26 36
26 40
26 41
26 42
26 44
26 45
26 46
26 51
26 53
26 56
26 57
26 58
26 59
26 60
26 61
26 63
26 64
26 65
26 66
26 67
26 69
26 70
26 71
26 72
26 73
26 74
26 75
26 76
26 77
26 79
26 80
26 81
26 83
26 84
26 86
26 87
26 88
26 91
26 92
26 93
26 94
26 95
26 96
26 97
26 101
26 103
26 104
26 105
26 106
26 107
26 108
26 111
26 112
26 113
26 114
26 116
26 118
26 119
26 121
26 122
26 126
26 127
26 128
26 129
26 130
26 131
26 132
26 133
26 134
26 135
26 136
26 137
26 138
26 139
26 140
26 142
26 145
26 146
26 147
26 149
26 151
26 152
26 154
26 155
26 157
26 158
26 159
26 161
27 30
27 37
27 38
27 39
27 41
27 49
27 53
27 58
27 59
27 62
27 64
27 67
27 70
27 74
27 80
27 85
27 88
27 94
27 99
27 106
27 113
27 114
27 115
27 125
27 129
27 138
27 142
27 152
27 154
28 30
28 35
28 40
28 42
28 43
28 44
28 47
28 49
28 51
28 54
28 62
28 63
28 64
28 65
28 70
28 74
28 75
28 76
28 77
28 85
28 87
28 89
28 96
28 97
28 102
28 103
28 104
28 106
28 108
28 111
28 112
28 117
28 119
28 133
28 134
28 137
28 141
28 142
28 151
28 158
28 160
28 161
29 32
29 35
29 38
29 42
29 45
29 51
29 52
29 54
29 56
29 65
29 66
29 70
29 71
29 72
29 73
29 75
29 77
29 80
29 85
29 86
29 90
29 91
29 97
29 106
29 108
29 113
29 114
29 131
29 133
29 136
29 137
29 139
29 142
29 147
29 151
29 152
29 154
29 160
30 31
30 36
30 37
30 40
30 42
30 44
30 45
30 47
30 49
30 50
30 51
30 54
30 55
30 57
30 58
30 59
30 63
30 64
30 67
30 68
30 70
30 71
30 72
30 73
30 74
30 75
30 77
30 79
30 83
30 84
30 86
30 88
30 89
30 91
30 94
30 95
30 96
30 97
30 98
30 100
30 101
30 102
30 103
30 104
30 105
30 106
30 107
30 109
30 110
30 112
30 114
30 115
30 117
30 118
30 120
30 123
30 125
30 126
30 130
30 131
30 133
30 134
30 138
30 139
30 141
30 142
30 146
30 147
30 148
30 149
30 151
30 152
30 153
30 154
30 155
30 158
30 159
30 161
31 32
31 33
31 34
31 36
31 37
31 38
31 39
31 40
31 41
31 42
31 43
31 44
31 45
31 49
31 50
31 51
31 52
31 54
31 56
31 59
31 60
31 63
31 64
31 65
31 66
31 67
31 69
31 70
31 72
31 73
31 74
31 75
31 77
31 79
31 80
31 83
31 84
31 85
31 87
31 88
31 90
31 91
31 93
31 95
31 97
31 98
31 99
31 100
31 101
31 102
31 103
31 104
31 105
31 107
31 108
31 109
31 110
31 111
31 112
31 113
31 115
31 117
31 122
31 125
31 126
31 127
31 128
31 130
31 131
31 133
31 134
31 136
31 137
31 138
31 143
31 145
31 146
31 147
31 148
31 149
31 150
31 151
31 152
31 153
31 154
31 155
31 157
31 158
32 37
32 38
32 39
32 40
32 41
32 44
32 45
32 46
32 49
32 50
32 51
32 55
32 57
32 58
32 59
32 61
32 63
32 66
32 67
32 68
32 70
32 71
32 72
32 73
32 74
32 75
32 76
32 77
32 79
32 80
32 81
32 84
32 85
32 86
32 87
32 89
32 90
32 91
32 94
32 96
32 99
32 101
32 102
32 104
32 106
32 107
32 108
32 111
32 113
32 114
32 115
32 116
32 117
32 121
32 122
32 124
32 125
32 126
32 128
32 129
32 131
32 135
32 136
32 138
32 140
32 141
32 142
32 143
32 145
32 147
32 148
32 149
32 150
32 151
32 153
32 154
32 155
32 157
32 158
32 159
32 160
32 161
33 35
33 36
33 38
33 40
33 46
33 49
33 56
33 58
33 65
33 69
33 70
33 72
33 73
33 74
33 84
33 85
33 89
33 90
33 97
33 101
33 108
33 112
33 120
33 122
33 129
33 133
33 137
33 139
33 147
33 149
33 160
34 38
34 39
34 40
34 49
34 54
34 56
34 57
34 58
34 59
34 66
34 68
34 69
34 70
34 71
34 77
34 79
34 84
34 88
34 89
34 90
34 95
34 97
34 102
34 108
34 109
34 110
34 113
34 114
34 117
34 124
34 126
34 131
34 133
34 134
34 137
34 138
34 142
34 145
34 147
34 148
34 150
34 151
34 152
34 153
34 157
34 159
35 36
35 39
35 40
35 44
35 45
35 49
35 52
35 55
35 56
35 57
35 60
35 64
35 65
35 66
35 69
35 70
35 71
35 72
35 74
35 77
35 80
35 81
35 84
35 88
35 90
35 91
35 92
35 93
35 94
35 97
35 99
35 101
35 102
35 105
35 106
35 109
35 111
35 112
35 113
35 114
35 115
35 127
35 128
35 129
35 130
35 131
35 133
35 134
35 135
35 136
35 137
35 138
35 139
35 140
35 141
35 142
35 145
35 147
35 148
35 150
35 151
35 153
35 154
35 156
35 158
36 37
36 38
36 40
36 41
36 42
36 43
36 44
36 46
36 47
36 49
36 50
36 51
36 54
36 56
36 60
36 62
36 63
36 64
36 66
36 67
36 68
36 69
36 74
36 77
36 80
36 82
36 85
36 88
36 89
36 93
36 94
36 95
36 96
36 97
36 98
36 101
36 102
36 105
36 106
36 107
36 108
36 109
36 114
36 115
36 119
36 129
36 133
36 134
36 135
36 137
36 138
36 141
36 142
36 147
36 148
36 152
36 154
36 155
36 158
36 160
36 161
37 38
37 40
37 44
37 45
37 46
37 47
37 51
37 53
37 58
37 59
37 61
37 65
37 66
37 68
37 71
37 72
37 73
37 77
37 79
37 84
37 87
37 89
37 97
37 98
37 101
37 105
37 106
37 107
37 109
37 112
37 114
37 115
37 117
37 126
37 127
37 129
37 131
37 133
37 135
37 137
37 138
37 141
37 147
37 148
37 150
37 152
37 154
37 157
37 158
37 160
38 40
38 43
38 44
38 45
38 46
38 47
38 48
38 49
38 50
38 51
38 54
38 56
38 60
38 64
38 68
38 70
38 71
38 73
38 74
38 76
38 77
38 79
38 80
38 81
38 83
38 85
38 88
38 89
38 90
38 91
38 97
38 99
38 100
38 101
38 102
38 103
38 104
38 105
38 106
38 107
38 109
38 114
38 115
38 117
38 118
38 120
38 125
38 126
38 127
38 129
38 130
38 131
38 135
38 137
38 142
38 147
38 150
38 151
38 152
38 153
38 154
38 155
38 157
38 158
38 160
39 42
39 43
39 49
39 50
39 51
39 54
39 55
39 63
39 64
39 66
39 68
39 70
39 71
39 72
39 77
39 79
39 80
39 85
39 93
39 94
39 95
39 97
39 99
39 101
39 103
39 105
39 109
39 110
39 112
39 114
39 115
39 116
39 127
39 129
39 131
39 133
39 134
39 136
39 137
39 138
39 139
39 145
39 147
39 150
39 151
39 152
39 153
39 154
39 157
39 158
40 41
40 42
40 48
40 50
40 51
40 52
40 53
40 54
40 55
40 56
40 57
40 58
40 61
40 62
40 63
40 64
40 67
40 68
40 69
40 70
40 72
40 73
40 74
40 75
40 76
40 77
40 79
40 81
40 82
40 84
40 85
40 86
40 87
40 88
40 89
40 94
40 96
40 97
40 99
40 101
40 102
40 103
40 104
40 105
40 106
40 107
40 108
40 109
40 110
40 111
40 113
40 114
40 115
40 116
40 117
40 121
40 122
40 123
40 124
40 125
40 126
40 127
40 128
40 129
40 131
40 133
40 134
40 135
40 136
40 137
40 138
40 139
40 141
40 142
40 144
40 146
40 148
40 150
40 151
40 153
40 154
40 158
40 159
40 160
40 161
41 44
41 45
41 49
41 54
41 55
41 66
41 67
41 73
41 80
41 85
41 87
41 90
41 103
41 104
41 105
41 109
41 113
41 118
41 120
41 138
41 151
41 152
41 153
41 158
42 45
42 47
42 48
42 51
42 54
42 55
42 56
42 58
42 59
42 64
42 66
42 67
42 70
42 71
42 72
42 73
42 74
42 78
42 79
42 84
42 86
42 87
42 88
42 89
42 91
42 94
42 95
42 98
42 100
42 101
42 106
42 107
42 109
42 111
42 114
42 117
42 124
42 127
42 129
42 131
42 133
42 134
42 135
42 138
42 139
42 141
42 142
42 152
42 153
42 160
43 44
43 46
43 49
43 50
43 51
43 52
43 54
43 55
43 56
43 60
43 62
43 64
43 65
43 68
43 69
43 70
43 71
43 73
43 79
43 81
43 82
43 84
43 89
43 90
43 93
43 94
43 95
43 96
43 100
43 101
43 102
43 105
43 106
43 108
43 114
43 121
43 122
43 124
43 125
43 126
43 128
43 130
43 131
43 132
43 133
43 134
43 137
43 140
43 141
43 145
43 146
43 147
43 150
43 151
43 152
43 154
43 156
43 161
44 45
44 46
44 49
44 50
44 51
44 54
44 56
44 57
44 58
44 59
44 61
44 62
44 63
44 64
44 65
44 66
44 67
44 68
44 69
44 70
44 71
44 72
44 73
44 74
44 75
44 77
44 79
44 80
44 82
44 84
44 86
44 87
44 89
44 90
44 91
44 94
44 97
44 98
44 101
44 102
44 105
44 106
44 108
44 110
44 114
44 115
44 121
44 123
44 125
44 127
44 129
44 130
44 131
44 133
44 134
44 138
44 139
44 141
44 142
44 145
44 146
44 147
44 150
44 152
44 153
44 154
44 157
44 158
44 160
44 161
45 46
45 51
45 53
45 55
45 57
45 58
45 59
45 60
45 63
45 64
45 67
45 68
45 69
45 71
45 72
45 74
45 75
45 78
45 79
45 80
45 82
45 84
45 85
45 86
45 87
45 88
45 90
45 91
45 93
45 94
45 97
45 98
45 104
45 105
45 106
45 108
45 110
45 112
45 113
45 114
45 115
45 117
45 118
45 120
45 121
45 124
45 125
45 127
45 129
45 130
45 131
45 134
45 135
45 138
45 139
45 142
45 145
45 146
45 147
45 148
45 149
45 150
45 151
45 152
45 153
45 154
45 155
45 156
45 159
45 160
45 161
46 51
46 55
46 59
46 65
46 67
46 69
46 70
46 73
46 74
46 75
46 76
46 77
46 79
46 83
46 87
46 89
46 91
46 93
46 94
46 95
46 97
46 98
46 100
46 102
46 106
46 107
46 108
46 109
46 110
46 114
46 115
46 117
46 118
46 127
46 130
46 133
46 134
46 135
46 136
46 137
46 139
46 141
46 142
46 145
46 146
46 147
46 148
46 150
46 151
46 152
46 153
46 154
46 155
46 157
46 158
46 159
47 55
47 56
47 59
47 63
47 65
47 76
47 77
47 84
47 91
47 94
47 96
47 106
47 107
47 109
47 114
47 124
47 131
47 134
47 138
47 139
47 142
47 145
47 146
47 147
47 151
48 49
48 52
48 53
48 54
48 56
48 58
48 65
48 67
48 76
48 79
48 89
48 92
48 101
48 103
48 106
48 107
48 112
48 114
48 115
48 125
48 128
48 129
48 133
48 135
48 137
48 139
48 147
48 150
48 153
48 154
48 158
49 50
49 51
49 52
49 54
49 55
49 56
49 57
49 61
49 62
49 63
49 64
49 65
49 66
49 69
49 70
49 71
49 72
49 73
49 74
49 75
49 76
49 77
49 78
49 79
49 83
49 88
49 93
49 97
49 98
49 100
49 102
49 103
49 104
49 105
49 106
49 107
49 109
49 111
49 112
49 113
49 114
49 115
49 116
49 117
49 118
49 119
49 122
49 124
49 125
49 127
49 128
49 130
49 131
49 134
49 136
49 137
49 138
49 139
49 141
49 142
49 147
49 148
49 149
49 151
49 152
49 153
49 154
49 156
49 158
49 159
50 52
50 54
50 55
50 56
50 57
50 58
50 62
50 63
50 65
50 66
50 67
50 68
50 69
50 70
50 73
50 77
50 80
50 83
50 85
50 86
50 87
50 88
50 89
50 90
50 91
50 95
50 97
50 101
50 102
50 104
50 106
50 108
50 110
50 112
50 114
50 115
50 117
50 118
50 125
50 128
50 130
50 131
50 133
50 134
50 135
50 137
50 138
50 141
50 142
50 147
50 148
50 150
50 152
50 153
50 155
50 158
50 159
50 160
50 161
51 52
51 54
51 55
51 56
51 58
51 62
51 63
51 66
51 67
51 68
51 69
51 70
51 71
51 72
51 73
51 74
51 75
51 76
51 77
51 79
51 81
51 82
51 83
51 84
51 87
51 89
51 92
51 93
51 94
51 95
51 97
51 98
51 101
51 102
51 105
51 106
51 107
51 108
51 109
51 111
51 112
51 113
51 114
51 115
51 117
51 118
51 120
51 122
51 123
51 126
51 128
51 129
51 130
51 131
51 133
51 134
51 135
51 136
51 137
51 138
51 139
51 141
51 142
51 143
51 145
51 146
51 147
51 148
51 150
51 151
51 152
51 154
51 155
51 156
51 157
51 160
51 161
52 54
52 56
52 65
52 68
52 71
52 72
52 74
52 77
52 79
52 84
52 88
52 90
52 101
52 102
52 103
52 106
52 107
52 108
52 109
52 110
52 111
52 113
52 115
52 125
52 128
52 129
52 130
52 131
52 134
52 137
52 139
52 141
52 142
52 145
52 147
52 157
52 158
52 159
52 161
53 54
53 55
53 63
53 65
53 67
53 70
53 72
53 74
53 76
53 77
53 79
53 80
53 84
53 87
53 88
53 94
53 100
53 105
53 109
53 111
53 114
53 117
53 120
53 129
53 133
53 134
53 138
53 139
53 141
53 142
53 145
53 147
53 150
53 152
53 153
54 55
54 56
54 58
54 61
54 63
54 64
54 65
54 66
54 67
54 70
54 71
54 72
54 73
54 74
54 76
54 77
54 79
54 80
54 82
54 83
54 84
54 85
54 86
54 87
54 88
54 89
54 90
54 91
54 94
54 95
54 96
54 97
54 99
54 100
54 101
54 102
54 105
54 107
54 108
54 109
54 110
54 111
54 112
54 113
54 114
54 115
54 117
54 119
54 120
54 125
54 127
54 128
54 129
54 130
54 132
54 133
54 134
54 136
54 138
54 139
54 141
54 142
54 147
54 149
54 150
54 152
54 153
54 154
54 157
54 158
54 159
54 160
54 161
55 58
55 59
55 61
55 63
55 65
55 66
55 67
55 71
55 72
55 76
55 77
55 78
55 79
55 83
55 85
55 86
55 87
55 92
55 93
55 94
55 97
55 101
55 104
55 105
55 106
55 108
55 109
55 110
55 111
55 114
55 115
55 117
55 123
55 126
55 131
55 133
55 134
55 137
55 138
55 142
55 145
55 147
55 148
55 150
55 158
55 161
56 61
56 64
56 65
56 66
56 67
56 68
56 69
56 70
56 71
56 74
56 77
56 78
56 79
56 80
56 81
56 84
56 86
56 89
56 91
56 94
56 95
56 97
56 105
56 106
56 108
56 109
56 110
56 112
56 114
56 115
56 116
56 117
56 118
56 121
56 125
56 126
56 127
56 129
56 131
56 133
56 134
56 135
56 138
56 139
56 140
56 142
56 146
56 147
56 148
56 149
56 150
56 152
56 153
56 156
56 157
56 158
56 161
57 59
57 65
57 67
57 68
57 70
57 71
57 74
57 75
57 79
57 80
57 84
57 90
57 94
57 95
57 101
57 102
57 105
57 106
57 108
57 109
57 113
57 117
57 118
57 125
57 126
57 133
57 134
57 135
57 138
57 142
57 152
57 154
57 156
57 158
57 161
58 66
58 69
58 70
58 71
58 72
58 73
58 75
58 77
58 79
58 80
58 82
58 84
58 89
58 93
58 94
58 95
58 99
58 101
58 105
58 106
58 107
58 109
58 111
58 112
58 113
58 114
58 116
58 117
58 118
58 122
58 128
58 129
58 130
58 133
58 134
58 136
58 142
58 148
58 151
58 153
58 154
58 157
58 158
58 160
58 161
59 62
59 63
59 64
59 65
59 66
59 67
59 68
59 69
59 70
59 72
59 74
59 79
59 82
59 83
59 86
59 87
59 89
59 90
59 92
59 96
59 98
59 101
59 103
59 105
59 107
59 108
59 110
59 112
59 114
59 117
59 121
59 127
59 128
59 131
59 133
59 134
59 137
59 139
59 141
59 147
59 150
59 152
59 153
59 156
59 161
60 62
60 63
60 64
60 66
60 72
60 105
60 106
60 113
60 114
60 117
60 129
60 131
60 137
60 142
60 147
60 148
61 63
61 64
61 65
61 67
61 68
61 70
61 71
61 73
61 74
61 77
61 79
61 86
61 91
61 94
61 95
61 96
61 97
61 99
61 100
61 101
61 106
61 108
61 111
61 112
61 114
61 115
61 118
61 119
61 123
61 131
61 133
61 134
61 135
61 138
61 141
61 142
61 145
61 147
61 148
61 149
61 150
61 152
61 153
61 154
61 155
61 158
61 159
61 160
62 64
62 68
62 70
62 72
62 73
62 75
62 80
62 97
62 105
62 106
62 108
62 109
62 111
62 112
62 113
62 114
62 117
62 118
62 129
62 137
62 140
62 141
62 142
62 147
62 150
62 152
62 158
62 161
63 64
63 65
63 67
63 69
63 70
63 71
63 73
63 77
63 79
63 81
63 83
63 84
63 89
63 90
63 91
63 95
63 96
63 97
63 98
63 100
63 101
63 102
63 103
63 105
63 106
63 107
63 110
63 111
63 112
63 113
63 114
63 115
63 116
63 117
63 118
63 125
63 128
63 129
63 130
63 131
63 133
63 134
63 135
63 136
63 137
63 138
63 139
63 140
63 143
63 146
63 152
63 154
63 155
63 157
63 159
63 160
63 161
64 66
64 67
64 68
64 69
64 70
64 71
64 72
64 73
64 74
64 75
64 76
64 79
64 80
64 82
64 84
64 86
64 87
64 88
64 89
64 92
64 93
64 94
64 96
64 97
64 100
64 101
64 102
64 103
64 105
64 106
64 107
64 108
64 109
64 110
64 111
64 112
64 114
64 115
64 117
64 118
64 119
64 125
64 126
64 129
64 133
64 134
64 135
64 137
64 138
64 140
64 141
64 142
64 145
64 146
64 147
64 149
64 150
64 152
64 153
64 154
64 155
64 158
64 159
64 160
64 161
65 66
65 67
65 68
65 69
65 70
65 71
65 74
65 75
65 76
65 77
65 79
65 80
65 84
65 86
65 88
65 89
65 91
65 92
65 94
65 96
65 97
65 98
65 100
65 101
65 102
65 103
65 104
65 106
65 108
65 109
65 110
65 111
65 113
65 115
65 117
65 118
65 121
65 124
65 127
65 129
65 130
65 131
65 133
65 134
65 135
65 136
65 138
65 141
65 142
65 145
65 146
65 147
65 149
65 150
65 151
65 152
65 153
65 154
65 156
65 158
65 159
65 160
65 161
66 69
66 70
66 71
66 72
66 80
66 83
66 86
66 87
66 88
66 89
66 92
66 94
66 95
66 96
66 97
66 99
66 101
66 102
66 103
66 106
66 109
66 112
66 113
66 114
66 115
66 118
66 126
66 129
66 130
66 133
66 134
66 137
66 138
66 139
66 142
66 145
66 146
66 148
66 150
66 151
66 152
66 153
66 154
66 155
66 157
66 159
66 161
67 68
67 69
67 71
67 72
67 73
67 74
67 75
67 77
67 79
67 80
67 83
67 84
67 85
67 86
67 87
67 89
67 90
67 91
67 94
67 95
67 96
67 97
67 98
67 100
67 101
67 102
67 103
67 105
67 106
67 108
67 109
67 110
67 111
67 112
67 113
67 114
67 115
67 118
67 121
67 122
67 125
67 126
67 129
67 131
67 133
67 134
67 138
67 139
67 140
67 141
67 142
67 143
67 145
67 147
67 149
67 150
67 151
67 152
67 153
67 154
67 157
67 158
67 159
68 70
68 71
68 72
68 73
68 74
68 75
68 76
68 77
68 80
68 82
68 84
68 85
68 86
68 88
68 89
68 90
68 92
68 93
68 94
68 95
68 96
68 97
68 98
68 100
68 101
68 102
68 103
68 105
68 106
68 107
68 108
68 112
68 113
68 114
68 116
68 117
68 118
68 121
68 124
68 125
68 127
68 128
68 129
68 131
68 133
68 136
68 138
68 139
68 142
68 144
68 145
68 146
68 148
68 150
68 151
68 153
68 154
68 157
68 158
68 160
69 70
69 71
69 72
69 73
69 75
69 76
69 77
69 78
69 79
69 84
69 86
69 88
69 89
69 92
69 94
69 95
69 96
69 101
69 102
69 103
69 104
69 106
69 108
69 109
69 111
69 113
69 114
69 116
69 117
69 118
69 119
69 124
69 125
69 131
69 136
69 138
69 139
69 140
69 141
69 142
69 143
69 145
69 146
69 150
69 151
69 152
69 155
69 156
69 157
69 158
69 161
70 73
70 74
70 75
70 77
70 79
70 80
70 82
70 84
70 85
70 86
70 87
70 89
70 91
70 92
70 94
70 97
70 101
70 102
70 103
70 104
70 105
70 107
70 108
70 109
70 110
70 112
70 113
70 114
70 115
70 116
70 117
70 118
70 120
70 124
70 125
70 126
70 128
70 129
70 130
70 131
70 133
70 134
70 137
70 138
70 139
70 141
70 142
70 143
70 146
70 147
70 148
70 151
70 152
70 153
70 154
70 155
70 157
70 158
70 160
71 74
71 76
71 77
71 78
71 79
71 84
71 88
71 89
71 91
71 92
71 93
71 94
71 98
71 99
71 100
71 101
71 102
71 105
71 106
71 107
71 109
71 112
71 113
71 114
71 115
71 116
71 121
71 122
71 123
71 125
71 126
71 128
71 130
71 131
71 133
71 134
71 135
71 136
71 137
71 138
71 141
71 142
71 145
71 147
71 149
71 150
71 151
71 152
71 153
71 154
71 157
71 158
72 73
72 75
72 77
72 81
72 83
72 84
72 86
72 88
72 89
72 91
72 93
72 97
72 98
72 99
72 101
72 102
72 103
72 104
72 106
72 107
72 108
72 109
72 111
72 112
72 113
72 114
72 115
72 116
72 117
72 119
72 120
72 122
72 123
72 126
72 127
72 129
72 130
72 131
72 133
72 134
72 135
72 136
72 138
72 139
72 141
72 142
72 146
72 147
72 149
72 151
72 154
72 158
72 161
73 74
73 77
73 79
73 80
73 83
73 84
73 87
73 88
73 90
73 91
73 97
73 102
73 103
73 104
73 105
73 107
73 108
73 109
73 112
73 113
73 114
73 115
73 117
73 121
73 125
73 126
73 129
73 131
73 136
73 137
73 138
73 139
73 142
73 146
73 147
73 149
73 151
73 152
73 153
73 154
73 157
73 160
73 161
74 75
74 76
74 77
74 79
74 80
74 82
74 84
74 86
74 87
74 88
74 91
74 92
74 94
74 95
74 96
74 97
74 98
74 100
74 101
74 104
74 105
74 106
74 107
74 108
74 109
74 111
74 112
74 113
74 115
74 116
74 117
74 118
74 119
74 122
74 123
74 124
74 125
74 126
74 127
74 128
74 131
74 133
74 137
74 138
74 139
74 140
74 141
74 143
74 144
74 146
74 147
74 148
74 149
74 150
74 151
74 152
74 153
74 154
74 155
74 156
74 157
74 158
74 160
74 161
75 77
75 79
75 84
75 85
75 86
75 87
75 89
75 92
75 93
75 94
75 97
75 99
75 101
75 102
75 103
75 105
75 106
75 108
75 111
75 112
75 113
75 114
75 118
75 119
75 120
75 122
75 126
75 127
75 129
75 130
75 131
75 132
75 133
75 134
75 135
75 138
75 139
75 140
75 142
75 145
75 146
75 147
75 151
75 152
75 154
75 155
75 157
75 159
75 161
76 77
76 79
76 81
76 83
76 87
76 88
76 91
76 93
76 95
76 101
76 104
76 106
76 108
76 109
76 114
76 129
76 131
76 139
76 143
76 150
76 152
76 153
76 154
76 158
77 79
77 80
77 82
77 83
77 85
77 87
77 89
77 91
77 93
77 94
77 95
77 97
77 100
77 101
77 102
77 105
77 106
77 110
77 111
77 112
77 113
77 114
77 115
77 116
77 117
77 118
77 119
77 120
77 124
77 125
77 126
77 131
77 132
77 133
77 134
77 135
77 137
77 138
77 139
77 142
77 143
77 145
77 146
77 147
77 150
77 152
77 154
77 157
77 158
77 159
78 89
78 90
78 91
78 98
78 114
78 117
78 129
78 137
78 146
78 152
78 158
79 82
79 83
79 86
79 89
79 90
79 91
79 93
79 94
79 95
79 96
79 98
79 99
79 102
79 105
79 106
79 107
79 108
79 109
79 113
79 114
79 115
79 116
79 117
79 118
79 119
79 120
79 121
79 122
79 124
79 125
79 128
79 129
79 130
79 134
79 135
79 137
79 138
79 139
79 146
79 147
79 149
79 150
79 151
79 152
79 153
79 154
79 158
79 159
79 160
79 161
80 84
80 94
80 95
80 99
80 100
80 102
80 103
80 105
80 106
80 108
80 109
80 111
80 114
80 116
80 117
80 119
80 120
80 124
80 125
80 129
80 130
80 133
80 136
80 137
80 138
80 139
80 141
80 142
80 143
80 145
80 146
80 148
80 150
80 151
80 152
80 154
80 157
80 160
81 90
81 97
81 108
81 112
81 127
81 129
81 134
81 147
81 148
81 151
81 154
82 83
82 84
82 89
82 94
82 97
82 101
82 104
82 108
82 109
82 110
82 113
82 115
82 116
82 117
82 123
82 129
82 131
82 133
82 136
82 138
82 140
82 142
82 145
82 147
82 157
82 158
83 86
83 87
83 101
83 108
83 111
83 115
83 117
83 118
83 120
83 125
83 131
83 133
83 134
83 138
83 140
83 142
83 149
83 151
83 158
83 160
83 161
84 85
84 86
84 88
84 89
84 91
84 92
84 93
84 94
84 95
84 97
84 99
84 102
84 103
84 105
84 106
84 107
84 108
84 109
84 110
84 111
84 112
84 113
84 114
84 118
84 121
84 124
84 125
84 126
84 128
84 133
84 134
84 137
84 141
84 142
84 143
84 146
84 147
84 152
84 154
84 155
84 157
84 160
84 161
85 89
85 93
85 97
85 101
85 102
85 110
85 111
85 114
85 118
85 125
85 129
85 134
85 137
85 138
85 142
85 145
85 147
85 154
85 155
85 159
86 87
86 88
86 89
86 94
86 95
86 98
86 101
86 103
86 105
86 106
86 107
86 111
86 112
86 113
86 117
86 118
86 123
86 125
86 126
86 127
86 131
86 133
86 134
86 135
86 136
86 137
86 140
86 141
86 145
86 148
86 150
86 151
86 152
86 157
87 88
87 89
87 91
87 94
87 97
87 101
87 103
87 105
87 106
87 108
87 111
87 115
87 118
87 125
87 126
87 129
87 131
87 132
87 134
87 135
87 137
87 138
87 139
87 146
87 148
87 150
87 151
87 155
87 159
87 161
88 89
88 98
88 99
88 102
88 104
88 106
88 108
88 109
88 113
88 114
88 115
88 117
88 118
88 125
88 126
88 127
88 129
88 132
88 136
88 137
88 141
88 147
88 154
88 157
88 159
88 160
88 161
89 90
89 91
89 92
89 93
89 94
89 95
89 97
89 100
89 101
89 102
89 103
89 105
89 106
89 108
89 109
89 110
89 112
89 114
89 115
89 116
89 117
89 118
89 123
89 126
89 127
89 129
89 130
89 131
89 133
89 134
89 135
89 136
89 137
89 139
89 141
89 142
89 143
89 145
89 147
89 148
89 149
89 150
89 151
89 152
89 153
89 154
89 155
89 156
89 157
89 158
89 160
89 161
90 94
90 101
90 102
90 109
90 113
90 127
90 129
90 130
90 131
90 134
90 135
90 138
90 144
90 147
90 148
90 152
90 153
90 158
90 159
90 161
91 94
91 95
91 97
91 101
91 102
91 105
91 106
91 109
91 112
91 114
91 116
91 117
91 118
91 126
91 127
91 129
91 133
91 137
91 138
91 140
91 144
91 146
91 147
91 150
91 151
91 152
91 153
91 154
91 157
92 94
92 97
92 101
92 102
92 105
92 108
92 110
92 112
92 113
92 114
92 115
92 116
92 117
92 121
92 125
92 127
92 130
92 131
92 133
92 134
92 136
92 145
92 147
92 151
92 152
92 153
92 157
93 94
93 97
93 99
93 102
93 103
93 108
93 109
93 111
93 112
93 114
93 115
93 117
93 118
93 119
93 125
93 126
93 128
93 129
93 130
93 131
93 132
93 133
93 135
93 137
93 139
93 142
93 146
93 147
93 148
93 151
93 152
93 153
93 156
93 157
94 95
94 100
94 101
94 103
94 105
94 106
94 107
94 108
94 109
94 110
94 111
94 112
94 113
94 114
94 115
94 116
94 119
94 125
94 127
94 131
94 133
94 135
94 136
94 137
94 138
94 139
94 141
94 142
94 146
94 147
94 151
94 152
94 153
94 154
94 158
94 160
95 96
95 97
95 102
95 106
95 108
95 112
95 114
95 116
95 125
95 129
95 130
95 134
95 135
95 137
95 138
95 140
95 145
95 152
95 154
95 157
95 158
95 159
95 160
96 97
96 98
96 106
96 107
96 112
96 114
96 115
96 127
96 129
96 133
96 137
96 138
96 139
96 146
96 147
96 150
96 154
96 157
97 101
97 105
97 106
97 107
97 108
97 109
97 114
97 115
97 116
97 117
97 125
97 126
97 129
97 131
97 133
97 134
97 137
97 138
97 139
97 142
97 146
97 148
97 151
97 152
97 154
97 157
97 158
97 159
97 160
98 100
98 102
98 106
98 107
98 111
98 113
98 114
98 115
98 125
98 127
98 133
98 134
98 137
98 142
98 145
98 147
98 149
98 150
98 151
98 158
98 159
99 102
99 106
99 107
99 108
99 112
99 113
99 114
99 129
99 134
99 135
99 138
99 139
99 142
99 146
99 147
99 150
99 151
99 152
99 155
99 158
99 160
100 103
100 105
100 107
100 112
100 113
100 116
100 117
100 119
100 125
100 129
100 131
100 133
100 138
100 141
100 147
100 150
100 152
100 154
100 160
101 102
101 103
101 105
101 106
101 107
101 108
101 109
101 110
101 111
101 112
101 113
101 114
101 115
101 117
101 118
101 119
101 121
101 123
101 124
101 126
101 127
101 129
101 130
101 131
101 132
101 136
101 137
101 138
101 139
101 141
101 142
101 145
101 147
101 148
101 150
101 151
101 152
101 153
101 154
101 155
101 158
101 159
101 160
101 161
102 103
102 106
102 107
102 109
102 111
102 112
102 113
102 115
102 116
102 117
102 118
102 125
102 128
102 129
102 130
102 131
102 134
102 135
102 136
102 137
102 138
102 139
102 140
102 145
102 146
102 147
102 148
102 149
102 151
102 152
102 153
102 154
102 156
102 158
103 105
103 106
103 108
103 109
103 113
103 114
103 115
103 116
103 117
103 118
103 123
103 125
103 129
103 131
103 133
103 134
103 137
103 138
103 147
103 148
103 152
103 154
103 159
103 161
104 106
104 108
104 109
104 112
104 113
104 114
104 129
104 131
104 136
104 137
104 138
104 139
104 141
104 147
104 152
104 153
105 108
105 109
105 113
105 114
105 115
105 117
105 118
105 120
105 121
105 125
105 128
105 130
105 133
105 134
105 135
105 137
105 138
105 141
105 142
105 145
105 146
105 147
105 149
105 150
105 151
105 153
105 154
105 155
105 156
105 157
105 159
105 160
105 161
106 107
106 108
106 109
106 110
106 111
106 112
106 114
106 115
106 117
106 118
106 119
106 121
106 124
106 125
106 126
106 129
106 131
106 132
106 133
106 134
106 135
106 137
106 138
106 139
106 141
106 142
106 147
106 150
106 152
106 153
106 154
106 157
106 158
106 160
106 161
107 108
107 110
107 112
107 113
107 114
107 115
107 116
107 118
107 119
107 120
107 123
107 124
107 125
107 129
107 130
107 131
107 135
107 137
107 138
107 139
107 142
107 146
107 150
107 152
107 154
107 155
107 158
108 109
108 111
108 113
108 114
108 115
108 116
108 117
108 118
108 119
108 122
108 129
108 130
108 131
108 133
108 134
108 137
108 138
108 139
108 141
108 142
108 143
108 145
108 146
108 147
108 148
108 149
108 150
108 151
108 152
108 154
108 155
108 158
108 159
108 161
109 111
109 112
109 114
109 115
109 118
109 122
109 124
109 125
109 126
109 127
109 128
109 129
109 130
109 131
109 133
109 134
109 135
109 137
109 138
109 140
109 142
109 144
109 147
109 149
109 150
109 151
109 152
109 154
109 158
109 160
110 112
110 115
110 122
110 124
110 128
110 131
110 138
110 140
110 142
110 148
110 151
110 152
110 153
110 158
110 160
111 112
111 114
111 115
111 117
111 118
111 124
111 125
111 126
111 129
111 130
111 131
111 133
111 134
111 136
111 137
111 138
111 141
111 142
111 145
111 146
111 147
111 152
111 153
111 157
111 158
111 159
111 160
112 113
112 115
112 117
112 118
112 121
112 122
112 125
112 129
112 131
112 134
112 137
112 138
112 139
112 141
112 143
112 145
112 146
112 147
112 150
112 151
112 154
112 155
112 157
112 158
112 160
112 161
113 114
113 116
113 120
113 125
113 128
113 129
113 130
113 133
113 134
113 135
113 137
113 138
113 141
113 142
113 145
113 146
113 147
113 149
113 150
113 151
113 153
113 156
113 158
113 159
113 160
114 115
114 116
114 118
114 120
114 122
114 123
114 125
114 127
114 128
114 129
114 130
114 131
114 134
114 135
114 137
114 141
114 142
114 143
114 145
114 146
114 147
114 149
114 150
114 151
114 154
114 156
114 157
114 158
114 159
114 161
115 117
115 119
115 123
115 125
115 129
115 130
115 131
115 133
115 134
115 135
115 136
115 137
115 138
115 139
115 140
115 142
115 143
115 147
115 151
115 152
115 154
115 158
115 160
115 161
116 117
116 126
116 129
116 134
116 137
116 141
116 142
116 145
116 153
116 154
116 159
116 161
117 119
117 120
117 123
117 125
117 128
117 129
117 131
117 132
117 133
117 134
117 135
117 138
117 141
117 142
117 143
117 145
117 146
117 147
117 150
117 151
117 152
117 153
117 154
117 158
117 159
117 160
118 121
118 128
118 131
118 132
118 133
118 134
118 135
118 137
118 139
118 141
118 142
118 145
118 147
118 150
118 151
118 152
118 153
118 154
118 155
118 158
118 159
118 160
119 133
119 138
119 145
119 146
119 150
119 151
119 157
120 126
120 131
120 133
120 137
120 141
120 154
120 155
121 125
121 134
121 139
121 152
121 157
122 131
122 137
122 138
122 150
122 152
122 159
123 136
123 137
123 138
123 154
124 126
124 129
124 131
124 141
124 142
124 145
124 149
124 152
124 161
125 126
125 128
125 129
125 132
125 134
125 135
125 137
125 138
125 139
125 141
125 142
125 143
125 145
125 146
125 147
125 149
125 150
125 151
125 152
125 153
125 158
125 161
126 129
126 130
126 131
126 134
126 137
126 138
126 139
126 141
126 143
126 146
126 147
126 150
126 151
126 152
126 154
126 155
126 157
126 158
126 159
126 161
127 129
127 131
127 133
127 134
127 135
127 141
127 151
127 152
127 154
127 155
128 129
128 130
128 132
128 135
128 138
128 139
128 140
128 141
128 146
128 147
128 150
128 152
128 154
128 157
128 158
128 159
128 161
129 132
129 134
129 135
129 136
129 137
129 138
129 140
129 141
129 142
129 144
129 146
129 147
129 148
129 149
129 150
129 151
129 152
129 153
129 155
129 158
129 159
129 161
130 131
130 133
130 135
130 137
130 138
130 143
130 146
130 147
130 152
130 158
130 159
131 133
131 134
131 135
131 137
131 138
131 139
131 140
131 142
131 143
131 146
131 147
131 148
131 150
131 151
131 152
131 153
131 154
131 157
131 158
131 161
132 133
132 138
132 139
132 141
132 145
132 149
132 153
132 157
132 158
132 159
133 135
133 136
133 137
133 138
133 139
133 140
133 141
133 142
133 146
133 147
133 149
133 151
133 152
133 153
133 154
133 155
133 158
133 160
133 161
134 137
134 139
134 140
134 141
134 142
134 144
134 145
134 147
134 149
134 150
134 151
134 152
134 153
134 154
134 156
134 157
134 159
134 160
134 161
135 136
135 137
135 140
135 142
135 147
135 151
135 152
135 154
135 160
135 161
136 138
136 139
136 143
136 149
136 151
136 152
136 158
137 138
137 139
137 141
137 142
137 148
137 150
137 151
137 152
137 153
137 154
137 155
137 156
137 158
137 159
137 160
137 161
138 139
138 140
138 141
138 142
138 143
138 145
138 148
138 149
138 150
138 151
138 152
138 155
138 158
138 161
139 141
139 142
139 143
139 145
139 146
139 147
139 149
139 151
139 154
139 158
139 159
139 161
140 141
140 147
140 149
140 153
140 154
140 157
141 145
141 149
141 150
141 151
141 153
141 154
141 156
141 157
141 160
141 161
142 143
142 145
142 146
142 147
142 151
142 152
142 153
142 154
142 157
142 159
142 161
143 146
143 152
143 156
143 158
143 161
145 150
145 151
145 154
145 157
146 147
146 150
146 151
146 152
146 154
146 157
146 161
147 148
147 150
147 151
147 152
147 153
147 154
147 155
147 159
148 150
148 151
148 152
148 153
148 157
149 152
149 153
149 160
150 151
150 152
150 153
150 157
150 158
150 161
151 152
151 154
151 159
151 160
152 153
152 154
152 155
152 156
152 157
152 158
153 154
153 158
153 159
154 155
154 156
154 157
154 158
154 159
154 161
156 157
156 158
157 158
158 159
160 161
