0 1
0 3
0 4
0 5
0 6
0 7
0 8
0 10
0 14
0 19
0 21
0 24
0 26
0 27
0 36
0 42
0 47
0 49
0 50
0 51
0 52
0 54
0 57
0 61
0 63
0 64
0 66
0 68
0 71
0 72
0 75
0 79
0 87
0 89
0 97
0 102
0 103
0 106
0 108
0 109
0 111
0 112
0 117
0 126
0 129
0 132
0 133
0 137
0 139
0 142
0 145
0 148
0 149
0 153
0 154
0 155
0 161
1 5
1 7
1 9
1 11
1 15
1 18
1 19
1 20
1 24
1 27
1 30
1 43
1 46
1 48
1 51
1 52
1 54
1 56
1 58
1 61
1 63
1 64
1 65
1 66
1 68
1 70
1 71
1 73
1 74
1 75
1 76
1 78
1 85
1 86
1 90
1 91
1 94
1 95
1 97
1 101
1 103
1 105
1 107
1 111
1 114
1 115
1 116
1 122
1 124
1 129
1 130
1 133
1 134
1 135
1 136
1 137
1 138
1 139
1 141
1 142
1 144
1 148
1 151
1 154
1 159
2 4
2 8
2 11
2 17
2 19
2 26
2 30
2 31
2 32
2 35
2 36
2 39
2 40
2 44
2 45
2 51
2 63
2 66
2 67
2 69
2 73
2 75
2 80
2 81
2 84
2 89
2 102
2 105
2 106
2 108
2 109
2 113
2 118
2 127
2 131
2 132
2 133
2 134
2 135
2 141
2 150
2 158
2 161
3 4
3 6
3 7
3 30
3 31
3 35
3 43
3 51
3 53
3 57
3 58
3 63
3 65
3 67
3 68
3 72
3 74
3 76
3 78
3 79
3 82
3 85
3 87
3 89
3 92
3 97
3 99
3 100
3 101
3 104
3 106
3 108
3 109
3 112
3 113
3 117
3 118
3 121
3 122
3 125
3 129
3 131
3 137
3 138
3 146
3 147
3 148
3 152
3 153
3 154
3 159
3 161
4 6
4 7
4 8
4 9
4 11
4 12
4 14
4 16
4 18
4 19
4 25
4 26
4 28
4 29
4 30
4 31
4 34
4 35
4 36
4 37
4 38
4 40
4 43
4 44
4 45
4 48
4 49
4 51
4 54
4 57
4 58
4 59
4 61
4 63
4 64
4 65
4 67
4 69
4 70
4 71
4 72
4 73
4 74
4 75
4 77
4 79
4 80
4 81
4 83
4 84
4 85
4 87
4 88
4 91
4 92
4 93
4 94
4 97
4 101
4 102
4 103
4 106
4 107
4 108
4 109
4 112
4 115
4 117
4 118
4 120
4 121
4 125
4 126
4 127
4 130
4 131
4 133
4 134
4 135
4 137
4 139
4 141
4 142
4 143
4 146
4 147
4 148
4 150
4 151
4 152
4 154
4 157
4 158
4 160
4 161
5 6
5 18
5 22
5 36
5 40
5 43
5 47
5 51
5 52
5 56
5 60
5 64
5 66
5 70
5 71
5 72
5 73
5 79
5 91
5 96
5 97
5 101
5 106
5 113
5 115
5 118
5 124
5 129
5 135
5 136
5 138
5 142
5 147
5 148
5 149
5 152
5 153
5 154
6 7
6 11
6 13
6 14
6 15
6 16
6 19
6 20
6 21
6 22
6 24
6 26
6 29
6 30
6 31
6 32
6 33
6 37
6 38
6 39
6 40
6 41
6 42
6 43
6 44
6 46
6 48
6 49
6 50
6 51
6 52
6 56
6 58
6 59
6 60
6 62
6 63
6 64
6 65
6 66
6 67
6 68
6 69
6 70
6 72
6 73
6 74
6 75
6 76
6 77
6 79
6 80
6 84
6 86
6 87
6 88
6 89
6 90
6 92
6 93
6 95
6 96
6 97
6 98
6 100
6 101
6 102
6 104
6 105
6 106
6 107
6 108
6 109
6 110
6 115
6 116
6 117
6 118
6 119
6 121
6 123
6 124
6 125
6 126
6 127
6 128
6 129
6 131
6 132
6 133
6 134
6 135
6 137
6 138
6 139
6 141
6 143
6 145
6 146
6 147
6 148
6 149
6 151
6 157
6 158
6 159
6 160
6 161
7 8
7 9
7 10
7 11
7 13
7 19
7 20
7 21
7 23
7 28
7 29
7 30
7 31
7 32
7 35
7 36
7 40
7 42
7 43
7 44
7 45
7 53
7 54
7 55
7 56
7 57
7 58
7 62
7 63
7 64
7 65
7 67
7 68
7 69
7 72
7 73
7 74
7 75
7 77
7 78
7 79
7 81
7 83
7 89
7 91
7 92
7 93
7 94
7 95
7 96
7 98
7 99
7 102
7 104
7 105
7 106
7 107
7 108
7 109
7 111
7 112
7 113
7 114
7 116
7 117
7 118
7 119
7 125
7 126
7 127
7 128
7 129
7 130
7 131
7 133
7 136
7 137
7 139
7 142
7 143
7 145
7 146
7 147
7 148
7 149
7 150
7 151
7 152
7 153
7 154
7 155
7 158
7 159
7 161
8 13
8 14
8 15
8 30
8 32
8 37
8 39
8 43
8 45
8 51
8 53
8 61
8 64
8 65
8 67
8 75
8 77
8 79
8 92
8 94
8 99
8 100
8 101
8 102
8 106
8 108
8 112
8 114
8 118
8 119
8 129
8 130
8 131
8 136
8 137
8 138
8 142
8 143
8 145
8 153
8 157
9 14
9 16
9 19
9 21
9 22
9 25
9 27
9 29
9 31
9 32
9 35
9 36
9 38
9 39
9 40
9 43
9 44
9 45
9 46
9 47
9 49
9 50
9 52
9 53
9 54
9 55
9 56
9 58
9 59
9 60
9 64
9 65
9 67
9 72
9 74
9 75
9 77
9 83
9 85
9 86
9 87
9 89
9 90
9 92
9 94
9 95
9 97
9 98
9 101
9 102
9 104
9 105
9 110
9 113
9 114
9 117
9 118
9 125
9 129
9 131
9 133
9 134
9 137
9 141
9 142
9 147
9 150
9 151
9 153
9 154
9 157
9 159
10 12
10 14
10 18
10 20
10 26
10 29
10 31
10 32
10 36
10 40
10 46
10 48
10 49
10 50
10 51
10 56
10 59
10 61
10 63
10 69
10 70
10 72
10 73
10 74
10 80
10 82
10 83
10 86
10 87
10 90
10 91
10 92
10 93
10 94
10 103
10 105
10 106
10 108
10 109
10 112
10 113
10 114
10 117
10 125
10 127
10 129
10 135
10 137
10 138
10 141
10 142
10 147
10 149
10 151
10 152
10 154
10 157
10 159
10 160
10 161
11 12
11 13
11 16
11 19
11 20
11 26
11 28
11 31
11 32
11 34
11 35
11 37
11 38
11 39
11 40
11 42
11 44
11 45
11 50
11 51
11 54
11 55
11 56
11 58
11 60
11 61
11 63
11 64
11 65
11 66
11 67
11 69
11 70
11 71
11 72
11 73
11 74
11 75
11 77
11 79
11 80
11 83
11 84
11 86
11 90
11 91
11 92
11 93
11 94
11 96
11 98
11 100
11 101
11 102
11 103
11 105
11 106
11 108
11 109
11 110
11 112
11 113
11 114
11 115
11 117
11 127
11 128
11 129
11 130
11 131
11 132
11 134
11 135
11 137
11 139
11 141
11 142
11 145
11 146
11 147
11 151
11 152
11 153
11 156
11 157
11 158
11 159
11 161
12 14
12 20
12 22
12 28
12 31
12 32
12 33
12 34
12 35
12 38
12 42
12 49
12 55
12 56
12 63
12 64
12 66
12 70
12 71
12 73
12 74
12 78
12 79
12 81
12 88
12 97
12 98
12 99
12 102
12 103
12 106
12 107
12 109
12 114
12 117
12 118
12 131
12 133
12 134
12 137
12 138
12 139
12 142
12 145
12 149
12 150
12 151
12 152
12 158
12 160
13 14
13 17
13 18
13 19
13 20
13 21
13 25
13 26
13 31
13 32
13 36
13 37
13 40
13 46
13 47
13 48
13 49
13 52
13 53
13 57
13 58
13 62
13 63
13 64
13 66
13 67
13 69
13 70
13 71
13 72
13 85
13 87
13 88
13 89
13 93
13 94
13 95
13 97
13 99
13 105
13 106
13 108
13 113
13 114
13 115
13 125
13 126
13 131
13 133
13 134
13 135
13 137
13 138
13 139
13 142
13 147
13 149
13 151
13 154
13 157
13 159
13 160
14 16
14 17
14 18
14 20
14 21
14 22
14 25
14 30
14 31
14 32
14 33
14 35
14 37
14 38
14 40
14 41
14 42
14 43
14 44
14 46
14 47
14 51
14 52
14 53
14 54
14 56
14 57
14 58
14 59
14 61
14 63
14 64
14 65
14 66
14 67
14 68
14 69
14 70
14 71
14 72
14 74
14 75
14 77
14 79
14 80
14 82
14 83
14 84
14 86
14 87
14 91
14 92
14 93
14 95
14 98
14 99
14 100
14 102
14 106
14 108
14 111
14 113
14 114
14 116
14 117
14 118
14 119
14 120
14 121
14 123
14 124
14 125
14 126
14 127
14 129
14 130
14 133
14 134
14 135
14 136
14 137
14 138
14 139
14 141
14 142
14 144
14 146
14 150
14 151
14 152
14 154
14 157
14 158
14 160
14 161
15 28
15 30
15 32
15 33
15 34
15 37
15 40
15 49
15 52
15 54
15 55
15 56
15 59
15 61
15 65
15 67
15 68
15 70
15 73
15 75
15 79
15 86
15 101
15 102
15 106
15 109
15 114
15 115
15 118
15 121
15 125
15 126
15 133
15 136
15 138
15 139
15 143
15 151
15 152
15 153
15 154
15 159
15 160
16 18
16 23
16 26
16 31
16 32
16 34
16 36
16 37
16 53
16 54
16 56
16 62
16 64
16 65
16 66
16 67
16 68
16 72
16 73
16 74
16 75
16 76
16 79
16 81
16 83
16 86
16 88
16 89
16 93
16 94
16 96
16 97
16 98
16 103
16 106
16 108
16 112
16 113
16 115
16 116
16 117
16 125
16 126
16 127
16 128
16 130
16 133
16 135
16 139
16 146
16 148
16 150
16 151
16 154
16 157
16 159
16 161
17 21
17 29
17 30
17 31
17 35
17 40
17 54
17 58
17 66
17 72
17 78
17 79
17 86
17 91
17 99
17 102
17 104
17 107
17 111
17 126
17 129
17 134
17 136
17 140
17 145
17 158
18 21
18 23
18 25
18 26
18 32
18 35
18 37
18 44
18 51
18 55
18 56
18 58
18 59
18 63
18 64
18 65
18 66
18 67
18 68
18 69
18 70
18 71
18 73
18 75
18 77
18 80
18 84
18 85
18 93
18 94
18 97
18 101
18 102
18 107
18 109
18 113
18 114
18 118
18 126
18 129
18 135
18 137
18 146
18 147
18 150
18 152
18 157
18 158
18 161
19 20
19 22
19 25
19 26
19 28
19 29
19 31
19 32
19 33
19 38
19 43
19 44
19 45
19 46
19 47
19 48
19 49
19 51
19 52
19 54
19 55
19 56
19 58
19 59
19 61
19 62
19 63
19 64
19 66
19 68
19 69
19 70
19 71
19 72
19 73
19 74
19 75
19 77
19 78
19 79
19 80
19 81
19 84
19 85
19 89
19 91
19 93
19 94
19 95
19 96
19 97
19 98
19 99
19 100
19 101
19 102
19 103
19 106
19 109
19 110
19 114
19 115
19 116
19 117
19 118
19 119
19 123
19 126
19 127
19 128
19 129
19 131
19 133
19 134
19 136
19 138
19 139
19 141
19 142
19 143
19 145
19 146
19 147
19 150
19 151
19 152
19 153
19 154
19 158
19 160
20 26
20 33
20 37
20 42
20 44
20 45
20 47
20 52
20 54
20 56
20 58
20 64
20 69
20 71
20 73
20 74
20 76
20 87
20 101
20 104
20 105
20 115
20 116
20 117
20 118
20 126
20 127
20 128
20 134
20 137
20 138
20 151
20 152
20 154
20 159
20 161
21 23
21 24
21 26
21 28
21 31
21 32
21 34
21 35
21 36
21 37
21 38
21 39
21 40
21 42
21 43
21 44
21 45
21 46
21 47
21 50
21 51
21 52
21 54
21 58
21 59
21 63
21 64
21 65
21 66
21 67
21 68
21 71
21 72
21 73
21 75
21 76
21 77
21 79
21 80
21 82
21 83
21 84
21 85
21 86
21 87
21 89
21 90
21 91
21 93
21 99
21 100
21 101
21 102
21 103
21 104
21 105
21 106
21 108
21 109
21 110
21 112
21 114
21 115
21 117
21 120
21 122
21 124
21 126
21 127
21 128
21 130
21 131
21 134
21 135
21 137
21 138
21 139
21 140
21 141
21 142
21 144
21 148
21 151
21 152
21 153
21 154
21 155
21 156
21 157
21 159
21 160
21 161
22 26
22 31
22 32
22 35
22 45
22 46
22 49
22 52
22 53
22 54
22 64
22 68
22 70
22 71
22 72
22 73
22 74
22 77
22 86
22 89
22 102
22 103
22 104
22 106
22 107
22 112
22 113
22 117
22 124
22 129
22 133
22 134
22 140
22 143
22 145
22 150
22 151
22 152
22 157
22 158
23 26
23 29
23 31
23 39
23 40
23 46
23 49
23 50
23 51
23 53
23 54
23 58
23 62
23 65
23 66
23 68
23 70
23 74
23 76
23 77
23 78
23 84
23 85
23 86
23 87
23 88
23 89
23 90
23 91
23 92
23 101
23 102
23 109
23 113
23 114
23 116
23 117
23 125
23 130
23 131
23 133
23 136
23 145
23 147
23 152
23 154
23 157
23 161
24 26
24 28
24 29
24 32
24 37
24 42
24 49
24 50
24 53
24 54
24 59
24 64
24 66
24 68
24 74
24 79
24 81
24 87
24 96
24 106
24 107
24 110
24 112
24 113
24 114
24 115
24 118
24 125
24 129
24 130
24 131
24 132
24 133
24 137
24 141
24 142
24 147
24 151
24 152
24 153
24 157
24 159
24 161
25 26
25 30
25 31
25 35
25 36
25 40
25 42
25 43
25 44
25 47
25 52
25 54
25 55
25 56
25 57
25 58
25 59
25 62
25 65
25 67
25 68
25 69
25 72
25 74
25 75
25 79
25 80
25 84
25 87
25 89
25 91
25 92
25 94
25 95
25 97
25 98
25 99
25 100
25 105
25 106
25 107
25 108
25 112
25 114
25 117
25 126
25 127
25 128
25 129
25 133
25 137
25 138
25 140
25 147
25 148
25 151
25 152
25 154
25 156
25 157
25 158
25 159
25 160
26 29
26 30
26 31
26 34
26 35
26 36
26 37
26 38
26 39
26 41
26 42
26 44
26 45
26 47
26 49
26 50
26 51
26 54
26 58
26 59
26 60
26 63
26 64
26 65
26 66
26 67
26 68
26 69
26 70
26 71
26 72
26 73
26 74
26 75
26 79
26 80
26 84
26 85
26 86
26 87
26 89
26 90
26 91
26 92
26 95
26 96
26 97
26 98
26 99
26 102
26 106
26 107
26 108
26 109
26 112
26 113
26 114
26 115
26 116
26 117
26 118
26 119
26 122
26 123
26 125
26 126
26 127
26 128
26 129
26 133
26 134
26 135
26 137
26 138
26 140
26 141
26 146
26 147
26 148
26 150
26 152
26 155
26 156
26 157
26 158
26 159
26 161
27 30
27 31
27 32
27 40
27 44
27 54
27 58
27 59
27 61
27 62
27 63
27 65
27 67
27 68
27 72
27 74
27 75
27 76
27 80
27 99
27 106
27 109
27 114
27 128
27 131
27 133
27 137
27 147
27 151
27 152
27 154
27 161
28 31
28 32
28 37
28 38
28 44
28 45
28 46
28 49
28 52
28 60
28 64
28 65
28 66
28 67
28 68
28 72
28 74
28 77
28 79
28 83
28 88
28 89
28 92
28 93
28 100
28 103
28 105
28 106
28 109
28 111
28 112
28 113
28 115
28 117
28 126
28 129
28 134
28 137
28 141
28 143
28 146
28 147
28 149
28 150
28 154
28 157
28 158
28 160
28 161
29 35
29 36
29 39
29 40
29 43
29 48
29 50
29 56
29 59
29 65
29 67
29 75
29 77
29 84
29 85
29 86
29 87
29 94
29 97
29 98
29 99
29 101
29 104
29 109
29 114
29 116
29 125
29 126
29 129
29 132
29 133
29 134
29 137
29 138
29 139
29 142
29 152
29 159
30 31
30 32
30 34
30 36
30 38
30 40
30 42
30 43
30 44
30 45
30 46
30 48
30 50
30 51
30 55
30 56
30 57
30 58
30 59
30 60
30 63
30 64
30 65
30 66
30 67
30 68
30 69
30 70
30 71
30 72
30 74
30 75
30 77
30 78
30 79
30 80
30 83
30 86
30 87
30 88
30 89
30 90
30 92
30 94
30 95
30 97
30 99
30 101
30 102
30 105
30 106
30 108
30 111
30 114
30 116
30 117
30 118
30 121
30 125
30 126
30 127
30 128
30 129
30 130
30 131
30 132
30 134
30 136
30 137
30 138
30 139
30 141
30 142
30 143
30 146
30 147
30 148
30 151
30 152
30 154
30 157
30 158
30 159
30 161
31 32
31 34
31 35
31 36
31 37
31 38
31 39
31 40
31 42
31 43
31 44
31 45
31 46
31 48
31 51
31 52
31 54
31 55
31 56
31 59
31 61
31 62
31 64
31 65
31 66
31 67
31 68
31 70
31 72
31 73
31 74
31 76
31 77
31 79
31 80
31 81
31 83
31 84
31 85
31 86
31 87
31 88
31 89
31 90
31 91
31 92
31 93
31 94
31 96
31 99
31 101
31 102
31 103
31 106
31 107
31 108
31 111
31 112
31 113
31 114
31 115
31 116
31 117
31 118
31 119
31 121
31 125
31 127
31 129
31 130
31 132
31 133
31 134
31 135
31 137
31 138
31 139
31 140
31 141
31 142
31 143
31 144
31 146
31 147
31 148
31 149
31 150
31 151
31 152
31 154
31 155
31 157
31 158
31 160
31 161
32 34
32 35
32 40
32 42
32 43
32 45
32 46
32 47
32 49
32 52
32 54
32 55
32 57
32 61
32 63
32 64
32 65
32 66
32 67
32 68
32 69
32 72
32 73
32 74
32 77
32 79
32 80
32 82
32 84
32 85
32 87
32 89
32 90
32 91
32 92
32 93
32 94
32 95
32 97
32 99
32 100
32 101
32 102
32 103
32 105
32 106
32 108
32 111
32 112
32 113
32 115
32 116
32 119
32 120
32 125
32 126
32 128
32 129
32 130
32 131
32 133
32 134
32 135
32 136
32 137
32 139
32 141
32 142
32 144
32 147
32 149
32 150
32 151
32 152
32 153
32 154
32 155
32 157
32 160
32 161
33 35
33 38
33 40
33 45
33 49
33 50
33 63
33 65
33 67
33 72
33 77
33 89
33 93
33 106
33 112
33 113
33 114
33 117
33 133
33 134
33 135
33 137
33 138
33 144
33 149
33 152
33 153
33 158
34 39
34 40
34 42
34 43
34 45
34 49
34 56
34 63
34 64
34 67
34 69
34 73
34 74
34 77
34 84
34 94
34 96
34 107
34 108
34 113
34 115
34 123
34 125
34 129
34 131
34 132
34 133
34 137
34 141
34 142
34 145
34 151
34 153
34 158
34 161
35 36
35 38
35 39
35 41
35 43
35 44
35 45
35 47
35 48
35 49
35 50
35 51
35 53
35 54
35 56
35 57
35 59
35 61
35 63
35 64
35 66
35 67
35 68
35 72
35 73
35 74
35 76
35 79
35 80
35 81
35 83
35 85
35 86
35 88
35 89
35 90
35 93
35 94
35 95
35 98
35 100
35 101
35 102
35 106
35 107
35 110
35 115
35 117
35 118
35 122
35 125
35 126
35 127
35 128
35 130
35 131
35 134
35 135
35 138
35 139
35 141
35 142
35 143
35 145
35 147
35 150
35 153
35 154
35 155
35 157
35 158
35 159
36 37
36 40
36 44
36 45
36 46
36 50
36 51
36 52
36 54
36 58
36 61
36 64
36 65
36 66
36 67
36 69
36 70
36 71
36 79
36 83
36 84
36 86
36 99
36 101
36 103
36 104
36 106
36 107
36 108
36 110
36 111
36 113
36 114
36 115
36 118
36 120
36 124
36 125
36 126
36 127
36 128
36 129
36 130
36 131
36 137
36 138
36 142
36 153
36 154
36 157
36 158
36 161
37 39
37 40
37 41
37 43
37 44
37 45
37 48
37 51
37 53
37 56
37 58
37 59
37 62
37 64
37 65
37 67
37 68
37 69
37 70
37 71
37 75
37 76
37 79
37 87
37 88
37 94
37 101
37 106
37 108
37 110
37 112
37 114
37 115
37 116
37 117
37 118
37 125
37 129
37 131
37 134
37 136
37 138
37 142
37 145
37 151
37 152
37 153
37 154
37 156
37 158
38 39
38 40
38 42
38 47
38 49
38 50
38 51
38 53
38 56
38 58
38 62
38 63
38 64
38 65
38 67
38 68
38 70
38 72
38 73
38 74
38 77
38 79
38 80
38 81
38 82
38 84
38 85
38 86
38 89
38 93
38 95
38 97
38 99
38 100
38 101
38 102
38 104
38 105
38 106
38 108
38 110
38 112
38 113
38 114
38 115
38 120
38 122
38 125
38 128
38 129
38 130
38 131
38 133
38 134
38 138
38 140
38 141
38 142
38 144
38 145
38 147
38 148
38 151
38 152
38 153
38 155
38 157
38 159
38 161
39 40
39 41
39 42
39 43
39 44
39 46
39 51
39 56
39 61
39 63
39 64
39 65
39 66
39 67
39 68
39 69
39 73
39 79
39 80
39 81
39 84
39 85
39 86
39 88
39 90
39 91
39 93
39 94
39 95
39 97
39 101
39 103
39 104
39 106
39 107
39 111
39 113
39 114
39 115
39 117
39 121
39 125
39 126
39 129
39 130
39 131
39 133
39 134
39 138
39 139
39 141
39 146
39 147
39 151
39 152
39 159
39 161
40 41
40 42
40 43
40 45
40 46
40 47
40 50
40 51
40 54
40 55
40 57
40 58
40 61
40 62
40 65
40 66
40 67
40 68
40 71
40 72
40 73
40 74
40 75
40 76
40 77
40 79
40 80
40 81
40 82
40 83
40 84
40 87
40 89
40 90
40 91
40 92
40 93
40 96
40 97
40 99
40 101
40 102
40 103
40 104
40 105
40 106
40 107
40 108
40 109
40 112
40 113
40 114
40 115
40 116
40 117
40 118
40 122
40 124
40 126
40 130
40 131
40 132
40 133
40 135
40 136
40 137
40 138
40 139
40 141
40 142
40 143
40 145
40 147
40 149
40 150
40 152
40 154
40 155
40 157
40 158
40 159
40 160
40 161
41 45
41 49
41 50
41 51
41 56
41 58
41 64
41 66
41 67
41 68
41 69
41 74
41 77
41 79
41 86
41 87
41 90
41 92
41 94
41 95
41 97
41 105
41 117
41 125
41 129
41 131
41 134
41 139
41 140
41 154
41 161
42 45
42 46
42 49
42 51
42 52
42 54
42 56
42 57
42 58
42 65
42 67
42 68
42 69
42 70
42 72
42 77
42 79
42 81
42 82
42 86
42 88
42 89
42 90
42 94
42 97
42 98
42 101
42 102
42 105
42 109
42 112
42 113
42 114
42 116
42 128
42 129
42 130
42 131
42 133
42 134
42 137
42 138
42 139
42 141
42 142
42 144
42 145
42 146
42 148
42 151
42 152
42 153
43 44
43 45
43 46
43 47
43 48
43 50
43 51
43 52
43 54
43 56
43 58
43 59
43 61
43 62
43 65
43 67
43 68
43 72
43 74
43 79
43 81
43 82
43 84
43 88
43 92
43 93
43 94
43 95
43 97
43 98
43 102
43 103
43 105
43 106
43 108
43 109
43 116
43 117
43 118
43 125
43 126
43 128
43 129
43 132
43 133
43 134
43 135
43 136
43 137
43 138
43 141
43 145
43 146
43 150
43 153
43 157
43 159
43 160
43 161
44 46
44 49
44 50
44 51
44 54
44 56
44 58
44 61
44 62
44 63
44 64
44 65
44 66
44 67
44 68
44 69
44 71
44 72
44 73
44 75
44 77
44 79
44 80
44 83
44 84
44 85
44 87
44 89
44 92
44 93
44 94
44 96
44 100
44 101
44 102
44 105
44 107
44 108
44 110
44 112
44 114
44 115
44 117
44 121
44 122
44 125
44 126
44 130
44 131
44 132
44 133
44 134
44 136
44 137
44 138
44 139
44 140
44 141
44 142
44 143
44 145
44 148
44 151
44 153
44 157
44 159
44 160
45 46
45 49
45 50
45 53
45 54
45 55
45 57
45 58
45 59
45 61
45 62
45 63
45 64
45 65
45 66
45 67
45 68
45 70
45 71
45 72
45 73
45 76
45 77
45 79
45 80
45 82
45 87
45 88
45 89
45 92
45 93
45 94
45 96
45 97
45 98
45 99
45 101
45 102
45 103
45 105
45 106
45 107
45 108
45 109
45 110
45 111
45 112
45 113
45 114
45 115
45 116
45 117
45 118
45 119
45 120
45 122
45 123
45 125
45 126
45 127
45 129
45 130
45 131
45 133
45 134
45 137
45 139
45 140
45 141
45 142
45 143
45 145
45 146
45 147
45 149
45 151
45 152
45 153
45 154
45 155
45 157
45 158
45 159
45 161
46 49
46 51
46 55
46 56
46 62
46 64
46 65
46 67
46 68
46 69
46 70
46 72
46 75
46 76
46 77
46 79
46 85
46 87
46 89
46 91
46 95
46 97
46 101
46 102
46 105
46 108
46 110
46 112
46 114
46 117
46 118
46 124
46 125
46 129
46 131
46 133
46 136
46 137
46 138
46 139
46 140
46 142
46 146
46 147
46 149
46 156
46 157
46 158
46 161
47 50
47 64
47 65
47 67
47 74
47 77
47 79
47 101
47 103
47 104
47 105
47 116
47 118
47 119
47 124
47 125
47 131
47 133
47 136
47 137
47 149
47 150
47 151
47 152
47 154
48 49
48 54
48 56
48 64
48 65
48 68
48 69
48 70
48 72
48 82
48 87
48 89
48 93
48 101
48 106
48 129
48 133
48 135
48 138
48 141
48 142
48 143
48 145
48 153
48 154
48 158
49 50
49 51
49 54
49 55
49 56
49 57
49 58
49 64
49 67
49 69
49 70
49 71
49 72
49 73
49 74
49 75
49 76
49 79
49 81
49 83
49 84
49 88
49 92
49 94
49 95
49 97
49 98
49 100
49 102
49 105
49 106
49 108
49 109
49 110
49 112
49 114
49 115
49 117
49 118
49 121
49 122
49 123
49 124
49 126
49 127
49 128
49 129
49 130
49 131
49 133
49 134
49 136
49 137
49 138
49 140
49 141
49 142
49 145
49 146
49 147
49 148
49 151
49 152
49 155
49 157
49 159
49 161
50 51
50 52
50 54
50 56
50 58
50 60
50 64
50 65
50 66
50 67
50 68
50 69
50 70
50 71
50 72
50 73
50 74
50 75
50 77
50 79
50 82
50 84
50 85
50 88
50 90
50 92
50 93
50 97
50 99
50 106
50 107
50 108
50 109
50 111
50 112
50 116
50 118
50 125
50 126
50 128
50 130
50 131
50 136
50 137
50 138
50 139
50 142
50 143
50 146
50 147
50 148
50 151
50 152
50 154
50 158
50 160
50 161
51 52
51 53
51 54
51 55
51 56
51 57
51 58
51 63
51 64
51 65
51 66
51 67
51 68
51 69
51 70
51 71
51 72
51 73
51 75
51 76
51 80
51 83
51 84
51 86
51 88
51 89
51 90
51 94
51 95
51 97
51 98
51 99
51 100
51 101
51 102
51 104
51 105
51 106
51 108
51 109
51 112
51 113
51 114
51 115
51 116
51 117
51 121
51 125
51 126
51 127
51 129
51 133
51 134
51 135
51 137
51 139
51 141
51 144
51 146
51 147
51 149
51 151
51 152
51 154
51 155
51 157
51 158
51 159
51 160
51 161
52 53
52 54
52 55
52 56
52 57
52 59
52 61
52 63
52 66
52 70
52 73
52 74
52 75
52 77
52 80
52 81
52 83
52 86
52 87
52 90
52 91
52 94
52 95
52 98
52 101
52 102
52 103
52 104
52 107
52 108
52 112
52 114
52 115
52 118
52 125
52 128
52 129
52 130
52 131
52 133
52 134
52 138
52 139
52 144
52 146
52 147
52 150
52 152
52 154
52 155
53 54
53 59
53 62
53 64
53 68
53 72
53 74
53 79
53 89
53 92
53 95
53 96
53 103
53 105
53 107
53 109
53 110
53 112
53 113
53 115
53 117
53 118
53 124
53 126
53 130
53 131
53 136
53 137
53 141
53 142
53 147
53 151
53 152
53 153
53 155
53 158
53 160
53 161
54 55
54 56
54 57
54 58
54 59
54 63
54 64
54 65
54 67
54 68
54 69
54 70
54 71
54 73
54 75
54 77
54 79
54 80
54 81
54 84
54 88
54 89
54 93
54 94
54 98
54 99
54 101
54 102
54 103
54 105
54 106
54 108
54 111
54 112
54 113
54 115
54 117
54 118
54 119
54 120
54 122
54 126
54 127
54 129
54 130
54 131
54 132
54 133
54 135
54 136
54 137
54 138
54 139
54 141
54 142
54 146
54 147
54 148
54 149
54 151
54 152
54 153
54 154
54 155
54 156
54 157
54 158
54 159
54 160
54 161
55 58
55 64
55 65
55 67
55 68
55 70
55 71
55 72
55 75
55 76
55 79
55 80
55 81
55 82
55 85
55 86
55 87
55 89
55 90
55 91
55 95
55 97
55 101
55 105
55 106
55 107
55 108
55 111
55 112
55 114
55 115
55 116
55 117
55 128
55 129
55 132
55 133
55 134
55 136
55 137
55 138
55 140
55 141
55 142
55 147
55 151
55 153
55 154
55 155
55 157
55 158
55 159
55 160
55 161
56 59
56 63
56 64
56 65
56 66
56 67
56 68
56 69
56 70
56 71
56 72
56 73
56 74
56 75
56 77
56 79
56 80
56 84
56 85
56 88
56 89
56 91
56 92
56 93
56 94
56 95
56 97
56 98
56 101
56 104
56 106
56 108
56 111
56 113
56 114
56 116
56 118
56 121
56 123
56 125
56 129
56 132
56 133
56 134
56 135
56 138
56 140
56 142
56 147
56 149
56 151
56 152
56 156
56 157
56 161
57 58
57 64
57 65
57 67
57 73
57 74
57 79
57 84
57 86
57 94
57 99
57 102
57 106
57 109
57 111
57 113
57 116
57 118
57 125
57 129
57 134
57 137
57 138
57 147
57 151
57 152
57 154
57 157
57 160
57 161
58 66
58 67
58 70
58 71
58 74
58 75
58 78
58 79
58 84
58 86
58 87
58 94
58 96
58 97
58 100
58 102
58 103
58 106
58 108
58 111
58 112
58 113
58 125
58 129
58 131
58 133
58 134
58 138
58 141
58 142
58 150
58 152
58 153
58 154
58 158
58 159
58 160
58 161
59 64
59 65
59 67
59 68
59 69
59 80
59 84
59 87
59 88
59 92
59 94
59 97
59 100
59 101
59 104
59 105
59 106
59 107
59 110
59 111
59 113
59 114
59 115
59 117
59 125
59 129
59 134
59 135
59 136
59 137
59 138
59 140
59 142
59 145
59 146
59 147
59 150
59 152
59 153
59 159
59 161
60 62
60 63
60 64
60 79
60 88
60 91
60 100
60 106
60 108
60 111
60 114
60 118
60 125
60 128
60 131
60 135
60 137
60 138
60 147
60 157
61 63
61 66
61 67
61 69
61 70
61 71
61 72
61 75
61 77
61 79
61 86
61 87
61 88
61 91
61 94
61 97
61 98
61 104
61 108
61 115
61 118
61 125
61 127
61 129
61 130
61 133
61 134
61 135
61 136
61 137
61 138
61 139
61 141
61 142
61 148
61 150
61 152
61 156
61 158
61 160
61 161
62 63
62 64
62 65
62 67
62 68
62 70
62 72
62 74
62 75
62 79
62 80
62 83
62 100
62 105
62 106
62 107
62 111
62 112
62 113
62 115
62 116
62 117
62 119
62 128
62 133
62 135
62 138
62 139
62 142
62 147
62 150
62 152
62 154
62 156
62 161
63 64
63 65
63 68
63 69
63 70
63 71
63 72
63 73
63 74
63 75
63 79
63 81
63 83
63 84
63 86
63 89
63 91
63 92
63 94
63 98
63 101
63 105
63 107
63 109
63 110
63 113
63 114
63 115
63 116
63 117
63 118
63 120
63 121
63 125
63 129
63 130
63 131
63 133
63 134
63 139
63 140
63 141
63 142
63 145
63 147
63 148
63 150
63 151
63 152
63 153
63 154
63 157
63 158
64 65
64 66
64 67
64 68
64 69
64 70
64 71
64 72
64 73
64 74
64 75
64 76
64 77
64 79
64 80
64 81
64 84
64 86
64 87
64 88
64 89
64 92
64 94
64 96
64 97
64 99
64 100
64 101
64 102
64 103
64 105
64 106
64 107
64 108
64 109
64 111
64 113
64 114
64 115
64 117
64 118
64 122
64 126
64 127
64 128
64 129
64 130
64 131
64 132
64 133
64 134
64 135
64 136
64 137
64 138
64 139
64 141
64 145
64 151
64 152
64 153
64 154
64 155
64 158
64 159
64 160
64 161
65 66
65 68
65 69
65 70
65 71
65 72
65 73
65 75
65 80
65 81
65 84
65 87
65 88
65 89
65 90
65 93
65 94
65 97
65 100
65 101
65 102
65 106
65 108
65 110
65 112
65 114
65 115
65 116
65 117
65 118
65 125
65 127
65 128
65 129
65 130
65 133
65 134
65 136
65 138
65 139
65 140
65 142
65 147
65 149
65 151
65 152
65 153
65 154
65 156
65 160
65 161
66 67
66 68
66 69
66 70
66 71
66 73
66 77
66 79
66 81
66 82
66 84
66 85
66 87
66 89
66 90
66 93
66 94
66 95
66 96
66 97
66 98
66 99
66 101
66 103
66 105
66 106
66 108
66 109
66 113
66 114
66 115
66 117
66 121
66 125
66 129
66 131
66 133
66 134
66 137
66 138
66 140
66 141
66 142
66 143
66 147
66 148
66 151
66 152
66 153
66 158
67 68
67 69
67 70
67 71
67 72
67 73
67 75
67 78
67 79
67 81
67 82
67 84
67 85
67 86
67 87
67 88
67 89
67 90
67 91
67 93
67 94
67 97
67 98
67 99
67 101
67 102
67 103
67 104
67 105
67 106
67 108
67 110
67 111
67 113
67 114
67 115
67 116
67 117
67 118
67 123
67 124
67 125
67 126
67 127
67 128
67 129
67 130
67 131
67 132
67 133
67 134
67 137
67 139
67 140
67 142
67 145
67 146
67 147
67 149
67 151
67 152
67 153
67 154
67 156
67 157
67 158
67 159
67 160
67 161
68 69
68 71
68 72
68 73
68 74
68 75
68 77
68 78
68 79
68 85
68 86
68 87
68 88
68 92
68 94
68 97
68 99
68 101
68 102
68 104
68 105
68 106
68 107
68 108
68 109
68 110
68 113
68 114
68 115
68 117
68 118
68 119
68 125
68 127
68 128
68 129
68 130
68 131
68 132
68 133
68 134
68 136
68 137
68 138
68 139
68 141
68 142
68 143
68 145
68 149
68 150
68 151
68 154
68 155
68 157
68 158
68 159
68 160
69 70
69 72
69 73
69 74
69 76
69 77
69 79
69 82
69 84
69 85
69 87
69 88
69 89
69 92
69 93
69 94
69 99
69 100
69 101
69 108
69 110
69 112
69 113
69 114
69 117
69 118
69 120
69 121
69 126
69 127
69 129
69 130
69 132
69 133
69 134
69 136
69 137
69 138
69 139
69 141
69 142
69 143
69 144
69 145
69 146
69 147
69 149
69 153
69 154
69 156
69 157
69 158
69 159
69 160
69 161
70 71
70 73
70 74
70 75
70 76
70 77
70 78
70 79
70 81
70 82
70 85
70 86
70 87
70 89
70 92
70 93
70 94
70 97
70 100
70 101
70 102
70 103
70 106
70 108
70 109
70 111
70 112
70 113
70 114
70 115
70 116
70 117
70 118
70 122
70 129
70 130
70 131
70 132
70 133
70 134
70 136
70 137
70 139
70 140
70 141
70 142
70 145
70 147
70 148
70 150
70 151
70 152
70 154
70 155
70 156
70 157
70 158
70 160
70 161
71 72
71 73
71 75
71 76
71 77
71 83
71 86
71 87
71 89
71 90
71 91
71 92
71 93
71 94
71 100
71 101
71 104
71 105
71 106
71 107
71 108
71 109
71 111
71 112
71 113
71 115
71 116
71 117
71 118
71 125
71 128
71 129
71 130
71 131
71 133
71 134
71 135
71 137
71 138
71 141
71 142
71 143
71 146
71 147
71 150
71 151
71 152
71 153
71 154
71 155
71 157
71 158
71 159
71 160
71 161
72 73
72 74
72 76
72 77
72 80
72 87
72 89
72 90
72 91
72 93
72 94
72 98
72 99
72 100
72 101
72 102
72 104
72 105
72 106
72 107
72 108
72 109
72 110
72 111
72 114
72 115
72 116
72 117
72 118
72 125
72 126
72 129
72 130
72 131
72 133
72 134
72 135
72 136
72 138
72 139
72 141
72 142
72 144
72 145
72 146
72 147
72 148
72 149
72 151
72 152
72 154
72 157
72 158
72 159
72 161
73 74
73 75
73 77
73 79
73 82
73 85
73 86
73 89
73 91
73 92
73 93
73 96
73 97
73 98
73 101
73 102
73 103
73 105
73 107
73 108
73 109
73 110
73 111
73 112
73 113
73 114
73 115
73 117
73 118
73 124
73 126
73 127
73 128
73 129
73 130
73 131
73 133
73 134
73 136
73 137
73 138
73 139
73 147
73 149
73 150
73 151
73 152
73 155
73 158
73 161
74 76
74 77
74 79
74 80
74 84
74 87
74 88
74 90
74 94
74 97
74 98
74 99
74 101
74 102
74 103
74 105
74 106
74 107
74 108
74 110
74 111
74 112
74 113
74 114
74 115
74 116
74 117
74 118
74 119
74 120
74 123
74 125
74 128
74 129
74 130
74 131
74 133
74 134
74 136
74 138
74 139
74 140
74 141
74 142
74 144
74 145
74 146
74 147
74 148
74 149
74 150
74 151
74 152
74 153
74 154
74 158
74 159
74 160
74 161
75 76
75 77
75 79
75 82
75 84
75 87
75 89
75 92
75 93
75 94
75 96
75 97
75 101
75 102
75 103
75 107
75 108
75 109
75 111
75 112
75 113
75 115
75 116
75 117
75 118
75 119
75 124
75 125
75 126
75 129
75 130
75 131
75 132
75 134
75 135
75 138
75 140
75 141
75 144
75 147
75 150
75 151
75 152
75 153
75 154
75 158
75 159
75 161
76 77
76 79
76 82
76 84
76 88
76 89
76 98
76 106
76 107
76 108
76 110
76 113
76 118
76 129
76 130
76 134
76 138
76 142
76 145
76 149
76 152
76 156
76 158
77 80
77 82
77 84
77 85
77 87
77 89
77 93
77 94
77 97
77 99
77 100
77 101
77 103
77 104
77 105
77 106
77 107
77 108
77 110
77 111
77 113
77 114
77 115
77 117
77 118
77 122
77 127
77 130
77 131
77 134
77 135
77 136
77 138
77 139
77 140
77 145
77 146
77 147
77 150
77 152
77 153
77 154
77 157
77 158
77 160
78 79
78 94
78 100
78 102
78 108
78 113
78 125
78 128
78 134
78 136
78 156
78 160
79 80
79 82
79 86
79 87
79 89
79 90
79 91
79 92
79 94
79 97
79 98
79 99
79 100
79 101
79 102
79 103
79 104
79 105
79 106
79 107
79 108
79 109
79 110
79 111
79 112
79 113
79 114
79 115
79 117
79 119
79 120
79 124
79 127
79 128
79 130
79 131
79 133
79 135
79 136
79 137
79 138
79 139
79 142
79 143
79 146
79 147
79 150
79 151
79 152
79 153
79 154
79 155
79 158
79 159
79 160
80 84
80 85
80 87
80 88
80 93
80 94
80 97
80 101
80 102
80 103
80 105
80 108
80 109
80 111
80 112
80 113
80 114
80 115
80 117
80 118
80 131
80 134
80 136
80 137
80 138
80 140
80 142
80 143
80 146
80 147
80 150
80 151
80 152
80 157
80 158
80 159
80 161
81 89
81 95
81 109
81 114
81 117
81 130
81 135
81 137
81 138
81 150
81 151
81 153
81 154
81 161
82 83
82 88
82 89
82 91
82 92
82 95
82 101
82 102
82 109
82 115
82 117
82 118
82 121
82 122
82 125
82 133
82 137
82 142
82 145
82 147
82 150
82 154
82 160
82 161
83 84
83 88
83 92
83 93
83 96
83 98
83 99
83 101
83 105
83 106
83 112
83 114
83 115
83 119
83 131
83 132
83 141
83 145
83 147
83 149
83 158
84 89
84 90
84 92
84 93
84 95
84 97
84 98
84 99
84 100
84 101
84 103
84 104
84 105
84 106
84 107
84 108
84 109
84 112
84 113
84 114
84 115
84 117
84 119
84 121
84 124
84 127
84 129
84 130
84 131
84 132
84 133
84 134
84 135
84 137
84 138
84 139
84 141
84 146
84 149
84 150
84 151
84 152
84 153
84 154
84 156
84 157
85 93
85 95
85 97
85 100
85 101
85 105
85 106
85 109
85 111
85 113
85 114
85 115
85 118
85 122
85 129
85 130
85 134
85 135
85 136
85 137
85 145
85 147
85 148
85 151
85 153
85 154
85 157
85 159
85 160
86 94
86 95
86 107
86 111
86 112
86 115
86 118
86 125
86 127
86 133
86 134
86 139
86 142
86 151
86 152
86 154
86 157
86 158
86 159
86 161
87 88
87 89
87 91
87 95
87 99
87 101
87 102
87 104
87 105
87 106
87 108
87 109
87 110
87 111
87 112
87 113
87 114
87 117
87 121
87 126
87 127
87 128
87 132
87 133
87 138
87 139
87 140
87 141
87 142
87 147
87 149
87 151
87 152
87 153
87 154
87 155
87 157
87 158
87 159
87 161
88 89
88 90
88 91
88 92
88 93
88 94
88 97
88 98
88 99
88 101
88 102
88 103
88 105
88 106
88 107
88 108
88 109
88 112
88 114
88 118
88 125
88 126
88 128
88 129
88 133
88 134
88 137
88 138
88 141
88 143
88 147
88 152
88 154
88 157
88 158
88 161
89 90
89 91
89 93
89 94
89 95
89 97
89 101
89 102
89 104
89 105
89 107
89 108
89 109
89 110
89 111
89 112
89 113
89 114
89 115
89 116
89 117
89 118
89 122
89 124
89 125
89 126
89 127
89 129
89 131
89 132
89 133
89 134
89 135
89 137
89 138
89 139
89 142
89 144
89 147
89 149
89 150
89 151
89 152
89 153
89 154
89 157
89 158
89 159
89 161
90 96
90 100
90 105
90 113
90 117
90 120
90 127
90 129
90 137
90 138
90 143
90 145
90 147
90 152
90 161
91 93
91 94
91 98
91 102
91 107
91 108
91 113
91 114
91 115
91 118
91 122
91 125
91 130
91 131
91 134
91 137
91 138
91 142
91 146
91 149
91 150
91 152
91 153
91 154
91 160
92 93
92 94
92 101
92 103
92 104
92 106
92 108
92 109
92 112
92 113
92 115
92 124
92 125
92 129
92 130
92 133
92 134
92 135
92 138
92 139
92 140
92 141
92 142
92 146
92 147
92 149
92 150
92 151
92 152
92 157
92 158
92 159
92 161
93 94
93 96
93 97
93 98
93 100
93 102
93 105
93 106
93 108
93 109
93 110
93 114
93 117
93 120
93 124
93 126
93 128
93 129
93 131
93 133
93 135
93 136
93 137
93 138
93 139
93 141
93 146
93 153
93 154
93 155
93 156
93 158
93 160
94 96
94 97
94 99
94 100
94 101
94 102
94 103
94 104
94 105
94 106
94 107
94 108
94 109
94 111
94 115
94 116
94 117
94 119
94 122
94 124
94 127
94 128
94 129
94 130
94 131
94 133
94 134
94 135
94 136
94 137
94 139
94 141
94 142
94 144
94 145
94 146
94 149
94 150
94 151
94 152
94 154
94 157
94 160
94 161
95 102
95 105
95 106
95 108
95 109
95 116
95 119
95 129
95 130
95 131
95 133
95 138
95 142
95 147
95 152
95 153
95 154
95 158
95 160
96 98
96 106
96 108
96 109
96 112
96 113
96 114
96 115
96 116
96 118
96 125
96 129
96 134
96 137
96 143
96 151
96 153
96 155
97 98
97 101
97 102
97 103
97 108
97 110
97 111
97 113
97 114
97 117
97 119
97 123
97 126
97 128
97 129
97 130
97 131
97 133
97 134
97 135
97 136
97 137
97 138
97 139
97 141
97 145
97 146
97 149
97 150
97 151
97 152
97 153
97 154
97 157
97 158
97 159
98 106
98 108
98 110
98 113
98 115
98 118
98 121
98 124
98 126
98 128
98 133
98 134
98 137
98 140
98 141
98 144
98 147
98 149
98 151
98 152
98 154
98 158
99 101
99 102
99 103
99 105
99 106
99 111
99 113
99 114
99 115
99 117
99 118
99 131
99 133
99 134
99 138
99 142
99 152
99 153
99 154
99 158
99 159
99 161
100 101
100 102
100 112
100 115
100 117
100 118
100 129
100 131
100 133
100 134
100 137
100 138
100 142
100 146
100 149
100 150
100 151
100 152
100 153
100 154
100 158
100 161
101 102
101 106
101 108
101 109
101 110
101 111
101 112
101 113
101 114
101 115
101 116
101 117
101 118
101 119
101 125
101 126
101 127
101 128
101 129
101 130
101 131
101 132
101 133
101 134
101 135
101 137
101 138
101 139
101 141
101 142
101 143
101 145
101 146
101 147
101 150
101 151
101 152
101 153
101 154
101 155
101 156
101 157
101 158
101 160
101 161
102 106
102 107
102 108
102 112
102 113
102 115
102 117
102 118
102 119
102 125
102 127
102 130
102 131
102 133
102 134
102 135
102 136
102 137
102 138
102 139
102 140
102 141
102 142
102 145
102 146
102 147
102 149
102 150
102 151
102 152
102 154
102 155
102 157
102 158
102 159
102 161
103 104
103 108
103 112
103 113
103 119
103 126
103 127
103 130
103 131
103 132
103 137
103 138
103 139
103 142
103 145
103 150
103 151
103 153
103 154
103 157
103 158
104 106
104 109
104 117
104 125
104 126
104 129
104 131
104 133
104 134
104 139
104 142
104 150
104 155
104 157
104 158
105 108
105 110
105 112
105 113
105 114
105 115
105 117
105 118
105 122
105 124
105 125
105 130
105 131
105 134
105 135
105 137
105 142
105 145
105 146
105 150
105 151
105 152
105 153
105 154
105 157
105 158
105 161
106 107
106 108
106 110
106 111
106 112
106 114
106 115
106 118
106 125
106 127
106 129
106 131
106 134
106 136
106 137
106 139
106 141
106 142
106 145
106 146
106 147
106 149
106 150
106 151
106 152
106 154
106 157
106 161
107 108
107 109
107 112
107 115
107 117
107 118
107 122
107 126
107 127
107 128
107 129
107 135
107 137
107 142
107 145
107 146
107 151
107 152
107 154
107 155
107 157
107 158
107 161
108 113
108 114
108 115
108 116
108 117
108 119
108 124
108 125
108 126
108 127
108 128
108 129
108 130
108 131
108 133
108 134
108 135
108 136
108 137
108 138
108 140
108 142
108 146
108 147
108 148
108 150
108 151
108 152
108 154
108 157
108 158
108 159
108 160
109 111
109 113
109 114
109 115
109 117
109 118
109 119
109 125
109 134
109 136
109 137
109 138
109 141
109 142
109 147
109 148
109 151
109 152
109 153
109 154
109 159
109 160
110 111
110 113
110 114
110 115
110 117
110 118
110 127
110 132
110 133
110 134
110 137
110 139
110 141
110 147
110 152
110 153
110 154
110 158
110 159
111 117
111 119
111 125
111 128
111 134
111 135
111 137
111 138
111 139
111 141
111 142
111 145
111 149
111 151
111 152
111 153
111 154
111 157
111 158
111 159
112 114
112 115
112 116
112 117
112 118
112 125
112 126
112 128
112 129
112 130
112 131
112 133
112 134
112 135
112 136
112 137
112 138
112 139
112 141
112 142
112 145
112 146
112 147
112 150
112 151
112 152
112 155
112 156
112 157
112 158
112 160
112 161
113 114
113 115
113 117
113 118
113 119
113 125
113 126
113 128
113 130
113 131
113 134
113 136
113 138
113 139
113 141
113 142
113 145
113 146
113 147
113 150
113 151
113 152
113 154
113 155
113 156
113 157
113 158
113 160
114 116
114 117
114 118
114 120
114 121
114 124
114 126
114 129
114 131
114 134
114 135
114 137
114 138
114 140
114 141
114 146
114 147
114 148
114 149
114 150
114 151
114 152
114 153
114 154
114 157
114 161
115 116
115 117
115 118
115 122
115 124
115 125
115 126
115 127
115 128
115 129
115 131
115 134
115 136
115 138
115 139
115 140
115 141
115 142
115 143
115 145
115 147
115 150
115 151
115 152
115 153
115 155
115 157
115 158
115 161
116 118
116 123
116 129
116 130
116 131
116 133
116 134
116 137
116 138
116 141
116 142
116 146
116 147
116 149
116 151
116 152
116 153
116 154
116 157
117 118
117 121
117 125
117 129
117 131
117 132
117 133
117 134
117 136
117 137
117 138
117 139
117 141
117 142
117 143
117 145
117 146
117 147
117 149
117 150
117 151
117 152
117 154
117 155
117 158
117 159
117 160
118 122
118 125
118 128
118 130
118 131
118 133
118 134
118 135
118 136
118 137
118 138
118 139
118 141
118 142
118 145
118 146
118 147
118 148
118 150
118 151
118 153
118 154
118 156
118 157
118 158
118 159
118 161
119 129
119 131
119 135
119 137
119 138
119 141
119 143
119 152
119 154
120 126
120 145
120 151
120 158
120 159
121 127
121 130
121 135
121 137
121 142
121 144
121 152
121 154
121 155
122 128
122 138
122 140
122 145
122 147
122 152
122 154
122 157
123 125
123 131
123 136
123 138
123 143
123 150
123 152
123 153
124 135
124 138
124 143
124 145
124 146
124 150
124 151
124 152
124 154
124 158
125 129
125 131
125 134
125 135
125 136
125 137
125 138
125 139
125 142
125 146
125 147
125 150
125 151
125 152
125 154
125 156
125 158
125 160
125 161
126 131
126 133
126 135
126 136
126 138
126 139
126 142
126 145
126 146
126 151
126 154
126 156
126 159
127 129
127 133
127 134
127 135
127 144
127 145
127 152
127 153
128 131
128 132
128 133
128 134
128 137
128 139
128 140
128 142
128 145
128 146
128 147
128 154
128 157
128 158
129 130
129 133
129 134
129 135
129 136
129 137
129 138
129 139
129 141
129 143
129 145
129 146
129 148
129 149
129 151
129 152
129 153
129 154
129 155
129 157
129 158
129 159
129 160
129 161
130 131
130 133
130 134
130 137
130 138
130 139
130 142
130 145
130 149
130 152
130 154
130 158
131 132
131 133
131 134
131 135
131 136
131 137
131 138
131 139
131 141
131 142
131 143
131 146
131 147
131 148
131 149
131 150
131 151
131 152
131 153
131 154
131 155
131 157
131 158
131 159
131 160
131 161
132 138
132 141
132 152
133 134
133 135
133 136
133 137
133 139
133 140
133 141
133 145
133 146
133 148
133 150
133 151
133 152
133 154
133 159
133 161
134 135
134 136
134 137
134 138
134 139
134 141
134 142
134 145
134 146
134 147
134 152
134 154
134 155
134 157
134 158
134 160
135 139
135 142
135 147
135 150
135 151
135 152
135 153
135 158
135 161
136 138
136 139
136 141
136 142
136 147
136 148
136 150
136 151
136 152
136 153
136 154
136 157
137 138
137 140
137 141
137 142
137 149
137 150
137 151
137 152
137 153
137 154
137 157
137 158
137 159
137 160
137 161
138 139
138 141
138 142
138 143
138 144
138 145
138 146
138 147
138 150
138 151
138 152
138 153
138 154
138 157
138 158
138 161
139 141
139 142
139 143
139 144
139 145
139 146
139 147
139 149
139 151
139 152
139 153
139 154
139 160
140 148
140 150
140 151
140 154
140 157
140 158
141 146
141 147
141 152
141 153
141 154
141 157
141 159
142 143
142 146
142 150
142 151
142 152
142 153
142 154
142 156
142 157
142 158
142 159
142 160
142 161
143 144
143 153
143 158
144 149
144 152
144 154
145 146
145 149
145 150
145 153
145 157
145 158
145 160
146 148
146 150
146 151
146 152
146 154
146 155
146 156
146 157
146 158
146 159
147 149
147 150
147 151
147 152
147 153
147 154
147 155
147 156
147 157
147 158
147 159
147 160
148 157
148 158
148 161
149 150
149 153
149 156
149 157
149 158
150 152
150 153
150 154
150 155
150 156
150 160
151 153
151 155
151 157
151 158
151 159
151 160
151 161
152 153
152 154
152 157
152 158
152 160
153 154
153 157
153 158
154 157
154 158
154 161
155 161
157 158
158 159
158 160
158 161
