0 1
0 2
0 5
0 6
0 7
0 8
0 18
0 19
0 21
0 24
0 27
0 28
0 31
0 35
0 36
0 38
0 40
0 42
0 44
0 45
0 49
0 51
0 54
0 55
0 56
0 58
0 66
0 67
0 68
0 69
0 70
0 73
0 74
0 75
0 77
0 87
0 92
0 93
0 98
0 99
0 101
0 102
0 105
0 106
0 107
0 108
0 109
0 113
0 115
0 116
0 118
0 120
0 125
0 128
0 131
0 133
0 134
0 139
0 141
0 142
0 146
0 147
0 151
0 158
0 160
1 4
1 5
1 6
1 7
1 9
1 10
1 12
1 13
1 14
1 15
1 19
1 21
1 24
1 25
1 26
1 27
1 30
1 31
1 32
1 34
1 35
1 36
1 41
1 43
1 44
1 45
1 49
1 51
1 52
1 53
1 54
1 56
1 61
1 65
1 66
1 67
1 68
1 71
1 77
1 79
1 84
1 85
1 87
1 93
1 102
1 103
1 105
1 106
1 107
1 108
1 114
1 115
1 116
1 117
1 118
1 125
1 130
1 131
1 135
1 136
1 137
1 139
1 142
1 147
1 150
1 151
1 152
1 153
1 155
1 158
2 4
2 6
2 7
2 11
2 15
2 19
2 21
2 26
2 28
2 32
2 33
2 36
2 38
2 40
2 43
2 45
2 47
2 49
2 52
2 53
2 54
2 55
2 56
2 59
2 64
2 66
2 68
2 70
2 72
2 74
2 79
2 82
2 84
2 85
2 88
2 89
2 91
2 93
2 102
2 105
2 107
2 112
2 113
2 114
2 115
2 129
2 130
2 131
2 133
2 134
2 135
2 136
2 137
2 138
2 139
2 145
2 150
2 151
2 152
2 153
2 154
2 157
2 159
3 6
3 7
3 9
3 11
3 16
3 21
3 24
3 26
3 30
3 31
3 32
3 35
3 37
3 40
3 45
3 49
3 52
3 54
3 55
3 57
3 63
3 64
3 65
3 67
3 68
3 69
3 71
3 72
3 73
3 79
3 82
3 84
3 86
3 89
3 93
3 94
3 99
3 101
3 106
3 108
3 110
3 113
3 114
3 117
3 118
3 122
3 129
3 133
3 135
3 138
3 145
3 146
3 147
3 150
3 152
3 153
3 154
3 158
3 161
4 5
4 6
4 7
4 8
4 9
4 10
4 11
4 12
4 13
4 14
4 15
4 16
4 18
4 19
4 20
4 21
4 24
4 25
4 26
4 30
4 31
4 32
4 34
4 35
4 36
4 37
4 38
4 39
4 40
4 42
4 43
4 44
4 45
4 46
4 47
4 48
4 49
4 51
4 52
4 54
4 56
4 57
4 58
4 59
4 60
4 62
4 64
4 65
4 67
4 68
4 69
4 70
4 71
4 72
4 73
4 74
4 75
4 76
4 77
4 79
4 80
4 82
4 83
4 84
4 85
4 86
4 87
4 88
4 89
4 90
4 93
4 94
4 95
4 97
4 98
4 99
4 101
4 102
4 105
4 106
4 107
4 108
4 109
4 111
4 112
4 113
4 114
4 115
4 116
4 117
4 118
4 122
4 124
4 125
4 126
4 127
4 128
4 129
4 130
4 131
4 132
4 134
4 135
4 136
4 137
4 138
4 140
4 141
4 142
4 143
4 146
4 147
4 149
4 150
4 151
4 152
4 153
4 154
4 157
4 158
4 159
4 161
5 6
5 10
5 11
5 12
5 14
5 15
5 19
5 20
5 21
5 25
5 28
5 34
5 38
5 40
5 45
5 48
5 49
5 51
5 54
5 56
5 58
5 61
5 63
5 65
5 66
5 73
5 74
5 76
5 84
5 85
5 87
5 89
5 97
5 101
5 102
5 109
5 111
5 114
5 115
5 118
5 124
5 125
5 130
5 131
5 133
5 135
5 136
5 137
5 138
5 142
5 150
5 151
5 152
5 157
5 158
5 161
6 8
6 9
6 11
6 13
6 14
6 15
6 16
6 18
6 19
6 20
6 21
6 22
6 23
6 24
6 25
6 26
6 28
6 30
6 31
6 32
6 35
6 37
6 38
6 40
6 41
6 43
6 44
6 45
6 46
6 48
6 49
6 51
6 52
6 53
6 54
6 55
6 56
6 57
6 58
6 59
6 60
6 61
6 64
6 65
6 66
6 67
6 68
6 70
6 72
6 73
6 74
6 77
6 79
6 80
6 81
6 82
6 84
6 85
6 86
6 87
6 89
6 90
6 93
6 94
6 95
6 97
6 98
6 101
6 102
6 103
6 106
6 107
6 109
6 110
6 111
6 112
6 113
6 114
6 115
6 116
6 118
6 122
6 124
6 125
6 126
6 129
6 130
6 133
6 134
6 136
6 137
6 138
6 141
6 142
6 143
6 146
6 147
6 148
6 149
6 150
6 151
6 152
6 154
6 155
6 156
6 157
6 159
6 161
7 8
7 9
7 10
7 11
7 12
7 13
7 14
7 15
7 16
7 17
7 19
7 20
7 21
7 22
7 24
7 26
7 28
7 30
7 31
7 32
7 33
7 34
7 35
7 36
7 37
7 38
7 40
7 41
7 42
7 43
7 44
7 45
7 46
7 49
7 50
7 51
7 52
7 53
7 54
7 55
7 56
7 57
7 58
7 59
7 60
7 61
7 62
7 63
7 65
7 66
7 67
7 68
7 69
7 70
7 71
7 72
7 73
7 74
7 76
7 77
7 80
7 82
7 84
7 85
7 87
7 88
7 91
7 93
7 96
7 97
7 99
7 100
7 101
7 102
7 103
7 104
7 105
7 106
7 107
7 108
7 109
7 112
7 113
7 114
7 115
7 116
7 117
7 118
7 119
7 120
7 121
7 122
7 123
7 124
7 125
7 126
7 128
7 129
7 130
7 131
7 133
7 134
7 135
7 136
7 137
7 138
7 139
7 141
7 142
7 145
7 146
7 149
7 150
7 151
7 152
7 154
7 157
7 158
7 160
7 161
8 11
8 12
8 14
8 25
8 28
8 30
8 31
8 32
8 45
8 49
8 50
8 51
8 54
8 55
8 58
8 63
8 64
8 65
8 67
8 69
8 72
8 73
8 74
8 79
8 80
8 87
8 88
8 94
8 97
8 100
8 106
8 109
8 111
8 112
8 113
8 114
8 115
8 117
8 118
8 125
8 130
8 131
8 137
8 138
8 142
8 145
8 147
8 149
8 151
8 154
8 158
8 160
9 10
9 11
9 12
9 14
9 17
9 18
9 21
9 24
9 26
9 27
9 29
9 30
9 31
9 32
9 34
9 35
9 36
9 38
9 40
9 41
9 42
9 43
9 45
9 46
9 47
9 48
9 50
9 51
9 54
9 55
9 56
9 58
9 59
9 60
9 61
9 62
9 64
9 65
9 66
9 67
9 68
9 69
9 71
9 72
9 74
9 75
9 76
9 77
9 80
9 83
9 84
9 85
9 87
9 89
9 91
9 93
9 94
9 95
9 96
9 98
9 99
9 100
9 101
9 102
9 105
9 106
9 107
9 108
9 109
9 112
9 113
9 114
9 115
9 117
9 119
9 125
9 126
9 127
9 129
9 131
9 133
9 136
9 137
9 138
9 139
9 142
9 144
9 145
9 146
9 147
9 150
9 151
9 152
9 153
9 154
9 158
9 159
9 161
10 11
10 12
10 13
10 14
10 15
10 17
10 18
10 19
10 21
10 24
10 25
10 26
10 28
10 31
10 33
10 35
10 38
10 39
10 40
10 42
10 44
10 45
10 48
10 51
10 54
10 55
10 57
10 58
10 61
10 63
10 65
10 66
10 67
10 68
10 69
10 70
10 71
10 74
10 75
10 76
10 77
10 78
10 79
10 80
10 86
10 94
10 97
10 99
10 103
10 106
10 108
10 109
10 111
10 113
10 114
10 115
10 116
10 117
10 118
10 126
10 128
10 129
10 130
10 131
10 133
10 134
10 135
10 137
10 140
10 141
10 142
10 145
10 146
10 147
10 149
10 154
10 155
10 156
10 157
10 158
10 159
11 14
11 15
11 18
11 19
11 20
11 21
11 22
11 24
11 25
11 26
11 28
11 29
11 30
11 31
11 32
11 33
11 34
11 35
11 36
11 37
11 38
11 40
11 42
11 44
11 45
11 46
11 47
11 50
11 51
11 52
11 53
11 54
11 55
11 56
11 57
11 58
11 61
11 62
11 63
11 64
11 65
11 66
11 68
11 69
11 70
11 71
11 72
11 73
11 75
11 77
11 78
11 80
11 81
11 84
11 87
11 89
11 91
11 92
11 94
11 97
11 99
11 100
11 101
11 102
11 103
11 104
11 105
11 107
11 108
11 110
11 111
11 112
11 114
11 115
11 116
11 117
11 118
11 122
11 125
11 127
11 129
11 130
11 131
11 132
11 133
11 134
11 135
11 136
11 138
11 139
11 141
11 142
11 143
11 144
11 145
11 147
11 148
11 149
11 150
11 152
11 153
11 154
11 155
11 156
11 157
11 158
11 159
11 160
11 161
12 13
12 17
12 19
12 21
12 24
12 26
12 27
12 31
12 32
12 35
12 37
12 38
12 40
12 41
12 42
12 44
12 47
12 52
12 53
12 54
12 55
12 56
12 58
12 64
12 65
12 68
12 69
12 70
12 71
12 72
12 73
12 74
12 75
12 77
12 79
12 80
12 82
12 83
12 84
12 85
12 86
12 88
12 89
12 91
12 93
12 95
12 97
12 98
12 101
12 102
12 108
12 113
12 114
12 115
12 117
12 118
12 121
12 124
12 125
12 126
12 127
12 129
12 130
12 131
12 134
12 136
12 137
12 138
12 139
12 142
12 143
12 149
12 150
12 152
12 153
12 154
12 158
12 161
13 14
13 30
13 36
13 37
13 38
13 39
13 40
13 41
13 42
13 43
13 44
13 47
13 50
13 51
13 53
13 54
13 55
13 56
13 58
13 63
13 65
13 66
13 67
13 68
13 69
13 70
13 71
13 72
13 74
13 75
13 79
13 84
13 86
13 87
13 90
13 94
13 99
13 101
13 103
13 104
13 106
13 107
13 109
13 110
13 114
13 115
13 118
13 125
13 126
13 127
13 129
13 132
13 133
13 134
13 135
13 137
13 141
13 142
13 145
13 147
13 150
13 151
13 152
13 153
13 154
13 158
13 159
13 160
14 15
14 16
14 17
14 21
14 22
14 24
14 25
14 26
14 28
14 30
14 31
14 32
14 35
14 36
14 37
14 38
14 39
14 40
14 41
14 42
14 44
14 45
14 47
14 48
14 49
14 50
14 51
14 52
14 54
14 56
14 57
14 58
14 59
14 61
14 63
14 64
14 66
14 68
14 69
14 70
14 71
14 72
14 73
14 74
14 75
14 77
14 79
14 80
14 81
14 82
14 84
14 86
14 87
14 88
14 89
14 90
14 91
14 92
14 93
14 94
14 95
14 96
14 97
14 98
14 99
14 100
14 101
14 102
14 103
14 104
14 105
14 106
14 107
14 108
14 109
14 110
14 111
14 112
14 113
14 115
14 116
14 117
14 118
14 120
14 121
14 125
14 126
14 129
14 130
14 131
14 133
14 134
14 135
14 136
14 137
14 138
14 139
14 140
14 141
14 142
14 143
14 145
14 146
14 147
14 148
14 149
14 150
14 151
14 152
14 153
14 154
14 156
14 158
14 159
15 17
15 18
15 19
15 23
15 24
15 25
15 26
15 30
15 32
15 33
15 34
15 35
15 37
15 38
15 41
15 44
15 45
15 46
15 48
15 49
15 52
15 54
15 55
15 56
15 57
15 58
15 62
15 63
15 64
15 65
15 67
15 69
15 70
15 71
15 72
15 74
15 75
15 76
15 79
15 86
15 87
15 88
15 89
15 94
15 97
15 99
15 100
15 101
15 103
15 104
15 105
15 106
15 107
15 108
15 112
15 113
15 114
15 118
15 119
15 120
15 122
15 125
15 126
15 133
15 134
15 135
15 136
15 141
15 150
15 151
15 152
15 154
15 157
15 158
15 161
16 19
16 25
16 30
16 31
16 32
16 35
16 36
16 38
16 40
16 45
16 51
16 54
16 55
16 56
16 57
16 58
16 62
16 63
16 65
16 67
16 68
16 69
16 71
16 72
16 74
16 76
16 77
16 79
16 82
16 85
16 87
16 88
16 89
16 91
16 95
16 96
16 98
16 100
16 106
16 109
16 111
16 112
16 113
16 114
16 115
16 124
16 131
16 133
16 137
16 138
16 139
16 142
16 145
16 147
16 150
16 151
16 152
16 154
16 157
16 158
16 160
17 19
17 21
17 28
17 32
17 34
17 35
17 38
17 40
17 44
17 45
17 49
17 51
17 56
17 64
17 65
17 66
17 68
17 69
17 71
17 74
17 75
17 79
17 80
17 89
17 100
17 107
17 113
17 114
17 118
17 133
17 137
17 138
17 142
17 150
17 151
17 154
18 19
18 21
18 26
18 30
18 31
18 32
18 34
18 37
18 38
18 40
18 45
18 46
18 49
18 53
18 56
18 58
18 59
18 61
18 62
18 64
18 65
18 67
18 69
18 72
18 73
18 76
18 77
18 79
18 81
18 86
18 91
18 92
18 95
18 98
18 100
18 101
18 102
18 104
18 105
18 106
18 107
18 108
18 109
18 110
18 111
18 112
18 114
18 115
18 125
18 126
18 129
18 131
18 133
18 135
18 137
18 138
18 140
18 143
18 147
18 149
18 150
18 151
18 152
18 154
18 155
18 157
18 158
18 159
19 21
19 22
19 25
19 26
19 29
19 30
19 31
19 32
19 33
19 34
19 35
19 37
19 38
19 39
19 40
19 41
19 42
19 43
19 44
19 45
19 46
19 48
19 49
19 51
19 52
19 53
19 55
19 57
19 58
19 60
19 61
19 63
19 64
19 65
19 66
19 67
19 68
19 69
19 70
19 71
19 72
19 73
19 74
19 75
19 76
19 77
19 79
19 80
19 84
19 85
19 86
19 88
19 89
19 90
19 93
19 94
19 95
19 96
19 97
19 98
19 99
19 100
19 101
19 102
19 103
19 105
19 106
19 108
19 109
19 110
19 111
19 112
19 113
19 114
19 115
19 117
19 118
19 121
19 123
19 125
19 126
19 127
19 128
19 129
19 130
19 131
19 134
19 135
19 136
19 137
19 138
19 139
19 140
19 141
19 142
19 143
19 145
19 146
19 147
19 148
19 149
19 150
19 151
19 152
19 153
19 154
19 155
19 157
19 158
19 159
19 160
20 25
20 31
20 35
20 37
20 38
20 39
20 40
20 43
20 51
20 53
20 56
20 57
20 61
20 64
20 66
20 68
20 69
20 71
20 72
20 79
20 80
20 83
20 85
20 88
20 89
20 94
20 97
20 98
20 100
20 101
20 102
20 103
20 104
20 106
20 109
20 113
20 114
20 115
20 116
20 117
20 125
20 129
20 130
20 131
20 134
20 135
20 138
20 142
20 150
20 153
20 154
20 157
20 160
21 22
21 25
21 26
21 28
21 30
21 31
21 32
21 33
21 34
21 35
21 37
21 38
21 39
21 40
21 42
21 43
21 44
21 45
21 46
21 49
21 51
21 52
21 53
21 54
21 55
21 56
21 57
21 58
21 61
21 63
21 64
21 65
21 66
21 67
21 69
21 70
21 71
21 72
21 73
21 74
21 75
21 78
21 79
21 83
21 84
21 91
21 92
21 93
21 94
21 95
21 96
21 97
21 98
21 99
21 101
21 102
21 103
21 104
21 105
21 106
21 108
21 111
21 112
21 115
21 116
21 117
21 118
21 125
21 128
21 129
21 131
21 132
21 133
21 134
21 135
21 136
21 137
21 138
21 139
21 141
21 142
21 145
21 146
21 149
21 150
21 151
21 152
21 153
21 154
21 155
21 156
21 158
21 159
21 160
21 161
22 25
22 35
22 36
22 41
22 44
22 46
22 49
22 51
22 54
22 56
22 61
22 63
22 64
22 65
22 66
22 67
22 68
22 70
22 72
22 74
22 79
22 83
22 85
22 86
22 92
22 93
22 97
22 101
22 102
22 103
22 105
22 106
22 107
22 108
22 112
22 113
22 115
22 116
22 122
22 125
22 128
22 129
22 133
22 134
22 135
22 137
22 138
22 139
22 141
22 143
22 145
22 146
22 147
22 150
22 151
22 152
22 154
22 156
22 157
22 160
23 26
23 30
23 31
23 36
23 39
23 40
23 43
23 45
23 49
23 50
23 54
23 55
23 58
23 62
23 63
23 64
23 66
23 67
23 69
23 72
23 84
23 93
23 94
23 97
23 99
23 101
23 106
23 109
23 110
23 113
23 114
23 115
23 118
23 119
23 125
23 130
23 134
23 135
23 136
23 137
23 138
23 146
23 154
23 157
24 25
24 27
24 28
24 29
24 32
24 35
24 36
24 39
24 40
24 43
24 45
24 46
24 49
24 50
24 51
24 54
24 55
24 56
24 57
24 58
24 59
24 60
24 61
24 63
24 64
24 65
24 66
24 67
24 69
24 70
24 71
24 74
24 75
24 76
24 80
24 84
24 85
24 87
24 91
24 92
24 94
24 97
24 98
24 99
24 100
24 101
24 102
24 104
24 105
24 106
24 108
24 110
24 111
24 113
24 114
24 115
24 116
24 117
24 118
24 119
24 124
24 126
24 129
24 133
24 134
24 135
24 136
24 141
24 145
24 146
24 147
24 150
24 151
24 152
24 154
24 155
24 157
24 158
24 160
24 161
25 28
25 30
25 31
25 32
25 33
25 35
25 37
25 38
25 40
25 44
25 45
25 46
25 48
25 50
25 51
25 53
25 54
25 56
25 57
25 58
25 61
25 62
25 63
25 64
25 65
25 66
25 67
25 68
25 69
25 70
25 71
25 72
25 73
25 74
25 75
25 77
25 80
25 81
25 82
25 83
25 84
25 87
25 89
25 93
25 94
25 98
25 99
25 101
25 102
25 105
25 106
25 109
25 111
25 112
25 113
25 114
25 115
25 117
25 118
25 122
25 128
25 129
25 130
25 131
25 133
25 134
25 137
25 138
25 139
25 141
25 142
25 143
25 146
25 147
25 150
25 151
25 152
25 153
25 154
25 155
25 157
25 158
25 159
26 28
26 29
26 30
26 31
26 32
26 34
26 35
26 36
26 38
26 39
26 40
26 41
26 42
26 43
26 44
26 45
26 46
26 49
26 51
26 52
26 54
26 55
26 56
26 58
26 60
26 63
26 64
26 65
26 66
26 67
26 68
26 69
26 70
26 71
26 72
26 73
26 74
26 75
26 76
26 79
26 80
26 82
26 83
26 84
26 86
26 87
26 88
26 89
26 91
26 92
26 93
26 94
26 95
26 96
26 97
26 98
26 99
26 100
26 101
26 102
26 105
26 106
26 107
26 108
26 110
26 111
26 112
26 113
26 114
26 115
26 116
26 117
26 118
26 119
26 120
26 123
26 125
26 126
26 127
26 129
26 130
26 131
26 132
26 133
26 134
26 135
26 136
26 137
26 139
26 141
26 142
26 144
26 145
26 147
26 148
26 150
26 151
26 152
26 154
26 155
26 157
26 158
26 159
26 160
26 161
27 30
27 31
27 38
27 45
27 50
27 53
27 54
27 56
27 57
27 67
27 69
27 70
27 71
27 77
27 80
27 84
27 92
27 94
27 103
27 104
27 107
27 108
27 111
27 112
27 113
27 118
27 121
27 128
27 135
27 137
27 140
27 141
27 142
27 145
27 147
27 149
27 152
27 153
27 154
27 157
27 158
27 160
28 31
28 32
28 36
28 37
28 38
28 43
28 48
28 49
28 50
28 51
28 57
28 61
28 63
28 64
28 65
28 67
28 69
28 72
28 76
28 77
28 82
28 89
28 91
28 102
28 106
28 113
28 115
28 117
28 118
28 125
28 126
28 128
28 129
28 131
28 134
28 137
28 139
28 141
28 142
28 146
28 150
28 151
28 152
28 154
28 155
28 157
28 158
28 161
29 31
29 35
29 38
29 39
29 40
29 45
29 46
29 49
29 52
29 56
29 57
29 64
29 65
29 67
29 68
29 69
29 71
29 72
29 80
29 86
29 87
29 94
29 97
29 98
29 100
29 101
29 106
29 107
29 108
29 110
29 113
29 114
29 115
29 117
29 124
29 129
29 130
29 131
29 133
29 134
29 142
29 148
29 150
29 151
29 153
29 154
29 158
29 159
29 161
30 31
30 33
30 34
30 35
30 36
30 37
30 38
30 40
30 42
30 43
30 45
30 46
30 49
30 50
30 51
30 53
30 54
30 56
30 58
30 59
30 61
30 62
30 63
30 64
30 65
30 66
30 67
30 68
30 69
30 70
30 71
30 72
30 73
30 74
30 75
30 76
30 77
30 79
30 80
30 88
30 89
30 90
30 91
30 92
30 93
30 95
30 97
30 98
30 99
30 101
30 102
30 105
30 107
30 108
30 109
30 110
30 112
30 113
30 114
30 115
30 116
30 117
30 118
30 120
30 122
30 125
30 126
30 128
30 129
30 130
30 131
30 133
30 134
30 135
30 137
30 138
30 139
30 141
30 142
30 143
30 144
30 145
30 147
30 148
30 149
30 150
30 151
30 152
30 153
30 155
30 157
30 158
30 159
30 161
31 32
31 34
31 35
31 36
31 37
31 38
31 39
31 43
31 44
31 45
31 46
31 47
31 48
31 50
31 51
31 53
31 54
31 55
31 58
31 59
31 61
31 62
31 63
31 65
31 66
31 68
31 70
31 71
31 72
31 74
31 75
31 77
31 79
31 80
31 81
31 82
31 83
31 84
31 85
31 86
31 87
31 88
31 89
31 90
31 91
31 92
31 93
31 94
31 95
31 96
31 97
31 98
31 99
31 100
31 102
31 103
31 104
31 105
31 107
31 108
31 109
31 112
31 113
31 114
31 115
31 116
31 117
31 118
31 120
31 122
31 123
31 124
31 125
31 126
31 127
31 128
31 129
31 130
31 131
31 133
31 134
31 135
31 136
31 137
31 139
31 141
31 143
31 145
31 147
31 148
31 150
31 151
31 153
31 154
31 155
31 156
31 157
31 158
31 159
31 160
31 161
32 35
32 37
32 38
32 40
32 42
32 43
32 44
32 46
32 48
32 50
32 51
32 54
32 55
32 57
32 58
32 59
32 61
32 63
32 64
32 65
32 66
32 69
32 71
32 72
32 74
32 76
32 77
32 79
32 80
32 82
32 84
32 85
32 86
32 87
32 88
32 89
32 90
32 91
32 92
32 93
32 94
32 95
32 96
32 97
32 98
32 101
32 103
32 105
32 106
32 109
32 110
32 112
32 113
32 114
32 115
32 116
32 117
32 118
32 120
32 122
32 123
32 125
32 129
32 130
32 131
32 132
32 133
32 134
32 135
32 136
32 137
32 138
32 139
32 140
32 141
32 142
32 143
32 146
32 147
32 150
32 151
32 153
32 154
32 156
32 157
32 158
32 159
32 160
32 161
33 39
33 43
33 45
33 46
33 49
33 50
33 51
33 54
33 62
33 64
33 66
33 67
33 69
33 72
33 73
33 74
33 80
33 85
33 93
33 97
33 101
33 102
33 105
33 108
33 113
33 114
33 117
33 124
33 129
33 133
33 134
33 137
33 138
33 142
33 146
33 149
33 160
33 161
34 35
34 36
34 37
34 43
34 45
34 51
34 52
34 55
34 58
34 59
34 62
34 64
34 65
34 67
34 68
34 70
34 71
34 72
34 73
34 76
34 77
34 79
34 80
34 83
34 84
34 87
34 93
34 97
34 98
34 100
34 101
34 102
34 103
34 106
34 107
34 108
34 109
34 112
34 113
34 114
34 115
34 117
34 118
34 124
34 125
34 129
34 130
34 131
34 134
34 138
34 139
34 142
34 147
34 148
34 149
34 151
34 152
34 157
34 160
35 36
35 37
35 38
35 39
35 42
35 43
35 44
35 45
35 46
35 47
35 49
35 50
35 51
35 52
35 54
35 55
35 57
35 58
35 59
35 63
35 65
35 67
35 68
35 69
35 70
35 72
35 73
35 74
35 77
35 79
35 80
35 85
35 87
35 88
35 89
35 90
35 92
35 93
35 94
35 97
35 98
35 99
35 101
35 102
35 103
35 104
35 105
35 106
35 107
35 108
35 112
35 113
35 114
35 115
35 116
35 117
35 118
35 119
35 125
35 128
35 129
35 130
35 131
35 133
35 136
35 137
35 138
35 139
35 141
35 142
35 145
35 146
35 147
35 148
35 149
35 150
35 151
35 152
35 154
35 158
35 160
35 161
36 38
36 39
36 40
36 43
36 44
36 45
36 46
36 47
36 49
36 50
36 51
36 52
36 54
36 55
36 56
36 58
36 59
36 61
36 63
36 64
36 65
36 67
36 68
36 70
36 71
36 73
36 74
36 75
36 77
36 80
36 81
36 82
36 84
36 87
36 88
36 89
36 91
36 94
36 97
36 99
36 100
36 101
36 102
36 104
36 105
36 106
36 109
36 110
36 111
36 112
36 113
36 116
36 117
36 118
36 119
36 120
36 123
36 124
36 125
36 126
36 127
36 129
36 130
36 131
36 132
36 133
36 135
36 136
36 137
36 138
36 139
36 141
36 142
36 145
36 147
36 149
36 150
36 154
36 155
36 156
36 157
36 158
36 161
37 39
37 40
37 44
37 46
37 49
37 51
37 52
37 54
37 56
37 59
37 61
37 64
37 65
37 67
37 68
37 71
37 72
37 73
37 74
37 75
37 79
37 81
37 82
37 84
37 89
37 90
37 92
37 93
37 94
37 98
37 99
37 102
37 103
37 106
37 107
37 108
37 111
37 112
37 113
37 114
37 115
37 116
37 117
37 118
37 125
37 129
37 131
37 133
37 134
37 137
37 141
37 142
37 143
37 145
37 146
37 147
37 150
37 152
37 155
37 158
37 159
37 161
38 40
38 42
38 45
38 46
38 47
38 50
38 51
38 52
38 54
38 55
38 56
38 58
38 61
38 63
38 64
38 65
38 66
38 67
38 68
38 69
38 70
38 71
38 72
38 73
38 74
38 76
38 77
38 78
38 79
38 80
38 81
38 82
38 84
38 85
38 86
38 87
38 89
38 91
38 92
38 93
38 97
38 98
38 99
38 101
38 102
38 103
38 104
38 105
38 106
38 107
38 108
38 109
38 111
38 112
38 113
38 114
38 115
38 116
38 117
38 118
38 125
38 126
38 128
38 129
38 130
38 131
38 132
38 133
38 134
38 135
38 136
38 137
38 138
38 139
38 142
38 143
38 145
38 146
38 147
38 150
38 151
38 152
38 153
38 154
38 155
38 156
38 157
38 158
38 159
38 160
38 161
39 40
39 42
39 44
39 45
39 47
39 50
39 51
39 54
39 55
39 56
39 58
39 62
39 64
39 67
39 68
39 70
39 72
39 74
39 75
39 79
39 87
39 94
39 98
39 99
39 101
39 102
39 103
39 105
39 107
39 108
39 109
39 110
39 112
39 114
39 117
39 121
39 127
39 134
39 138
39 142
39 147
39 151
39 152
39 153
39 154
39 158
39 160
40 43
40 44
40 45
40 46
40 47
40 48
40 49
40 51
40 52
40 53
40 54
40 55
40 56
40 57
40 58
40 59
40 60
40 61
40 62
40 63
40 64
40 65
40 66
40 67
40 69
40 70
40 71
40 72
40 73
40 74
40 75
40 77
40 78
40 79
40 80
40 82
40 83
40 84
40 86
40 87
40 89
40 90
40 91
40 92
40 93
40 94
40 95
40 96
40 98
40 99
40 101
40 102
40 103
40 104
40 106
40 108
40 109
40 111
40 112
40 113
40 114
40 115
40 116
40 119
40 124
40 125
40 126
40 127
40 128
40 129
40 130
40 131
40 132
40 133
40 134
40 135
40 136
40 137
40 138
40 139
40 140
40 141
40 142
40 145
40 146
40 147
40 149
40 150
40 151
40 152
40 153
40 154
40 155
40 156
40 157
40 158
40 159
40 161
41 44
41 51
41 56
41 58
41 63
41 67
41 69
41 72
41 73
41 74
41 77
41 79
41 80
41 82
41 89
41 92
41 93
41 94
41 101
41 106
41 109
41 113
41 115
41 117
41 118
41 128
41 129
41 135
41 137
41 138
41 139
41 143
41 145
41 150
41 152
42 45
42 54
42 56
42 59
42 61
42 65
42 66
42 67
42 70
42 71
42 72
42 74
42 75
42 77
42 80
42 84
42 89
42 92
42 94
42 95
42 96
42 97
42 99
42 100
42 101
42 102
42 104
42 105
42 106
42 108
42 112
42 113
42 114
42 115
42 117
42 118
42 120
42 123
42 125
42 126
42 127
42 129
42 130
42 133
42 134
42 135
42 138
42 141
42 142
42 145
42 146
42 147
42 148
42 150
42 151
42 152
42 153
42 154
42 158
43 44
43 49
43 50
43 51
43 54
43 56
43 64
43 66
43 67
43 68
43 69
43 70
43 71
43 72
43 73
43 74
43 77
43 79
43 80
43 86
43 87
43 88
43 89
43 94
43 97
43 98
43 101
43 103
43 105
43 108
43 109
43 112
43 113
43 114
43 115
43 117
43 118
43 119
43 120
43 121
43 123
43 126
43 127
43 129
43 131
43 133
43 134
43 135
43 138
43 141
43 142
43 143
43 147
43 148
43 149
43 152
43 153
43 154
43 158
43 161
44 45
44 49
44 51
44 53
44 54
44 55
44 56
44 57
44 58
44 59
44 61
44 62
44 64
44 65
44 66
44 67
44 68
44 69
44 70
44 71
44 72
44 73
44 74
44 75
44 77
44 79
44 83
44 84
44 86
44 87
44 88
44 89
44 93
44 94
44 96
44 101
44 102
44 103
44 104
44 105
44 106
44 107
44 109
44 110
44 111
44 114
44 116
44 117
44 118
44 123
44 125
44 127
44 128
44 129
44 130
44 131
44 133
44 134
44 135
44 136
44 137
44 138
44 139
44 140
44 143
44 145
44 146
44 147
44 148
44 149
44 150
44 152
44 153
44 154
44 155
44 157
44 160
44 161
45 46
45 49
45 51
45 52
45 53
45 54
45 55
45 56
45 57
45 63
45 64
45 65
45 66
45 68
45 69
45 70
45 71
45 72
45 73
45 74
45 75
45 76
45 78
45 79
45 80
45 81
45 83
45 84
45 85
45 86
45 87
45 88
45 89
45 90
45 92
45 94
45 95
45 96
45 97
45 98
45 99
45 100
45 101
45 102
45 103
45 104
45 105
45 106
45 107
45 108
45 109
45 110
45 113
45 114
45 116
45 118
45 119
45 121
45 124
45 125
45 128
45 129
45 130
45 131
45 133
45 134
45 135
45 136
45 137
45 138
45 139
45 141
45 142
45 143
45 146
45 147
45 148
45 149
45 150
45 151
45 152
45 153
45 154
45 156
45 158
45 159
45 160
45 161
46 49
46 50
46 51
46 53
46 54
46 56
46 63
46 65
46 67
46 68
46 71
46 72
46 74
46 76
46 77
46 79
46 81
46 83
46 84
46 86
46 87
46 89
46 92
46 93
46 94
46 99
46 100
46 101
46 102
46 105
46 106
46 108
46 109
46 110
46 114
46 115
46 116
46 117
46 118
46 126
46 130
46 134
46 135
46 137
46 138
46 139
46 141
46 142
46 145
46 146
46 147
46 151
46 152
46 154
46 155
46 157
46 158
46 159
46 161
47 51
47 54
47 56
47 59
47 68
47 72
47 77
47 79
47 84
47 88
47 89
47 97
47 99
47 108
47 112
47 113
47 114
47 115
47 129
47 131
47 133
47 137
47 139
47 141
47 144
47 147
47 152
47 158
47 161
48 51
48 53
48 54
48 55
48 58
48 61
48 65
48 67
48 70
48 73
48 74
48 75
48 80
48 82
48 83
48 88
48 93
48 94
48 101
48 105
48 107
48 108
48 112
48 115
48 117
48 125
48 127
48 131
48 133
48 134
48 137
48 139
48 142
48 147
48 151
48 152
48 153
48 158
48 160
49 50
49 51
49 52
49 53
49 54
49 55
49 56
49 57
49 58
49 59
49 60
49 61
49 62
49 63
49 64
49 66
49 67
49 68
49 69
49 70
49 71
49 72
49 73
49 74
49 75
49 77
49 79
49 80
49 81
49 83
49 84
49 85
49 86
49 87
49 88
49 89
49 90
49 92
49 93
49 94
49 97
49 98
49 99
49 101
49 102
49 103
49 104
49 105
49 106
49 107
49 108
49 109
49 110
49 113
49 114
49 117
49 118
49 119
49 120
49 121
49 122
49 125
49 127
49 128
49 129
49 130
49 131
49 133
49 134
49 136
49 137
49 138
49 139
49 140
49 141
49 142
49 143
49 145
49 146
49 147
49 148
49 150
49 151
49 152
49 153
49 154
49 155
49 157
49 158
49 159
49 160
49 161
50 51
50 53
50 56
50 58
50 59
50 63
50 65
50 67
50 68
50 69
50 70
50 72
50 73
50 74
50 75
50 77
50 79
50 85
50 91
50 100
50 101
50 102
50 103
50 106
50 111
50 112
50 114
50 115
50 116
50 117
50 119
50 120
50 123
50 125
50 126
50 127
50 128
50 129
50 131
50 132
50 133
50 136
50 138
50 142
50 143
50 144
50 146
50 147
50 148
50 149
50 150
50 151
50 154
50 157
50 158
50 159
50 161
51 53
51 54
51 55
51 56
51 58
51 59
51 61
51 62
51 63
51 64
51 65
51 66
51 67
51 68
51 70
51 71
51 72
51 73
51 74
51 75
51 76
51 77
51 79
51 80
51 81
51 82
51 84
51 86
51 87
51 88
51 89
51 90
51 92
51 94
51 95
51 96
51 97
51 98
51 101
51 102
51 105
51 106
51 107
51 108
51 109
51 110
51 111
51 112
51 113
51 114
51 115
51 116
51 117
51 118
51 120
51 121
51 122
51 126
51 127
51 128
51 129
51 130
51 131
51 132
51 133
51 134
51 135
51 136
51 137
51 138
51 139
51 140
51 141
51 142
51 143
51 145
51 146
51 147
51 148
51 149
51 150
51 151
51 152
51 153
51 154
51 155
51 156
51 158
51 159
51 160
51 161
52 54
52 56
52 61
52 62
52 64
52 65
52 67
52 68
52 69
52 70
52 71
52 75
52 76
52 79
52 83
52 87
52 89
52 94
52 95
52 100
52 101
52 104
52 105
52 106
52 107
52 108
52 109
52 116
52 117
52 118
52 124
52 125
52 130
52 131
52 132
52 133
52 137
52 139
52 142
52 143
52 146
52 147
52 148
52 149
52 150
52 151
52 152
52 153
52 154
52 155
52 159
52 160
52 161
53 54
53 60
53 64
53 65
53 67
53 68
53 69
53 71
53 72
53 74
53 76
53 82
53 83
53 89
53 90
53 91
53 92
53 98
53 101
53 103
53 107
53 108
53 109
53 110
53 111
53 112
53 113
53 115
53 117
53 123
53 125
53 126
53 127
53 128
53 129
53 133
53 138
53 139
53 146
53 147
53 150
53 151
53 152
53 156
53 159
53 161
54 55
54 56
54 58
54 59
54 61
54 62
54 64
54 65
54 66
54 67
54 68
54 69
54 70
54 71
54 72
54 73
54 74
54 75
54 76
54 77
54 78
54 79
54 81
54 84
54 85
54 86
54 87
54 88
54 89
54 91
54 92
54 93
54 94
54 95
54 96
54 97
54 99
54 101
54 102
54 103
54 104
54 105
54 107
54 108
54 109
54 110
54 111
54 112
54 113
54 114
54 115
54 116
54 117
54 118
54 119
54 120
54 121
54 126
54 127
54 129
54 130
54 131
54 133
54 134
54 136
54 137
54 138
54 139
54 140
54 141
54 142
54 143
54 144
54 145
54 146
54 147
54 148
54 149
54 150
54 151
54 152
54 153
54 156
54 157
54 158
54 159
55 56
55 58
55 60
55 61
55 64
55 65
55 66
55 68
55 69
55 71
55 72
55 73
55 74
55 75
55 76
55 77
55 79
55 80
55 82
55 84
55 85
55 87
55 89
55 90
55 91
55 93
55 95
55 96
55 101
55 102
55 103
55 106
55 108
55 109
55 114
55 115
55 117
55 118
55 119
55 124
55 126
55 128
55 129
55 130
55 131
55 132
55 134
55 135
55 136
55 137
55 138
55 139
55 141
55 142
55 145
55 146
55 147
55 149
55 150
55 151
55 152
55 154
55 155
55 158
55 159
55 161
56 57
56 58
56 61
56 62
56 63
56 64
56 65
56 66
56 67
56 68
56 69
56 70
56 71
56 72
56 74
56 79
56 80
56 81
56 82
56 83
56 84
56 85
56 86
56 87
56 88
56 89
56 91
56 93
56 94
56 96
56 97
56 98
56 99
56 100
56 101
56 102
56 103
56 105
56 106
56 107
56 108
56 109
56 110
56 111
56 112
56 113
56 114
56 117
56 118
56 120
56 123
56 125
56 127
56 128
56 129
56 130
56 131
56 133
56 134
56 136
56 137
56 138
56 139
56 141
56 146
56 147
56 150
56 152
56 154
56 157
56 158
56 159
56 160
56 161
57 64
57 65
57 66
57 72
57 76
57 79
57 82
57 86
57 87
57 90
57 93
57 97
57 105
57 106
57 107
57 108
57 111
57 113
57 117
57 118
57 125
57 126
57 129
57 131
57 133
57 134
57 137
57 142
57 146
57 147
57 152
57 155
57 158
57 161
58 59
58 62
58 64
58 65
58 66
58 67
58 68
58 69
58 70
58 71
58 72
58 73
58 74
58 76
58 77
58 79
58 80
58 82
58 83
58 84
58 85
58 86
58 87
58 89
58 92
58 93
58 95
58 97
58 98
58 99
58 102
58 105
58 106
58 107
58 108
58 109
58 111
58 112
58 113
58 114
58 115
58 117
58 118
58 125
58 128
58 129
58 130
58 131
58 133
58 134
58 135
58 138
58 139
58 142
58 143
58 144
58 145
58 147
58 151
58 152
58 153
58 154
58 156
58 157
58 158
58 161
59 63
59 64
59 65
59 66
59 68
59 69
59 70
59 71
59 74
59 79
59 82
59 83
59 86
59 88
59 98
59 100
59 101
59 102
59 105
59 106
59 107
59 108
59 110
59 111
59 112
59 113
59 118
59 125
59 126
59 127
59 128
59 129
59 130
59 131
59 133
59 134
59 135
59 136
59 138
59 139
59 142
59 144
59 146
59 149
59 151
59 152
59 154
59 157
59 158
59 160
60 64
60 66
60 68
60 70
60 79
60 89
60 95
60 102
60 113
60 114
60 129
60 135
60 139
60 142
60 145
60 147
60 152
60 154
61 66
61 67
61 68
61 69
61 70
61 71
61 72
61 74
61 77
61 78
61 80
61 82
61 83
61 84
61 87
61 89
61 92
61 93
61 94
61 96
61 97
61 101
61 102
61 106
61 107
61 108
61 114
61 115
61 117
61 118
61 126
61 127
61 129
61 131
61 134
61 136
61 137
61 139
61 141
61 142
61 143
61 145
61 146
61 147
61 150
61 152
61 153
61 155
61 158
61 161
62 63
62 65
62 67
62 69
62 70
62 71
62 74
62 87
62 94
62 95
62 97
62 98
62 106
62 108
62 109
62 110
62 111
62 115
62 116
62 118
62 119
62 120
62 126
62 129
62 130
62 131
62 133
62 134
62 135
62 137
62 138
62 139
62 140
62 144
62 145
62 146
62 147
62 149
62 150
62 152
62 154
62 156
62 157
62 158
62 160
63 64
63 65
63 66
63 68
63 69
63 70
63 71
63 72
63 73
63 74
63 75
63 76
63 77
63 80
63 82
63 83
63 85
63 86
63 87
63 89
63 92
63 93
63 94
63 95
63 96
63 97
63 99
63 100
63 101
63 102
63 103
63 104
63 105
63 106
63 108
63 111
63 114
63 115
63 116
63 117
63 118
63 120
63 122
63 123
63 124
63 126
63 129
63 131
63 133
63 134
63 135
63 136
63 137
63 139
63 141
63 142
63 146
63 147
63 149
63 150
63 151
63 152
63 153
63 158
64 65
64 66
64 67
64 68
64 69
64 70
64 71
64 72
64 73
64 74
64 75
64 76
64 77
64 79
64 80
64 81
64 83
64 84
64 85
64 86
64 88
64 89
64 90
64 91
64 92
64 93
64 94
64 95
64 99
64 100
64 101
64 102
64 103
64 104
64 105
64 106
64 107
64 108
64 109
64 110
64 112
64 113
64 114
64 115
64 116
64 117
64 118
64 119
64 120
64 123
64 125
64 126
64 127
64 128
64 129
64 130
64 131
64 132
64 133
64 134
64 135
64 138
64 139
64 142
64 143
64 145
64 146
64 147
64 149
64 150
64 152
64 153
64 154
64 155
64 158
64 160
64 161
65 66
65 67
65 68
65 69
65 70
65 71
65 72
65 73
65 74
65 75
65 76
65 77
65 78
65 79
65 81
65 84
65 85
65 88
65 90
65 91
65 92
65 93
65 94
65 95
65 96
65 97
65 100
65 101
65 103
65 104
65 106
65 108
65 109
65 111
65 113
65 114
65 115
65 116
65 117
65 118
65 120
65 122
65 125
65 126
65 128
65 129
65 130
65 131
65 133
65 134
65 135
65 136
65 137
65 138
65 139
65 141
65 142
65 143
65 145
65 146
65 147
65 148
65 149
65 150
65 151
65 152
65 153
65 154
65 155
65 156
65 157
65 158
65 159
65 160
65 161
66 68
66 69
66 70
66 71
66 72
66 73
66 75
66 76
66 77
66 79
66 80
66 84
66 85
66 86
66 87
66 89
66 92
66 93
66 94
66 97
66 98
66 99
66 102
66 103
66 105
66 106
66 107
66 108
66 112
66 113
66 115
66 116
66 117
66 118
66 120
66 122
66 125
66 126
66 129
66 130
66 131
66 133
66 134
66 135
66 137
66 138
66 139
66 142
66 146
66 147
66 148
66 150
66 151
66 153
66 154
66 157
66 158
66 159
66 161
67 68
67 69
67 71
67 72
67 73
67 74
67 75
67 77
67 78
67 79
67 80
67 81
67 82
67 83
67 84
67 85
67 86
67 87
67 88
67 89
67 90
67 91
67 92
67 93
67 94
67 95
67 97
67 98
67 99
67 100
67 101
67 102
67 103
67 104
67 105
67 106
67 107
67 108
67 109
67 111
67 114
67 115
67 116
67 117
67 118
67 120
67 121
67 125
67 128
67 129
67 130
67 131
67 133
67 134
67 135
67 137
67 138
67 140
67 141
67 142
67 143
67 144
67 145
67 146
67 147
67 149
67 150
67 151
67 152
67 154
67 155
67 157
67 158
67 159
67 160
67 161
68 69
68 70
68 71
68 73
68 74
68 75
68 76
68 77
68 78
68 79
68 80
68 81
68 82
68 83
68 84
68 85
68 86
68 87
68 89
68 91
68 93
68 94
68 95
68 96
68 97
68 99
68 100
68 101
68 102
68 103
68 105
68 106
68 108
68 109
68 110
68 112
68 113
68 114
68 115
68 116
68 117
68 118
68 119
68 121
68 125
68 126
68 128
68 129
68 130
68 131
68 132
68 133
68 134
68 135
68 136
68 137
68 138
68 139
68 140
68 141
68 142
68 143
68 145
68 147
68 148
68 150
68 151
68 152
68 153
68 154
68 155
68 157
68 158
68 160
68 161
69 70
69 71
69 72
69 73
69 74
69 75
69 77
69 79
69 80
69 81
69 82
69 83
69 84
69 85
69 86
69 87
69 88
69 89
69 91
69 92
69 93
69 94
69 97
69 98
69 99
69 100
69 101
69 102
69 103
69 105
69 106
69 107
69 108
69 109
69 110
69 111
69 112
69 113
69 114
69 115
69 116
69 118
69 119
69 121
69 122
69 125
69 126
69 128
69 130
69 131
69 133
69 134
69 135
69 138
69 139
69 141
69 142
69 145
69 146
69 147
69 148
69 149
69 151
69 152
69 153
69 154
69 155
69 158
69 159
69 160
69 161
70 71
70 73
70 74
70 76
70 77
70 79
70 80
70 82
70 83
70 84
70 85
70 89
70 91
70 93
70 94
70 96
70 98
70 99
70 100
70 102
70 103
70 105
70 106
70 108
70 109
70 110
70 111
70 113
70 115
70 116
70 117
70 118
70 119
70 122
70 124
70 125
70 127
70 128
70 129
70 130
70 131
70 133
70 134
70 135
70 137
70 138
70 139
70 141
70 142
70 143
70 145
70 146
70 147
70 149
70 150
70 151
70 152
70 153
70 154
70 155
70 156
70 157
70 158
70 161
71 72
71 73
71 74
71 75
71 77
71 79
71 80
71 82
71 84
71 85
71 87
71 88
71 89
71 90
71 91
71 92
71 94
71 95
71 97
71 98
71 99
71 101
71 102
71 103
71 104
71 105
71 106
71 107
71 108
71 110
71 111
71 113
71 114
71 115
71 117
71 118
71 122
71 125
71 126
71 127
71 130
71 131
71 132
71 133
71 135
71 136
71 137
71 138
71 139
71 141
71 142
71 143
71 146
71 147
71 148
71 149
71 150
71 151
71 152
71 153
71 154
71 155
71 156
71 157
71 158
71 159
71 160
71 161
72 73
72 74
72 75
72 77
72 79
72 80
72 81
72 82
72 83
72 84
72 86
72 87
72 88
72 89
72 90
72 92
72 94
72 97
72 98
72 100
72 101
72 102
72 103
72 105
72 106
72 108
72 109
72 111
72 112
72 113
72 114
72 115
72 116
72 117
72 118
72 120
72 121
72 125
72 126
72 127
72 128
72 130
72 134
72 136
72 137
72 138
72 141
72 144
72 145
72 146
72 147
72 148
72 149
72 150
72 151
72 152
72 153
72 154
72 155
72 157
72 158
72 159
72 160
72 161
73 74
73 75
73 76
73 79
73 82
73 84
73 85
73 86
73 89
73 90
73 93
73 94
73 95
73 96
73 98
73 99
73 100
73 101
73 102
73 104
73 105
73 106
73 107
73 108
73 109
73 111
73 113
73 114
73 115
73 117
73 118
73 119
73 120
73 121
73 122
73 123
73 124
73 125
73 129
73 130
73 131
73 132
73 133
73 134
73 135
73 138
73 139
73 140
73 141
73 146
73 147
73 149
73 150
73 151
73 152
73 153
73 154
73 158
73 159
73 161
74 75
74 76
74 77
74 79
74 80
74 82
74 83
74 84
74 85
74 86
74 87
74 88
74 89
74 91
74 92
74 93
74 95
74 96
74 97
74 98
74 99
74 100
74 101
74 104
74 105
74 106
74 107
74 108
74 112
74 113
74 114
74 115
74 116
74 118
74 119
74 120
74 121
74 122
74 125
74 126
74 128
74 129
74 130
74 131
74 132
74 133
74 134
74 135
74 136
74 137
74 138
74 139
74 141
74 142
74 143
74 144
74 145
74 146
74 147
74 148
74 149
74 151
74 152
74 153
74 154
74 157
74 158
74 159
74 160
74 161
75 76
75 77
75 79
75 80
75 83
75 84
75 87
75 88
75 94
75 96
75 97
75 99
75 102
75 103
75 104
75 106
75 109
75 112
75 113
75 114
75 115
75 117
75 118
75 122
75 125
75 126
75 127
75 128
75 129
75 130
75 131
75 132
75 133
75 134
75 137
75 138
75 139
75 142
75 143
75 146
75 147
75 150
75 152
75 153
75 154
75 155
75 157
75 158
75 160
75 161
76 77
76 79
76 81
76 82
76 85
76 88
76 89
76 91
76 93
76 94
76 95
76 98
76 100
76 102
76 104
76 105
76 108
76 110
76 111
76 112
76 113
76 115
76 118
76 125
76 126
76 127
76 129
76 131
76 133
76 134
76 135
76 136
76 138
76 139
76 142
76 145
76 147
76 149
76 151
76 152
76 153
76 154
76 157
76 158
76 159
76 160
76 161
77 82
77 86
77 89
77 91
77 92
77 94
77 95
77 99
77 100
77 101
77 102
77 105
77 106
77 107
77 108
77 109
77 111
77 112
77 113
77 116
77 117
77 118
77 125
77 126
77 128
77 129
77 131
77 132
77 133
77 134
77 137
77 138
77 139
77 140
77 141
77 143
77 145
77 147
77 149
77 150
77 151
77 152
77 153
77 154
77 158
77 160
77 161
78 83
78 89
78 95
78 101
78 106
78 109
78 110
78 112
78 114
78 115
78 129
78 131
78 135
78 142
78 150
78 152
78 153
78 155
78 158
78 159
79 80
79 81
79 84
79 88
79 89
79 90
79 91
79 93
79 94
79 95
79 97
79 98
79 99
79 101
79 103
79 105
79 106
79 107
79 108
79 109
79 111
79 113
79 114
79 115
79 116
79 117
79 118
79 121
79 122
79 123
79 124
79 125
79 126
79 127
79 129
79 130
79 131
79 133
79 134
79 136
79 137
79 139
79 140
79 141
79 142
79 143
79 144
79 145
79 146
79 147
79 148
79 149
79 150
79 151
79 152
79 153
79 154
79 155
79 156
79 157
79 158
80 83
80 85
80 86
80 88
80 89
80 90
80 91
80 92
80 93
80 94
80 96
80 98
80 99
80 101
80 102
80 103
80 104
80 108
80 109
80 111
80 112
80 113
80 114
80 115
80 116
80 117
80 119
80 124
80 125
80 127
80 129
80 131
80 133
80 134
80 135
80 137
80 138
80 139
80 141
80 142
80 146
80 147
80 149
80 150
80 151
80 152
80 153
80 154
80 155
80 157
80 158
80 159
80 160
80 161
81 83
81 88
81 94
81 97
81 101
81 102
81 103
81 105
81 106
81 109
81 114
81 117
81 118
81 131
81 135
81 141
81 142
81 147
81 149
82 85
82 86
82 92
82 94
82 101
82 102
82 105
82 107
82 108
82 109
82 115
82 116
82 117
82 118
82 119
82 120
82 122
82 125
82 126
82 129
82 130
82 138
82 139
82 141
82 142
82 146
82 147
82 149
82 150
82 151
82 158
82 159
83 90
83 94
83 96
83 97
83 99
83 101
83 102
83 106
83 107
83 109
83 111
83 112
83 113
83 114
83 117
83 118
83 125
83 129
83 130
83 131
83 133
83 134
83 136
83 137
83 149
83 152
83 156
83 157
83 158
83 159
84 87
84 88
84 89
84 91
84 92
84 93
84 97
84 98
84 99
84 101
84 102
84 105
84 106
84 107
84 108
84 110
84 111
84 112
84 113
84 114
84 116
84 117
84 118
84 120
84 122
84 125
84 128
84 129
84 130
84 131
84 135
84 136
84 138
84 139
84 141
84 142
84 145
84 146
84 147
84 150
84 151
84 152
84 153
84 154
84 155
84 157
84 158
84 159
84 160
84 161
85 86
85 88
85 92
85 94
85 97
85 98
85 101
85 103
85 106
85 108
85 115
85 116
85 125
85 131
85 133
85 135
85 137
85 139
85 142
85 143
85 147
85 151
85 154
86 87
86 89
86 91
86 92
86 94
86 97
86 100
86 102
86 104
86 105
86 106
86 108
86 111
86 114
86 115
86 117
86 118
86 124
86 125
86 126
86 128
86 129
86 131
86 133
86 134
86 137
86 138
86 139
86 142
86 149
86 152
86 154
86 156
86 157
86 158
86 159
86 160
86 161
87 88
87 89
87 90
87 91
87 93
87 94
87 96
87 98
87 99
87 101
87 102
87 105
87 106
87 108
87 112
87 113
87 115
87 117
87 118
87 119
87 125
87 128
87 129
87 130
87 131
87 134
87 135
87 137
87 141
87 142
87 145
87 146
87 149
87 150
87 151
87 152
87 153
87 154
87 157
87 160
87 161
88 89
88 91
88 93
88 94
88 97
88 100
88 101
88 102
88 105
88 106
88 107
88 108
88 109
88 113
88 118
88 119
88 128
88 129
88 131
88 133
88 134
88 136
88 138
88 139
88 140
88 142
88 143
88 145
88 146
88 147
88 150
88 151
88 153
88 157
88 158
88 161
89 90
89 91
89 92
89 93
89 94
89 96
89 97
89 98
89 99
89 101
89 102
89 103
89 104
89 105
89 108
89 109
89 110
89 112
89 114
89 115
89 116
89 117
89 118
89 124
89 125
89 127
89 128
89 129
89 130
89 132
89 133
89 134
89 135
89 137
89 138
89 139
89 140
89 142
89 143
89 145
89 146
89 147
89 148
89 149
89 150
89 151
89 152
89 153
89 154
89 157
89 158
89 159
89 160
89 161
90 91
90 96
90 97
90 101
90 102
90 103
90 106
90 108
90 110
90 111
90 112
90 114
90 115
90 118
90 124
90 125
90 129
90 130
90 131
90 133
90 138
90 139
90 142
90 143
90 144
90 146
90 147
90 150
90 152
90 153
90 161
91 93
91 101
91 102
91 105
91 107
91 108
91 111
91 113
91 114
91 118
91 119
91 122
91 125
91 126
91 127
91 129
91 134
91 138
91 143
91 147
91 150
91 152
91 153
91 154
91 157
91 158
91 160
92 94
92 95
92 101
92 102
92 105
92 106
92 107
92 108
92 112
92 115
92 117
92 118
92 124
92 125
92 129
92 132
92 133
92 134
92 135
92 137
92 138
92 139
92 142
92 146
92 147
92 149
92 150
92 151
92 152
92 153
92 154
92 159
92 161
93 94
93 98
93 101
93 102
93 103
93 104
93 105
93 107
93 108
93 109
93 112
93 113
93 115
93 117
93 118
93 120
93 121
93 125
93 126
93 128
93 129
93 130
93 131
93 133
93 134
93 137
93 141
93 142
93 143
93 147
93 151
93 152
93 154
93 155
93 156
93 158
93 161
94 97
94 98
94 100
94 102
94 103
94 105
94 106
94 107
94 108
94 109
94 112
94 113
94 114
94 115
94 116
94 117
94 118
94 119
94 121
94 122
94 125
94 126
94 129
94 130
94 131
94 133
94 134
94 136
94 137
94 138
94 139
94 141
94 142
94 143
94 146
94 147
94 148
94 151
94 152
94 153
94 154
94 155
94 156
94 158
94 159
94 160
94 161
95 97
95 101
95 102
95 103
95 105
95 106
95 107
95 112
95 113
95 117
95 122
95 125
95 131
95 132
95 134
95 136
95 137
95 139
95 142
95 145
95 147
95 151
95 152
95 154
95 158
95 160
96 97
96 105
96 106
96 108
96 114
96 117
96 129
96 133
96 135
96 137
96 138
96 139
96 142
96 146
96 147
96 148
96 152
96 154
96 158
97 98
97 99
97 100
97 101
97 103
97 105
97 106
97 107
97 109
97 110
97 112
97 113
97 114
97 116
97 117
97 119
97 125
97 128
97 129
97 131
97 133
97 134
97 135
97 137
97 138
97 139
97 141
97 142
97 143
97 145
97 146
97 147
97 148
97 150
97 152
97 153
97 154
97 157
97 158
97 160
97 161
98 101
98 106
98 111
98 113
98 114
98 115
98 116
98 117
98 118
98 120
98 121
98 125
98 131
98 133
98 134
98 138
98 141
98 147
98 149
98 150
98 151
98 152
98 153
98 154
98 157
98 158
99 101
99 102
99 103
99 104
99 105
99 107
99 108
99 109
99 112
99 114
99 117
99 118
99 123
99 129
99 130
99 131
99 132
99 134
99 135
99 137
99 138
99 139
99 142
99 143
99 145
99 147
99 149
99 150
99 151
99 152
99 153
99 154
99 157
99 158
99 159
99 160
99 161
100 102
100 105
100 106
100 109
100 110
100 112
100 113
100 115
100 118
100 125
100 127
100 129
100 130
100 131
100 132
100 133
100 134
100 135
100 136
100 139
100 142
100 146
100 147
100 148
100 149
100 150
100 151
100 152
100 158
100 159
100 160
101 102
101 103
101 104
101 105
101 106
101 107
101 108
101 109
101 111
101 112
101 113
101 114
101 115
101 116
101 117
101 118
101 123
101 125
101 128
101 129
101 130
101 131
101 132
101 133
101 134
101 137
101 138
101 139
101 141
101 142
101 143
101 145
101 147
101 148
101 149
101 150
101 151
101 152
101 153
101 154
101 156
101 157
101 159
101 161
102 103
102 104
102 105
102 106
102 107
102 108
102 109
102 110
102 111
102 112
102 114
102 115
102 116
102 117
102 118
102 120
102 121
102 123
102 125
102 127
102 129
102 130
102 131
102 132
102 133
102 134
102 135
102 136
102 137
102 138
102 139
102 141
102 142
102 145
102 147
102 149
102 150
102 151
102 152
102 153
102 154
102 155
102 156
102 157
102 158
102 159
102 161
103 104
103 105
103 106
103 108
103 109
103 112
103 114
103 115
103 117
103 118
103 119
103 120
103 125
103 126
103 128
103 129
103 131
103 133
103 134
103 137
103 138
103 142
103 146
103 150
103 151
103 152
103 154
103 157
103 158
103 160
103 161
104 106
104 108
104 111
104 112
104 113
104 114
104 115
104 116
104 117
104 118
104 125
104 128
104 129
104 131
104 133
104 137
104 138
104 142
104 146
104 147
104 150
104 157
104 160
105 107
105 108
105 109
105 112
105 113
105 114
105 116
105 117
105 118
105 120
105 121
105 124
105 125
105 126
105 128
105 129
105 130
105 131
105 133
105 134
105 137
105 138
105 139
105 141
105 142
105 143
105 146
105 148
105 152
105 153
105 154
105 155
105 156
105 157
105 158
105 161
106 108
106 109
106 110
106 111
106 112
106 113
106 114
106 115
106 117
106 118
106 119
106 125
106 126
106 128
106 129
106 130
106 131
106 134
106 135
106 136
106 137
106 138
106 139
106 141
106 142
106 143
106 145
106 146
106 147
106 148
106 149
106 150
106 151
106 152
106 153
106 154
106 155
106 156
106 158
106 159
106 161
107 108
107 109
107 111
107 114
107 115
107 116
107 118
107 125
107 126
107 128
107 129
107 131
107 133
107 134
107 135
107 137
107 138
107 139
107 140
107 141
107 142
107 147
107 148
107 149
107 150
107 152
107 153
107 154
107 155
107 157
107 158
107 159
108 112
108 113
108 115
108 118
108 120
108 121
108 122
108 124
108 125
108 126
108 127
108 128
108 130
108 131
108 132
108 133
108 134
108 135
108 136
108 137
108 138
108 139
108 140
108 141
108 142
108 146
108 147
108 148
108 149
108 150
108 151
108 152
108 153
108 154
108 155
108 156
108 157
108 158
108 159
108 160
108 161
109 112
109 113
109 114
109 115
109 117
109 118
109 119
109 122
109 125
109 126
109 127
109 129
109 130
109 131
109 133
109 135
109 137
109 138
109 144
109 145
109 146
109 147
109 148
109 149
109 150
109 151
109 152
109 153
109 154
109 155
109 157
109 158
109 161
110 113
110 115
110 118
110 125
110 129
110 130
110 132
110 135
110 140
110 141
110 142
110 146
110 147
110 150
110 151
110 152
110 154
110 158
110 159
110 160
110 161
111 112
111 114
111 115
111 125
111 127
111 129
111 130
111 133
111 134
111 135
111 137
111 138
111 139
111 141
111 142
111 143
111 145
111 147
111 148
111 150
111 152
111 157
111 158
111 159
111 160
112 115
112 117
112 118
112 125
112 129
112 130
112 131
112 133
112 134
112 136
112 137
112 138
112 139
112 140
112 143
112 146
112 150
112 151
112 152
112 153
112 154
112 155
112 158
112 160
113 114
113 115
113 116
113 118
113 125
113 126
113 128
113 130
113 133
113 134
113 135
113 136
113 137
113 138
113 139
113 140
113 141
113 142
113 143
113 145
113 146
113 147
113 148
113 151
113 153
113 154
113 155
113 157
113 158
113 159
113 160
113 161
114 115
114 117
114 118
114 120
114 124
114 125
114 126
114 128
114 129
114 130
114 131
114 132
114 133
114 134
114 135
114 136
114 137
114 139
114 141
114 142
114 145
114 146
114 147
114 148
114 149
114 150
114 151
114 152
114 153
114 155
114 157
114 158
114 159
114 161
115 116
115 117
115 118
115 120
115 125
115 126
115 127
115 128
115 130
115 131
115 133
115 134
115 135
115 136
115 137
115 138
115 139
115 140
115 142
115 143
115 145
115 146
115 147
115 148
115 149
115 150
115 151
115 152
115 153
115 154
115 155
115 156
115 157
115 158
115 160
115 161
116 117
116 118
116 119
116 122
116 124
116 126
116 129
116 130
116 131
116 134
116 135
116 137
116 138
116 139
116 141
116 142
116 143
116 146
116 151
116 152
116 153
116 156
116 157
116 158
116 159
116 161
117 118
117 121
117 124
117 125
117 126
117 128
117 129
117 130
117 131
117 133
117 134
117 135
117 137
117 138
117 140
117 141
117 142
117 144
117 145
117 146
117 147
117 148
117 149
117 150
117 151
117 152
117 153
117 154
117 155
117 157
117 158
117 159
117 160
117 161
118 119
118 122
118 125
118 127
118 129
118 130
118 131
118 132
118 133
118 134
118 135
118 137
118 138
118 139
118 141
118 142
118 143
118 144
118 145
118 146
118 147
118 148
118 149
118 150
118 151
118 152
118 153
118 154
118 155
118 157
118 158
118 159
118 160
118 161
119 125
119 129
119 131
119 132
119 133
119 137
119 138
119 139
119 156
119 157
119 158
119 161
120 134
120 135
120 137
120 151
120 152
120 157
120 158
120 161
121 131
121 133
121 137
121 138
121 142
121 145
121 152
121 154
121 159
122 133
122 135
122 137
122 138
122 144
122 147
122 151
123 125
123 128
123 137
123 151
123 154
123 158
124 129
124 130
124 139
124 147
124 152
124 154
124 156
124 158
125 126
125 128
125 129
125 130
125 131
125 133
125 134
125 135
125 136
125 138
125 139
125 140
125 141
125 142
125 143
125 144
125 145
125 146
125 147
125 148
125 149
125 150
125 151
125 152
125 154
125 155
125 156
125 157
125 158
125 159
125 161
126 129
126 130
126 131
126 132
126 133
126 134
126 135
126 137
126 138
126 139
126 141
126 142
126 145
126 146
126 147
126 149
126 150
126 153
126 154
126 155
126 158
126 159
127 128
127 130
127 131
127 133
127 134
127 136
127 137
127 139
127 141
127 147
127 152
127 161
128 129
128 131
128 134
128 135
128 137
128 138
128 139
128 142
128 146
128 147
128 150
128 151
128 159
129 130
129 131
129 132
129 133
129 134
129 135
129 136
129 137
129 138
129 139
129 140
129 141
129 142
129 144
129 146
129 147
129 149
129 151
129 152
129 153
129 154
129 155
129 157
129 158
129 159
129 160
129 161
130 131
130 134
130 135
130 136
130 138
130 139
130 147
130 152
130 153
130 154
130 155
130 158
130 159
131 133
131 134
131 137
131 138
131 139
131 140
131 141
131 142
131 143
131 144
131 145
131 146
131 147
131 148
131 149
131 150
131 151
131 152
131 153
131 154
131 155
131 157
131 158
131 160
131 161
132 133
132 134
132 142
132 147
132 154
132 158
133 134
133 136
133 137
133 138
133 139
133 140
133 141
133 142
133 143
133 145
133 146
133 148
133 149
133 150
133 151
133 152
133 153
133 155
133 156
133 157
133 158
133 159
133 161
134 135
134 137
134 138
134 139
134 140
134 141
134 142
134 143
134 144
134 146
134 147
134 148
134 149
134 150
134 152
134 154
134 156
134 157
134 158
134 159
134 160
134 161
135 137
135 138
135 139
135 141
135 142
135 146
135 151
135 152
135 153
135 154
135 158
135 159
135 160
135 161
136 137
136 139
136 142
136 147
136 148
136 150
136 154
136 155
136 157
136 158
137 138
137 139
137 140
137 142
137 144
137 148
137 149
137 150
137 151
137 152
137 153
137 154
137 155
137 156
137 157
137 158
137 159
137 160
137 161
138 139
138 140
138 141
138 142
138 143
138 146
138 147
138 149
138 150
138 151
138 152
138 153
138 154
138 155
138 156
138 157
138 158
138 159
138 160
138 161
139 141
139 142
139 145
139 147
139 148
139 149
139 150
139 151
139 152
139 153
139 154
139 156
139 158
139 161
140 145
140 146
140 147
140 149
140 152
140 153
140 154
140 157
140 159
141 142
141 145
141 146
141 147
141 149
141 152
141 153
141 154
141 157
141 158
141 159
141 161
142 143
142 145
142 146
142 147
142 150
142 151
142 152
142 154
142 155
142 157
142 159
142 161
143 146
143 151
143 152
143 154
143 155
143 161
144 147
144 150
144 154
144 158
145 146
145 147
145 149
145 150
145 151
145 152
145 153
145 154
145 158
146 148
146 150
146 151
146 152
146 155
146 157
146 158
146 159
146 160
147 149
147 150
147 151
147 152
147 153
147 154
147 155
147 157
147 159
147 160
147 161
148 151
148 152
148 158
148 161
149 150
149 151
149 152
149 153
149 154
149 158
150 151
150 152
150 153
150 154
150 157
150 158
150 159
150 160
150 161
151 152
151 153
151 154
151 158
151 159
151 161
152 153
152 154
152 155
152 156
152 157
152 158
152 159
152 160
152 161
153 154
153 158
153 159
153 161
154 155
154 156
154 157
154 158
154 159
154 160
154 161
155 156
155 158
156 158
157 158
158 160
158 161
159 160
159 161
160 161
