0 1
0 7
0 8
0 11
0 16
0 17
0 18
0 22
0 23
0 25
0 26
0 28
0 30
0 34
0 37
0 38
0 40
0 42
0 45
0 46
0 49
0 50
0 51
0 52
0 54
0 55
0 56
0 57
0 58
0 59
0 64
0 66
0 67
0 68
0 69
0 72
0 74
0 75
0 76
0 80
0 82
0 83
0 84
0 85
0 88
0 89
0 91
0 94
0 95
0 97
0 98
0 101
0 105
0 106
0 107
0 108
0 109
0 112
0 113
0 114
0 115
0 116
0 117
0 118
0 125
0 126
0 127
0 130
0 131
0 133
0 140
0 143
0 145
0 146
0 152
0 154
0 157
0 158
0 159
1 2
1 4
1 6
1 7
1 8
1 10
1 12
1 14
1 18
1 19
1 21
1 30
1 32
1 34
1 35
1 38
1 39
1 42
1 44
1 45
1 46
1 50
1 54
1 56
1 61
1 62
1 64
1 65
1 67
1 68
1 69
1 71
1 72
1 73
1 74
1 75
1 77
1 78
1 79
1 82
1 88
1 89
1 92
1 96
1 99
1 101
1 102
1 103
1 105
1 106
1 107
1 108
1 109
1 111
1 113
1 114
1 115
1 116
1 117
1 118
1 122
1 123
1 125
1 129
1 133
1 134
1 135
1 137
1 138
1 139
1 141
1 145
1 146
1 147
1 150
1 151
1 152
1 154
1 155
1 158
1 159
2 4
2 6
2 14
2 16
2 18
2 21
2 23
2 25
2 30
2 31
2 32
2 34
2 35
2 36
2 40
2 41
2 43
2 45
2 46
2 50
2 54
2 55
2 58
2 63
2 65
2 68
2 69
2 72
2 73
2 75
2 77
2 79
2 84
2 85
2 86
2 87
2 91
2 93
2 94
2 97
2 98
2 101
2 102
2 104
2 105
2 106
2 108
2 113
2 118
2 125
2 129
2 130
2 133
2 134
2 136
2 137
2 138
2 139
2 147
2 148
2 151
2 154
2 155
2 156
2 158
2 159
2 161
3 4
3 6
3 9
3 10
3 11
3 13
3 14
3 20
3 21
3 26
3 27
3 28
3 29
3 30
3 35
3 36
3 41
3 45
3 50
3 54
3 59
3 64
3 66
3 67
3 69
3 71
3 73
3 77
3 79
3 83
3 84
3 85
3 87
3 88
3 89
3 90
3 93
3 104
3 105
3 106
3 107
3 111
3 112
3 114
3 115
3 117
3 125
3 126
3 129
3 131
3 133
3 139
3 142
3 143
3 146
3 147
3 153
3 154
3 155
3 158
3 160
4 5
4 6
4 7
4 8
4 9
4 10
4 11
4 12
4 14
4 16
4 19
4 20
4 21
4 25
4 26
4 27
4 29
4 30
4 31
4 32
4 35
4 36
4 38
4 39
4 40
4 42
4 43
4 44
4 45
4 46
4 48
4 50
4 51
4 52
4 53
4 54
4 55
4 56
4 57
4 58
4 59
4 61
4 62
4 63
4 64
4 65
4 66
4 67
4 68
4 69
4 70
4 71
4 72
4 73
4 74
4 75
4 77
4 79
4 80
4 81
4 82
4 84
4 86
4 88
4 89
4 90
4 91
4 92
4 93
4 94
4 95
4 97
4 98
4 99
4 101
4 103
4 105
4 106
4 107
4 108
4 109
4 112
4 113
4 114
4 115
4 116
4 117
4 118
4 123
4 125
4 126
4 127
4 128
4 129
4 131
4 133
4 134
4 135
4 136
4 137
4 138
4 139
4 141
4 142
4 145
4 146
4 147
4 148
4 150
4 151
4 152
4 153
4 154
4 157
4 158
4 159
4 160
4 161
5 7
5 9
5 10
5 13
5 21
5 22
5 26
5 27
5 28
5 31
5 32
5 35
5 36
5 38
5 40
5 41
5 49
5 50
5 51
5 54
5 58
5 59
5 62
5 64
5 67
5 68
5 70
5 84
5 85
5 88
5 89
5 94
5 98
5 99
5 102
5 104
5 105
5 110
5 113
5 114
5 115
5 116
5 125
5 128
5 129
5 131
5 132
5 133
5 134
5 136
5 138
5 142
5 146
5 147
5 149
5 150
5 151
5 152
5 155
5 159
6 7
6 8
6 9
6 10
6 11
6 12
6 13
6 14
6 15
6 16
6 18
6 19
6 20
6 21
6 23
6 26
6 29
6 30
6 31
6 32
6 33
6 34
6 35
6 37
6 38
6 40
6 41
6 42
6 43
6 44
6 45
6 46
6 47
6 48
6 49
6 50
6 51
6 52
6 53
6 54
6 55
6 56
6 57
6 58
6 59
6 61
6 63
6 64
6 65
6 66
6 67
6 68
6 69
6 70
6 71
6 72
6 73
6 74
6 75
6 77
6 78
6 79
6 80
6 81
6 82
6 83
6 84
6 85
6 86
6 87
6 89
6 90
6 91
6 93
6 94
6 97
6 99
6 100
6 101
6 104
6 105
6 106
6 107
6 111
6 112
6 113
6 115
6 116
6 117
6 118
6 119
6 121
6 122
6 123
6 124
6 126
6 128
6 131
6 132
6 133
6 134
6 135
6 137
6 138
6 139
6 140
6 141
6 142
6 143
6 144
6 145
6 146
6 147
6 150
6 153
6 154
6 156
6 157
6 158
6 159
6 160
6 161
7 8
7 9
7 10
7 11
7 12
7 13
7 14
7 15
7 16
7 18
7 19
7 21
7 22
7 24
7 25
7 26
7 27
7 29
7 30
7 31
7 32
7 34
7 36
7 37
7 38
7 40
7 41
7 42
7 43
7 44
7 45
7 46
7 47
7 48
7 49
7 50
7 51
7 52
7 53
7 54
7 55
7 56
7 58
7 61
7 63
7 64
7 65
7 66
7 67
7 68
7 69
7 71
7 72
7 74
7 75
7 76
7 77
7 78
7 79
7 80
7 81
7 82
7 83
7 84
7 85
7 88
7 89
7 91
7 92
7 93
7 94
7 95
7 97
7 98
7 99
7 101
7 102
7 104
7 105
7 106
7 107
7 109
7 110
7 111
7 112
7 113
7 114
7 115
7 116
7 117
7 118
7 119
7 120
7 123
7 125
7 126
7 127
7 128
7 129
7 131
7 133
7 134
7 135
7 136
7 137
7 138
7 141
7 142
7 143
7 144
7 145
7 146
7 147
7 148
7 150
7 151
7 152
7 153
7 154
7 155
7 156
7 157
7 158
7 161
8 11
8 14
8 19
8 25
8 32
8 36
8 38
8 39
8 40
8 44
8 46
8 49
8 50
8 51
8 52
8 56
8 59
8 64
8 66
8 67
8 68
8 69
8 72
8 75
8 77
8 79
8 88
8 89
8 92
8 94
8 97
8 99
8 101
8 106
8 111
8 112
8 115
8 118
8 129
8 130
8 131
8 133
8 134
8 142
8 147
8 150
8 152
8 154
8 157
8 161
9 10
9 14
9 15
9 16
9 18
9 19
9 20
9 21
9 27
9 29
9 30
9 31
9 32
9 34
9 35
9 36
9 37
9 40
9 45
9 46
9 49
9 50
9 51
9 52
9 54
9 55
9 56
9 58
9 61
9 62
9 64
9 65
9 66
9 67
9 68
9 69
9 74
9 77
9 80
9 83
9 84
9 87
9 88
9 90
9 92
9 94
9 95
9 97
9 99
9 101
9 102
9 103
9 105
9 106
9 107
9 108
9 110
9 112
9 114
9 115
9 116
9 118
9 120
9 125
9 126
9 127
9 129
9 131
9 133
9 134
9 135
9 137
9 138
9 140
9 141
9 142
9 145
9 146
9 147
9 149
9 150
9 151
9 152
9 154
9 155
9 156
9 157
9 158
9 161
10 11
10 14
10 15
10 18
10 19
10 20
10 21
10 22
10 23
10 24
10 25
10 26
10 27
10 28
10 29
10 31
10 34
10 35
10 36
10 38
10 39
10 40
10 49
10 51
10 53
10 54
10 55
10 56
10 58
10 59
10 63
10 64
10 65
10 66
10 67
10 69
10 71
10 72
10 73
10 74
10 79
10 80
10 82
10 86
10 88
10 89
10 93
10 94
10 97
10 98
10 101
10 102
10 104
10 106
10 108
10 113
10 114
10 115
10 117
10 118
10 120
10 121
10 123
10 125
10 126
10 131
10 132
10 133
10 136
10 137
10 138
10 140
10 141
10 142
10 145
10 147
10 149
10 151
10 152
10 155
10 158
10 159
10 160
10 161
11 12
11 13
11 14
11 15
11 18
11 19
11 21
11 23
11 25
11 26
11 27
11 30
11 31
11 32
11 34
11 35
11 36
11 37
11 39
11 40
11 41
11 42
11 43
11 44
11 46
11 47
11 48
11 49
11 50
11 51
11 52
11 54
11 55
11 56
11 57
11 58
11 59
11 61
11 62
11 63
11 64
11 66
11 67
11 68
11 69
11 70
11 71
11 73
11 74
11 75
11 76
11 80
11 81
11 83
11 84
11 86
11 87
11 88
11 89
11 90
11 91
11 92
11 93
11 94
11 97
11 98
11 99
11 100
11 102
11 106
11 107
11 111
11 114
11 115
11 116
11 117
11 118
11 119
11 121
11 124
11 125
11 127
11 129
11 130
11 131
11 133
11 134
11 135
11 136
11 137
11 138
11 139
11 141
11 142
11 143
11 144
11 146
11 147
11 148
11 149
11 150
11 151
11 152
11 153
11 154
11 155
11 157
11 158
11 160
11 161
12 14
12 19
12 20
12 26
12 30
12 31
12 36
12 40
12 43
12 44
12 45
12 46
12 49
12 50
12 52
12 54
12 56
12 58
12 59
12 62
12 63
12 65
12 67
12 69
12 71
12 72
12 75
12 76
12 77
12 79
12 82
12 84
12 89
12 92
12 94
12 98
12 102
12 107
12 112
12 113
12 114
12 115
12 116
12 117
12 125
12 126
12 128
12 129
12 130
12 131
12 133
12 134
12 135
12 137
12 138
12 139
12 140
12 142
12 143
12 145
12 147
12 151
12 153
12 157
12 158
13 14
13 15
13 16
13 19
13 20
13 21
13 24
13 25
13 26
13 27
13 28
13 31
13 32
13 35
13 37
13 39
13 40
13 42
13 43
13 45
13 46
13 47
13 48
13 49
13 51
13 54
13 55
13 56
13 58
13 59
13 62
13 63
13 64
13 65
13 66
13 67
13 68
13 69
13 70
13 72
13 73
13 74
13 76
13 82
13 83
13 84
13 86
13 88
13 89
13 91
13 92
13 93
13 94
13 102
13 106
13 107
13 108
13 109
13 110
13 112
13 114
13 115
13 118
13 121
13 125
13 128
13 129
13 130
13 131
13 132
13 133
13 134
13 135
13 137
13 142
13 146
13 147
13 149
13 150
13 151
13 152
13 154
13 155
13 158
13 160
13 161
14 15
14 16
14 17
14 18
14 19
14 21
14 22
14 23
14 24
14 25
14 26
14 28
14 29
14 30
14 31
14 32
14 33
14 34
14 35
14 36
14 37
14 38
14 39
14 40
14 41
14 42
14 43
14 44
14 45
14 46
14 47
14 49
14 50
14 51
14 52
14 53
14 54
14 55
14 56
14 59
14 61
14 62
14 63
14 64
14 66
14 67
14 68
14 69
14 70
14 71
14 72
14 73
14 74
14 75
14 77
14 79
14 80
14 81
14 82
14 83
14 84
14 85
14 86
14 87
14 88
14 89
14 90
14 91
14 92
14 93
14 94
14 95
14 96
14 97
14 99
14 101
14 102
14 103
14 104
14 106
14 108
14 109
14 110
14 111
14 112
14 113
14 114
14 115
14 116
14 117
14 118
14 122
14 123
14 124
14 125
14 126
14 127
14 128
14 131
14 133
14 134
14 135
14 136
14 137
14 138
14 139
14 140
14 141
14 142
14 145
14 146
14 147
14 149
14 150
14 151
14 152
14 153
14 154
14 155
14 156
14 157
14 158
14 159
14 160
15 18
15 21
15 23
15 26
15 30
15 31
15 32
15 33
15 37
15 38
15 39
15 40
15 44
15 45
15 46
15 54
15 55
15 56
15 59
15 64
15 65
15 66
15 67
15 68
15 69
15 70
15 71
15 72
15 74
15 75
15 79
15 80
15 83
15 86
15 88
15 89
15 93
15 94
15 101
15 102
15 105
15 106
15 107
15 108
15 112
15 113
15 114
15 115
15 116
15 117
15 118
15 119
15 120
15 122
15 130
15 131
15 135
15 137
15 141
15 142
15 145
15 146
15 150
15 153
15 154
15 158
16 19
16 21
16 26
16 27
16 32
16 34
16 35
16 36
16 37
16 40
16 41
16 42
16 43
16 44
16 51
16 52
16 54
16 56
16 58
16 65
16 67
16 68
16 69
16 72
16 73
16 75
16 79
16 90
16 93
16 94
16 97
16 100
16 103
16 104
16 106
16 108
16 110
16 112
16 113
16 117
16 118
16 125
16 126
16 129
16 133
16 134
16 135
16 137
16 147
16 150
16 152
16 153
16 154
16 158
16 161
17 25
17 31
17 34
17 37
17 38
17 49
17 56
17 65
17 67
17 68
17 69
17 73
17 74
17 79
17 84
17 94
17 102
17 108
17 112
17 114
17 115
17 116
17 128
17 129
17 131
17 135
17 139
17 142
17 147
17 150
17 151
17 157
18 19
18 20
18 24
18 25
18 26
18 27
18 32
18 34
18 36
18 37
18 40
18 41
18 50
18 51
18 53
18 54
18 55
18 58
18 59
18 60
18 64
18 65
18 67
18 69
18 71
18 73
18 74
18 76
18 78
18 79
18 81
18 82
18 83
18 84
18 86
18 87
18 89
18 92
18 93
18 94
18 95
18 99
18 101
18 102
18 104
18 106
18 108
18 109
18 112
18 113
18 114
18 115
18 116
18 117
18 119
18 125
18 126
18 129
18 133
18 134
18 135
18 136
18 137
18 138
18 139
18 142
18 145
18 146
18 147
18 150
18 151
18 153
18 154
18 157
18 158
18 159
18 160
18 161
19 21
19 22
19 24
19 28
19 29
19 30
19 31
19 32
19 35
19 36
19 37
19 38
19 39
19 40
19 41
19 43
19 44
19 45
19 46
19 47
19 48
19 49
19 50
19 51
19 53
19 54
19 55
19 58
19 60
19 61
19 62
19 63
19 64
19 66
19 67
19 68
19 69
19 70
19 71
19 72
19 73
19 74
19 75
19 76
19 77
19 78
19 80
19 85
19 86
19 87
19 88
19 89
19 91
19 95
19 96
19 97
19 98
19 99
19 101
19 102
19 103
19 105
19 106
19 107
19 109
19 111
19 112
19 113
19 114
19 115
19 116
19 117
19 118
19 119
19 120
19 122
19 124
19 125
19 126
19 129
19 131
19 133
19 134
19 135
19 136
19 138
19 139
19 140
19 141
19 142
19 145
19 146
19 147
19 148
19 149
19 150
19 151
19 152
19 154
19 155
19 157
19 158
19 159
19 161
20 21
20 29
20 30
20 31
20 32
20 38
20 44
20 45
20 51
20 54
20 55
20 58
20 59
20 62
20 65
20 66
20 67
20 68
20 69
20 70
20 77
20 79
20 84
20 86
20 87
20 91
20 94
20 97
20 102
20 108
20 109
20 112
20 113
20 115
20 118
20 128
20 129
20 130
20 131
20 133
20 137
20 139
20 141
20 145
20 147
20 151
20 152
20 154
20 157
20 159
21 22
21 24
21 26
21 28
21 30
21 31
21 34
21 35
21 36
21 37
21 40
21 42
21 43
21 44
21 45
21 48
21 49
21 51
21 52
21 53
21 54
21 55
21 58
21 59
21 61
21 63
21 64
21 65
21 66
21 67
21 68
21 69
21 70
21 71
21 72
21 73
21 74
21 75
21 77
21 79
21 80
21 81
21 83
21 84
21 85
21 86
21 87
21 88
21 89
21 90
21 91
21 92
21 93
21 96
21 97
21 98
21 99
21 100
21 101
21 102
21 103
21 106
21 107
21 108
21 109
21 111
21 112
21 113
21 114
21 115
21 117
21 118
21 119
21 120
21 124
21 125
21 126
21 127
21 131
21 133
21 134
21 137
21 138
21 139
21 140
21 141
21 142
21 143
21 145
21 146
21 147
21 148
21 151
21 152
21 153
21 154
21 156
21 157
21 158
21 160
21 161
22 24
22 25
22 26
22 27
22 36
22 38
22 39
22 49
22 51
22 54
22 56
22 57
22 58
22 59
22 63
22 64
22 65
22 67
22 68
22 70
22 71
22 72
22 75
22 77
22 79
22 82
22 84
22 85
22 86
22 90
22 97
22 100
22 101
22 103
22 105
22 106
22 107
22 108
22 111
22 114
22 115
22 117
22 118
22 119
22 128
22 129
22 130
22 131
22 133
22 136
22 137
22 138
22 145
22 146
22 149
22 150
22 151
22 155
22 159
22 161
23 25
23 30
23 35
23 36
23 38
23 45
23 46
23 50
23 51
23 52
23 53
23 56
23 64
23 69
23 70
23 73
23 81
23 89
23 103
23 108
23 109
23 112
23 113
23 114
23 115
23 116
23 117
23 120
23 125
23 129
23 131
23 137
23 138
23 142
23 146
23 147
23 152
23 158
23 159
23 161
24 29
24 30
24 31
24 32
24 35
24 36
24 37
24 40
24 42
24 44
24 49
24 51
24 52
24 54
24 56
24 59
24 66
24 67
24 68
24 69
24 70
24 72
24 76
24 79
24 80
24 88
24 89
24 90
24 92
24 93
24 94
24 97
24 100
24 105
24 106
24 107
24 112
24 113
24 114
24 117
24 118
24 119
24 124
24 125
24 128
24 129
24 130
24 134
24 135
24 136
24 137
24 142
24 147
24 151
24 152
25 26
25 29
25 30
25 32
25 34
25 37
25 40
25 41
25 42
25 43
25 45
25 46
25 48
25 50
25 53
25 54
25 55
25 56
25 59
25 61
25 63
25 64
25 65
25 66
25 67
25 68
25 71
25 72
25 73
25 74
25 75
25 77
25 79
25 80
25 83
25 84
25 87
25 89
25 90
25 93
25 94
25 95
25 98
25 100
25 101
25 102
25 103
25 106
25 107
25 108
25 109
25 113
25 114
25 117
25 118
25 120
25 125
25 126
25 127
25 129
25 131
25 133
25 134
25 135
25 136
25 137
25 138
25 139
25 142
25 143
25 144
25 147
25 149
25 150
25 151
25 158
25 159
25 160
25 161
26 27
26 31
26 32
26 33
26 34
26 35
26 36
26 39
26 40
26 42
26 43
26 45
26 46
26 48
26 49
26 51
26 52
26 53
26 54
26 55
26 56
26 57
26 58
26 59
26 60
26 61
26 62
26 63
26 64
26 65
26 66
26 67
26 68
26 69
26 71
26 72
26 73
26 74
26 75
26 79
26 80
26 81
26 83
26 84
26 86
26 87
26 89
26 91
26 92
26 93
26 94
26 97
26 98
26 99
26 101
26 102
26 105
26 106
26 107
26 108
26 109
26 110
26 111
26 112
26 113
26 114
26 115
26 116
26 117
26 118
26 120
26 121
26 124
26 125
26 126
26 128
26 129
26 130
26 131
26 133
26 134
26 135
26 136
26 137
26 138
26 140
26 141
26 142
26 143
26 145
26 146
26 147
26 148
26 150
26 151
26 152
26 153
26 154
26 155
26 157
26 159
26 161
27 36
27 40
27 41
27 44
27 51
27 54
27 55
27 56
27 58
27 59
27 63
27 64
27 67
27 68
27 72
27 74
27 79
27 94
27 98
27 99
27 106
27 108
27 117
27 125
27 130
27 133
27 134
27 139
27 140
27 152
27 158
28 30
28 31
28 35
28 39
28 40
28 45
28 46
28 51
28 54
28 55
28 63
28 70
28 71
28 73
28 74
28 75
28 77
28 80
28 101
28 102
28 105
28 110
28 111
28 114
28 115
28 116
28 122
28 128
28 130
28 134
28 137
28 139
28 142
28 145
28 152
28 161
29 30
29 31
29 36
29 38
29 39
29 40
29 41
29 42
29 44
29 45
29 49
29 50
29 54
29 56
29 57
29 58
29 59
29 64
29 68
29 70
29 72
29 74
29 75
29 77
29 79
29 80
29 84
29 85
29 87
29 88
29 89
29 93
29 98
29 103
29 106
29 108
29 114
29 115
29 121
29 126
29 129
29 130
29 131
29 133
29 134
29 137
29 138
29 141
29 147
29 150
29 151
29 152
29 154
29 155
30 31
30 32
30 35
30 36
30 37
30 38
30 39
30 40
30 45
30 46
30 48
30 49
30 50
30 51
30 52
30 53
30 55
30 56
30 57
30 58
30 63
30 64
30 65
30 66
30 67
30 68
30 69
30 70
30 71
30 72
30 74
30 75
30 76
30 77
30 79
30 80
30 85
30 87
30 88
30 91
30 92
30 93
30 94
30 97
30 98
30 100
30 101
30 105
30 106
30 109
30 111
30 112
30 115
30 116
30 117
30 118
30 124
30 126
30 127
30 129
30 130
30 131
30 133
30 134
30 135
30 136
30 137
30 138
30 139
30 140
30 141
30 142
30 143
30 145
30 147
30 149
30 150
30 151
30 152
30 154
30 157
30 158
30 159
30 160
30 161
31 32
31 34
31 35
31 36
31 37
31 38
31 39
31 40
31 42
31 43
31 44
31 45
31 46
31 48
31 49
31 50
31 51
31 52
31 53
31 54
31 55
31 56
31 57
31 58
31 59
31 61
31 62
31 63
31 64
31 65
31 66
31 67
31 68
31 69
31 70
31 71
31 72
31 73
31 74
31 75
31 76
31 79
31 82
31 84
31 87
31 88
31 89
31 91
31 92
31 94
31 95
31 96
31 97
31 98
31 99
31 100
31 101
31 102
31 103
31 104
31 105
31 106
31 107
31 109
31 111
31 112
31 113
31 114
31 115
31 116
31 117
31 118
31 119
31 123
31 124
31 125
31 126
31 128
31 129
31 130
31 131
31 132
31 133
31 135
31 136
31 138
31 140
31 141
31 142
31 145
31 146
31 147
31 148
31 149
31 150
31 151
31 152
31 153
31 154
31 155
31 157
31 158
31 159
31 160
31 161
32 33
32 34
32 35
32 38
32 39
32 40
32 42
32 43
32 44
32 45
32 46
32 51
32 53
32 54
32 55
32 56
32 58
32 59
32 60
32 61
32 62
32 63
32 64
32 65
32 66
32 67
32 68
32 69
32 70
32 72
32 73
32 74
32 77
32 79
32 80
32 81
32 82
32 83
32 84
32 89
32 90
32 91
32 93
32 94
32 95
32 97
32 98
32 100
32 102
32 104
32 105
32 106
32 107
32 108
32 109
32 111
32 113
32 114
32 115
32 116
32 117
32 118
32 120
32 121
32 124
32 125
32 126
32 128
32 129
32 130
32 131
32 132
32 133
32 134
32 135
32 136
32 137
32 138
32 139
32 140
32 141
32 142
32 143
32 145
32 146
32 147
32 149
32 150
32 151
32 152
32 153
32 154
32 155
32 156
32 157
32 158
32 159
32 160
32 161
33 39
33 42
33 43
33 45
33 51
33 52
33 55
33 58
33 64
33 67
33 68
33 70
33 71
33 72
33 88
33 89
33 91
33 94
33 97
33 101
33 102
33 106
33 111
33 114
33 118
33 119
33 125
33 129
33 130
33 131
33 133
33 134
33 136
33 137
33 138
33 142
33 143
33 151
33 153
33 154
33 155
33 157
33 158
33 159
33 161
34 35
34 37
34 40
34 42
34 45
34 49
34 55
34 56
34 57
34 63
34 65
34 69
34 70
34 71
34 72
34 74
34 77
34 80
34 88
34 91
34 92
34 93
34 97
34 100
34 101
34 105
34 106
34 108
34 109
34 111
34 112
34 113
34 114
34 116
34 125
34 126
34 128
34 129
34 131
34 133
34 134
34 135
34 136
34 137
34 138
34 142
34 143
34 146
34 147
34 148
34 150
34 151
34 152
34 154
35 36
35 38
35 39
35 42
35 44
35 45
35 48
35 49
35 50
35 51
35 53
35 54
35 55
35 56
35 57
35 58
35 59
35 62
35 65
35 67
35 68
35 70
35 71
35 72
35 73
35 74
35 75
35 76
35 77
35 79
35 80
35 81
35 83
35 84
35 85
35 88
35 89
35 91
35 94
35 96
35 97
35 100
35 101
35 102
35 103
35 106
35 107
35 108
35 109
35 110
35 111
35 112
35 113
35 115
35 116
35 117
35 118
35 125
35 126
35 129
35 130
35 131
35 133
35 134
35 135
35 138
35 139
35 140
35 141
35 142
35 143
35 145
35 148
35 149
35 151
35 152
35 153
35 154
35 156
35 157
35 158
35 160
35 161
36 37
36 38
36 40
36 42
36 43
36 45
36 46
36 47
36 48
36 50
36 51
36 52
36 53
36 54
36 56
36 59
36 60
36 63
36 64
36 65
36 66
36 67
36 68
36 71
36 72
36 73
36 77
36 79
36 81
36 82
36 83
36 84
36 85
36 86
36 87
36 88
36 89
36 93
36 94
36 98
36 99
36 101
36 102
36 104
36 106
36 108
36 109
36 110
36 111
36 112
36 113
36 114
36 115
36 118
36 120
36 122
36 125
36 128
36 129
36 130
36 131
36 135
36 137
36 139
36 142
36 145
36 146
36 147
36 148
36 149
36 151
36 152
36 154
36 158
36 159
37 38
37 39
37 40
37 45
37 51
37 53
37 54
37 55
37 58
37 61
37 65
37 66
37 67
37 68
37 69
37 70
37 71
37 72
37 73
37 74
37 75
37 76
37 77
37 79
37 80
37 83
37 85
37 86
37 87
37 88
37 89
37 94
37 99
37 100
37 101
37 102
37 103
37 105
37 106
37 107
37 108
37 112
37 113
37 114
37 115
37 117
37 118
37 119
37 121
37 124
37 125
37 128
37 129
37 130
37 131
37 133
37 134
37 136
37 137
37 138
37 139
37 140
37 142
37 145
37 147
37 152
37 153
37 154
37 157
37 158
37 160
37 161
38 40
38 41
38 42
38 43
38 45
38 46
38 47
38 48
38 49
38 50
38 51
38 52
38 53
38 54
38 55
38 56
38 57
38 58
38 59
38 63
38 64
38 65
38 68
38 70
38 71
38 72
38 73
38 74
38 75
38 77
38 79
38 80
38 82
38 83
38 85
38 86
38 89
38 90
38 94
38 99
38 100
38 101
38 102
38 104
38 105
38 106
38 107
38 108
38 109
38 111
38 112
38 115
38 116
38 117
38 118
38 119
38 120
38 121
38 125
38 126
38 127
38 128
38 129
38 131
38 133
38 134
38 137
38 138
38 139
38 140
38 141
38 142
38 143
38 144
38 145
38 146
38 147
38 149
38 150
38 151
38 152
38 153
38 154
38 155
38 157
38 158
38 159
38 161
39 40
39 47
39 49
39 51
39 55
39 56
39 61
39 63
39 64
39 66
39 68
39 72
39 87
39 89
39 90
39 97
39 98
39 101
39 103
39 104
39 106
39 108
39 109
39 111
39 112
39 113
39 115
39 117
39 121
39 125
39 129
39 131
39 133
39 134
39 138
39 139
39 141
39 145
39 149
39 150
39 153
39 154
39 158
40 41
40 42
40 43
40 44
40 45
40 46
40 47
40 48
40 49
40 50
40 51
40 52
40 54
40 56
40 58
40 59
40 61
40 62
40 63
40 64
40 65
40 66
40 67
40 68
40 69
40 70
40 71
40 72
40 73
40 74
40 75
40 76
40 77
40 79
40 81
40 83
40 84
40 85
40 87
40 88
40 89
40 90
40 91
40 93
40 94
40 96
40 97
40 98
40 99
40 100
40 101
40 102
40 105
40 106
40 108
40 109
40 110
40 112
40 113
40 114
40 115
40 116
40 117
40 118
40 119
40 121
40 122
40 123
40 125
40 127
40 128
40 130
40 131
40 133
40 135
40 136
40 137
40 138
40 139
40 142
40 143
40 145
40 147
40 148
40 149
40 150
40 151
40 153
40 154
40 155
40 156
40 157
40 158
40 160
40 161
41 44
41 45
41 58
41 67
41 70
41 72
41 82
41 89
41 91
41 101
41 102
41 108
41 112
41 113
41 115
41 117
41 125
41 129
41 130
41 131
41 135
41 141
41 142
41 144
41 146
41 149
41 152
41 158
41 161
42 43
42 45
42 46
42 49
42 51
42 52
42 54
42 55
42 56
42 63
42 64
42 65
42 67
42 69
42 70
42 72
42 74
42 75
42 79
42 80
42 85
42 86
42 88
42 92
42 94
42 96
42 97
42 98
42 101
42 102
42 103
42 104
42 106
42 109
42 110
42 112
42 113
42 114
42 118
42 120
42 123
42 125
42 127
42 131
42 133
42 135
42 136
42 137
42 139
42 141
42 142
42 143
42 145
42 147
42 148
42 149
42 150
42 152
42 153
42 154
42 157
42 158
42 161
43 44
43 45
43 46
43 49
43 50
43 51
43 55
43 56
43 57
43 58
43 60
43 61
43 63
43 65
43 67
43 68
43 70
43 72
43 73
43 74
43 75
43 77
43 79
43 81
43 84
43 87
43 88
43 89
43 94
43 99
43 101
43 102
43 103
43 105
43 108
43 110
43 111
43 112
43 114
43 115
43 117
43 118
43 119
43 120
43 122
43 124
43 125
43 126
43 128
43 129
43 130
43 131
43 133
43 134
43 135
43 136
43 138
43 139
43 143
43 146
43 147
43 150
43 151
43 152
43 153
43 154
43 155
43 157
43 158
43 160
43 161
44 45
44 46
44 49
44 50
44 51
44 52
44 54
44 55
44 56
44 58
44 62
44 63
44 64
44 66
44 67
44 68
44 69
44 70
44 71
44 72
44 73
44 74
44 76
44 79
44 80
44 82
44 83
44 84
44 86
44 87
44 88
44 89
44 91
44 94
44 95
44 98
44 100
44 101
44 102
44 104
44 105
44 106
44 107
44 108
44 109
44 110
44 111
44 112
44 113
44 114
44 115
44 117
44 118
44 122
44 124
44 125
44 127
44 128
44 129
44 131
44 133
44 134
44 136
44 137
44 138
44 140
44 141
44 142
44 143
44 145
44 146
44 147
44 148
44 151
44 152
44 153
44 154
44 157
44 158
45 46
45 48
45 50
45 51
45 52
45 54
45 55
45 56
45 57
45 58
45 59
45 60
45 61
45 62
45 64
45 65
45 66
45 67
45 68
45 69
45 70
45 71
45 73
45 74
45 76
45 77
45 79
45 80
45 81
45 82
45 87
45 88
45 89
45 90
45 91
45 92
45 93
45 94
45 95
45 96
45 97
45 100
45 101
45 102
45 106
45 107
45 108
45 110
45 111
45 112
45 114
45 115
45 116
45 117
45 118
45 119
45 120
45 122
45 124
45 125
45 126
45 128
45 129
45 130
45 131
45 133
45 134
45 135
45 136
45 137
45 138
45 140
45 142
45 143
45 144
45 145
45 147
45 148
45 149
45 150
45 151
45 152
45 153
45 154
45 157
45 158
45 159
45 160
45 161
46 49
46 51
46 52
46 54
46 55
46 56
46 57
46 58
46 59
46 63
46 65
46 66
46 67
46 68
46 70
46 72
46 75
46 80
46 84
46 85
46 86
46 88
46 89
46 90
46 91
46 93
46 94
46 97
46 98
46 102
46 103
46 106
46 107
46 108
46 109
46 113
46 114
46 115
46 117
46 118
46 122
46 125
46 128
46 129
46 131
46 133
46 134
46 135
46 137
46 138
46 139
46 141
46 143
46 144
46 145
46 146
46 147
46 148
46 150
46 151
46 152
46 153
46 157
46 158
46 160
47 50
47 53
47 56
47 60
47 64
47 65
47 68
47 69
47 72
47 73
47 79
47 80
47 89
47 94
47 97
47 99
47 101
47 102
47 107
47 110
47 114
47 117
47 118
47 119
47 122
47 125
47 127
47 128
47 131
47 133
47 134
47 135
47 136
47 137
47 138
47 139
47 147
47 148
48 49
48 52
48 53
48 55
48 57
48 59
48 62
48 67
48 68
48 69
48 70
48 71
48 72
48 77
48 79
48 84
48 86
48 89
48 94
48 97
48 98
48 101
48 105
48 106
48 110
48 113
48 116
48 117
48 118
48 119
48 126
48 129
48 131
48 133
48 134
48 141
48 142
48 146
48 150
48 151
48 154
48 157
48 158
49 50
49 51
49 52
49 54
49 55
49 56
49 58
49 59
49 61
49 62
49 63
49 64
49 65
49 66
49 68
49 69
49 70
49 72
49 74
49 75
49 76
49 77
49 79
49 81
49 82
49 83
49 84
49 86
49 87
49 88
49 89
49 90
49 91
49 92
49 93
49 94
49 97
49 98
49 99
49 100
49 101
49 102
49 103
49 105
49 106
49 108
49 109
49 111
49 112
49 113
49 114
49 115
49 116
49 117
49 118
49 120
49 121
49 124
49 125
49 126
49 127
49 128
49 129
49 130
49 131
49 133
49 134
49 135
49 137
49 138
49 139
49 140
49 141
49 142
49 146
49 147
49 148
49 150
49 151
49 152
49 153
49 154
49 155
49 158
49 160
49 161
50 51
50 53
50 55
50 56
50 57
50 61
50 62
50 64
50 66
50 67
50 68
50 71
50 72
50 73
50 74
50 75
50 79
50 87
50 88
50 89
50 92
50 94
50 99
50 101
50 102
50 104
50 106
50 107
50 108
50 111
50 116
50 117
50 119
50 121
50 125
50 126
50 127
50 129
50 131
50 133
50 134
50 137
50 138
50 141
50 142
50 143
50 146
50 147
50 149
50 151
50 152
50 153
50 154
50 158
50 161
51 52
51 54
51 55
51 56
51 58
51 59
51 60
51 62
51 63
51 64
51 65
51 66
51 67
51 68
51 69
51 71
51 72
51 73
51 74
51 75
51 77
51 79
51 80
51 81
51 82
51 84
51 85
51 87
51 88
51 89
51 90
51 91
51 92
51 93
51 94
51 95
51 96
51 97
51 99
51 100
51 102
51 103
51 104
51 105
51 106
51 108
51 110
51 112
51 113
51 114
51 115
51 116
51 117
51 118
51 119
51 120
51 122
51 123
51 125
51 126
51 127
51 128
51 130
51 131
51 133
51 134
51 136
51 137
51 138
51 139
51 140
51 141
51 142
51 145
51 146
51 147
51 148
51 149
51 152
51 154
51 155
51 157
51 158
51 159
51 160
52 54
52 56
52 58
52 59
52 60
52 61
52 64
52 65
52 66
52 68
52 70
52 71
52 72
52 75
52 77
52 79
52 83
52 87
52 88
52 89
52 91
52 93
52 95
52 99
52 101
52 102
52 105
52 106
52 108
52 109
52 112
52 115
52 118
52 121
52 125
52 130
52 131
52 132
52 133
52 134
52 135
52 136
52 137
52 138
52 142
52 146
52 147
52 149
52 150
52 152
52 154
52 155
52 158
52 161
53 55
53 56
53 58
53 60
53 62
53 63
53 65
53 68
53 69
53 70
53 72
53 73
53 77
53 79
53 87
53 89
53 92
53 93
53 97
53 99
53 102
53 105
53 106
53 107
53 109
53 112
53 113
53 114
53 115
53 117
53 118
53 119
53 124
53 125
53 126
53 128
53 129
53 130
53 131
53 133
53 135
53 139
53 140
53 142
53 147
53 151
53 152
53 153
53 157
53 158
53 159
53 160
54 55
54 56
54 58
54 59
54 60
54 62
54 64
54 65
54 66
54 67
54 68
54 69
54 70
54 71
54 72
54 73
54 74
54 75
54 76
54 77
54 79
54 80
54 81
54 82
54 83
54 84
54 85
54 86
54 87
54 88
54 89
54 90
54 91
54 93
54 94
54 95
54 97
54 98
54 100
54 101
54 103
54 104
54 105
54 106
54 107
54 108
54 109
54 111
54 112
54 114
54 115
54 116
54 117
54 118
54 119
54 120
54 122
54 123
54 125
54 127
54 128
54 129
54 131
54 132
54 133
54 135
54 137
54 138
54 139
54 140
54 141
54 142
54 143
54 146
54 147
54 148
54 149
54 150
54 151
54 152
54 154
54 157
54 158
54 160
55 56
55 58
55 59
55 63
55 64
55 65
55 66
55 67
55 68
55 69
55 72
55 73
55 74
55 75
55 76
55 78
55 79
55 80
55 85
55 87
55 88
55 89
55 90
55 91
55 93
55 94
55 96
55 97
55 100
55 101
55 102
55 103
55 104
55 105
55 106
55 107
55 109
55 112
55 113
55 115
55 116
55 117
55 118
55 122
55 123
55 124
55 125
55 126
55 129
55 130
55 131
55 133
55 134
55 135
55 136
55 137
55 138
55 139
55 140
55 142
55 143
55 144
55 145
55 146
55 147
55 150
55 151
55 152
55 154
55 157
55 158
55 159
55 160
55 161
56 58
56 60
56 61
56 63
56 64
56 65
56 67
56 68
56 69
56 70
56 71
56 72
56 73
56 74
56 75
56 79
56 80
56 82
56 84
56 85
56 87
56 88
56 89
56 90
56 92
56 93
56 94
56 95
56 96
56 97
56 98
56 99
56 101
56 102
56 104
56 105
56 106
56 107
56 108
56 109
56 110
56 114
56 115
56 116
56 117
56 118
56 121
56 124
56 125
56 126
56 127
56 129
56 130
56 131
56 133
56 134
56 137
56 138
56 139
56 141
56 142
56 143
56 145
56 146
56 147
56 148
56 150
56 151
56 152
56 153
56 154
56 155
56 157
56 158
56 159
56 160
56 161
57 64
57 67
57 68
57 71
57 73
57 74
57 79
57 80
57 83
57 84
57 86
57 87
57 88
57 90
57 91
57 98
57 99
57 101
57 102
57 103
57 106
57 107
57 108
57 111
57 114
57 115
57 118
57 125
57 127
57 128
57 132
57 134
57 138
57 143
57 147
57 152
57 154
57 158
58 59
58 63
58 64
58 65
58 66
58 67
58 68
58 69
58 71
58 72
58 73
58 74
58 75
58 76
58 77
58 78
58 79
58 80
58 84
58 86
58 87
58 88
58 89
58 91
58 92
58 93
58 94
58 96
58 97
58 100
58 101
58 102
58 105
58 106
58 107
58 109
58 110
58 112
58 114
58 115
58 116
58 118
58 122
58 125
58 126
58 127
58 128
58 129
58 130
58 131
58 133
58 134
58 136
58 138
58 142
58 143
58 145
58 146
58 147
58 148
58 150
58 151
58 152
58 153
58 154
58 158
58 159
58 160
58 161
59 62
59 63
59 64
59 66
59 67
59 68
59 69
59 71
59 72
59 74
59 75
59 79
59 84
59 87
59 89
59 91
59 94
59 97
59 99
59 101
59 102
59 106
59 107
59 108
59 112
59 113
59 115
59 116
59 118
59 125
59 126
59 129
59 131
59 133
59 135
59 136
59 137
59 138
59 141
59 142
59 143
59 146
59 147
59 149
59 150
59 151
59 152
59 153
59 154
59 155
59 157
59 159
59 160
60 61
60 68
60 69
60 70
60 74
60 93
60 113
60 116
60 126
60 133
60 135
60 136
60 137
60 138
60 152
60 158
60 161
61 62
61 63
61 64
61 65
61 66
61 67
61 69
61 70
61 72
61 73
61 74
61 75
61 79
61 84
61 85
61 87
61 88
61 93
61 97
61 100
61 101
61 102
61 105
61 106
61 107
61 109
61 111
61 113
61 115
61 119
61 123
61 125
61 126
61 127
61 129
61 131
61 132
61 134
61 137
61 138
61 139
61 146
61 147
61 148
61 150
61 151
61 152
61 153
61 154
61 161
62 64
62 67
62 70
62 71
62 73
62 75
62 77
62 79
62 83
62 84
62 85
62 88
62 92
62 93
62 97
62 102
62 105
62 106
62 108
62 109
62 110
62 113
62 114
62 117
62 122
62 126
62 128
62 129
62 131
62 133
62 134
62 135
62 138
62 142
62 143
62 146
62 148
62 150
62 152
62 154
62 157
62 158
62 160
62 161
63 64
63 65
63 66
63 67
63 68
63 69
63 72
63 73
63 74
63 75
63 76
63 79
63 80
63 83
63 84
63 87
63 89
63 90
63 92
63 93
63 94
63 97
63 100
63 101
63 102
63 104
63 106
63 107
63 109
63 110
63 111
63 113
63 114
63 115
63 116
63 117
63 118
63 125
63 126
63 128
63 130
63 131
63 133
63 134
63 135
63 137
63 138
63 141
63 142
63 145
63 147
63 148
63 149
63 150
63 152
63 153
63 154
63 155
63 156
63 157
63 158
63 161
64 65
64 66
64 67
64 68
64 69
64 70
64 71
64 72
64 73
64 75
64 77
64 79
64 83
64 84
64 86
64 87
64 88
64 89
64 91
64 92
64 94
64 95
64 97
64 98
64 99
64 100
64 102
64 103
64 104
64 105
64 106
64 107
64 108
64 109
64 110
64 111
64 112
64 113
64 114
64 116
64 117
64 119
64 122
64 123
64 125
64 127
64 128
64 129
64 130
64 131
64 133
64 134
64 135
64 137
64 138
64 139
64 140
64 141
64 142
64 143
64 145
64 146
64 147
64 149
64 150
64 151
64 152
64 153
64 154
64 155
64 156
64 157
64 158
64 159
64 160
64 161
65 67
65 68
65 69
65 70
65 72
65 73
65 74
65 75
65 76
65 79
65 81
65 82
65 84
65 85
65 87
65 88
65 89
65 91
65 92
65 93
65 94
65 95
65 97
65 99
65 101
65 102
65 103
65 104
65 105
65 106
65 107
65 109
65 110
65 111
65 112
65 113
65 114
65 115
65 116
65 117
65 118
65 119
65 121
65 122
65 123
65 124
65 125
65 126
65 127
65 130
65 131
65 133
65 134
65 136
65 137
65 138
65 139
65 140
65 142
65 145
65 147
65 148
65 149
65 150
65 151
65 152
65 153
65 154
65 156
65 158
65 159
65 161
66 67
66 68
66 69
66 70
66 71
66 72
66 73
66 74
66 75
66 77
66 79
66 80
66 82
66 86
66 87
66 88
66 90
66 91
66 92
66 93
66 94
66 95
66 97
66 99
66 101
66 102
66 103
66 104
66 105
66 107
66 108
66 109
66 110
66 111
66 112
66 113
66 114
66 115
66 117
66 118
66 119
66 121
66 124
66 129
66 130
66 131
66 133
66 134
66 136
66 137
66 138
66 140
66 142
66 145
66 146
66 147
66 150
66 151
66 152
66 153
66 154
66 155
66 157
66 158
66 159
66 160
66 161
67 68
67 69
67 71
67 72
67 73
67 74
67 75
67 76
67 77
67 78
67 79
67 80
67 81
67 82
67 83
67 84
67 85
67 86
67 87
67 88
67 89
67 90
67 91
67 92
67 93
67 94
67 95
67 96
67 98
67 99
67 100
67 101
67 102
67 103
67 104
67 105
67 106
67 107
67 108
67 109
67 110
67 112
67 113
67 114
67 115
67 116
67 117
67 118
67 120
67 121
67 122
67 123
67 124
67 125
67 126
67 127
67 128
67 129
67 130
67 131
67 133
67 134
67 135
67 136
67 137
67 138
67 139
67 140
67 141
67 142
67 143
67 144
67 145
67 146
67 147
67 148
67 149
67 151
67 152
67 153
67 154
67 156
67 157
67 158
67 159
67 160
67 161
68 69
68 70
68 71
68 72
68 73
68 75
68 76
68 77
68 78
68 79
68 80
68 82
68 84
68 86
68 87
68 88
68 89
68 91
68 92
68 93
68 97
68 99
68 100
68 101
68 102
68 103
68 104
68 105
68 106
68 107
68 108
68 109
68 111
68 112
68 114
68 115
68 116
68 117
68 118
68 122
68 123
68 125
68 126
68 129
68 130
68 131
68 133
68 134
68 137
68 138
68 139
68 140
68 141
68 142
68 143
68 146
68 147
68 149
68 150
68 151
68 152
68 153
68 154
68 158
68 160
68 161
69 70
69 71
69 72
69 74
69 75
69 76
69 79
69 80
69 81
69 82
69 83
69 85
69 86
69 88
69 89
69 90
69 92
69 93
69 94
69 95
69 97
69 98
69 99
69 102
69 103
69 104
69 105
69 106
69 107
69 108
69 109
69 110
69 112
69 113
69 114
69 115
69 117
69 118
69 119
69 120
69 122
69 125
69 129
69 130
69 131
69 132
69 134
69 135
69 136
69 137
69 138
69 139
69 141
69 142
69 143
69 145
69 147
69 148
69 149
69 152
69 153
69 154
69 155
69 157
69 158
69 159
69 160
69 161
70 72
70 74
70 75
70 77
70 78
70 79
70 80
70 81
70 83
70 84
70 86
70 87
70 89
70 90
70 91
70 92
70 93
70 94
70 95
70 97
70 98
70 99
70 100
70 101
70 102
70 103
70 104
70 105
70 106
70 107
70 108
70 109
70 110
70 111
70 112
70 113
70 114
70 115
70 117
70 118
70 122
70 124
70 125
70 126
70 127
70 128
70 129
70 130
70 131
70 132
70 133
70 134
70 135
70 136
70 137
70 138
70 139
70 141
70 142
70 146
70 147
70 148
70 149
70 150
70 151
70 152
70 154
70 155
70 156
70 157
70 158
71 72
71 73
71 74
71 75
71 76
71 77
71 79
71 82
71 84
71 85
71 86
71 87
71 88
71 89
71 90
71 91
71 93
71 94
71 96
71 97
71 98
71 99
71 101
71 103
71 104
71 105
71 107
71 108
71 109
71 112
71 113
71 114
71 115
71 117
71 118
71 119
71 122
71 123
71 124
71 125
71 126
71 128
71 131
71 132
71 133
71 134
71 135
71 136
71 137
71 138
71 139
71 140
71 141
71 142
71 143
71 144
71 145
71 146
71 147
71 149
71 150
71 151
71 152
71 153
71 156
71 157
71 158
71 159
71 161
72 73
72 74
72 75
72 76
72 77
72 79
72 80
72 81
72 82
72 83
72 84
72 85
72 86
72 87
72 88
72 89
72 90
72 93
72 94
72 95
72 97
72 98
72 99
72 100
72 101
72 102
72 103
72 104
72 105
72 106
72 107
72 108
72 109
72 110
72 111
72 112
72 113
72 114
72 115
72 116
72 117
72 118
72 119
72 122
72 124
72 125
72 126
72 127
72 128
72 129
72 130
72 131
72 133
72 134
72 135
72 136
72 137
72 138
72 139
72 141
72 142
72 143
72 144
72 145
72 146
72 147
72 148
72 149
72 150
72 151
72 152
72 154
72 155
72 157
72 158
72 161
73 74
73 76
73 77
73 79
73 80
73 81
73 82
73 83
73 84
73 87
73 88
73 89
73 90
73 91
73 94
73 96
73 97
73 99
73 100
73 101
73 102
73 105
73 106
73 107
73 108
73 111
73 112
73 113
73 114
73 115
73 116
73 117
73 118
73 120
73 122
73 125
73 129
73 131
73 134
73 135
73 136
73 137
73 138
73 139
73 140
73 142
73 146
73 148
73 150
73 151
73 152
73 153
73 154
73 155
73 156
73 157
73 158
73 159
73 160
74 75
74 76
74 77
74 79
74 80
74 82
74 83
74 84
74 85
74 86
74 87
74 88
74 89
74 91
74 92
74 93
74 94
74 96
74 97
74 98
74 99
74 100
74 101
74 104
74 106
74 107
74 108
74 109
74 110
74 112
74 114
74 115
74 116
74 117
74 118
74 119
74 120
74 121
74 122
74 124
74 126
74 127
74 129
74 131
74 132
74 134
74 135
74 136
74 137
74 138
74 139
74 141
74 143
74 145
74 146
74 147
74 148
74 150
74 151
74 152
74 153
74 154
74 155
74 157
74 158
74 159
74 160
74 161
75 77
75 79
75 80
75 82
75 83
75 84
75 86
75 87
75 93
75 96
75 97
75 98
75 99
75 100
75 101
75 102
75 105
75 106
75 107
75 108
75 109
75 110
75 111
75 112
75 113
75 114
75 115
75 116
75 117
75 118
75 120
75 122
75 125
75 128
75 129
75 130
75 131
75 132
75 133
75 134
75 137
75 138
75 140
75 141
75 142
75 146
75 147
75 148
75 149
75 151
75 152
75 153
75 154
75 158
75 159
75 161
76 82
76 88
76 89
76 94
76 96
76 100
76 101
76 102
76 105
76 106
76 109
76 112
76 113
76 114
76 115
76 117
76 118
76 125
76 127
76 128
76 129
76 130
76 131
76 133
76 134
76 137
76 138
76 146
76 147
76 148
76 150
76 152
76 153
76 154
76 157
76 158
77 80
77 81
77 82
77 85
77 86
77 87
77 88
77 89
77 90
77 91
77 93
77 94
77 95
77 97
77 100
77 101
77 102
77 106
77 107
77 108
77 112
77 113
77 115
77 116
77 117
77 118
77 123
77 125
77 126
77 129
77 130
77 131
77 133
77 134
77 135
77 136
77 137
77 138
77 139
77 141
77 142
77 147
77 149
77 151
77 152
77 153
77 154
77 157
77 158
77 160
78 80
78 83
78 88
78 89
78 97
78 98
78 115
78 118
78 130
78 131
78 136
78 151
79 81
79 82
79 83
79 84
79 86
79 87
79 88
79 89
79 91
79 92
79 94
79 95
79 96
79 97
79 98
79 99
79 100
79 102
79 103
79 104
79 105
79 106
79 107
79 108
79 109
79 110
79 111
79 112
79 113
79 114
79 115
79 116
79 117
79 118
79 121
79 122
79 123
79 125
79 126
79 127
79 128
79 129
79 130
79 131
79 133
79 134
79 135
79 136
79 137
79 138
79 141
79 142
79 145
79 146
79 147
79 149
79 150
79 151
79 152
79 153
79 154
79 155
79 158
79 159
79 161
80 85
80 86
80 87
80 91
80 92
80 93
80 94
80 97
80 100
80 101
80 102
80 103
80 106
80 109
80 112
80 114
80 115
80 117
80 118
80 128
80 129
80 130
80 131
80 133
80 135
80 137
80 138
80 139
80 140
80 142
80 143
80 145
80 146
80 147
80 148
80 149
80 150
80 151
80 152
80 155
80 157
80 159
80 160
80 161
81 82
81 86
81 89
81 93
81 95
81 101
81 103
81 104
81 106
81 108
81 109
81 113
81 115
81 125
81 131
81 133
81 134
81 137
81 139
81 141
81 142
81 147
81 152
81 154
81 161
82 84
82 85
82 86
82 89
82 90
82 94
82 96
82 97
82 101
82 104
82 105
82 106
82 108
82 112
82 113
82 115
82 116
82 118
82 121
82 126
82 128
82 129
82 131
82 133
82 134
82 136
82 137
82 138
82 139
82 142
82 147
82 150
82 152
82 154
82 155
82 157
82 158
83 87
83 88
83 89
83 93
83 94
83 99
83 102
83 105
83 106
83 107
83 109
83 110
83 113
83 114
83 116
83 118
83 119
83 121
83 122
83 125
83 126
83 129
83 131
83 133
83 134
83 135
83 137
83 138
83 139
83 142
83 145
83 146
83 147
83 150
83 151
83 152
83 154
83 157
83 158
84 86
84 88
84 89
84 90
84 91
84 92
84 94
84 96
84 97
84 99
84 100
84 101
84 103
84 104
84 105
84 106
84 107
84 108
84 109
84 110
84 111
84 114
84 115
84 117
84 118
84 124
84 125
84 126
84 128
84 129
84 131
84 133
84 134
84 135
84 136
84 137
84 138
84 139
84 142
84 145
84 146
84 147
84 148
84 150
84 152
84 155
84 157
84 158
84 159
84 161
85 88
85 89
85 90
85 94
85 98
85 100
85 102
85 105
85 106
85 108
85 112
85 113
85 114
85 115
85 118
85 125
85 126
85 128
85 129
85 131
85 133
85 134
85 136
85 137
85 138
85 139
85 146
85 147
85 149
85 151
85 152
85 153
85 154
85 155
85 157
85 158
85 160
86 89
86 91
86 93
86 94
86 96
86 98
86 99
86 101
86 102
86 103
86 106
86 107
86 112
86 114
86 115
86 118
86 122
86 124
86 125
86 130
86 131
86 133
86 135
86 136
86 137
86 138
86 142
86 147
86 149
86 150
86 151
86 153
86 154
86 157
86 158
86 161
87 89
87 91
87 94
87 95
87 97
87 99
87 100
87 104
87 105
87 106
87 108
87 109
87 110
87 112
87 113
87 114
87 116
87 118
87 123
87 125
87 128
87 129
87 130
87 133
87 134
87 136
87 137
87 138
87 141
87 142
87 145
87 146
87 151
87 152
87 153
87 154
87 155
87 158
87 159
88 89
88 90
88 91
88 93
88 94
88 96
88 98
88 100
88 101
88 102
88 103
88 105
88 106
88 107
88 109
88 112
88 113
88 114
88 118
88 119
88 125
88 126
88 131
88 133
88 134
88 135
88 137
88 139
88 147
88 148
88 149
88 150
88 151
88 152
88 153
88 154
88 155
88 160
88 161
89 90
89 91
89 92
89 93
89 94
89 95
89 97
89 99
89 100
89 101
89 102
89 103
89 104
89 105
89 106
89 107
89 108
89 109
89 111
89 113
89 114
89 115
89 116
89 117
89 118
89 119
89 121
89 122
89 123
89 125
89 126
89 127
89 128
89 129
89 130
89 131
89 133
89 134
89 135
89 136
89 137
89 138
89 139
89 140
89 143
89 145
89 146
89 147
89 148
89 150
89 152
89 153
89 154
89 157
89 158
89 160
89 161
90 97
90 101
90 102
90 105
90 106
90 111
90 113
90 118
90 125
90 126
90 128
90 130
90 131
90 133
90 134
90 137
90 139
90 143
90 145
90 147
90 151
90 152
90 158
90 159
90 161
91 92
91 97
91 99
91 100
91 101
91 102
91 106
91 108
91 111
91 112
91 113
91 114
91 115
91 116
91 117
91 118
91 121
91 126
91 129
91 130
91 131
91 134
91 135
91 137
91 138
91 139
91 141
91 142
91 145
91 147
91 148
91 149
91 151
91 152
91 153
91 154
91 157
91 158
92 94
92 96
92 98
92 99
92 101
92 103
92 106
92 108
92 112
92 113
92 115
92 117
92 118
92 125
92 126
92 127
92 128
92 134
92 137
92 138
92 139
92 140
92 141
92 142
92 143
92 145
92 146
92 147
92 151
92 156
92 157
92 158
93 94
93 97
93 98
93 101
93 102
93 105
93 106
93 107
93 108
93 111
93 113
93 114
93 115
93 117
93 118
93 120
93 121
93 122
93 124
93 125
93 129
93 130
93 131
93 133
93 137
93 138
93 139
93 141
93 142
93 144
93 145
93 146
93 147
93 148
93 149
93 150
93 151
93 152
93 153
93 155
93 157
93 158
93 159
94 97
94 98
94 99
94 100
94 101
94 103
94 104
94 105
94 107
94 108
94 109
94 110
94 112
94 113
94 114
94 115
94 116
94 117
94 118
94 119
94 120
94 121
94 123
94 125
94 127
94 128
94 129
94 130
94 131
94 132
94 133
94 134
94 135
94 136
94 137
94 138
94 139
94 143
94 145
94 146
94 147
94 148
94 149
94 150
94 151
94 152
94 153
94 154
94 156
94 157
94 160
94 161
95 97
95 100
95 102
95 104
95 106
95 107
95 108
95 111
95 112
95 113
95 114
95 115
95 129
95 134
95 135
95 137
95 139
95 146
95 147
95 151
95 152
95 153
95 154
95 155
95 158
96 102
96 106
96 108
96 111
96 112
96 115
96 116
96 117
96 119
96 124
96 131
96 133
96 137
96 138
96 142
96 146
96 147
96 150
96 152
96 154
96 157
97 98
97 100
97 101
97 102
97 103
97 105
97 106
97 107
97 108
97 109
97 110
97 112
97 113
97 114
97 117
97 118
97 124
97 125
97 127
97 129
97 130
97 131
97 132
97 133
97 134
97 136
97 138
97 139
97 140
97 141
97 142
97 143
97 145
97 146
97 147
97 148
97 151
97 152
97 154
97 156
97 157
97 158
97 159
97 160
97 161
98 101
98 103
98 105
98 106
98 108
98 110
98 112
98 113
98 117
98 125
98 129
98 130
98 139
98 140
98 142
98 145
98 146
98 147
98 150
98 151
98 154
98 155
98 158
98 160
99 100
99 101
99 103
99 105
99 106
99 111
99 112
99 113
99 116
99 117
99 118
99 119
99 121
99 124
99 125
99 126
99 127
99 128
99 129
99 131
99 132
99 133
99 134
99 135
99 137
99 139
99 141
99 142
99 143
99 147
99 149
99 150
99 151
99 152
99 153
99 154
99 155
99 157
99 158
99 159
100 101
100 102
100 108
100 112
100 114
100 116
100 125
100 126
100 129
100 130
100 131
100 133
100 134
100 137
100 139
100 140
100 142
100 147
100 150
100 151
100 152
100 153
100 154
100 155
100 159
101 102
101 103
101 106
101 107
101 110
101 112
101 113
101 114
101 115
101 117
101 118
101 119
101 120
101 125
101 126
101 127
101 129
101 130
101 133
101 134
101 136
101 137
101 138
101 139
101 141
101 142
101 143
101 145
101 146
101 147
101 148
101 150
101 151
101 152
101 153
101 154
101 157
101 158
101 161
102 103
102 104
102 105
102 106
102 107
102 108
102 109
102 110
102 112
102 113
102 114
102 115
102 116
102 117
102 118
102 121
102 122
102 124
102 125
102 126
102 127
102 129
102 130
102 131
102 133
102 134
102 137
102 138
102 139
102 142
102 143
102 144
102 145
102 147
102 149
102 150
102 151
102 152
102 153
102 154
102 155
102 157
102 158
102 159
102 160
102 161
103 104
103 107
103 108
103 113
103 115
103 118
103 120
103 124
103 130
103 133
103 134
103 137
103 141
103 142
103 145
103 150
103 151
103 152
103 153
103 154
103 155
103 157
103 158
103 161
104 105
104 108
104 109
104 115
104 116
104 117
104 119
104 129
104 130
104 131
104 138
104 142
104 143
104 145
104 149
104 150
104 154
104 160
105 106
105 108
105 109
105 112
105 113
105 114
105 115
105 117
105 118
105 125
105 126
105 127
105 131
105 134
105 137
105 139
105 140
105 142
105 143
105 146
105 147
105 148
105 149
105 150
105 151
105 152
105 154
105 159
105 160
105 161
106 107
106 108
106 109
106 110
106 111
106 112
106 115
106 116
106 117
106 119
106 120
106 121
106 122
106 123
106 125
106 127
106 128
106 129
106 130
106 131
106 133
106 134
106 135
106 136
106 137
106 138
106 139
106 141
106 142
106 143
106 144
106 145
106 146
106 147
106 148
106 149
106 151
106 152
106 153
106 154
106 157
106 158
106 161
107 108
107 109
107 113
107 114
107 115
107 116
107 118
107 119
107 121
107 122
107 125
107 130
107 133
107 134
107 135
107 137
107 138
107 139
107 140
107 142
107 143
107 145
107 147
107 151
107 152
107 153
107 154
107 156
107 158
107 159
108 109
108 110
108 111
108 112
108 113
108 114
108 115
108 117
108 118
108 120
108 121
108 122
108 125
108 126
108 128
108 129
108 130
108 131
108 133
108 135
108 136
108 137
108 138
108 139
108 142
108 143
108 145
108 146
108 147
108 149
108 150
108 151
108 153
108 154
108 155
108 157
108 158
108 160
108 161
109 110
109 112
109 113
109 114
109 115
109 118
109 124
109 125
109 126
109 128
109 129
109 131
109 133
109 134
109 135
109 137
109 138
109 139
109 142
109 145
109 147
109 149
109 150
109 151
109 152
109 153
109 154
109 157
109 158
109 159
109 161
110 112
110 113
110 115
110 117
110 126
110 128
110 131
110 135
110 136
110 137
110 139
110 140
110 141
110 142
110 146
110 147
110 151
110 153
110 154
110 159
110 161
111 112
111 113
111 114
111 115
111 124
111 125
111 126
111 128
111 129
111 131
111 132
111 137
111 138
111 141
111 142
111 145
111 146
111 147
111 148
111 150
111 151
111 152
111 153
111 157
111 158
111 160
111 161
112 113
112 114
112 115
112 116
112 118
112 125
112 128
112 129
112 131
112 133
112 134
112 135
112 136
112 137
112 138
112 139
112 141
112 142
112 143
112 144
112 145
112 146
112 147
112 148
112 150
112 151
112 152
112 154
112 156
112 157
112 158
112 159
112 160
112 161
113 114
113 115
113 116
113 117
113 118
113 120
113 124
113 125
113 126
113 129
113 131
113 133
113 134
113 136
113 137
113 138
113 140
113 141
113 142
113 146
113 147
113 150
113 151
113 152
113 153
113 154
113 156
113 157
113 158
113 159
113 160
113 161
114 115
114 118
114 122
114 123
114 126
114 127
114 129
114 130
114 131
114 133
114 134
114 135
114 136
114 139
114 140
114 141
114 142
114 143
114 145
114 146
114 147
114 148
114 150
114 151
114 152
114 153
114 154
114 156
114 157
114 158
114 159
115 116
115 118
115 119
115 120
115 122
115 125
115 126
115 127
115 128
115 129
115 130
115 131
115 133
115 134
115 135
115 136
115 137
115 138
115 139
115 140
115 141
115 142
115 143
115 144
115 145
115 146
115 147
115 149
115 150
115 151
115 152
115 153
115 154
115 155
115 157
115 158
115 159
115 161
116 118
116 122
116 125
116 127
116 128
116 130
116 134
116 135
116 137
116 138
116 141
116 142
116 145
116 146
116 147
116 149
116 150
116 151
116 152
116 154
116 155
116 156
116 157
116 158
116 159
116 160
117 118
117 119
117 121
117 122
117 124
117 125
117 126
117 128
117 129
117 131
117 132
117 133
117 134
117 135
117 137
117 138
117 139
117 140
117 141
117 142
117 143
117 145
117 146
117 147
117 148
117 150
117 152
117 153
117 154
117 156
117 157
117 158
117 160
117 161
118 120
118 125
118 126
118 127
118 128
118 129
118 130
118 131
118 132
118 133
118 134
118 135
118 136
118 138
118 139
118 140
118 141
118 143
118 144
118 145
118 146
118 147
118 149
118 150
118 151
118 152
118 153
118 154
118 156
118 157
118 158
118 159
118 160
118 161
119 131
119 137
119 138
119 149
119 150
119 151
119 157
119 159
120 124
120 131
120 133
120 137
120 146
120 150
120 155
120 158
120 161
121 129
121 130
121 137
121 139
121 142
121 145
121 148
121 151
121 152
121 153
121 154
121 156
122 125
122 126
122 129
122 131
122 132
122 134
122 137
122 146
122 147
122 151
122 154
122 158
123 135
123 136
123 146
123 147
123 152
123 153
123 154
124 129
124 131
124 133
124 135
124 137
124 142
124 145
124 150
124 151
124 152
124 153
124 157
124 158
125 126
125 127
125 128
125 129
125 130
125 131
125 133
125 134
125 137
125 138
125 139
125 140
125 141
125 142
125 143
125 145
125 146
125 147
125 148
125 149
125 150
125 151
125 152
125 153
125 154
125 155
125 157
125 159
125 161
126 127
126 128
126 129
126 131
126 132
126 133
126 134
126 136
126 138
126 141
126 142
126 145
126 146
126 147
126 152
126 153
126 157
126 158
126 160
127 129
127 131
127 133
127 135
127 139
127 142
127 147
127 149
127 150
127 153
127 155
127 157
127 158
128 129
128 130
128 133
128 134
128 135
128 136
128 137
128 139
128 142
128 151
128 153
128 154
128 157
128 161
129 131
129 133
129 134
129 135
129 137
129 138
129 139
129 140
129 141
129 142
129 143
129 145
129 146
129 147
129 148
129 150
129 151
129 152
129 153
129 155
129 157
129 158
129 161
130 131
130 134
130 137
130 140
130 141
130 142
130 146
130 149
130 150
130 151
130 152
130 154
130 156
130 157
130 158
131 133
131 134
131 137
131 138
131 139
131 141
131 142
131 145
131 146
131 147
131 148
131 149
131 150
131 151
131 152
131 154
131 157
131 159
131 161
132 133
132 138
132 141
132 147
132 152
132 158
133 134
133 135
133 136
133 137
133 138
133 139
133 140
133 141
133 142
133 146
133 147
133 149
133 150
133 151
133 152
133 153
133 154
133 155
133 156
133 158
133 159
133 160
134 135
134 136
134 137
134 138
134 139
134 141
134 142
134 145
134 146
134 147
134 148
134 149
134 150
134 151
134 152
134 153
134 154
134 155
134 158
134 159
134 160
134 161
135 136
135 137
135 138
135 142
135 145
135 146
135 147
135 151
135 152
135 153
135 154
135 156
135 157
135 158
135 160
135 161
136 137
136 138
136 139
136 141
136 142
136 145
136 147
136 150
136 151
136 152
136 155
136 157
136 158
136 160
136 161
137 138
137 139
137 140
137 141
137 142
137 143
137 146
137 147
137 148
137 149
137 150
137 151
137 152
137 153
137 154
137 155
137 156
137 157
137 158
137 159
137 160
137 161
138 139
138 140
138 141
138 142
138 143
138 145
138 146
138 147
138 148
138 149
138 150
138 151
138 152
138 153
138 154
138 156
138 157
138 158
138 159
138 160
138 161
139 140
139 141
139 145
139 147
139 148
139 149
139 150
139 152
139 153
139 154
139 157
139 158
139 159
139 160
139 161
140 141
140 142
140 145
140 149
140 150
140 151
140 152
140 154
140 158
140 160
141 142
141 143
141 145
141 147
141 149
141 150
141 151
141 153
141 154
141 157
141 158
141 159
141 161
142 144
142 146
142 147
142 149
142 150
142 151
142 152
142 153
142 154
142 155
142 157
142 158
142 160
142 161
143 145
143 146
143 147
143 148
143 149
143 150
143 151
143 152
143 154
143 157
144 147
144 151
144 152
144 154
144 158
144 160
145 146
145 147
145 149
145 150
145 151
145 152
145 153
145 154
145 155
145 156
145 157
145 158
146 147
146 148
146 149
146 150
146 151
146 152
146 153
146 154
146 155
146 156
146 157
146 158
146 159
146 161
147 148
147 149
147 150
147 152
147 153
147 154
147 155
147 156
147 157
147 158
147 160
147 161
148 150
148 151
148 152
148 153
148 157
148 158
148 161
149 152
149 153
149 154
149 156
149 160
150 151
150 152
150 153
150 154
150 155
150 157
150 158
150 161
151 152
151 153
151 154
151 157
151 158
151 160
151 161
152 153
152 154
152 156
152 157
152 158
152 159
152 161
153 154
153 157
153 158
153 159
153 160
153 161
154 155
154 156
154 158
154 159
154 160
154 161
155 158
155 159
155 161
156 157
157 158
157 160
158 159
158 160
159 161
160 161
