0 4
0 6
0 7
0 8
0 9
0 11
0 13
0 19
0 21
0 22
0 26
0 27
0 28
0 30
0 34
0 35
0 36
0 37
0 40
0 43
0 44
0 49
0 52
0 54
0 55
0 58
0 61
0 64
0 68
0 70
0 73
0 74
0 77
0 79
0 80
0 85
0 86
0 89
0 94
0 98
0 101
0 102
0 107
0 108
0 109
0 112
0 113
0 115
0 119
0 128
0 129
0 130
0 131
0 133
0 134
0 137
0 138
0 141
0 142
0 143
0 144
0 147
0 149
0 151
0 154
0 158
0 161
1 7
1 8
1 9
1 10
1 14
1 15
1 19
1 26
1 29
1 30
1 31
1 35
1 37
1 38
1 39
1 40
1 42
1 44
1 45
1 49
1 51
1 54
1 56
1 58
1 65
1 66
1 67
1 68
1 69
1 72
1 74
1 75
1 77
1 80
1 84
1 86
1 88
1 89
1 91
1 94
1 97
1 100
1 102
1 104
1 106
1 107
1 108
1 109
1 113
1 115
1 118
1 121
1 124
1 125
1 129
1 130
1 131
1 133
1 135
1 137
1 139
1 142
1 146
1 147
1 151
1 152
1 153
1 157
1 158
1 159
2 4
2 7
2 9
2 15
2 16
2 19
2 21
2 26
2 30
2 31
2 34
2 35
2 36
2 40
2 47
2 48
2 49
2 60
2 63
2 68
2 69
2 70
2 72
2 74
2 77
2 92
2 94
2 98
2 102
2 106
2 108
2 112
2 113
2 116
2 128
2 137
2 138
2 141
2 144
2 147
2 152
2 157
3 4
3 6
3 7
3 9
3 11
3 12
3 13
3 14
3 19
3 23
3 25
3 26
3 31
3 34
3 35
3 38
3 40
3 44
3 45
3 46
3 47
3 51
3 54
3 55
3 56
3 59
3 62
3 64
3 67
3 69
3 70
3 72
3 75
3 77
3 82
3 87
3 89
3 92
3 93
3 94
3 96
3 97
3 101
3 102
3 103
3 105
3 107
3 108
3 111
3 114
3 115
3 116
3 125
3 126
3 131
3 134
3 135
3 137
3 138
3 142
3 147
3 152
3 153
3 154
3 155
3 158
3 161
4 5
4 6
4 7
4 10
4 11
4 12
4 13
4 14
4 15
4 16
4 18
4 19
4 20
4 22
4 23
4 24
4 25
4 27
4 29
4 30
4 31
4 32
4 34
4 37
4 38
4 39
4 40
4 42
4 43
4 44
4 45
4 46
4 47
4 49
4 51
4 52
4 53
4 55
4 56
4 58
4 61
4 62
4 63
4 64
4 65
4 66
4 67
4 68
4 69
4 70
4 71
4 72
4 73
4 74
4 76
4 77
4 79
4 83
4 84
4 85
4 86
4 87
4 88
4 89
4 91
4 92
4 93
4 94
4 96
4 97
4 99
4 100
4 101
4 102
4 105
4 106
4 107
4 108
4 111
4 112
4 113
4 114
4 115
4 116
4 117
4 118
4 120
4 121
4 122
4 124
4 125
4 126
4 127
4 128
4 129
4 130
4 132
4 133
4 134
4 138
4 139
4 140
4 141
4 143
4 145
4 146
4 147
4 148
4 149
4 150
4 151
4 152
4 153
4 154
4 155
4 158
4 159
4 161
5 6
5 7
5 13
5 14
5 19
5 25
5 26
5 30
5 31
5 34
5 35
5 36
5 38
5 39
5 40
5 41
5 45
5 46
5 50
5 51
5 52
5 54
5 58
5 59
5 62
5 63
5 64
5 68
5 69
5 70
5 71
5 72
5 74
5 77
5 79
5 83
5 85
5 89
5 90
5 93
5 94
5 95
5 101
5 103
5 105
5 107
5 108
5 111
5 112
5 115
5 117
5 129
5 134
5 137
5 139
5 142
5 145
5 146
5 150
5 151
5 154
5 158
5 161
6 7
6 8
6 9
6 10
6 11
6 12
6 14
6 15
6 16
6 19
6 20
6 21
6 22
6 23
6 26
6 27
6 28
6 29
6 30
6 31
6 32
6 35
6 36
6 37
6 38
6 39
6 40
6 42
6 44
6 45
6 46
6 49
6 51
6 52
6 54
6 55
6 56
6 57
6 61
6 62
6 63
6 64
6 66
6 67
6 68
6 69
6 71
6 72
6 73
6 74
6 75
6 76
6 77
6 79
6 80
6 82
6 83
6 84
6 85
6 87
6 89
6 92
6 93
6 94
6 95
6 97
6 98
6 99
6 100
6 101
6 102
6 103
6 104
6 105
6 106
6 107
6 108
6 109
6 110
6 111
6 112
6 113
6 114
6 115
6 116
6 117
6 118
6 119
6 120
6 121
6 125
6 126
6 128
6 129
6 130
6 132
6 133
6 134
6 135
6 137
6 138
6 139
6 140
6 142
6 143
6 145
6 146
6 147
6 148
6 150
6 152
6 153
6 154
6 156
6 157
6 158
6 159
6 160
6 161
7 8
7 9
7 10
7 11
7 12
7 13
7 14
7 15
7 18
7 19
7 20
7 25
7 26
7 28
7 29
7 30
7 31
7 32
7 35
7 37
7 38
7 39
7 41
7 42
7 44
7 45
7 47
7 49
7 50
7 51
7 52
7 53
7 54
7 56
7 58
7 59
7 61
7 62
7 64
7 65
7 66
7 67
7 68
7 69
7 70
7 71
7 72
7 73
7 74
7 75
7 76
7 77
7 78
7 79
7 80
7 84
7 85
7 86
7 87
7 89
7 91
7 92
7 93
7 94
7 97
7 98
7 99
7 100
7 101
7 102
7 104
7 105
7 106
7 107
7 108
7 111
7 113
7 114
7 115
7 118
7 120
7 123
7 125
7 126
7 127
7 128
7 129
7 131
7 133
7 134
7 135
7 137
7 138
7 139
7 142
7 143
7 145
7 146
7 147
7 148
7 149
7 151
7 152
7 154
7 156
7 157
7 158
7 161
8 9
8 10
8 11
8 12
8 14
8 18
8 19
8 21
8 35
8 38
8 39
8 40
8 44
8 45
8 46
8 48
8 52
8 54
8 56
8 58
8 61
8 64
8 65
8 66
8 67
8 69
8 71
8 72
8 75
8 76
8 79
8 80
8 89
8 90
8 92
8 95
8 98
8 101
8 102
8 106
8 107
8 108
8 110
8 113
8 115
8 117
8 118
8 126
8 130
8 133
8 135
8 136
8 137
8 138
8 139
8 148
8 152
8 154
8 155
8 157
9 10
9 11
9 12
9 13
9 14
9 16
9 18
9 19
9 21
9 22
9 24
9 25
9 26
9 30
9 31
9 32
9 33
9 34
9 36
9 38
9 43
9 44
9 45
9 46
9 48
9 49
9 51
9 54
9 55
9 56
9 58
9 61
9 63
9 64
9 65
9 67
9 68
9 70
9 71
9 72
9 73
9 74
9 75
9 76
9 77
9 78
9 79
9 81
9 83
9 84
9 85
9 86
9 89
9 94
9 95
9 98
9 99
9 101
9 102
9 103
9 106
9 107
9 108
9 109
9 111
9 113
9 117
9 118
9 120
9 121
9 123
9 125
9 126
9 127
9 128
9 129
9 130
9 133
9 134
9 135
9 137
9 139
9 142
9 145
9 146
9 147
9 148
9 150
9 152
9 154
9 155
9 156
9 157
9 158
9 159
10 11
10 12
10 13
10 15
10 16
10 17
10 18
10 19
10 21
10 22
10 24
10 25
10 26
10 27
10 30
10 32
10 36
10 37
10 38
10 40
10 44
10 45
10 47
10 48
10 49
10 52
10 53
10 54
10 57
10 58
10 59
10 60
10 64
10 66
10 67
10 68
10 71
10 72
10 73
10 74
10 75
10 76
10 81
10 84
10 86
10 87
10 89
10 90
10 94
10 95
10 97
10 98
10 99
10 100
10 102
10 103
10 104
10 108
10 109
10 110
10 112
10 113
10 114
10 115
10 117
10 118
10 127
10 129
10 131
10 133
10 134
10 137
10 138
10 139
10 141
10 142
10 146
10 147
10 151
10 152
10 154
10 155
10 156
10 157
10 158
10 161
11 12
11 13
11 14
11 15
11 16
11 20
11 21
11 23
11 25
11 26
11 28
11 29
11 30
11 31
11 32
11 35
11 36
11 37
11 38
11 39
11 40
11 41
11 42
11 44
11 45
11 46
11 49
11 51
11 53
11 54
11 56
11 58
11 60
11 61
11 62
11 64
11 65
11 66
11 67
11 68
11 69
11 70
11 71
11 73
11 74
11 75
11 76
11 77
11 80
11 81
11 82
11 84
11 86
11 87
11 88
11 89
11 92
11 93
11 94
11 95
11 96
11 97
11 98
11 99
11 100
11 101
11 102
11 104
11 106
11 107
11 108
11 109
11 110
11 111
11 112
11 113
11 114
11 115
11 116
11 118
11 119
11 121
11 122
11 126
11 127
11 128
11 129
11 130
11 131
11 132
11 133
11 134
11 135
11 137
11 138
11 141
11 142
11 143
11 146
11 147
11 149
11 150
11 151
11 152
11 153
11 154
11 155
11 156
11 157
11 158
11 159
11 160
11 161
12 14
12 21
12 22
12 23
12 24
12 25
12 26
12 30
12 31
12 32
12 33
12 34
12 35
12 37
12 38
12 40
12 41
12 44
12 46
12 49
12 51
12 54
12 55
12 56
12 57
12 59
12 63
12 66
12 68
12 69
12 70
12 71
12 72
12 74
12 75
12 77
12 81
12 82
12 86
12 88
12 92
12 94
12 95
12 101
12 103
12 105
12 109
12 111
12 112
12 116
12 118
12 125
12 126
12 128
12 129
12 131
12 133
12 134
12 137
12 138
12 139
12 142
12 146
12 147
12 150
12 151
12 152
12 154
12 155
12 158
12 161
13 15
13 18
13 20
13 21
13 26
13 32
13 34
13 37
13 38
13 40
13 44
13 45
13 46
13 49
13 52
13 54
13 55
13 56
13 58
13 62
13 64
13 65
13 67
13 69
13 70
13 73
13 75
13 77
13 83
13 84
13 85
13 87
13 88
13 89
13 91
13 93
13 94
13 95
13 101
13 102
13 105
13 106
13 107
13 108
13 109
13 113
13 114
13 115
13 117
13 118
13 128
13 130
13 132
13 133
13 135
13 137
13 138
13 139
13 142
13 146
13 148
13 151
13 152
13 154
13 157
13 158
13 160
14 18
14 19
14 20
14 21
14 22
14 24
14 25
14 26
14 27
14 28
14 29
14 30
14 31
14 32
14 34
14 35
14 36
14 37
14 38
14 39
14 40
14 41
14 42
14 44
14 45
14 46
14 48
14 49
14 50
14 51
14 52
14 54
14 55
14 56
14 57
14 58
14 59
14 60
14 61
14 62
14 63
14 64
14 65
14 66
14 67
14 68
14 69
14 70
14 71
14 72
14 74
14 76
14 77
14 79
14 80
14 81
14 82
14 83
14 84
14 85
14 86
14 87
14 88
14 89
14 90
14 91
14 93
14 94
14 97
14 98
14 101
14 102
14 103
14 104
14 105
14 106
14 107
14 108
14 109
14 110
14 112
14 113
14 114
14 115
14 116
14 117
14 118
14 119
14 121
14 122
14 124
14 125
14 126
14 127
14 128
14 130
14 134
14 135
14 136
14 137
14 138
14 139
14 140
14 141
14 142
14 143
14 144
14 145
14 147
14 148
14 149
14 150
14 151
14 152
14 155
14 157
14 158
14 159
14 160
14 161
15 19
15 21
15 27
15 28
15 30
15 31
15 32
15 34
15 35
15 36
15 39
15 40
15 43
15 44
15 45
15 46
15 50
15 52
15 54
15 55
15 56
15 59
15 63
15 64
15 65
15 67
15 68
15 69
15 70
15 71
15 72
15 74
15 75
15 76
15 77
15 79
15 84
15 85
15 88
15 89
15 90
15 92
15 93
15 94
15 97
15 103
15 105
15 106
15 108
15 109
15 112
15 114
15 115
15 117
15 118
15 121
15 125
15 126
15 129
15 131
15 133
15 134
15 137
15 139
15 140
15 141
15 142
15 145
15 147
15 148
15 150
15 152
15 158
15 161
16 17
16 19
16 21
16 26
16 30
16 31
16 35
16 36
16 40
16 43
16 44
16 46
16 47
16 48
16 50
16 51
16 52
16 54
16 56
16 61
16 62
16 66
16 67
16 68
16 69
16 70
16 72
16 75
16 81
16 84
16 87
16 88
16 89
16 94
16 96
16 106
16 107
16 108
16 110
16 111
16 112
16 113
16 115
16 117
16 118
16 125
16 126
16 129
16 131
16 134
16 139
16 141
16 147
16 148
16 149
16 150
16 151
16 153
16 154
16 157
16 158
16 160
16 161
17 21
17 34
17 49
17 51
17 54
17 55
17 68
17 69
17 72
17 73
17 74
17 79
17 80
17 84
17 86
17 88
17 90
17 92
17 94
17 107
17 114
17 117
17 125
17 130
17 133
17 134
17 138
17 142
17 146
17 151
17 153
17 154
17 156
17 159
18 19
18 26
18 31
18 34
18 38
18 40
18 43
18 44
18 47
18 49
18 54
18 56
18 57
18 60
18 62
18 69
18 72
18 73
18 74
18 78
18 87
18 88
18 92
18 97
18 99
18 105
18 107
18 108
18 109
18 111
18 125
18 126
18 129
18 131
18 132
18 133
18 135
18 139
18 143
18 145
18 149
18 152
18 153
18 154
18 157
18 158
18 159
19 20
19 21
19 22
19 25
19 26
19 27
19 29
19 30
19 31
19 32
19 34
19 36
19 37
19 38
19 39
19 40
19 41
19 44
19 45
19 46
19 47
19 48
19 50
19 51
19 54
19 55
19 56
19 57
19 58
19 59
19 60
19 61
19 62
19 63
19 64
19 65
19 66
19 67
19 68
19 69
19 70
19 71
19 73
19 74
19 75
19 76
19 77
19 79
19 80
19 82
19 84
19 85
19 87
19 90
19 91
19 92
19 93
19 94
19 95
19 97
19 98
19 99
19 100
19 101
19 102
19 103
19 104
19 105
19 106
19 108
19 110
19 111
19 112
19 113
19 114
19 115
19 116
19 117
19 118
19 119
19 120
19 122
19 123
19 124
19 127
19 128
19 129
19 130
19 131
19 132
19 133
19 134
19 135
19 137
19 138
19 139
19 140
19 141
19 142
19 143
19 145
19 146
19 147
19 148
19 149
19 150
19 151
19 152
19 153
19 154
19 155
19 156
19 158
19 159
19 160
19 161
20 21
20 26
20 31
20 32
20 37
20 45
20 46
20 49
20 52
20 54
20 55
20 57
20 65
20 66
20 67
20 71
20 72
20 73
20 74
20 77
20 84
20 92
20 96
20 97
20 99
20 102
20 106
20 107
20 108
20 109
20 112
20 114
20 125
20 128
20 129
20 130
20 131
20 133
20 134
20 135
20 137
20 138
20 139
20 140
20 142
20 147
20 153
20 158
20 160
20 161
21 22
21 23
21 24
21 25
21 26
21 27
21 30
21 31
21 32
21 33
21 34
21 35
21 36
21 37
21 40
21 43
21 44
21 45
21 46
21 48
21 49
21 50
21 54
21 55
21 56
21 58
21 59
21 61
21 63
21 64
21 65
21 67
21 68
21 69
21 70
21 71
21 73
21 74
21 75
21 79
21 80
21 82
21 83
21 84
21 85
21 86
21 89
21 91
21 93
21 94
21 95
21 97
21 98
21 99
21 100
21 101
21 102
21 103
21 104
21 105
21 106
21 107
21 108
21 109
21 110
21 111
21 112
21 113
21 114
21 115
21 116
21 117
21 118
21 119
21 120
21 122
21 125
21 126
21 129
21 131
21 132
21 133
21 134
21 135
21 137
21 138
21 139
21 141
21 142
21 143
21 146
21 147
21 148
21 150
21 152
21 153
21 154
21 155
21 156
21 157
21 158
21 160
21 161
22 24
22 26
22 31
22 32
22 35
22 37
22 40
22 41
22 44
22 45
22 49
22 50
22 51
22 52
22 54
22 55
22 56
22 58
22 63
22 65
22 67
22 68
22 72
22 73
22 74
22 80
22 82
22 86
22 87
22 94
22 96
22 99
22 101
22 102
22 104
22 106
22 112
22 113
22 114
22 115
22 118
22 129
22 132
22 133
22 134
22 135
22 141
22 142
22 147
22 152
22 154
22 155
22 157
22 159
22 161
23 25
23 26
23 28
23 30
23 31
23 38
23 40
23 45
23 51
23 58
23 59
23 63
23 64
23 65
23 67
23 68
23 72
23 74
23 77
23 79
23 84
23 87
23 89
23 90
23 93
23 94
23 95
23 97
23 98
23 100
23 101
23 102
23 108
23 109
23 113
23 115
23 117
23 118
23 127
23 130
23 131
23 134
23 137
23 138
23 140
23 141
23 142
23 147
23 149
23 153
23 154
23 156
23 158
24 25
24 26
24 29
24 30
24 31
24 32
24 35
24 36
24 37
24 40
24 44
24 45
24 47
24 48
24 49
24 51
24 52
24 54
24 55
24 57
24 58
24 61
24 62
24 63
24 64
24 66
24 67
24 68
24 70
24 72
24 74
24 76
24 77
24 80
24 81
24 86
24 89
24 91
24 92
24 93
24 94
24 97
24 101
24 102
24 105
24 106
24 108
24 109
24 111
24 115
24 116
24 117
24 118
24 124
24 127
24 129
24 130
24 133
24 134
24 136
24 137
24 138
24 139
24 143
24 145
24 146
24 147
24 151
24 152
24 153
24 154
24 156
24 157
24 158
24 159
24 160
25 30
25 31
25 32
25 33
25 34
25 35
25 36
25 39
25 40
25 41
25 43
25 44
25 45
25 46
25 49
25 50
25 51
25 54
25 58
25 59
25 64
25 65
25 66
25 68
25 70
25 71
25 74
25 75
25 77
25 79
25 80
25 81
25 85
25 87
25 88
25 89
25 90
25 92
25 93
25 94
25 97
25 99
25 100
25 101
25 102
25 104
25 106
25 108
25 109
25 110
25 111
25 112
25 114
25 116
25 117
25 118
25 122
25 125
25 126
25 128
25 130
25 133
25 134
25 137
25 138
25 142
25 143
25 145
25 147
25 148
25 149
25 150
25 152
25 153
25 154
25 155
25 157
25 158
25 159
25 160
25 161
26 27
26 28
26 29
26 30
26 31
26 32
26 33
26 34
26 35
26 36
26 37
26 38
26 40
26 41
26 42
26 43
26 45
26 46
26 49
26 50
26 54
26 55
26 56
26 57
26 58
26 59
26 63
26 64
26 66
26 67
26 68
26 69
26 70
26 71
26 72
26 73
26 74
26 75
26 76
26 77
26 78
26 79
26 80
26 82
26 83
26 84
26 85
26 86
26 87
26 88
26 89
26 90
26 91
26 93
26 94
26 97
26 98
26 99
26 100
26 101
26 105
26 106
26 108
26 109
26 110
26 111
26 112
26 114
26 115
26 116
26 117
26 118
26 119
26 120
26 121
26 124
26 125
26 127
26 128
26 129
26 130
26 131
26 133
26 134
26 136
26 137
26 138
26 139
26 140
26 141
26 142
26 143
26 144
26 145
26 146
26 148
26 149
26 150
26 151
26 152
26 153
26 154
26 155
26 156
26 157
26 158
26 159
26 161
27 30
27 32
27 38
27 39
27 45
27 49
27 54
27 56
27 64
27 65
27 66
27 68
27 69
27 70
27 74
27 79
27 80
27 89
27 97
27 98
27 104
27 108
27 109
27 113
27 115
27 118
27 120
27 125
27 131
27 134
27 142
27 145
27 150
27 157
28 30
28 32
28 36
28 37
28 38
28 45
28 51
28 53
28 57
28 58
28 62
28 67
28 68
28 71
28 72
28 73
28 74
28 77
28 85
28 89
28 90
28 94
28 100
28 101
28 108
28 112
28 113
28 114
28 117
28 121
28 125
28 126
28 127
28 129
28 132
28 133
28 134
28 135
28 137
28 138
28 142
28 146
28 147
28 149
28 152
28 154
28 161
29 31
29 32
29 38
29 40
29 41
29 46
29 49
29 53
29 58
29 61
29 62
29 63
29 67
29 68
29 71
29 75
29 82
29 97
29 102
29 103
29 105
29 106
29 110
29 113
29 114
29 117
29 122
29 126
29 129
29 131
29 133
29 137
29 138
29 143
29 146
29 150
29 151
29 154
29 155
29 157
29 158
29 161
30 31
30 32
30 34
30 35
30 36
30 37
30 38
30 39
30 40
30 44
30 45
30 46
30 47
30 48
30 49
30 51
30 52
30 53
30 54
30 57
30 59
30 62
30 63
30 65
30 66
30 67
30 68
30 70
30 71
30 72
30 74
30 75
30 77
30 79
30 82
30 84
30 85
30 86
30 87
30 88
30 90
30 91
30 93
30 94
30 95
30 96
30 97
30 101
30 102
30 103
30 105
30 106
30 107
30 108
30 109
30 110
30 111
30 112
30 113
30 115
30 117
30 118
30 121
30 123
30 124
30 125
30 127
30 128
30 129
30 130
30 131
30 133
30 134
30 136
30 137
30 138
30 139
30 142
30 143
30 145
30 146
30 147
30 150
30 151
30 152
30 153
30 154
30 156
30 157
30 158
30 160
30 161
31 32
31 33
31 34
31 35
31 36
31 37
31 38
31 39
31 40
31 41
31 42
31 43
31 44
31 45
31 46
31 47
31 48
31 50
31 51
31 52
31 53
31 54
31 55
31 56
31 57
31 58
31 59
31 62
31 63
31 64
31 65
31 66
31 67
31 68
31 69
31 71
31 73
31 74
31 75
31 76
31 77
31 78
31 79
31 82
31 83
31 84
31 85
31 86
31 87
31 88
31 89
31 90
31 91
31 93
31 94
31 95
31 96
31 97
31 98
31 99
31 100
31 101
31 102
31 103
31 104
31 105
31 106
31 107
31 108
31 109
31 111
31 112
31 113
31 114
31 115
31 117
31 120
31 121
31 124
31 125
31 126
31 128
31 129
31 130
31 131
31 132
31 133
31 134
31 135
31 136
31 137
31 138
31 140
31 141
31 142
31 143
31 144
31 145
31 146
31 147
31 148
31 149
31 150
31 151
31 152
31 154
31 156
31 157
31 158
31 159
31 160
31 161
32 34
32 35
32 36
32 37
32 38
32 39
32 40
32 41
32 42
32 43
32 44
32 45
32 47
32 49
32 50
32 51
32 53
32 54
32 55
32 60
32 61
32 62
32 63
32 64
32 65
32 66
32 67
32 68
32 69
32 70
32 72
32 74
32 75
32 77
32 78
32 79
32 80
32 84
32 86
32 87
32 88
32 89
32 91
32 93
32 94
32 100
32 102
32 103
32 105
32 106
32 107
32 108
32 109
32 110
32 111
32 112
32 114
32 115
32 116
32 117
32 118
32 119
32 124
32 125
32 126
32 127
32 128
32 131
32 132
32 133
32 135
32 136
32 137
32 138
32 139
32 141
32 142
32 143
32 144
32 150
32 151
32 152
32 154
32 155
32 156
32 157
32 158
32 159
32 160
32 161
33 34
33 38
33 39
33 40
33 44
33 45
33 49
33 50
33 58
33 65
33 67
33 68
33 72
33 78
33 79
33 80
33 87
33 89
33 94
33 97
33 101
33 102
33 104
33 105
33 106
33 113
33 115
33 122
33 123
33 128
33 130
33 134
33 137
33 141
33 150
33 153
33 154
34 36
34 37
34 38
34 40
34 44
34 45
34 49
34 50
34 51
34 52
34 54
34 56
34 58
34 59
34 63
34 65
34 67
34 70
34 72
34 73
34 74
34 77
34 79
34 82
34 84
34 88
34 90
34 93
34 94
34 95
34 97
34 98
34 105
34 107
34 108
34 109
34 111
34 112
34 113
34 114
34 115
34 117
34 118
34 126
34 127
34 129
34 130
34 134
34 136
34 137
34 139
34 140
34 142
34 143
34 144
34 145
34 146
34 147
34 148
34 151
34 152
34 153
34 154
34 155
34 157
34 158
34 160
35 36
35 38
35 40
35 41
35 42
35 43
35 44
35 45
35 48
35 49
35 50
35 51
35 52
35 54
35 56
35 57
35 58
35 62
35 63
35 64
35 65
35 66
35 69
35 70
35 72
35 73
35 74
35 75
35 77
35 79
35 80
35 82
35 83
35 84
35 88
35 89
35 91
35 93
35 97
35 98
35 99
35 100
35 102
35 105
35 106
35 107
35 108
35 109
35 110
35 111
35 112
35 113
35 116
35 117
35 118
35 119
35 124
35 125
35 126
35 128
35 129
35 130
35 131
35 133
35 136
35 137
35 138
35 142
35 145
35 146
35 147
35 151
35 152
35 153
35 154
35 156
35 158
35 159
35 161
36 37
36 38
36 40
36 41
36 42
36 43
36 44
36 45
36 46
36 49
36 50
36 52
36 53
36 54
36 55
36 56
36 57
36 58
36 59
36 62
36 63
36 64
36 66
36 67
36 68
36 69
36 72
36 73
36 75
36 77
36 79
36 80
36 82
36 83
36 84
36 85
36 86
36 88
36 89
36 93
36 94
36 95
36 97
36 98
36 99
36 100
36 101
36 102
36 103
36 106
36 107
36 108
36 109
36 110
36 111
36 112
36 114
36 115
36 117
36 118
36 120
36 125
36 127
36 128
36 129
36 130
36 131
36 133
36 134
36 135
36 137
36 138
36 139
36 141
36 142
36 145
36 146
36 148
36 151
36 152
36 153
36 154
36 155
36 156
36 157
36 158
36 160
37 38
37 40
37 44
37 45
37 49
37 51
37 54
37 55
37 56
37 58
37 63
37 64
37 66
37 67
37 68
37 69
37 70
37 71
37 72
37 73
37 74
37 75
37 77
37 78
37 79
37 83
37 84
37 86
37 89
37 92
37 93
37 94
37 95
37 97
37 98
37 101
37 102
37 106
37 107
37 108
37 109
37 110
37 111
37 112
37 113
37 114
37 115
37 117
37 118
37 125
37 128
37 129
37 131
37 133
37 134
37 135
37 137
37 138
37 139
37 140
37 142
37 145
37 146
37 147
37 152
37 153
37 154
37 160
38 42
38 43
38 44
38 45
38 46
38 48
38 50
38 51
38 52
38 54
38 55
38 56
38 59
38 60
38 61
38 62
38 63
38 64
38 65
38 66
38 67
38 68
38 70
38 71
38 72
38 73
38 75
38 76
38 77
38 78
38 79
38 80
38 84
38 85
38 86
38 88
38 89
38 93
38 94
38 95
38 96
38 97
38 98
38 99
38 100
38 101
38 102
38 103
38 104
38 106
38 107
38 108
38 109
38 110
38 112
38 113
38 114
38 115
38 117
38 118
38 122
38 125
38 126
38 127
38 128
38 129
38 132
38 133
38 134
38 135
38 137
38 138
38 139
38 142
38 143
38 145
38 146
38 147
38 149
38 150
38 151
38 152
38 154
38 157
38 158
38 159
38 160
38 161
39 46
39 49
39 53
39 54
39 63
39 64
39 65
39 67
39 68
39 69
39 71
39 72
39 73
39 75
39 78
39 80
39 82
39 83
39 90
39 94
39 97
39 101
39 102
39 103
39 109
39 113
39 115
39 118
39 125
39 126
39 128
39 129
39 132
39 133
39 134
39 138
39 140
39 147
39 149
39 152
39 153
39 154
39 158
40 41
40 42
40 43
40 44
40 45
40 46
40 47
40 48
40 49
40 51
40 53
40 54
40 56
40 57
40 58
40 59
40 63
40 64
40 65
40 66
40 67
40 68
40 69
40 70
40 71
40 72
40 73
40 74
40 75
40 76
40 77
40 79
40 80
40 82
40 83
40 84
40 85
40 86
40 87
40 88
40 89
40 90
40 91
40 92
40 94
40 97
40 98
40 99
40 100
40 101
40 102
40 103
40 104
40 105
40 106
40 108
40 109
40 110
40 111
40 112
40 113
40 114
40 115
40 116
40 117
40 118
40 123
40 125
40 126
40 127
40 128
40 129
40 130
40 131
40 133
40 134
40 135
40 136
40 137
40 138
40 139
40 141
40 142
40 145
40 147
40 148
40 149
40 150
40 151
40 152
40 153
40 154
40 155
40 157
40 158
40 159
40 160
40 161
41 45
41 49
41 51
41 54
41 55
41 56
41 61
41 62
41 63
41 64
41 67
41 68
41 70
41 74
41 75
41 77
41 80
41 81
41 97
41 99
41 100
41 101
41 106
41 107
41 108
41 112
41 116
41 117
41 118
41 126
41 129
41 130
41 131
41 133
41 134
41 138
41 139
41 141
41 146
41 151
41 152
41 154
41 158
41 160
41 161
42 43
42 44
42 46
42 49
42 51
42 54
42 55
42 56
42 58
42 61
42 62
42 63
42 64
42 65
42 66
42 67
42 68
42 69
42 70
42 72
42 73
42 74
42 75
42 76
42 77
42 79
42 80
42 86
42 87
42 92
42 93
42 94
42 95
42 97
42 98
42 99
42 101
42 102
42 105
42 106
42 108
42 109
42 111
42 112
42 113
42 114
42 115
42 118
42 119
42 125
42 127
42 129
42 130
42 131
42 137
42 138
42 139
42 142
42 146
42 147
42 149
42 150
42 151
42 152
42 158
43 45
43 49
43 50
43 51
43 53
43 54
43 55
43 56
43 58
43 62
43 64
43 65
43 67
43 68
43 69
43 70
43 71
43 72
43 73
43 74
43 75
43 79
43 80
43 85
43 87
43 88
43 89
43 90
43 92
43 93
43 97
43 98
43 99
43 100
43 101
43 104
43 106
43 107
43 111
43 112
43 113
43 114
43 115
43 118
43 120
43 129
43 131
43 133
43 134
43 135
43 137
43 138
43 139
43 140
43 141
43 143
43 150
43 151
43 152
43 153
43 154
43 157
43 158
43 160
43 161
44 45
44 49
44 51
44 52
44 53
44 54
44 55
44 56
44 59
44 60
44 61
44 63
44 64
44 66
44 67
44 68
44 70
44 71
44 72
44 74
44 75
44 79
44 81
44 82
44 84
44 86
44 88
44 89
44 90
44 91
44 92
44 93
44 94
44 97
44 98
44 99
44 101
44 102
44 103
44 105
44 106
44 108
44 109
44 111
44 112
44 113
44 114
44 117
44 118
44 122
44 123
44 125
44 126
44 128
44 129
44 130
44 131
44 133
44 134
44 136
44 137
44 138
44 139
44 140
44 141
44 142
44 146
44 147
44 148
44 149
44 152
44 153
44 154
44 155
44 157
44 158
44 160
45 46
45 47
45 48
45 50
45 51
45 52
45 54
45 56
45 57
45 58
45 59
45 61
45 63
45 64
45 65
45 67
45 68
45 70
45 73
45 74
45 75
45 76
45 77
45 78
45 80
45 81
45 82
45 83
45 87
45 88
45 89
45 90
45 91
45 92
45 93
45 94
45 96
45 97
45 98
45 99
45 101
45 102
45 103
45 107
45 108
45 109
45 111
45 112
45 113
45 114
45 115
45 116
45 117
45 119
45 125
45 126
45 127
45 128
45 129
45 130
45 131
45 133
45 136
45 137
45 138
45 139
45 140
45 141
45 142
45 143
45 144
45 146
45 147
45 148
45 151
45 152
45 154
45 155
45 157
45 158
45 161
46 51
46 52
46 54
46 55
46 56
46 58
46 61
46 63
46 64
46 66
46 68
46 70
46 71
46 72
46 73
46 74
46 75
46 76
46 77
46 79
46 82
46 84
46 86
46 87
46 89
46 90
46 92
46 94
46 95
46 97
46 100
46 101
46 102
46 105
46 107
46 108
46 109
46 112
46 113
46 114
46 117
46 118
46 124
46 125
46 126
46 129
46 131
46 132
46 133
46 134
46 136
46 139
46 140
46 141
46 142
46 143
46 144
46 149
46 152
46 154
46 155
46 158
46 159
46 161
47 49
47 51
47 55
47 61
47 63
47 66
47 69
47 70
47 72
47 76
47 88
47 89
47 91
47 94
47 95
47 103
47 105
47 106
47 107
47 112
47 114
47 117
47 118
47 119
47 128
47 129
47 132
47 134
47 135
47 137
47 138
47 139
47 142
47 146
47 147
47 150
47 154
47 161
48 49
48 51
48 54
48 55
48 63
48 64
48 67
48 75
48 76
48 77
48 79
48 80
48 84
48 86
48 88
48 89
48 98
48 99
48 102
48 105
48 107
48 114
48 117
48 118
48 133
48 134
48 135
48 137
48 141
48 145
48 148
48 149
48 150
48 151
48 152
48 153
48 154
48 158
49 50
49 51
49 54
49 55
49 56
49 57
49 58
49 59
49 60
49 63
49 64
49 65
49 66
49 67
49 68
49 69
49 70
49 71
49 72
49 73
49 74
49 75
49 76
49 77
49 79
49 80
49 81
49 82
49 83
49 84
49 85
49 87
49 88
49 89
49 91
49 92
49 93
49 94
49 97
49 98
49 99
49 101
49 102
49 103
49 105
49 106
49 107
49 109
49 111
49 112
49 113
49 114
49 115
49 116
49 117
49 118
49 119
49 125
49 126
49 129
49 130
49 131
49 132
49 133
49 134
49 135
49 137
49 138
49 139
49 141
49 142
49 143
49 145
49 146
49 147
49 148
49 149
49 150
49 151
49 152
49 153
49 154
49 155
49 156
49 157
49 158
49 159
49 160
50 53
50 54
50 56
50 58
50 61
50 64
50 65
50 66
50 68
50 69
50 70
50 71
50 73
50 74
50 80
50 82
50 83
50 84
50 86
50 87
50 89
50 91
50 95
50 97
50 99
50 101
50 102
50 104
50 107
50 108
50 109
50 111
50 115
50 116
50 117
50 118
50 119
50 125
50 126
50 129
50 130
50 131
50 132
50 133
50 137
50 142
50 147
50 151
50 152
50 154
50 157
50 158
50 159
51 52
51 53
51 54
51 56
51 57
51 58
51 59
51 61
51 62
51 63
51 64
51 65
51 66
51 67
51 69
51 70
51 72
51 73
51 74
51 75
51 76
51 78
51 79
51 80
51 82
51 83
51 84
51 86
51 87
51 88
51 89
51 90
51 91
51 92
51 94
51 97
51 99
51 100
51 101
51 103
51 105
51 106
51 107
51 108
51 109
51 111
51 112
51 113
51 114
51 115
51 116
51 117
51 118
51 119
51 120
51 123
51 124
51 125
51 126
51 127
51 128
51 130
51 131
51 132
51 134
51 135
51 136
51 138
51 139
51 140
51 142
51 143
51 145
51 146
51 147
51 150
51 151
51 152
51 153
51 154
51 157
51 158
51 159
51 160
51 161
52 56
52 58
52 63
52 64
52 65
52 69
52 70
52 71
52 73
52 75
52 76
52 80
52 81
52 83
52 84
52 86
52 87
52 88
52 89
52 91
52 98
52 101
52 102
52 103
52 104
52 106
52 107
52 114
52 117
52 118
52 123
52 125
52 126
52 127
52 129
52 130
52 131
52 134
52 135
52 136
52 138
52 142
52 149
52 150
52 151
52 152
52 154
52 156
52 157
52 158
52 161
53 54
53 65
53 67
53 68
53 71
53 72
53 74
53 77
53 79
53 80
53 84
53 87
53 92
53 94
53 95
53 97
53 98
53 101
53 102
53 106
53 107
53 108
53 112
53 113
53 115
53 125
53 129
53 130
53 131
53 133
53 137
53 141
53 142
53 143
53 145
53 152
53 153
53 154
53 155
53 157
53 158
53 161
54 55
54 56
54 57
54 58
54 59
54 61
54 63
54 64
54 65
54 66
54 67
54 68
54 70
54 71
54 72
54 74
54 75
54 76
54 77
54 79
54 80
54 82
54 83
54 84
54 85
54 86
54 87
54 88
54 89
54 91
54 92
54 94
54 95
54 96
54 97
54 98
54 99
54 100
54 101
54 102
54 103
54 105
54 106
54 107
54 109
54 110
54 112
54 113
54 114
54 115
54 116
54 118
54 122
54 124
54 125
54 126
54 127
54 128
54 129
54 131
54 134
54 135
54 136
54 138
54 139
54 140
54 141
54 142
54 145
54 146
54 147
54 150
54 151
54 152
54 153
54 154
54 157
54 158
54 159
54 160
55 56
55 58
55 62
55 63
55 64
55 66
55 67
55 68
55 70
55 72
55 73
55 75
55 76
55 77
55 79
55 80
55 84
55 86
55 88
55 90
55 91
55 92
55 94
55 97
55 99
55 100
55 101
55 102
55 105
55 107
55 108
55 109
55 111
55 112
55 113
55 114
55 115
55 117
55 118
55 119
55 120
55 125
55 126
55 127
55 128
55 129
55 130
55 131
55 133
55 134
55 137
55 138
55 139
55 142
55 143
55 145
55 146
55 147
55 148
55 149
55 150
55 152
55 155
55 157
55 158
55 159
55 160
55 161
56 57
56 58
56 59
56 61
56 62
56 63
56 64
56 65
56 66
56 67
56 68
56 69
56 70
56 71
56 72
56 73
56 75
56 76
56 77
56 79
56 80
56 81
56 84
56 85
56 86
56 87
56 88
56 89
56 90
56 91
56 92
56 93
56 94
56 95
56 97
56 98
56 99
56 100
56 101
56 102
56 103
56 104
56 105
56 106
56 107
56 108
56 109
56 110
56 111
56 112
56 114
56 115
56 118
56 120
56 122
56 123
56 124
56 125
56 126
56 127
56 129
56 130
56 131
56 132
56 133
56 134
56 137
56 138
56 139
56 140
56 141
56 142
56 145
56 146
56 147
56 149
56 151
56 154
56 155
56 157
56 158
56 160
56 161
57 58
57 60
57 67
57 68
57 69
57 72
57 73
57 74
57 77
57 78
57 86
57 89
57 90
57 94
57 99
57 100
57 101
57 102
57 103
57 106
57 108
57 115
57 125
57 127
57 128
57 129
57 131
57 133
57 134
57 136
57 138
57 141
57 145
57 146
57 147
57 149
57 151
57 152
57 153
57 157
57 158
57 159
57 161
58 61
58 63
58 64
58 65
58 66
58 67
58 68
58 70
58 71
58 72
58 73
58 75
58 76
58 77
58 79
58 80
58 82
58 84
58 85
58 86
58 87
58 88
58 89
58 90
58 91
58 93
58 94
58 95
58 97
58 98
58 99
58 100
58 101
58 104
58 105
58 108
58 109
58 112
58 114
58 115
58 116
58 117
58 118
58 119
58 120
58 121
58 124
58 125
58 127
58 128
58 129
58 133
58 135
58 136
58 137
58 142
58 143
58 145
58 147
58 149
58 150
58 151
58 152
58 154
58 157
58 158
58 159
58 160
58 161
59 61
59 63
59 64
59 65
59 66
59 68
59 69
59 70
59 72
59 73
59 74
59 75
59 76
59 78
59 86
59 87
59 89
59 90
59 93
59 94
59 95
59 96
59 99
59 101
59 102
59 103
59 105
59 106
59 108
59 109
59 112
59 113
59 115
59 117
59 118
59 125
59 127
59 129
59 131
59 135
59 137
59 138
59 141
59 142
59 146
59 147
59 148
59 149
59 151
59 152
59 153
59 154
59 155
59 156
59 158
59 161
60 67
60 71
60 76
60 79
60 89
60 94
60 97
60 98
60 102
60 107
60 109
60 111
60 117
60 119
60 126
60 131
60 136
60 155
60 161
61 63
61 65
61 66
61 67
61 68
61 69
61 72
61 73
61 74
61 79
61 80
61 81
61 89
61 91
61 92
61 94
61 95
61 96
61 97
61 99
61 101
61 102
61 103
61 106
61 108
61 109
61 110
61 112
61 113
61 114
61 115
61 117
61 121
61 125
61 126
61 129
61 130
61 131
61 133
61 136
61 139
61 142
61 146
61 147
61 148
61 150
61 151
61 152
61 155
61 157
61 159
62 64
62 65
62 66
62 67
62 68
62 69
62 70
62 71
62 72
62 74
62 76
62 77
62 79
62 80
62 82
62 89
62 90
62 92
62 93
62 95
62 96
62 99
62 101
62 102
62 103
62 105
62 108
62 112
62 114
62 115
62 126
62 128
62 129
62 131
62 134
62 137
62 139
62 142
62 146
62 147
62 149
62 150
62 152
62 154
62 155
62 157
62 161
63 64
63 66
63 69
63 70
63 71
63 72
63 73
63 74
63 75
63 77
63 79
63 80
63 83
63 84
63 86
63 89
63 91
63 92
63 93
63 95
63 96
63 97
63 98
63 101
63 102
63 104
63 105
63 106
63 107
63 108
63 109
63 111
63 112
63 113
63 114
63 115
63 116
63 118
63 121
63 124
63 125
63 129
63 130
63 131
63 133
63 134
63 137
63 138
63 139
63 142
63 145
63 149
63 150
63 151
63 152
63 153
63 157
63 160
63 161
64 65
64 66
64 67
64 68
64 69
64 70
64 71
64 72
64 73
64 74
64 75
64 76
64 77
64 78
64 79
64 80
64 83
64 84
64 86
64 89
64 90
64 91
64 92
64 93
64 94
64 95
64 96
64 97
64 98
64 99
64 100
64 101
64 102
64 103
64 105
64 106
64 107
64 109
64 110
64 111
64 112
64 113
64 114
64 115
64 117
64 118
64 119
64 121
64 122
64 123
64 124
64 125
64 126
64 128
64 129
64 131
64 132
64 133
64 134
64 135
64 136
64 137
64 138
64 139
64 141
64 142
64 143
64 144
64 145
64 146
64 147
64 148
64 151
64 153
64 154
64 156
64 158
64 160
64 161
65 66
65 67
65 68
65 70
65 71
65 72
65 73
65 74
65 75
65 76
65 77
65 78
65 79
65 80
65 81
65 82
65 83
65 84
65 86
65 87
65 88
65 89
65 91
65 92
65 93
65 95
65 96
65 98
65 99
65 101
65 102
65 104
65 106
65 107
65 108
65 111
65 112
65 113
65 114
65 115
65 116
65 117
65 118
65 120
65 122
65 125
65 126
65 127
65 128
65 129
65 130
65 131
65 132
65 133
65 134
65 135
65 136
65 137
65 138
65 139
65 142
65 144
65 146
65 147
65 149
65 150
65 152
65 153
65 154
65 155
65 156
65 157
65 158
65 159
65 160
65 161
66 67
66 69
66 70
66 71
66 72
66 73
66 74
66 75
66 76
66 77
66 79
66 82
66 83
66 84
66 85
66 86
66 87
66 89
66 90
66 92
66 93
66 94
66 95
66 97
66 98
66 99
66 100
66 101
66 102
66 105
66 106
66 107
66 108
66 109
66 111
66 112
66 113
66 114
66 115
66 116
66 117
66 119
66 120
66 122
66 124
66 126
66 129
66 130
66 131
66 133
66 134
66 136
66 138
66 139
66 140
66 141
66 142
66 145
66 146
66 147
66 148
66 149
66 150
66 151
66 152
66 153
66 154
66 156
66 158
66 159
66 161
67 68
67 69
67 70
67 71
67 72
67 73
67 74
67 75
67 79
67 80
67 82
67 83
67 84
67 85
67 86
67 88
67 89
67 91
67 93
67 94
67 96
67 97
67 98
67 99
67 101
67 102
67 103
67 105
67 106
67 107
67 109
67 111
67 112
67 113
67 114
67 115
67 116
67 117
67 118
67 119
67 121
67 125
67 126
67 127
67 129
67 130
67 131
67 133
67 134
67 135
67 136
67 137
67 138
67 139
67 140
67 142
67 145
67 146
67 147
67 150
67 151
67 152
67 153
67 154
67 155
67 157
67 159
67 161
68 69
68 70
68 71
68 72
68 73
68 74
68 75
68 76
68 77
68 79
68 80
68 83
68 84
68 86
68 87
68 89
68 91
68 92
68 94
68 98
68 99
68 100
68 101
68 102
68 103
68 104
68 105
68 106
68 107
68 108
68 109
68 111
68 112
68 113
68 114
68 116
68 117
68 118
68 119
68 122
68 124
68 125
68 126
68 128
68 129
68 130
68 131
68 133
68 134
68 135
68 136
68 137
68 138
68 139
68 141
68 142
68 143
68 145
68 146
68 147
68 149
68 150
68 151
68 152
68 153
68 154
68 156
68 157
68 158
68 160
68 161
69 70
69 71
69 72
69 73
69 74
69 75
69 77
69 79
69 80
69 81
69 82
69 84
69 85
69 86
69 87
69 89
69 90
69 91
69 92
69 94
69 97
69 99
69 100
69 101
69 102
69 103
69 105
69 106
69 108
69 109
69 112
69 113
69 115
69 116
69 117
69 118
69 119
69 120
69 121
69 124
69 125
69 129
69 131
69 132
69 133
69 136
69 137
69 138
69 139
69 141
69 142
69 145
69 146
69 147
69 149
69 150
69 151
69 152
69 153
69 154
69 155
69 157
69 158
69 161
70 71
70 72
70 73
70 74
70 75
70 76
70 78
70 79
70 80
70 83
70 84
70 85
70 86
70 87
70 89
70 92
70 93
70 94
70 95
70 96
70 97
70 98
70 99
70 100
70 101
70 102
70 104
70 105
70 106
70 107
70 108
70 109
70 111
70 112
70 113
70 114
70 115
70 116
70 117
70 118
70 119
70 120
70 122
70 125
70 127
70 128
70 129
70 130
70 133
70 134
70 137
70 139
70 140
70 141
70 142
70 143
70 145
70 149
70 150
70 151
70 152
70 154
70 155
70 157
70 158
70 159
70 160
70 161
71 72
71 73
71 74
71 75
71 76
71 77
71 80
71 83
71 84
71 86
71 89
71 90
71 91
71 93
71 94
71 95
71 96
71 97
71 98
71 99
71 100
71 101
71 102
71 103
71 105
71 106
71 107
71 108
71 109
71 112
71 113
71 114
71 115
71 117
71 118
71 119
71 123
71 125
71 126
71 127
71 128
71 129
71 130
71 131
71 133
71 134
71 137
71 138
71 139
71 142
71 143
71 145
71 146
71 147
71 150
71 151
71 152
71 153
71 154
71 156
71 157
71 160
71 161
72 73
72 74
72 75
72 76
72 77
72 79
72 81
72 83
72 85
72 86
72 88
72 89
72 90
72 91
72 92
72 94
72 95
72 96
72 97
72 98
72 101
72 102
72 105
72 106
72 107
72 108
72 109
72 111
72 112
72 113
72 115
72 117
72 122
72 124
72 125
72 126
72 127
72 129
72 130
72 131
72 133
72 134
72 137
72 138
72 141
72 143
72 145
72 146
72 148
72 149
72 150
72 151
72 152
72 153
72 154
72 155
72 157
72 158
72 159
72 161
73 74
73 75
73 80
73 82
73 84
73 86
73 87
73 89
73 90
73 91
73 93
73 94
73 95
73 97
73 99
73 101
73 105
73 106
73 108
73 110
73 112
73 113
73 114
73 115
73 116
73 117
73 118
73 120
73 125
73 129
73 130
73 131
73 134
73 135
73 136
73 138
73 139
73 141
73 142
73 143
73 144
73 145
73 147
73 148
73 149
73 150
73 151
73 152
73 153
73 154
73 155
73 156
73 157
73 158
73 159
73 160
73 161
74 75
74 76
74 77
74 79
74 81
74 83
74 84
74 86
74 87
74 88
74 89
74 90
74 91
74 92
74 93
74 94
74 95
74 96
74 97
74 99
74 100
74 101
74 102
74 103
74 104
74 105
74 106
74 107
74 108
74 109
74 110
74 111
74 112
74 113
74 114
74 115
74 116
74 117
74 118
74 119
74 120
74 121
74 125
74 126
74 127
74 128
74 129
74 130
74 131
74 133
74 134
74 135
74 137
74 138
74 139
74 141
74 142
74 143
74 145
74 146
74 147
74 148
74 149
74 150
74 151
74 153
74 154
74 158
74 159
74 161
75 76
75 77
75 79
75 81
75 83
75 84
75 85
75 87
75 88
75 89
75 92
75 94
75 97
75 99
75 100
75 101
75 102
75 103
75 105
75 108
75 112
75 113
75 114
75 115
75 118
75 119
75 120
75 122
75 126
75 130
75 131
75 133
75 137
75 138
75 139
75 141
75 142
75 143
75 146
75 147
75 149
75 150
75 151
75 152
75 153
75 154
75 155
75 156
75 157
75 158
75 159
75 161
76 79
76 81
76 84
76 85
76 87
76 88
76 89
76 91
76 94
76 97
76 98
76 102
76 105
76 106
76 107
76 108
76 109
76 111
76 112
76 113
76 114
76 116
76 117
76 124
76 125
76 128
76 131
76 133
76 137
76 138
76 142
76 143
76 146
76 147
76 150
76 152
76 154
76 157
76 160
77 79
77 82
77 83
77 85
77 89
77 90
77 92
77 94
77 95
77 96
77 99
77 101
77 102
77 105
77 106
77 108
77 109
77 111
77 113
77 114
77 116
77 117
77 123
77 124
77 125
77 127
77 129
77 130
77 134
77 135
77 136
77 137
77 138
77 139
77 140
77 141
77 143
77 147
77 148
77 150
77 151
77 152
77 154
77 155
77 156
77 157
77 158
77 159
77 160
77 161
78 93
78 97
78 111
78 112
78 131
78 134
78 137
78 150
78 152
79 81
79 83
79 85
79 86
79 89
79 91
79 92
79 93
79 94
79 97
79 98
79 99
79 100
79 101
79 102
79 103
79 105
79 106
79 108
79 109
79 110
79 112
79 113
79 114
79 115
79 116
79 125
79 126
79 129
79 130
79 133
79 134
79 137
79 138
79 139
79 140
79 141
79 142
79 146
79 147
79 148
79 150
79 151
79 153
79 154
79 156
79 157
79 158
79 159
79 161
80 81
80 84
80 85
80 88
80 89
80 93
80 94
80 97
80 98
80 99
80 101
80 102
80 104
80 105
80 106
80 108
80 109
80 113
80 114
80 115
80 116
80 117
80 118
80 120
80 125
80 129
80 130
80 131
80 133
80 134
80 135
80 137
80 138
80 139
80 141
80 142
80 146
80 147
80 149
80 150
80 152
80 154
80 155
80 157
80 158
80 159
81 82
81 83
81 86
81 92
81 93
81 100
81 101
81 102
81 105
81 107
81 108
81 111
81 112
81 114
81 117
81 124
81 125
81 129
81 134
81 137
81 138
81 147
81 149
81 152
81 155
81 158
81 161
82 84
82 89
82 92
82 93
82 95
82 96
82 97
82 98
82 100
82 101
82 102
82 103
82 104
82 105
82 107
82 108
82 109
82 113
82 115
82 117
82 124
82 128
82 129
82 131
82 133
82 137
82 139
82 141
82 142
82 146
82 147
82 150
82 153
82 158
82 159
82 160
83 84
83 85
83 86
83 87
83 94
83 95
83 102
83 103
83 105
83 106
83 107
83 109
83 112
83 113
83 114
83 115
83 125
83 126
83 133
83 134
83 135
83 136
83 138
83 142
83 148
83 149
83 150
83 151
83 152
83 153
83 157
83 158
83 161
84 86
84 87
84 88
84 90
84 91
84 92
84 93
84 94
84 97
84 99
84 100
84 101
84 102
84 103
84 104
84 105
84 106
84 107
84 108
84 109
84 110
84 111
84 112
84 113
84 114
84 115
84 117
84 118
84 119
84 124
84 125
84 128
84 129
84 131
84 132
84 133
84 134
84 135
84 136
84 137
84 138
84 142
84 145
84 146
84 147
84 149
84 150
84 151
84 152
84 154
84 157
84 158
84 159
84 161
85 87
85 91
85 97
85 98
85 100
85 102
85 104
85 106
85 109
85 110
85 111
85 114
85 115
85 117
85 122
85 125
85 129
85 130
85 131
85 133
85 134
85 135
85 138
85 141
85 147
85 149
85 151
85 152
85 153
85 155
85 157
85 158
86 87
86 89
86 92
86 93
86 94
86 95
86 97
86 99
86 101
86 102
86 106
86 107
86 108
86 109
86 111
86 113
86 115
86 116
86 118
86 125
86 128
86 131
86 132
86 133
86 134
86 137
86 138
86 139
86 140
86 142
86 146
86 147
86 149
86 150
86 152
86 153
86 154
86 157
86 158
86 159
86 160
87 90
87 93
87 94
87 95
87 101
87 102
87 105
87 107
87 108
87 109
87 111
87 112
87 113
87 115
87 116
87 117
87 120
87 125
87 128
87 129
87 130
87 133
87 134
87 135
87 136
87 137
87 138
87 141
87 142
87 145
87 146
87 147
87 150
87 151
87 152
87 154
87 158
88 89
88 91
88 92
88 96
88 100
88 101
88 102
88 103
88 106
88 108
88 113
88 115
88 116
88 117
88 120
88 124
88 125
88 126
88 129
88 131
88 134
88 135
88 136
88 140
88 142
88 147
88 150
88 153
88 154
88 158
88 160
88 161
89 90
89 91
89 93
89 94
89 95
89 96
89 97
89 98
89 99
89 100
89 102
89 103
89 105
89 106
89 107
89 108
89 109
89 111
89 112
89 113
89 114
89 115
89 116
89 117
89 119
89 123
89 125
89 126
89 129
89 130
89 131
89 132
89 133
89 134
89 135
89 136
89 138
89 139
89 140
89 141
89 142
89 144
89 145
89 146
89 147
89 148
89 149
89 150
89 151
89 152
89 153
89 154
89 157
89 158
89 159
89 161
90 94
90 97
90 101
90 102
90 106
90 108
90 110
90 111
90 112
90 113
90 125
90 127
90 128
90 131
90 133
90 135
90 137
90 138
90 139
90 142
90 151
90 152
90 157
90 160
90 161
91 95
91 98
91 100
91 101
91 102
91 103
91 104
91 111
91 118
91 120
91 122
91 128
91 129
91 131
91 133
91 134
91 137
91 138
91 142
91 145
91 148
91 150
91 151
91 152
91 154
91 155
91 158
91 159
92 94
92 97
92 99
92 101
92 102
92 109
92 112
92 113
92 114
92 115
92 117
92 128
92 129
92 133
92 134
92 137
92 138
92 142
92 148
92 151
92 152
92 153
92 157
92 159
93 95
93 96
93 97
93 101
93 102
93 103
93 104
93 105
93 106
93 107
93 108
93 109
93 111
93 112
93 113
93 115
93 116
93 117
93 118
93 120
93 125
93 126
93 127
93 129
93 131
93 133
93 134
93 136
93 137
93 138
93 142
93 145
93 147
93 150
93 152
93 153
93 158
93 160
94 95
94 96
94 99
94 101
94 102
94 103
94 106
94 107
94 108
94 109
94 110
94 111
94 112
94 113
94 114
94 115
94 116
94 117
94 118
94 120
94 121
94 122
94 124
94 125
94 127
94 129
94 130
94 131
94 132
94 133
94 134
94 137
94 138
94 139
94 140
94 141
94 142
94 143
94 146
94 147
94 150
94 151
94 152
94 153
94 158
94 159
94 160
94 161
95 97
95 101
95 105
95 106
95 112
95 113
95 114
95 115
95 116
95 118
95 125
95 126
95 129
95 131
95 133
95 137
95 139
95 142
95 146
95 147
95 149
95 155
95 157
95 158
96 97
96 99
96 101
96 107
96 108
96 109
96 112
96 114
96 117
96 118
96 119
96 120
96 123
96 133
96 134
96 135
96 137
96 138
96 139
96 140
96 142
96 143
96 147
96 150
96 151
96 152
96 155
96 156
96 157
97 98
97 99
97 101
97 102
97 103
97 104
97 105
97 106
97 107
97 108
97 109
97 111
97 112
97 113
97 114
97 115
97 116
97 117
97 118
97 124
97 125
97 129
97 134
97 135
97 136
97 137
97 138
97 140
97 141
97 144
97 145
97 147
97 148
97 149
97 150
97 151
97 152
97 153
97 154
97 156
97 157
97 158
97 159
97 161
98 100
98 103
98 105
98 106
98 107
98 108
98 113
98 114
98 115
98 118
98 125
98 126
98 127
98 128
98 129
98 130
98 134
98 136
98 137
98 138
98 142
98 146
98 147
98 152
98 154
98 158
98 159
98 160
98 161
99 100
99 101
99 102
99 103
99 105
99 106
99 107
99 110
99 111
99 112
99 113
99 114
99 116
99 117
99 118
99 125
99 128
99 131
99 133
99 134
99 137
99 138
99 140
99 141
99 142
99 146
99 147
99 149
99 150
99 151
99 152
99 153
99 154
99 157
99 158
99 161
100 104
100 106
100 108
100 110
100 112
100 113
100 115
100 117
100 118
100 126
100 129
100 131
100 133
100 134
100 135
100 137
100 147
100 149
100 152
100 153
100 154
100 157
100 159
101 102
101 103
101 104
101 105
101 107
101 108
101 109
101 111
101 112
101 113
101 114
101 115
101 117
101 118
101 120
101 122
101 123
101 125
101 126
101 128
101 129
101 131
101 133
101 134
101 135
101 136
101 137
101 138
101 140
101 141
101 143
101 146
101 147
101 149
101 150
101 151
101 152
101 153
101 154
101 155
101 158
101 159
101 160
102 104
102 106
102 108
102 109
102 110
102 112
102 113
102 114
102 115
102 116
102 117
102 118
102 120
102 121
102 122
102 123
102 125
102 126
102 127
102 128
102 129
102 130
102 131
102 133
102 134
102 135
102 136
102 137
102 138
102 139
102 140
102 141
102 143
102 145
102 146
102 148
102 149
102 152
102 153
102 154
102 155
102 156
102 158
102 161
103 106
103 108
103 109
103 117
103 118
103 122
103 126
103 128
103 130
103 137
103 139
103 141
103 142
103 145
103 147
103 148
103 150
103 151
103 153
103 154
103 156
103 157
103 159
103 160
103 161
104 106
104 108
104 111
104 112
104 113
104 114
104 115
104 117
104 125
104 126
104 131
104 134
104 137
104 138
104 142
104 146
104 150
104 152
104 153
104 154
104 157
104 159
104 161
105 106
105 107
105 108
105 109
105 113
105 115
105 116
105 117
105 118
105 122
105 125
105 126
105 127
105 128
105 131
105 133
105 134
105 135
105 137
105 138
105 141
105 142
105 146
105 147
105 150
105 151
105 152
105 153
105 154
105 156
105 157
105 158
105 160
106 107
106 108
106 109
106 113
106 114
106 115
106 117
106 118
106 120
106 122
106 125
106 126
106 128
106 129
106 130
106 131
106 132
106 134
106 135
106 136
106 137
106 138
106 139
106 140
106 141
106 142
106 143
106 145
106 146
106 147
106 148
106 149
106 150
106 151
106 152
106 153
106 155
106 156
106 157
106 158
106 159
106 160
106 161
107 108
107 109
107 112
107 113
107 114
107 115
107 116
107 118
107 121
107 129
107 130
107 131
107 133
107 135
107 136
107 138
107 145
107 146
107 147
107 148
107 151
107 152
107 154
107 156
107 157
107 158
108 109
108 110
108 111
108 112
108 113
108 114
108 116
108 117
108 118
108 120
108 121
108 122
108 123
108 124
108 125
108 127
108 129
108 130
108 131
108 132
108 133
108 134
108 135
108 136
108 138
108 141
108 142
108 144
108 145
108 146
108 147
108 150
108 151
108 152
108 153
108 154
108 155
108 157
108 158
108 159
108 160
108 161
109 110
109 113
109 114
109 115
109 117
109 118
109 124
109 125
109 128
109 129
109 130
109 131
109 133
109 134
109 135
109 136
109 137
109 138
109 139
109 140
109 141
109 142
109 143
109 145
109 146
109 147
109 149
109 150
109 151
109 152
109 153
109 154
109 158
109 160
109 161
110 114
110 119
110 122
110 129
110 133
110 134
110 136
110 137
110 138
110 140
110 141
110 142
110 146
110 149
110 150
110 151
110 153
110 155
110 158
111 112
111 115
111 125
111 126
111 129
111 130
111 131
111 133
111 135
111 136
111 137
111 138
111 139
111 140
111 141
111 142
111 146
111 147
111 150
111 152
111 158
111 160
111 161
112 113
112 115
112 116
112 118
112 122
112 125
112 126
112 129
112 130
112 131
112 132
112 133
112 135
112 137
112 138
112 141
112 142
112 143
112 145
112 146
112 147
112 149
112 150
112 151
112 152
112 153
112 154
112 155
112 158
112 161
113 114
113 116
113 117
113 119
113 120
113 124
113 125
113 126
113 127
113 128
113 129
113 131
113 135
113 137
113 138
113 139
113 140
113 141
113 142
113 145
113 146
113 147
113 149
113 150
113 152
113 154
113 155
113 157
113 158
113 159
113 160
113 161
114 115
114 116
114 117
114 118
114 122
114 124
114 125
114 126
114 128
114 129
114 130
114 131
114 133
114 134
114 136
114 137
114 138
114 139
114 140
114 141
114 142
114 144
114 145
114 146
114 147
114 150
114 151
114 152
114 154
114 155
114 156
114 158
114 159
114 160
114 161
115 117
115 118
115 121
115 122
115 123
115 124
115 125
115 126
115 127
115 128
115 129
115 130
115 131
115 133
115 134
115 135
115 136
115 137
115 139
115 141
115 142
115 143
115 144
115 145
115 146
115 147
115 150
115 151
115 152
115 153
115 154
115 155
115 156
115 157
115 158
115 159
115 160
115 161
116 117
116 118
116 121
116 125
116 126
116 127
116 129
116 131
116 133
116 134
116 135
116 137
116 138
116 142
116 143
116 145
116 146
116 150
116 152
116 153
116 155
116 157
116 158
116 159
116 160
117 122
117 125
117 126
117 127
117 128
117 129
117 130
117 131
117 132
117 133
117 134
117 138
117 139
117 141
117 143
117 145
117 146
117 147
117 149
117 150
117 151
117 152
117 153
117 154
117 155
117 156
117 158
117 159
117 161
118 121
118 122
118 124
118 125
118 126
118 128
118 129
118 130
118 131
118 133
118 134
118 135
118 136
118 137
118 138
118 139
118 140
118 141
118 142
118 143
118 144
118 145
118 146
118 147
118 148
118 149
118 150
118 152
118 153
118 154
118 156
118 157
118 158
118 159
118 160
118 161
119 125
119 129
119 130
119 131
119 141
119 146
119 147
119 154
119 157
119 158
120 125
120 131
120 134
120 137
120 138
120 139
120 142
120 143
120 149
120 150
120 151
120 156
120 158
121 122
121 129
121 134
121 137
121 138
121 142
121 143
121 145
121 147
121 148
121 150
121 151
121 152
121 153
121 154
122 130
122 131
122 133
122 138
122 142
122 151
122 154
122 158
122 161
123 131
123 138
123 140
123 142
123 147
123 150
124 129
124 131
124 137
124 141
124 147
124 149
124 150
124 151
124 152
124 154
124 157
125 127
125 128
125 130
125 131
125 133
125 135
125 136
125 137
125 138
125 139
125 140
125 141
125 142
125 143
125 145
125 147
125 148
125 149
125 150
125 151
125 152
125 153
125 154
125 155
125 157
125 158
125 159
125 160
125 161
126 128
126 129
126 130
126 131
126 133
126 136
126 137
126 138
126 139
126 141
126 142
126 145
126 147
126 149
126 150
126 151
126 157
126 160
127 132
127 133
127 134
127 137
127 138
127 141
127 150
127 151
127 152
127 153
127 154
128 130
128 134
128 137
128 138
128 145
128 149
128 150
128 151
128 153
128 154
128 157
128 161
129 130
129 131
129 132
129 133
129 134
129 136
129 137
129 138
129 139
129 140
129 141
129 142
129 143
129 144
129 145
129 146
129 147
129 148
129 150
129 151
129 152
129 154
129 155
129 156
129 157
129 159
129 160
129 161
130 133
130 135
130 136
130 137
130 139
130 142
130 143
130 146
130 147
130 150
130 152
130 153
130 158
130 159
130 161
131 133
131 134
131 135
131 137
131 138
131 139
131 140
131 141
131 142
131 144
131 145
131 146
131 147
131 148
131 149
131 150
131 151
131 152
131 153
131 154
131 158
131 160
131 161
132 133
132 138
132 139
132 142
132 143
132 147
132 149
132 152
132 154
133 135
133 136
133 137
133 138
133 141
133 142
133 145
133 146
133 147
133 148
133 149
133 150
133 151
133 152
133 154
133 155
133 157
133 158
133 160
133 161
134 135
134 136
134 137
134 138
134 139
134 140
134 141
134 145
134 146
134 147
134 148
134 149
134 151
134 152
134 153
134 154
134 156
134 157
134 158
134 159
135 137
135 138
135 140
135 142
135 146
135 147
135 149
135 150
135 153
135 154
135 155
135 158
135 159
136 137
136 138
136 142
136 145
136 147
136 151
136 152
136 154
136 155
137 138
137 139
137 140
137 141
137 142
137 143
137 145
137 146
137 149
137 150
137 151
137 152
137 153
137 154
137 155
137 156
137 157
137 158
137 159
137 160
137 161
138 139
138 140
138 141
138 142
138 143
138 144
138 145
138 146
138 147
138 148
138 149
138 150
138 151
138 152
138 153
138 157
138 158
138 159
138 160
138 161
139 141
139 142
139 143
139 147
139 149
139 151
139 152
139 153
139 155
139 156
139 158
139 159
139 160
139 161
140 147
140 148
140 150
140 151
140 154
140 158
141 143
141 145
141 146
141 151
141 152
141 153
141 154
141 161
142 145
142 146
142 147
142 148
142 150
142 151
142 152
142 153
142 154
142 157
142 159
142 160
142 161
143 146
143 147
143 148
143 151
143 152
143 153
143 157
143 158
143 159
144 146
144 150
144 158
144 161
145 147
145 150
145 152
145 153
145 154
145 157
145 159
146 147
146 148
146 149
146 151
146 152
146 154
146 159
146 160
146 161
147 148
147 149
147 150
147 151
147 152
147 153
147 154
147 155
147 156
147 157
147 158
147 159
147 160
147 161
148 151
148 154
148 157
148 159
148 161
149 150
149 152
149 153
149 154
149 155
149 158
149 161
150 151
150 152
150 153
150 154
150 159
150 160
150 161
151 152
151 153
151 154
151 157
151 158
151 160
152 153
152 154
152 155
152 158
152 159
152 160
152 161
153 154
153 155
153 157
153 158
153 159
153 160
154 155
154 157
154 158
154 159
154 161
155 157
155 159
156 158
156 159
156 160
157 158
157 159
157 161
158 159
158 160
158 161
159 160
159 161
160 161
