0 4
0 6
0 8
0 10
0 11
0 12
0 13
0 14
0 19
0 21
0 26
0 31
0 36
0 37
0 40
0 42
0 43
0 45
0 49
0 51
0 52
0 53
0 54
0 55
0 56
0 61
0 62
0 64
0 65
0 66
0 67
0 68
0 72
0 73
0 74
0 76
0 78
0 79
0 80
0 81
0 82
0 83
0 84
0 87
0 89
0 98
0 101
0 104
0 105
0 106
0 107
0 109
0 111
0 112
0 113
0 116
0 122
0 125
0 131
0 135
0 136
0 137
0 138
0 139
0 141
0 143
0 146
0 149
0 150
0 152
0 154
0 157
0 159
1 3
1 4
1 6
1 8
1 9
1 12
1 13
1 14
1 16
1 17
1 19
1 21
1 22
1 25
1 26
1 30
1 32
1 34
1 36
1 38
1 43
1 44
1 48
1 49
1 54
1 56
1 58
1 59
1 63
1 64
1 65
1 68
1 69
1 70
1 72
1 73
1 74
1 77
1 82
1 87
1 88
1 98
1 101
1 102
1 103
1 104
1 106
1 107
1 108
1 109
1 110
1 113
1 115
1 117
1 118
1 126
1 127
1 129
1 131
1 133
1 134
1 137
1 138
1 139
1 141
1 142
1 145
1 147
1 150
1 151
1 152
1 156
1 158
1 161
2 7
2 10
2 11
2 21
2 26
2 30
2 32
2 34
2 37
2 38
2 40
2 41
2 49
2 50
2 51
2 54
2 56
2 59
2 60
2 64
2 65
2 66
2 67
2 69
2 70
2 72
2 73
2 74
2 77
2 84
2 86
2 88
2 89
2 93
2 102
2 104
2 105
2 107
2 109
2 113
2 117
2 119
2 129
2 130
2 131
2 136
2 137
2 138
2 141
2 143
2 157
2 158
3 4
3 9
3 19
3 21
3 25
3 26
3 27
3 28
3 32
3 33
3 34
3 39
3 45
3 48
3 50
3 53
3 54
3 58
3 61
3 63
3 64
3 65
3 66
3 67
3 68
3 70
3 71
3 72
3 74
3 77
3 80
3 81
3 82
3 85
3 86
3 87
3 89
3 93
3 99
3 100
3 101
3 102
3 103
3 104
3 108
3 109
3 110
3 113
3 114
3 115
3 116
3 117
3 118
3 122
3 125
3 128
3 134
3 136
3 137
3 138
3 139
3 142
3 143
3 146
3 147
3 149
3 150
3 151
3 152
3 154
3 155
3 157
3 158
3 161
4 5
4 6
4 7
4 9
4 10
4 11
4 12
4 14
4 15
4 18
4 19
4 21
4 22
4 23
4 24
4 25
4 26
4 28
4 30
4 31
4 32
4 33
4 34
4 35
4 36
4 38
4 39
4 40
4 41
4 45
4 46
4 47
4 48
4 49
4 50
4 51
4 52
4 54
4 56
4 57
4 59
4 60
4 61
4 62
4 64
4 66
4 67
4 69
4 70
4 71
4 72
4 73
4 74
4 75
4 76
4 77
4 79
4 82
4 83
4 86
4 88
4 89
4 90
4 91
4 92
4 93
4 94
4 98
4 99
4 101
4 102
4 103
4 104
4 105
4 106
4 107
4 108
4 109
4 110
4 111
4 112
4 114
4 115
4 116
4 117
4 118
4 120
4 125
4 126
4 129
4 130
4 131
4 133
4 134
4 135
4 136
4 137
4 138
4 139
4 140
4 141
4 142
4 143
4 145
4 147
4 148
4 150
4 151
4 152
4 153
4 154
4 157
4 158
4 160
4 161
5 6
5 10
5 14
5 16
5 19
5 21
5 22
5 24
5 25
5 27
5 30
5 31
5 35
5 43
5 44
5 45
5 46
5 48
5 49
5 50
5 51
5 53
5 54
5 55
5 56
5 57
5 62
5 63
5 64
5 65
5 67
5 69
5 70
5 71
5 73
5 74
5 75
5 77
5 79
5 82
5 86
5 87
5 88
5 92
5 93
5 94
5 102
5 106
5 107
5 109
5 112
5 116
5 119
5 125
5 131
5 132
5 134
5 136
5 137
5 138
5 139
5 141
5 142
5 146
5 150
5 151
5 153
5 154
5 161
6 7
6 8
6 9
6 10
6 11
6 12
6 13
6 14
6 15
6 17
6 18
6 19
6 21
6 22
6 23
6 24
6 25
6 26
6 27
6 29
6 30
6 31
6 32
6 33
6 35
6 36
6 38
6 39
6 40
6 41
6 42
6 44
6 45
6 46
6 47
6 49
6 50
6 51
6 52
6 53
6 54
6 55
6 56
6 57
6 58
6 59
6 60
6 61
6 62
6 63
6 64
6 65
6 66
6 67
6 68
6 69
6 71
6 72
6 73
6 74
6 75
6 77
6 79
6 80
6 81
6 82
6 84
6 86
6 87
6 88
6 89
6 90
6 91
6 92
6 93
6 94
6 95
6 97
6 98
6 99
6 101
6 102
6 104
6 105
6 106
6 107
6 108
6 109
6 110
6 111
6 112
6 113
6 114
6 115
6 116
6 117
6 118
6 119
6 120
6 123
6 124
6 125
6 128
6 129
6 130
6 131
6 134
6 135
6 136
6 137
6 138
6 139
6 140
6 142
6 143
6 145
6 146
6 147
6 149
6 150
6 151
6 152
6 153
6 154
6 155
6 158
6 159
6 161
7 8
7 9
7 10
7 11
7 12
7 13
7 14
7 18
7 19
7 21
7 24
7 25
7 26
7 27
7 28
7 30
7 31
7 32
7 33
7 34
7 35
7 38
7 39
7 41
7 43
7 44
7 45
7 46
7 48
7 49
7 50
7 51
7 52
7 53
7 54
7 55
7 56
7 57
7 59
7 60
7 61
7 63
7 64
7 65
7 66
7 67
7 68
7 69
7 70
7 71
7 72
7 73
7 74
7 75
7 76
7 77
7 78
7 79
7 81
7 85
7 86
7 87
7 88
7 89
7 92
7 93
7 94
7 96
7 97
7 98
7 101
7 102
7 103
7 104
7 105
7 106
7 107
7 108
7 109
7 110
7 112
7 114
7 115
7 117
7 118
7 121
7 123
7 126
7 127
7 128
7 129
7 130
7 131
7 132
7 134
7 136
7 137
7 138
7 139
7 141
7 142
7 143
7 144
7 145
7 146
7 147
7 150
7 151
7 152
7 153
7 154
7 155
7 157
7 158
7 159
7 160
7 161
8 10
8 13
8 14
8 16
8 18
8 19
8 21
8 26
8 31
8 33
8 35
8 41
8 51
8 54
8 55
8 58
8 61
8 62
8 64
8 66
8 67
8 68
8 69
8 70
8 72
8 74
8 75
8 77
8 81
8 84
8 85
8 86
8 89
8 94
8 96
8 97
8 101
8 103
8 105
8 106
8 108
8 113
8 114
8 115
8 117
8 118
8 120
8 122
8 131
8 134
8 135
8 137
8 138
8 141
8 142
8 143
8 147
8 150
8 151
8 154
8 158
8 159
9 10
9 11
9 12
9 13
9 14
9 15
9 18
9 21
9 25
9 26
9 30
9 32
9 33
9 34
9 35
9 36
9 38
9 39
9 40
9 44
9 45
9 46
9 49
9 50
9 51
9 52
9 55
9 58
9 59
9 62
9 63
9 64
9 65
9 67
9 68
9 69
9 70
9 72
9 73
9 74
9 75
9 77
9 79
9 82
9 86
9 89
9 91
9 92
9 93
9 96
9 97
9 98
9 100
9 101
9 102
9 106
9 107
9 108
9 110
9 111
9 112
9 114
9 115
9 116
9 117
9 118
9 122
9 125
9 129
9 130
9 134
9 135
9 136
9 137
9 138
9 139
9 140
9 141
9 142
9 146
9 147
9 150
9 151
9 152
9 154
9 155
9 157
9 161
10 11
10 14
10 18
10 19
10 20
10 23
10 26
10 30
10 31
10 34
10 35
10 36
10 39
10 40
10 42
10 43
10 44
10 45
10 49
10 50
10 51
10 55
10 56
10 58
10 62
10 65
10 66
10 67
10 68
10 69
10 70
10 71
10 72
10 73
10 74
10 75
10 76
10 79
10 81
10 83
10 84
10 89
10 91
10 93
10 94
10 96
10 98
10 99
10 100
10 101
10 102
10 103
10 106
10 108
10 112
10 116
10 117
10 118
10 121
10 125
10 128
10 129
10 130
10 133
10 134
10 136
10 137
10 138
10 142
10 143
10 146
10 147
10 150
10 151
10 153
10 154
10 155
10 156
10 157
10 159
10 161
11 13
11 14
11 15
11 18
11 19
11 20
11 21
11 22
11 23
11 25
11 26
11 28
11 31
11 32
11 34
11 35
11 37
11 39
11 42
11 43
11 44
11 45
11 48
11 50
11 52
11 54
11 56
11 58
11 59
11 61
11 63
11 64
11 65
11 66
11 67
11 68
11 69
11 70
11 71
11 72
11 73
11 74
11 75
11 79
11 80
11 81
11 82
11 83
11 84
11 86
11 87
11 88
11 89
11 90
11 93
11 94
11 97
11 100
11 101
11 102
11 104
11 106
11 108
11 109
11 110
11 111
11 112
11 113
11 114
11 115
11 117
11 119
11 125
11 126
11 127
11 128
11 129
11 131
11 133
11 134
11 135
11 136
11 137
11 139
11 140
11 141
11 142
11 143
11 145
11 146
11 147
11 148
11 149
11 150
11 151
11 152
11 153
11 154
11 156
11 158
11 159
12 13
12 14
12 18
12 26
12 32
12 33
12 34
12 35
12 38
12 39
12 40
12 43
12 44
12 45
12 46
12 49
12 51
12 54
12 55
12 56
12 58
12 63
12 64
12 65
12 66
12 68
12 69
12 70
12 72
12 73
12 74
12 75
12 80
12 83
12 84
12 87
12 89
12 92
12 94
12 95
12 100
12 101
12 102
12 105
12 106
12 107
12 109
12 112
12 113
12 116
12 117
12 120
12 126
12 127
12 130
12 131
12 133
12 137
12 138
12 139
12 142
12 143
12 145
12 147
12 151
12 152
12 154
12 156
12 157
12 158
13 14
13 15
13 16
13 18
13 25
13 26
13 31
13 32
13 34
13 35
13 38
13 43
13 46
13 51
13 53
13 54
13 55
13 64
13 66
13 67
13 68
13 69
13 70
13 72
13 73
13 74
13 75
13 77
13 84
13 85
13 86
13 89
13 94
13 95
13 96
13 97
13 100
13 101
13 102
13 106
13 107
13 108
13 111
13 115
13 117
13 118
13 124
13 125
13 126
13 130
13 131
13 132
13 134
13 137
13 138
13 139
13 141
13 146
13 147
13 150
13 151
13 152
13 154
13 155
13 157
13 158
13 159
14 15
14 17
14 18
14 19
14 21
14 23
14 25
14 26
14 28
14 29
14 30
14 31
14 32
14 33
14 34
14 35
14 36
14 37
14 38
14 39
14 40
14 41
14 42
14 43
14 44
14 45
14 46
14 49
14 50
14 51
14 52
14 53
14 54
14 55
14 56
14 57
14 58
14 59
14 61
14 62
14 65
14 66
14 67
14 68
14 69
14 70
14 71
14 72
14 73
14 74
14 75
14 76
14 77
14 79
14 80
14 81
14 82
14 83
14 84
14 85
14 86
14 87
14 88
14 89
14 90
14 91
14 92
14 94
14 95
14 97
14 98
14 99
14 100
14 101
14 102
14 104
14 105
14 106
14 107
14 108
14 109
14 111
14 112
14 113
14 114
14 115
14 116
14 117
14 118
14 119
14 121
14 122
14 123
14 125
14 126
14 127
14 128
14 130
14 131
14 132
14 133
14 134
14 135
14 136
14 137
14 138
14 139
14 142
14 143
14 144
14 145
14 146
14 147
14 149
14 150
14 151
14 152
14 153
14 154
14 155
14 156
14 158
14 159
14 161
15 19
15 25
15 26
15 30
15 31
15 32
15 34
15 36
15 37
15 40
15 43
15 44
15 49
15 51
15 53
15 57
15 58
15 63
15 64
15 65
15 67
15 69
15 70
15 71
15 72
15 73
15 74
15 75
15 76
15 84
15 89
15 91
15 92
15 93
15 94
15 97
15 102
15 103
15 104
15 105
15 106
15 109
15 113
15 114
15 115
15 118
15 120
15 125
15 126
15 128
15 129
15 131
15 133
15 134
15 136
15 137
15 138
15 139
15 145
15 146
15 147
15 152
15 153
15 154
15 157
15 158
15 160
15 161
16 21
16 26
16 31
16 35
16 37
16 38
16 40
16 41
16 44
16 45
16 53
16 54
16 55
16 56
16 64
16 67
16 69
16 70
16 71
16 72
16 73
16 77
16 79
16 80
16 84
16 89
16 91
16 94
16 97
16 99
16 103
16 104
16 106
16 108
16 109
16 113
16 114
16 115
16 119
16 124
16 125
16 126
16 129
16 131
16 133
16 135
16 137
16 138
16 145
16 146
16 149
16 150
16 151
16 152
16 154
16 156
16 157
16 158
16 159
17 24
17 31
17 35
17 40
17 43
17 51
17 55
17 56
17 58
17 59
17 64
17 83
17 92
17 94
17 101
17 108
17 114
17 115
17 118
17 127
17 137
17 138
17 139
17 142
17 149
17 151
17 152
17 154
17 157
17 161
18 21
18 24
18 25
18 26
18 30
18 32
18 34
18 38
18 39
18 40
18 42
18 43
18 44
18 49
18 55
18 57
18 58
18 65
18 67
18 68
18 70
18 72
18 73
18 75
18 77
18 79
18 80
18 83
18 86
18 87
18 89
18 91
18 92
18 95
18 97
18 99
18 101
18 102
18 106
18 113
18 114
18 115
18 117
18 118
18 125
18 126
18 128
18 129
18 130
18 133
18 135
18 137
18 138
18 139
18 142
18 143
18 146
18 147
18 151
18 154
18 158
18 161
19 21
19 22
19 23
19 24
19 25
19 26
19 27
19 28
19 29
19 30
19 31
19 32
19 33
19 34
19 35
19 36
19 37
19 38
19 40
19 41
19 42
19 43
19 44
19 45
19 47
19 48
19 49
19 50
19 51
19 52
19 53
19 54
19 55
19 56
19 57
19 58
19 59
19 61
19 62
19 63
19 64
19 65
19 66
19 67
19 68
19 69
19 70
19 71
19 72
19 73
19 74
19 75
19 76
19 77
19 79
19 80
19 82
19 83
19 84
19 85
19 86
19 87
19 88
19 89
19 92
19 93
19 94
19 96
19 99
19 102
19 103
19 105
19 106
19 107
19 108
19 109
19 111
19 112
19 113
19 114
19 115
19 116
19 118
19 119
19 122
19 123
19 124
19 125
19 126
19 128
19 129
19 130
19 133
19 134
19 135
19 136
19 137
19 138
19 139
19 141
19 142
19 143
19 145
19 146
19 147
19 148
19 149
19 150
19 151
19 152
19 155
19 157
19 158
19 159
19 160
19 161
20 26
20 30
20 31
20 32
20 40
20 45
20 46
20 49
20 50
20 54
20 55
20 56
20 59
20 62
20 64
20 66
20 69
20 71
20 72
20 74
20 79
20 87
20 94
20 96
20 101
20 105
20 106
20 111
20 112
20 113
20 114
20 115
20 117
20 118
20 131
20 133
20 134
20 135
20 138
20 139
20 142
20 145
20 147
20 149
20 152
20 153
20 154
20 158
21 23
21 24
21 26
21 27
21 28
21 30
21 31
21 32
21 33
21 34
21 35
21 36
21 37
21 38
21 40
21 41
21 43
21 44
21 45
21 46
21 49
21 50
21 51
21 53
21 54
21 55
21 56
21 58
21 61
21 62
21 63
21 65
21 66
21 67
21 68
21 69
21 70
21 71
21 72
21 73
21 74
21 75
21 76
21 77
21 79
21 80
21 81
21 82
21 85
21 86
21 87
21 88
21 89
21 93
21 94
21 96
21 97
21 98
21 101
21 102
21 105
21 106
21 107
21 108
21 109
21 111
21 112
21 113
21 114
21 115
21 117
21 118
21 119
21 122
21 125
21 126
21 127
21 129
21 130
21 131
21 132
21 133
21 135
21 136
21 137
21 138
21 139
21 143
21 144
21 146
21 147
21 148
21 150
21 151
21 152
21 153
21 154
21 155
21 156
21 158
21 160
21 161
22 31
22 32
22 33
22 35
22 36
22 38
22 45
22 46
22 51
22 56
22 58
22 59
22 61
22 64
22 65
22 67
22 69
22 70
22 71
22 72
22 74
22 77
22 78
22 83
22 84
22 86
22 88
22 89
22 93
22 94
22 97
22 98
22 100
22 101
22 102
22 105
22 106
22 109
22 118
22 125
22 131
22 133
22 134
22 135
22 137
22 138
22 139
22 143
22 150
22 153
22 158
23 24
23 35
23 36
23 38
23 39
23 43
23 46
23 50
23 52
23 53
23 54
23 55
23 56
23 58
23 63
23 64
23 65
23 68
23 70
23 77
23 79
23 80
23 83
23 86
23 87
23 91
23 101
23 102
23 112
23 115
23 117
23 118
23 125
23 126
23 127
23 128
23 133
23 134
23 139
23 140
23 141
23 142
23 147
23 150
23 151
23 152
23 157
23 158
23 159
23 161
24 25
24 26
24 28
24 30
24 31
24 36
24 37
24 39
24 40
24 45
24 46
24 48
24 49
24 51
24 52
24 53
24 54
24 56
24 59
24 64
24 65
24 67
24 68
24 69
24 70
24 72
24 73
24 74
24 80
24 81
24 84
24 89
24 94
24 95
24 97
24 101
24 102
24 105
24 106
24 108
24 109
24 112
24 113
24 114
24 115
24 119
24 125
24 128
24 129
24 133
24 135
24 138
24 141
24 142
24 145
24 146
24 147
24 148
24 150
24 151
24 152
24 153
24 154
24 157
24 159
24 161
25 26
25 30
25 31
25 32
25 34
25 35
25 38
25 39
25 40
25 41
25 42
25 43
25 44
25 45
25 46
25 47
25 48
25 49
25 50
25 52
25 54
25 55
25 56
25 58
25 59
25 61
25 62
25 63
25 64
25 65
25 66
25 68
25 69
25 70
25 71
25 74
25 75
25 77
25 79
25 80
25 81
25 82
25 83
25 84
25 85
25 87
25 89
25 90
25 92
25 93
25 94
25 101
25 102
25 103
25 104
25 105
25 106
25 108
25 109
25 114
25 115
25 117
25 118
25 120
25 122
25 125
25 126
25 128
25 129
25 130
25 131
25 133
25 134
25 135
25 136
25 137
25 138
25 139
25 141
25 145
25 146
25 150
25 152
25 153
25 154
25 155
25 158
25 159
25 161
26 29
26 30
26 31
26 33
26 34
26 35
26 36
26 37
26 38
26 40
26 41
26 42
26 43
26 44
26 45
26 46
26 47
26 49
26 51
26 54
26 55
26 56
26 63
26 64
26 65
26 66
26 67
26 68
26 69
26 70
26 71
26 72
26 74
26 75
26 76
26 77
26 79
26 80
26 82
26 84
26 85
26 86
26 87
26 88
26 89
26 91
26 92
26 93
26 94
26 97
26 98
26 99
26 100
26 101
26 102
26 104
26 105
26 106
26 108
26 109
26 112
26 113
26 114
26 115
26 117
26 119
26 120
26 121
26 122
26 129
26 130
26 131
26 132
26 133
26 134
26 135
26 136
26 137
26 138
26 139
26 141
26 142
26 143
26 144
26 145
26 146
26 147
26 148
26 149
26 150
26 151
26 153
26 154
26 157
26 159
26 161
27 40
27 42
27 44
27 51
27 52
27 54
27 55
27 59
27 62
27 64
27 65
27 66
27 67
27 69
27 70
27 87
27 92
27 97
27 99
27 100
27 105
27 108
27 111
27 113
27 115
27 118
27 130
27 131
27 134
27 137
27 141
27 150
27 153
27 154
27 157
28 30
28 31
28 32
28 51
28 56
28 63
28 64
28 65
28 67
28 72
28 74
28 84
28 86
28 87
28 89
28 93
28 97
28 103
28 104
28 105
28 108
28 109
28 113
28 114
28 115
28 118
28 126
28 131
28 134
28 138
28 139
28 142
28 145
28 150
28 151
28 152
28 154
28 156
28 157
28 161
29 31
29 35
29 36
29 39
29 40
29 43
29 45
29 46
29 49
29 50
29 54
29 57
29 58
29 64
29 65
29 66
29 67
29 68
29 69
29 70
29 71
29 73
29 74
29 79
29 83
29 88
29 90
29 96
29 98
29 101
29 105
29 107
29 108
29 113
29 114
29 117
29 118
29 123
29 125
29 128
29 129
29 130
29 131
29 133
29 134
29 135
29 136
29 138
29 139
29 140
29 141
29 142
29 146
29 147
29 148
29 150
29 152
29 154
29 157
29 158
30 31
30 32
30 33
30 35
30 37
30 38
30 39
30 40
30 41
30 42
30 43
30 44
30 45
30 47
30 48
30 49
30 51
30 52
30 53
30 54
30 55
30 56
30 57
30 58
30 59
30 61
30 64
30 65
30 68
30 69
30 71
30 72
30 73
30 74
30 75
30 76
30 77
30 78
30 79
30 80
30 83
30 84
30 87
30 93
30 94
30 95
30 97
30 101
30 102
30 105
30 108
30 110
30 111
30 113
30 114
30 115
30 116
30 117
30 118
30 119
30 124
30 125
30 126
30 129
30 131
30 133
30 134
30 135
30 137
30 138
30 139
30 142
30 143
30 144
30 145
30 146
30 147
30 149
30 150
30 151
30 152
30 153
30 154
30 155
30 157
30 158
30 159
31 32
31 33
31 34
31 35
31 36
31 38
31 40
31 41
31 42
31 43
31 44
31 45
31 46
31 48
31 49
31 50
31 51
31 52
31 53
31 54
31 55
31 56
31 57
31 58
31 61
31 62
31 63
31 64
31 65
31 66
31 67
31 68
31 69
31 70
31 71
31 72
31 77
31 78
31 79
31 80
31 81
31 82
31 83
31 84
31 85
31 86
31 87
31 89
31 93
31 94
31 95
31 97
31 98
31 99
31 100
31 101
31 102
31 103
31 104
31 105
31 106
31 107
31 108
31 109
31 110
31 112
31 113
31 114
31 115
31 117
31 118
31 121
31 122
31 123
31 124
31 125
31 126
31 127
31 128
31 129
31 130
31 131
31 132
31 133
31 134
31 137
31 138
31 139
31 140
31 143
31 145
31 146
31 147
31 148
31 149
31 150
31 151
31 152
31 153
31 154
31 156
31 157
31 158
31 161
32 34
32 35
32 36
32 37
32 38
32 40
32 41
32 43
32 44
32 45
32 46
32 47
32 50
32 53
32 54
32 56
32 57
32 58
32 61
32 62
32 63
32 64
32 65
32 66
32 67
32 68
32 69
32 70
32 71
32 72
32 73
32 74
32 75
32 77
32 79
32 80
32 82
32 84
32 85
32 87
32 89
32 93
32 94
32 95
32 96
32 97
32 99
32 100
32 101
32 102
32 104
32 105
32 106
32 107
32 108
32 109
32 110
32 111
32 112
32 113
32 114
32 115
32 116
32 117
32 118
32 120
32 125
32 126
32 128
32 129
32 130
32 131
32 132
32 133
32 134
32 136
32 138
32 141
32 142
32 143
32 145
32 146
32 147
32 148
32 150
32 151
32 152
32 153
32 154
32 155
32 156
32 157
32 159
32 161
33 35
33 40
33 46
33 49
33 58
33 61
33 67
33 70
33 71
33 73
33 75
33 76
33 79
33 87
33 90
33 97
33 99
33 101
33 106
33 108
33 112
33 113
33 114
33 118
33 120
33 128
33 130
33 131
33 137
33 138
33 150
33 154
33 157
33 158
34 35
34 37
34 38
34 40
34 41
34 44
34 49
34 50
34 51
34 54
34 56
34 58
34 59
34 62
34 64
34 65
34 66
34 68
34 69
34 70
34 73
34 74
34 77
34 79
34 83
34 84
34 85
34 86
34 89
34 91
34 94
34 95
34 98
34 99
34 101
34 103
34 104
34 106
34 107
34 108
34 109
34 113
34 115
34 118
34 126
34 129
34 131
34 133
34 136
34 137
34 138
34 139
34 142
34 145
34 150
34 152
34 154
34 155
34 158
34 159
34 161
35 36
35 37
35 38
35 39
35 40
35 43
35 45
35 46
35 48
35 49
35 51
35 52
35 54
35 55
35 56
35 58
35 64
35 65
35 66
35 67
35 68
35 69
35 70
35 71
35 73
35 74
35 75
35 76
35 77
35 79
35 82
35 84
35 86
35 87
35 88
35 89
35 91
35 92
35 94
35 96
35 97
35 98
35 100
35 101
35 102
35 104
35 105
35 108
35 109
35 111
35 112
35 114
35 115
35 117
35 118
35 121
35 126
35 129
35 130
35 131
35 133
35 135
35 136
35 137
35 138
35 142
35 143
35 144
35 146
35 147
35 148
35 149
35 150
35 151
35 152
35 154
35 157
35 158
35 159
35 160
36 38
36 40
36 42
36 44
36 45
36 47
36 49
36 51
36 53
36 54
36 56
36 57
36 59
36 62
36 63
36 64
36 65
36 66
36 68
36 69
36 70
36 71
36 72
36 73
36 77
36 79
36 80
36 83
36 84
36 85
36 88
36 89
36 93
36 94
36 95
36 96
36 99
36 101
36 102
36 103
36 105
36 106
36 107
36 108
36 113
36 114
36 115
36 116
36 117
36 118
36 119
36 122
36 125
36 126
36 127
36 131
36 133
36 134
36 136
36 137
36 138
36 139
36 141
36 142
36 145
36 146
36 147
36 149
36 151
36 152
36 153
36 154
36 155
36 156
36 157
36 158
36 159
36 160
36 161
37 40
37 43
37 44
37 45
37 49
37 51
37 52
37 55
37 56
37 57
37 61
37 63
37 64
37 65
37 66
37 68
37 69
37 70
37 72
37 73
37 74
37 75
37 77
37 79
37 80
37 84
37 85
37 88
37 89
37 91
37 92
37 93
37 95
37 96
37 98
37 99
37 100
37 101
37 102
37 105
37 106
37 108
37 113
37 114
37 115
37 116
37 117
37 118
37 119
37 126
37 129
37 134
37 137
37 138
37 142
37 143
37 146
37 147
37 148
37 151
37 152
37 154
37 156
37 158
38 40
38 42
38 43
38 44
38 45
38 48
38 49
38 50
38 51
38 52
38 54
38 55
38 56
38 59
38 61
38 62
38 63
38 64
38 65
38 66
38 67
38 68
38 69
38 70
38 71
38 73
38 74
38 75
38 76
38 79
38 80
38 81
38 82
38 83
38 85
38 86
38 87
38 90
38 91
38 93
38 94
38 95
38 96
38 97
38 98
38 100
38 101
38 102
38 103
38 104
38 105
38 107
38 108
38 110
38 111
38 113
38 114
38 115
38 116
38 117
38 118
38 122
38 125
38 126
38 129
38 130
38 131
38 133
38 134
38 137
38 138
38 139
38 140
38 141
38 142
38 143
38 146
38 147
38 148
38 149
38 150
38 152
38 153
38 154
38 155
38 156
38 157
38 158
38 160
38 161
39 40
39 41
39 44
39 45
39 46
39 49
39 50
39 55
39 60
39 61
39 65
39 66
39 67
39 68
39 69
39 70
39 71
39 72
39 74
39 75
39 79
39 84
39 85
39 86
39 94
39 98
39 100
39 106
39 108
39 110
39 111
39 112
39 113
39 117
39 118
39 121
39 125
39 129
39 131
39 133
39 134
39 135
39 137
39 138
39 139
39 140
39 142
39 146
39 147
39 153
39 154
39 157
39 158
40 41
40 43
40 44
40 45
40 46
40 48
40 51
40 52
40 54
40 56
40 58
40 59
40 61
40 62
40 64
40 65
40 66
40 67
40 68
40 69
40 70
40 71
40 72
40 73
40 74
40 75
40 76
40 78
40 79
40 80
40 82
40 83
40 84
40 85
40 86
40 88
40 92
40 94
40 95
40 96
40 97
40 99
40 100
40 101
40 102
40 103
40 105
40 106
40 107
40 108
40 111
40 112
40 113
40 114
40 115
40 117
40 118
40 120
40 122
40 123
40 125
40 126
40 127
40 128
40 129
40 131
40 133
40 134
40 135
40 136
40 137
40 139
40 140
40 142
40 143
40 145
40 146
40 147
40 148
40 149
40 150
40 151
40 152
40 153
40 154
40 155
40 158
40 159
40 161
41 42
41 49
41 51
41 56
41 65
41 67
41 72
41 79
41 82
41 84
41 87
41 89
41 94
41 101
41 102
41 105
41 106
41 117
41 118
41 126
41 129
41 131
41 133
41 134
41 137
41 138
41 142
41 147
41 153
41 157
41 159
41 160
41 161
42 43
42 44
42 45
42 47
42 48
42 49
42 50
42 51
42 54
42 57
42 62
42 64
42 65
42 66
42 67
42 68
42 69
42 73
42 75
42 79
42 80
42 88
42 89
42 92
42 97
42 98
42 99
42 101
42 102
42 103
42 106
42 110
42 116
42 118
42 120
42 121
42 122
42 126
42 127
42 129
42 130
42 131
42 133
42 134
42 136
42 137
42 138
42 140
42 141
42 144
42 147
42 151
42 152
42 153
42 154
42 155
42 157
42 158
42 161
43 44
43 45
43 46
43 48
43 49
43 50
43 51
43 52
43 55
43 56
43 58
43 63
43 64
43 66
43 67
43 68
43 69
43 70
43 71
43 72
43 73
43 75
43 79
43 82
43 84
43 89
43 92
43 96
43 97
43 101
43 102
43 105
43 107
43 108
43 109
43 112
43 114
43 115
43 116
43 117
43 118
43 122
43 125
43 129
43 131
43 133
43 134
43 137
43 138
43 141
43 143
43 145
43 146
43 149
43 150
43 152
43 154
43 155
43 157
43 158
43 161
44 45
44 47
44 49
44 51
44 52
44 54
44 56
44 58
44 61
44 62
44 63
44 65
44 66
44 67
44 68
44 69
44 70
44 71
44 72
44 74
44 75
44 76
44 77
44 79
44 80
44 81
44 82
44 83
44 84
44 85
44 86
44 88
44 89
44 90
44 94
44 95
44 97
44 98
44 99
44 101
44 102
44 103
44 105
44 106
44 107
44 109
44 110
44 111
44 112
44 113
44 114
44 115
44 116
44 117
44 118
44 122
44 124
44 125
44 127
44 128
44 129
44 131
44 132
44 134
44 135
44 136
44 137
44 138
44 139
44 141
44 142
44 143
44 144
44 146
44 147
44 149
44 150
44 152
44 153
44 154
44 155
44 157
44 158
44 161
45 46
45 48
45 49
45 50
45 51
45 52
45 53
45 54
45 55
45 56
45 57
45 59
45 60
45 61
45 62
45 63
45 64
45 65
45 66
45 67
45 68
45 69
45 70
45 71
45 72
45 73
45 75
45 77
45 80
45 81
45 83
45 84
45 86
45 87
45 88
45 89
45 92
45 93
45 94
45 95
45 96
45 97
45 98
45 99
45 100
45 101
45 102
45 103
45 104
45 105
45 106
45 107
45 108
45 109
45 110
45 112
45 113
45 114
45 115
45 116
45 117
45 121
45 122
45 123
45 124
45 126
45 128
45 129
45 130
45 133
45 134
45 135
45 136
45 137
45 138
45 139
45 142
45 145
45 146
45 147
45 148
45 149
45 150
45 151
45 152
45 153
45 154
45 155
45 157
45 158
45 159
45 161
46 50
46 51
46 52
46 56
46 58
46 59
46 61
46 62
46 63
46 64
46 65
46 66
46 67
46 68
46 72
46 75
46 79
46 80
46 82
46 83
46 84
46 86
46 88
46 89
46 91
46 94
46 97
46 101
46 102
46 103
46 105
46 106
46 107
46 109
46 110
46 111
46 112
46 113
46 114
46 115
46 117
46 120
46 122
46 125
46 126
46 128
46 129
46 131
46 133
46 134
46 137
46 138
46 139
46 140
46 142
46 143
46 145
46 146
46 147
46 148
46 151
46 153
46 154
46 156
46 157
46 158
46 160
46 161
47 49
47 54
47 55
47 56
47 57
47 68
47 69
47 70
47 73
47 81
47 82
47 89
47 90
47 94
47 101
47 102
47 109
47 114
47 118
47 122
47 126
47 130
47 131
47 133
47 134
47 139
47 141
47 142
47 146
47 147
47 151
47 152
47 153
47 154
47 158
48 49
48 51
48 58
48 62
48 63
48 65
48 66
48 68
48 70
48 72
48 74
48 75
48 76
48 77
48 80
48 96
48 99
48 102
48 106
48 113
48 114
48 115
48 125
48 126
48 127
48 129
48 131
48 133
48 134
48 135
48 136
48 137
48 138
48 140
48 142
48 150
48 151
48 152
49 50
49 51
49 54
49 55
49 56
49 57
49 59
49 61
49 62
49 63
49 64
49 65
49 66
49 67
49 68
49 70
49 71
49 72
49 73
49 74
49 75
49 77
49 78
49 79
49 80
49 82
49 83
49 84
49 85
49 86
49 87
49 90
49 91
49 94
49 95
49 96
49 97
49 98
49 99
49 100
49 101
49 102
49 103
49 105
49 106
49 108
49 109
49 110
49 112
49 113
49 114
49 116
49 117
49 118
49 119
49 124
49 125
49 126
49 127
49 128
49 129
49 130
49 131
49 134
49 135
49 136
49 137
49 138
49 139
49 140
49 141
49 142
49 144
49 145
49 146
49 147
49 149
49 150
49 151
49 152
49 153
49 154
49 155
49 156
49 157
49 158
49 159
49 161
50 51
50 52
50 53
50 54
50 55
50 58
50 62
50 63
50 64
50 65
50 66
50 67
50 68
50 69
50 70
50 71
50 72
50 73
50 74
50 75
50 77
50 78
50 79
50 84
50 85
50 88
50 93
50 94
50 97
50 98
50 101
50 104
50 106
50 108
50 109
50 112
50 114
50 117
50 118
50 125
50 126
50 127
50 129
50 130
50 131
50 133
50 134
50 135
50 136
50 137
50 138
50 139
50 141
50 143
50 145
50 146
50 147
50 149
50 150
50 152
50 153
50 154
50 155
50 158
50 161
51 52
51 53
51 55
51 56
51 57
51 59
51 61
51 62
51 64
51 65
51 67
51 68
51 69
51 70
51 71
51 72
51 73
51 74
51 75
51 76
51 77
51 78
51 79
51 80
51 82
51 84
51 85
51 86
51 87
51 89
51 92
51 93
51 94
51 95
51 96
51 97
51 98
51 100
51 101
51 102
51 104
51 105
51 106
51 107
51 108
51 109
51 110
51 111
51 112
51 113
51 114
51 115
51 116
51 117
51 118
51 119
51 120
51 121
51 123
51 124
51 125
51 126
51 128
51 129
51 130
51 131
51 132
51 133
51 134
51 135
51 136
51 137
51 138
51 140
51 142
51 143
51 145
51 147
51 149
51 150
51 151
51 152
51 154
51 155
51 157
51 158
51 159
51 160
51 161
52 54
52 55
52 61
52 63
52 69
52 70
52 71
52 74
52 76
52 79
52 83
52 84
52 87
52 88
52 89
52 93
52 94
52 97
52 101
52 102
52 105
52 109
52 113
52 114
52 115
52 117
52 118
52 129
52 132
52 133
52 136
52 137
52 138
52 139
52 142
52 146
52 147
52 150
52 151
52 152
52 157
52 158
52 159
53 56
53 58
53 63
53 65
53 68
53 70
53 71
53 72
53 73
53 74
53 79
53 80
53 86
53 89
53 91
53 93
53 97
53 101
53 102
53 106
53 114
53 115
53 117
53 118
53 128
53 129
53 133
53 134
53 135
53 137
53 138
53 139
53 146
53 147
53 150
53 151
53 156
53 157
53 159
54 56
54 57
54 58
54 59
54 60
54 61
54 62
54 63
54 65
54 66
54 67
54 68
54 69
54 70
54 71
54 72
54 73
54 74
54 75
54 76
54 77
54 78
54 79
54 80
54 82
54 83
54 84
54 85
54 86
54 87
54 88
54 89
54 90
54 91
54 93
54 94
54 95
54 96
54 97
54 98
54 101
54 102
54 103
54 104
54 105
54 106
54 107
54 108
54 110
54 112
54 114
54 115
54 116
54 118
54 119
54 120
54 123
54 124
54 125
54 128
54 129
54 130
54 131
54 132
54 133
54 134
54 135
54 136
54 137
54 139
54 140
54 142
54 143
54 145
54 146
54 147
54 148
54 150
54 151
54 152
54 153
54 154
54 155
54 157
54 158
54 159
54 160
54 161
55 58
55 59
55 61
55 62
55 63
55 64
55 65
55 66
55 67
55 68
55 70
55 71
55 72
55 73
55 74
55 76
55 77
55 79
55 81
55 83
55 84
55 85
55 91
55 92
55 93
55 97
55 102
55 103
55 105
55 106
55 107
55 108
55 110
55 111
55 112
55 113
55 114
55 115
55 116
55 117
55 118
55 124
55 125
55 127
55 129
55 131
55 133
55 134
55 136
55 138
55 139
55 142
55 145
55 146
55 150
55 151
55 152
55 153
55 154
55 158
55 161
56 58
56 59
56 61
56 62
56 63
56 64
56 65
56 66
56 67
56 68
56 69
56 70
56 71
56 73
56 74
56 75
56 79
56 81
56 82
56 83
56 84
56 85
56 87
56 88
56 89
56 90
56 92
56 93
56 94
56 95
56 96
56 97
56 98
56 99
56 100
56 101
56 102
56 103
56 105
56 106
56 107
56 108
56 109
56 110
56 112
56 113
56 114
56 117
56 118
56 119
56 125
56 128
56 129
56 130
56 131
56 132
56 133
56 134
56 135
56 137
56 138
56 140
56 141
56 143
56 145
56 146
56 147
56 148
56 149
56 150
56 151
56 152
56 153
56 154
56 156
56 157
56 158
56 159
56 160
56 161
57 58
57 67
57 71
57 73
57 75
57 77
57 79
57 84
57 85
57 93
57 97
57 102
57 105
57 108
57 115
57 117
57 118
57 122
57 125
57 126
57 127
57 129
57 131
57 134
57 136
57 138
57 142
57 145
57 146
57 151
57 153
57 154
57 157
57 159
58 59
58 63
58 64
58 65
58 66
58 68
58 69
58 70
58 71
58 72
58 73
58 74
58 75
58 76
58 77
58 81
58 82
58 84
58 86
58 87
58 89
58 91
58 93
58 94
58 95
58 97
58 99
58 101
58 102
58 103
58 105
58 106
58 107
58 108
58 110
58 111
58 113
58 115
58 116
58 118
58 119
58 121
58 125
58 126
58 127
58 128
58 129
58 130
58 131
58 133
58 134
58 135
58 138
58 139
58 140
58 142
58 143
58 145
58 146
58 148
58 150
58 152
58 153
58 154
58 155
58 157
58 158
58 161
59 63
59 64
59 65
59 66
59 67
59 71
59 72
59 75
59 79
59 80
59 87
59 88
59 89
59 92
59 93
59 94
59 97
59 101
59 102
59 104
59 105
59 106
59 107
59 109
59 112
59 113
59 114
59 115
59 117
59 118
59 125
59 129
59 130
59 133
59 134
59 136
59 138
59 141
59 142
59 143
59 145
59 147
59 150
59 153
59 154
59 155
59 157
59 158
59 159
60 62
60 68
60 69
60 70
60 72
60 96
60 106
60 118
60 125
60 129
60 137
60 140
60 145
60 152
61 64
61 66
61 67
61 68
61 69
61 70
61 72
61 73
61 74
61 75
61 79
61 80
61 87
61 89
61 90
61 91
61 93
61 94
61 96
61 100
61 101
61 102
61 105
61 107
61 108
61 112
61 113
61 114
61 115
61 116
61 117
61 118
61 119
61 122
61 125
61 129
61 131
61 134
61 135
61 137
61 139
61 140
61 147
61 149
61 150
61 151
61 154
61 157
61 158
62 63
62 65
62 69
62 70
62 73
62 74
62 75
62 76
62 81
62 87
62 94
62 95
62 99
62 102
62 104
62 106
62 107
62 108
62 109
62 110
62 111
62 112
62 115
62 117
62 118
62 122
62 125
62 134
62 137
62 139
62 141
62 142
62 145
62 146
62 147
62 149
62 150
62 151
62 153
62 154
62 158
62 159
63 64
63 67
63 69
63 70
63 72
63 73
63 75
63 76
63 77
63 79
63 80
63 82
63 84
63 87
63 88
63 89
63 91
63 97
63 98
63 100
63 101
63 102
63 103
63 105
63 106
63 107
63 108
63 109
63 110
63 111
63 113
63 114
63 115
63 116
63 117
63 118
63 120
63 124
63 125
63 126
63 128
63 129
63 130
63 131
63 133
63 134
63 139
63 140
63 141
63 142
63 145
63 147
63 149
63 150
63 151
63 152
63 153
63 154
63 155
63 158
63 159
63 161
64 65
64 67
64 69
64 70
64 71
64 72
64 73
64 76
64 77
64 79
64 81
64 82
64 84
64 85
64 86
64 87
64 89
64 90
64 93
64 94
64 96
64 97
64 99
64 101
64 102
64 103
64 104
64 105
64 106
64 107
64 108
64 110
64 112
64 113
64 115
64 116
64 117
64 118
64 119
64 121
64 122
64 125
64 126
64 127
64 128
64 129
64 131
64 133
64 134
64 135
64 136
64 137
64 138
64 139
64 140
64 141
64 142
64 143
64 145
64 146
64 147
64 148
64 149
64 150
64 151
64 152
64 154
64 157
64 158
64 160
64 161
65 67
65 68
65 69
65 70
65 71
65 72
65 73
65 74
65 79
65 80
65 81
65 82
65 84
65 85
65 87
65 89
65 90
65 92
65 94
65 97
65 98
65 99
65 100
65 101
65 102
65 103
65 104
65 105
65 106
65 108
65 109
65 110
65 111
65 112
65 113
65 114
65 115
65 116
65 117
65 118
65 119
65 120
65 122
65 125
65 126
65 127
65 129
65 131
65 133
65 134
65 135
65 136
65 137
65 138
65 141
65 142
65 143
65 144
65 145
65 146
65 147
65 149
65 150
65 151
65 152
65 154
65 155
65 157
65 158
65 160
65 161
66 67
66 68
66 69
66 70
66 71
66 73
66 74
66 75
66 76
66 77
66 79
66 80
66 82
66 83
66 84
66 86
66 87
66 88
66 89
66 91
66 93
66 94
66 95
66 96
66 97
66 98
66 99
66 101
66 102
66 103
66 105
66 106
66 107
66 108
66 111
66 114
66 115
66 116
66 117
66 118
66 123
66 126
66 128
66 129
66 131
66 133
66 135
66 137
66 138
66 141
66 142
66 144
66 146
66 147
66 148
66 150
66 151
66 152
66 153
66 154
66 156
66 157
66 158
66 160
67 68
67 69
67 70
67 71
67 72
67 73
67 74
67 76
67 77
67 79
67 81
67 82
67 83
67 85
67 87
67 88
67 89
67 90
67 91
67 92
67 93
67 94
67 95
67 97
67 98
67 99
67 100
67 101
67 102
67 103
67 104
67 105
67 106
67 107
67 108
67 109
67 110
67 112
67 113
67 114
67 115
67 116
67 117
67 118
67 119
67 120
67 122
67 123
67 125
67 126
67 127
67 128
67 129
67 130
67 131
67 133
67 134
67 135
67 136
67 137
67 138
67 139
67 141
67 145
67 146
67 147
67 148
67 149
67 150
67 151
67 152
67 153
67 154
67 155
67 156
67 157
67 158
67 160
67 161
68 69
68 70
68 71
68 72
68 73
68 74
68 75
68 76
68 77
68 79
68 80
68 84
68 86
68 87
68 89
68 92
68 93
68 94
68 95
68 97
68 98
68 99
68 100
68 101
68 102
68 103
68 105
68 106
68 107
68 108
68 109
68 111
68 112
68 113
68 114
68 115
68 116
68 117
68 118
68 120
68 122
68 124
68 125
68 126
68 128
68 129
68 130
68 131
68 133
68 134
68 135
68 137
68 138
68 139
68 140
68 141
68 142
68 143
68 144
68 145
68 146
68 147
68 148
68 149
68 150
68 151
68 152
68 153
68 154
68 157
68 158
68 160
68 161
69 70
69 71
69 72
69 73
69 74
69 75
69 76
69 77
69 78
69 79
69 80
69 81
69 83
69 84
69 85
69 86
69 87
69 89
69 90
69 92
69 93
69 94
69 97
69 98
69 99
69 100
69 101
69 102
69 103
69 105
69 106
69 107
69 108
69 109
69 112
69 113
69 114
69 115
69 116
69 117
69 118
69 121
69 123
69 124
69 125
69 127
69 128
69 129
69 131
69 133
69 134
69 135
69 138
69 139
69 140
69 141
69 142
69 145
69 146
69 147
69 149
69 150
69 151
69 152
69 153
69 154
69 155
69 156
69 157
69 158
69 159
69 160
69 161
70 71
70 72
70 73
70 74
70 76
70 79
70 80
70 81
70 82
70 83
70 84
70 85
70 86
70 88
70 89
70 90
70 91
70 92
70 93
70 94
70 95
70 97
70 98
70 99
70 100
70 101
70 102
70 104
70 105
70 106
70 108
70 109
70 110
70 111
70 112
70 113
70 114
70 116
70 117
70 118
70 119
70 120
70 121
70 123
70 125
70 126
70 127
70 129
70 132
70 133
70 134
70 135
70 136
70 137
70 138
70 139
70 140
70 141
70 142
70 143
70 145
70 146
70 147
70 148
70 149
70 152
70 153
70 154
70 155
70 158
70 159
70 160
70 161
71 72
71 74
71 75
71 76
71 77
71 79
71 80
71 81
71 82
71 83
71 84
71 86
71 87
71 88
71 89
71 90
71 91
71 92
71 93
71 94
71 95
71 96
71 97
71 99
71 100
71 102
71 105
71 106
71 107
71 109
71 110
71 112
71 113
71 114
71 116
71 117
71 118
71 119
71 120
71 124
71 126
71 129
71 130
71 131
71 133
71 135
71 136
71 137
71 138
71 139
71 140
71 141
71 142
71 143
71 145
71 147
71 148
71 149
71 150
71 151
71 152
71 153
71 154
71 156
71 158
71 161
72 73
72 74
72 75
72 77
72 78
72 79
72 80
72 82
72 83
72 84
72 85
72 86
72 89
72 90
72 91
72 92
72 93
72 94
72 98
72 100
72 101
72 103
72 104
72 105
72 106
72 107
72 108
72 109
72 110
72 111
72 112
72 113
72 114
72 115
72 117
72 118
72 119
72 121
72 122
72 126
72 127
72 129
72 130
72 131
72 132
72 133
72 134
72 135
72 136
72 137
72 138
72 139
72 140
72 141
72 142
72 143
72 145
72 146
72 148
72 149
72 150
72 151
72 152
72 153
72 154
72 155
72 157
72 158
72 159
72 160
72 161
73 74
73 77
73 79
73 82
73 84
73 86
73 87
73 88
73 89
73 93
73 94
73 95
73 96
73 97
73 99
73 100
73 101
73 102
73 103
73 106
73 107
73 109
73 110
73 112
73 114
73 115
73 116
73 117
73 118
73 121
73 123
73 125
73 126
73 129
73 130
73 133
73 134
73 137
73 138
73 139
73 140
73 145
73 146
73 147
73 150
73 151
73 152
73 154
73 155
73 157
73 160
73 161
74 75
74 76
74 77
74 79
74 80
74 81
74 83
74 86
74 87
74 89
74 90
74 92
74 93
74 94
74 95
74 97
74 98
74 99
74 100
74 101
74 102
74 103
74 104
74 105
74 106
74 107
74 108
74 109
74 110
74 112
74 113
74 114
74 115
74 116
74 117
74 118
74 119
74 121
74 122
74 124
74 128
74 129
74 130
74 131
74 132
74 133
74 134
74 136
74 137
74 138
74 139
74 141
74 142
74 144
74 145
74 146
74 147
74 148
74 149
74 150
74 151
74 152
74 153
74 154
74 155
74 156
74 157
74 159
74 161
75 76
75 79
75 80
75 85
75 86
75 88
75 90
75 91
75 92
75 93
75 94
75 95
75 96
75 98
75 99
75 100
75 101
75 102
75 105
75 106
75 108
75 109
75 110
75 111
75 112
75 114
75 115
75 116
75 117
75 118
75 120
75 123
75 125
75 126
75 127
75 129
75 133
75 134
75 135
75 136
75 137
75 139
75 141
75 142
75 143
75 145
75 146
75 147
75 148
75 151
75 152
75 153
75 154
75 155
75 157
75 158
75 159
75 160
76 79
76 82
76 83
76 84
76 86
76 87
76 94
76 97
76 98
76 99
76 101
76 102
76 105
76 106
76 107
76 109
76 113
76 114
76 115
76 118
76 122
76 125
76 128
76 133
76 134
76 137
76 144
76 146
76 147
76 148
76 149
76 150
76 151
76 152
76 155
76 156
76 157
76 158
76 159
77 79
77 82
77 83
77 84
77 86
77 87
77 88
77 89
77 90
77 91
77 92
77 96
77 97
77 98
77 99
77 100
77 101
77 102
77 103
77 105
77 106
77 107
77 108
77 109
77 111
77 112
77 113
77 114
77 115
77 117
77 118
77 120
77 124
77 125
77 126
77 127
77 128
77 129
77 131
77 135
77 136
77 137
77 138
77 140
77 145
77 146
77 147
77 148
77 149
77 151
77 152
77 153
77 154
77 156
77 157
77 158
77 160
78 79
78 92
78 95
78 97
78 98
78 102
78 105
78 108
78 109
78 116
78 137
78 139
78 142
78 146
78 147
78 148
78 150
78 154
78 160
79 80
79 83
79 84
79 86
79 87
79 89
79 92
79 93
79 94
79 95
79 97
79 99
79 102
79 103
79 104
79 105
79 106
79 107
79 108
79 109
79 110
79 111
79 112
79 113
79 114
79 115
79 116
79 117
79 118
79 120
79 123
79 125
79 126
79 127
79 128
79 129
79 130
79 131
79 133
79 134
79 135
79 136
79 137
79 139
79 140
79 141
79 144
79 146
79 147
79 148
79 150
79 151
79 152
79 154
79 155
79 156
79 157
79 158
79 159
79 160
80 82
80 84
80 86
80 87
80 88
80 89
80 90
80 97
80 98
80 103
80 104
80 106
80 108
80 112
80 113
80 114
80 115
80 117
80 123
80 125
80 126
80 129
80 131
80 133
80 134
80 135
80 138
80 139
80 140
80 142
80 147
80 148
80 150
80 151
80 152
80 154
80 157
80 158
80 159
80 160
80 161
81 84
81 87
81 89
81 91
81 93
81 96
81 99
81 101
81 102
81 109
81 110
81 114
81 125
81 130
81 133
81 134
81 142
81 147
81 149
81 150
81 153
81 154
81 157
81 158
82 85
82 87
82 88
82 94
82 101
82 102
82 103
82 106
82 108
82 112
82 113
82 114
82 115
82 117
82 122
82 124
82 125
82 128
82 129
82 131
82 133
82 134
82 137
82 138
82 141
82 142
82 143
82 147
82 150
82 151
82 152
82 154
82 156
82 157
82 158
82 159
83 84
83 94
83 98
83 99
83 100
83 101
83 104
83 105
83 106
83 109
83 111
83 112
83 114
83 115
83 116
83 117
83 121
83 123
83 126
83 128
83 129
83 130
83 131
83 134
83 136
83 138
83 141
83 142
83 143
83 147
83 148
83 150
83 151
83 153
83 154
83 157
83 158
83 159
83 160
83 161
84 85
84 89
84 91
84 93
84 94
84 96
84 97
84 98
84 100
84 101
84 102
84 104
84 105
84 106
84 107
84 108
84 112
84 114
84 115
84 117
84 118
84 120
84 125
84 127
84 129
84 130
84 133
84 134
84 135
84 136
84 138
84 139
84 142
84 143
84 145
84 147
84 151
84 152
84 154
84 155
84 156
84 157
84 158
84 160
84 161
85 88
85 94
85 96
85 97
85 99
85 100
85 102
85 105
85 108
85 112
85 115
85 129
85 130
85 131
85 134
85 135
85 138
85 139
85 145
85 150
85 152
85 153
85 154
85 155
85 160
85 161
86 89
86 92
86 93
86 94
86 97
86 99
86 101
86 102
86 103
86 105
86 106
86 107
86 111
86 113
86 114
86 115
86 116
86 117
86 118
86 125
86 129
86 130
86 131
86 133
86 135
86 137
86 139
86 141
86 142
86 146
86 147
86 149
86 150
86 151
86 152
86 154
86 155
86 156
87 88
87 89
87 91
87 93
87 94
87 97
87 98
87 99
87 100
87 101
87 103
87 105
87 106
87 107
87 108
87 109
87 110
87 111
87 113
87 114
87 115
87 116
87 117
87 118
87 121
87 125
87 129
87 132
87 133
87 134
87 135
87 136
87 137
87 138
87 139
87 142
87 143
87 145
87 146
87 149
87 150
87 151
87 153
87 154
88 89
88 93
88 98
88 99
88 106
88 108
88 111
88 112
88 113
88 114
88 115
88 116
88 117
88 118
88 121
88 122
88 124
88 125
88 128
88 130
88 131
88 134
88 137
88 141
88 143
88 144
88 145
88 146
88 149
88 150
88 151
88 152
88 153
88 158
88 161
89 90
89 91
89 93
89 94
89 95
89 96
89 98
89 99
89 100
89 101
89 102
89 103
89 104
89 105
89 106
89 107
89 108
89 109
89 110
89 114
89 115
89 116
89 117
89 118
89 119
89 121
89 123
89 124
89 125
89 129
89 130
89 131
89 133
89 134
89 135
89 137
89 138
89 139
89 140
89 142
89 145
89 146
89 147
89 148
89 149
89 150
89 152
89 153
89 154
89 155
89 157
89 158
89 159
89 160
89 161
90 91
90 97
90 99
90 101
90 106
90 107
90 108
90 109
90 112
90 113
90 114
90 115
90 118
90 124
90 125
90 126
90 130
90 131
90 133
90 134
90 137
90 138
90 140
90 147
90 148
90 150
90 152
90 153
90 158
90 159
90 161
91 93
91 98
91 101
91 102
91 106
91 107
91 108
91 114
91 115
91 116
91 118
91 119
91 126
91 129
91 130
91 131
91 137
91 138
91 140
91 141
91 143
91 146
91 148
91 149
91 150
91 152
91 153
91 154
91 157
91 158
91 159
91 160
91 161
92 93
92 94
92 96
92 99
92 101
92 102
92 104
92 105
92 108
92 109
92 112
92 114
92 115
92 116
92 117
92 118
92 125
92 129
92 131
92 134
92 135
92 137
92 138
92 142
92 143
92 149
92 150
92 151
92 152
92 153
92 154
93 95
93 97
93 99
93 100
93 101
93 104
93 105
93 106
93 107
93 108
93 109
93 110
93 112
93 113
93 114
93 115
93 121
93 122
93 124
93 125
93 129
93 130
93 131
93 134
93 135
93 137
93 138
93 139
93 140
93 141
93 142
93 145
93 146
93 147
93 149
93 150
93 152
93 154
93 155
93 158
93 161
94 96
94 97
94 98
94 101
94 102
94 103
94 104
94 105
94 106
94 107
94 108
94 109
94 110
94 111
94 112
94 113
94 114
94 115
94 116
94 117
94 118
94 119
94 122
94 125
94 126
94 128
94 129
94 130
94 131
94 133
94 134
94 136
94 137
94 138
94 139
94 140
94 141
94 142
94 145
94 146
94 147
94 148
94 149
94 150
94 152
94 153
94 154
94 155
94 158
94 159
94 160
94 161
95 100
95 104
95 109
95 110
95 112
95 113
95 114
95 115
95 116
95 117
95 119
95 125
95 130
95 131
95 133
95 137
95 139
95 141
95 142
95 143
95 147
95 152
95 154
95 155
95 157
95 160
96 101
96 102
96 106
96 107
96 108
96 109
96 112
96 113
96 114
96 115
96 120
96 128
96 133
96 134
96 139
96 151
96 154
96 155
96 158
96 161
97 98
97 99
97 100
97 101
97 103
97 104
97 106
97 107
97 108
97 109
97 110
97 111
97 112
97 113
97 114
97 115
97 116
97 117
97 118
97 119
97 121
97 126
97 127
97 128
97 129
97 130
97 131
97 133
97 134
97 136
97 137
97 138
97 139
97 140
97 142
97 143
97 145
97 147
97 150
97 152
97 153
97 154
97 155
97 156
97 157
97 158
97 159
97 160
98 100
98 101
98 104
98 107
98 108
98 111
98 113
98 114
98 115
98 116
98 119
98 125
98 126
98 129
98 130
98 131
98 133
98 134
98 137
98 139
98 142
98 143
98 146
98 147
98 150
98 151
98 152
98 154
98 157
98 160
98 161
99 100
99 101
99 102
99 103
99 106
99 107
99 108
99 110
99 114
99 115
99 116
99 118
99 119
99 120
99 121
99 127
99 129
99 130
99 131
99 133
99 135
99 137
99 138
99 139
99 140
99 141
99 142
99 143
99 145
99 147
99 150
99 151
99 152
99 153
99 154
99 157
99 158
99 159
100 101
100 102
100 105
100 109
100 112
100 113
100 114
100 115
100 118
100 119
100 125
100 127
100 129
100 133
100 134
100 136
100 137
100 138
100 139
100 141
100 143
100 144
100 146
100 147
100 150
100 151
100 152
100 153
100 154
100 157
100 158
100 161
101 103
101 104
101 106
101 107
101 108
101 109
101 111
101 112
101 113
101 114
101 115
101 116
101 117
101 118
101 119
101 120
101 121
101 124
101 125
101 126
101 127
101 128
101 130
101 131
101 132
101 133
101 134
101 135
101 137
101 138
101 139
101 142
101 145
101 146
101 147
101 150
101 151
101 152
101 153
101 154
101 157
101 158
101 159
101 160
101 161
102 103
102 105
102 106
102 107
102 108
102 109
102 110
102 111
102 112
102 113
102 114
102 115
102 116
102 117
102 118
102 119
102 120
102 122
102 125
102 126
102 128
102 129
102 130
102 131
102 132
102 133
102 134
102 135
102 136
102 137
102 138
102 139
102 141
102 142
102 143
102 144
102 145
102 149
102 150
102 151
102 153
102 154
102 157
102 158
102 159
102 160
102 161
103 104
103 105
103 106
103 109
103 111
103 112
103 113
103 115
103 116
103 117
103 118
103 119
103 126
103 129
103 130
103 131
103 133
103 134
103 135
103 136
103 137
103 138
103 139
103 141
103 142
103 145
103 146
103 150
103 151
103 152
103 154
103 155
103 157
103 158
103 161
104 105
104 108
104 109
104 110
104 114
104 115
104 116
104 117
104 125
104 129
104 131
104 133
104 137
104 138
104 139
104 140
104 143
104 147
104 149
104 152
104 155
104 156
104 158
105 106
105 107
105 108
105 110
105 112
105 115
105 117
105 122
105 124
105 125
105 126
105 127
105 128
105 131
105 133
105 135
105 137
105 139
105 141
105 142
105 143
105 144
105 146
105 147
105 149
105 150
105 151
105 152
105 153
105 154
105 155
105 158
106 107
106 108
106 109
106 111
106 112
106 113
106 114
106 115
106 116
106 117
106 118
106 119
106 120
106 122
106 125
106 126
106 127
106 129
106 130
106 131
106 133
106 134
106 135
106 136
106 137
106 138
106 139
106 140
106 141
106 143
106 146
106 147
106 148
106 149
106 150
106 151
106 152
106 153
106 154
106 155
106 156
106 157
106 158
106 159
106 160
106 161
107 108
107 109
107 112
107 113
107 115
107 116
107 117
107 118
107 120
107 121
107 122
107 123
107 125
107 126
107 128
107 129
107 131
107 135
107 136
107 137
107 138
107 139
107 144
107 146
107 147
107 148
107 150
107 151
107 152
107 154
107 156
107 157
107 158
107 159
107 160
108 109
108 110
108 111
108 112
108 113
108 114
108 115
108 117
108 118
108 119
108 120
108 121
108 122
108 123
108 125
108 126
108 128
108 129
108 132
108 133
108 134
108 135
108 136
108 137
108 138
108 139
108 140
108 141
108 142
108 143
108 145
108 146
108 147
108 148
108 149
108 150
108 151
108 152
108 154
108 156
108 158
108 159
108 160
108 161
109 113
109 114
109 115
109 116
109 117
109 119
109 121
109 125
109 126
109 127
109 129
109 131
109 133
109 134
109 135
109 138
109 139
109 141
109 145
109 146
109 147
109 148
109 149
109 150
109 151
109 153
109 154
109 155
109 158
109 159
109 160
109 161
110 112
110 117
110 126
110 127
110 129
110 131
110 134
110 137
110 138
110 139
110 142
110 145
110 146
110 147
110 150
110 151
110 153
110 154
111 112
111 115
111 117
111 118
111 121
111 122
111 124
111 125
111 126
111 127
111 129
111 130
111 131
111 132
111 133
111 134
111 137
111 138
111 142
111 146
111 147
111 150
111 151
111 152
111 153
111 157
111 160
111 161
112 113
112 114
112 115
112 118
112 119
112 120
112 122
112 123
112 125
112 126
112 128
112 131
112 135
112 137
112 138
112 141
112 142
112 144
112 145
112 146
112 147
112 148
112 149
112 150
112 151
112 153
112 154
112 155
112 156
112 157
112 158
112 159
112 161
113 114
113 115
113 116
113 118
113 119
113 124
113 126
113 128
113 129
113 130
113 131
113 133
113 134
113 136
113 137
113 138
113 139
113 140
113 141
113 142
113 144
113 146
113 147
113 148
113 149
113 150
113 151
113 152
113 153
113 154
113 155
113 156
113 157
113 158
113 159
113 160
113 161
114 117
114 119
114 126
114 127
114 128
114 129
114 130
114 133
114 134
114 135
114 136
114 137
114 138
114 139
114 140
114 142
114 143
114 145
114 147
114 148
114 150
114 151
114 152
114 153
114 154
114 155
114 156
114 157
114 158
114 159
114 160
114 161
115 116
115 117
115 118
115 120
115 123
115 124
115 125
115 126
115 127
115 128
115 130
115 131
115 132
115 133
115 134
115 135
115 136
115 137
115 138
115 139
115 141
115 142
115 143
115 145
115 147
115 148
115 149
115 150
115 152
115 153
115 154
115 155
115 157
115 158
115 159
115 160
116 117
116 118
116 121
116 122
116 128
116 129
116 137
116 141
116 146
116 147
116 149
116 151
116 153
116 154
116 155
116 158
116 160
116 161
117 118
117 119
117 120
117 122
117 125
117 126
117 128
117 129
117 130
117 131
117 132
117 133
117 134
117 136
117 137
117 138
117 139
117 141
117 143
117 145
117 146
117 147
117 149
117 150
117 151
117 152
117 153
117 154
117 155
117 156
117 157
117 158
117 161
118 119
118 122
118 123
118 125
118 126
118 127
118 129
118 130
118 131
118 132
118 133
118 135
118 137
118 138
118 139
118 141
118 142
118 143
118 144
118 146
118 147
118 148
118 149
118 150
118 152
118 153
118 154
118 155
118 156
118 158
118 160
118 161
119 122
119 125
119 129
119 131
119 133
119 135
119 137
119 138
119 142
119 151
119 152
119 153
119 154
119 158
120 126
120 131
120 136
120 142
120 152
120 153
120 154
120 158
121 127
121 133
121 134
121 135
121 136
121 139
121 150
121 152
122 125
122 127
122 129
122 130
122 134
122 135
122 136
122 138
122 141
122 142
122 143
122 152
122 153
122 157
122 159
122 161
123 131
123 133
123 135
123 137
123 142
123 145
123 146
123 152
123 154
124 125
124 126
124 127
124 129
124 130
124 132
124 133
124 134
124 142
124 147
124 149
124 151
124 154
124 157
124 160
125 129
125 131
125 132
125 133
125 134
125 135
125 137
125 138
125 139
125 140
125 141
125 142
125 143
125 147
125 149
125 150
125 151
125 152
125 153
125 154
125 155
125 158
125 159
125 161
126 128
126 131
126 133
126 135
126 137
126 139
126 142
126 145
126 146
126 147
126 148
126 149
126 151
126 152
126 153
126 154
126 155
126 157
126 158
126 159
126 160
127 133
127 134
127 137
127 142
127 145
127 146
127 147
127 148
127 152
127 155
127 157
127 158
127 159
127 161
128 129
128 130
128 131
128 133
128 134
128 137
128 138
128 139
128 141
128 142
128 143
128 146
128 147
128 148
128 149
128 150
128 153
128 154
128 158
128 160
128 161
129 131
129 133
129 134
129 135
129 136
129 137
129 138
129 139
129 140
129 142
129 143
129 145
129 147
129 148
129 149
129 150
129 151
129 152
129 153
129 154
129 155
129 156
129 157
129 158
129 159
129 161
130 131
130 133
130 136
130 137
130 138
130 140
130 141
130 142
130 145
130 146
130 147
130 149
130 150
130 151
130 152
130 153
130 154
130 158
130 161
131 133
131 135
131 137
131 138
131 139
131 140
131 142
131 143
131 146
131 147
131 148
131 149
131 150
131 152
131 153
131 154
131 155
131 156
131 157
131 158
131 159
131 160
131 161
132 133
132 134
132 137
132 138
132 145
132 147
132 154
132 158
132 159
133 134
133 136
133 137
133 138
133 139
133 142
133 143
133 145
133 146
133 147
133 148
133 149
133 150
133 151
133 152
133 153
133 154
133 157
133 158
133 159
133 160
133 161
134 135
134 136
134 137
134 138
134 139
134 140
134 141
134 142
134 143
134 145
134 146
134 147
134 149
134 150
134 151
134 152
134 155
134 156
134 157
134 158
135 138
135 139
135 142
135 146
135 147
135 148
135 149
135 150
135 151
135 152
135 153
135 154
135 157
135 159
135 160
136 138
136 139
136 141
136 143
136 147
136 149
136 151
136 152
136 153
136 155
136 157
136 158
136 159
137 138
137 139
137 140
137 141
137 142
137 145
137 146
137 147
137 148
137 149
137 150
137 151
137 152
137 153
137 154
137 155
137 156
137 157
137 158
137 159
137 160
137 161
138 139
138 141
138 142
138 146
138 147
138 148
138 149
138 150
138 151
138 152
138 153
138 154
138 155
138 156
138 157
138 158
138 159
138 160
138 161
139 141
139 142
139 146
139 148
139 149
139 151
139 153
139 154
139 155
139 157
139 158
139 159
139 160
139 161
140 141
140 142
140 151
140 152
140 154
140 155
140 158
140 160
141 142
141 146
141 147
141 148
141 150
141 151
141 154
141 155
141 156
141 158
141 160
142 146
142 147
142 148
142 149
142 150
142 151
142 152
142 153
142 154
142 157
142 158
142 159
142 160
142 161
143 145
143 146
143 147
143 148
143 151
143 152
143 153
143 158
143 160
143 161
144 152
144 158
145 147
145 148
145 149
145 150
145 151
145 153
145 154
145 156
145 157
145 159
145 161
146 147
146 149
146 150
146 151
146 152
146 154
146 155
146 157
146 158
146 161
147 148
147 149
147 151
147 152
147 153
147 154
147 155
147 157
147 158
147 159
147 160
147 161
148 152
148 154
148 155
148 156
148 157
148 159
149 150
149 151
149 153
149 157
149 158
149 161
150 151
150 152
150 153
150 154
150 155
150 157
150 158
150 159
150 160
150 161
151 152
151 153
151 154
151 156
151 157
151 159
151 160
151 161
152 153
152 154
152 155
152 157
152 158
152 159
152 160
152 161
153 155
153 157
153 158
153 159
153 160
153 161
154 155
154 157
154 158
154 160
154 161
155 157
155 159
156 157
156 158
157 158
157 159
157 160
157 161
158 159
159 160
160 161
