0 4
0 6
0 7
0 9
0 11
0 13
0 14
0 15
0 17
0 19
0 24
0 28
0 31
0 32
0 36
0 38
0 43
0 45
0 46
0 49
0 50
0 51
0 54
0 56
0 57
0 58
0 61
0 63
0 64
0 66
0 67
0 68
0 70
0 72
0 73
0 75
0 76
0 80
0 83
0 84
0 85
0 89
0 92
0 93
0 94
0 98
0 99
0 100
0 101
0 105
0 106
0 108
0 109
0 114
0 115
0 116
0 123
0 126
0 129
0 131
0 134
0 137
0 139
0 142
0 143
0 146
0 147
0 150
0 151
0 152
0 154
0 156
0 157
0 159
0 160
0 161
1 4
1 6
1 7
1 8
1 9
1 10
1 11
1 13
1 14
1 16
1 19
1 21
1 24
1 26
1 31
1 35
1 36
1 38
1 40
1 43
1 44
1 45
1 46
1 50
1 51
1 53
1 54
1 56
1 59
1 61
1 62
1 63
1 64
1 65
1 66
1 68
1 69
1 70
1 72
1 73
1 74
1 75
1 79
1 80
1 83
1 84
1 87
1 89
1 94
1 97
1 99
1 101
1 102
1 106
1 107
1 110
1 114
1 115
1 116
1 118
1 124
1 125
1 126
1 127
1 129
1 131
1 133
1 135
1 137
1 142
1 145
1 151
1 152
1 153
1 154
1 155
1 157
1 158
2 4
2 6
2 7
2 9
2 13
2 18
2 19
2 25
2 30
2 32
2 35
2 38
2 40
2 41
2 43
2 44
2 45
2 49
2 52
2 54
2 55
2 57
2 58
2 64
2 67
2 68
2 69
2 70
2 72
2 73
2 74
2 75
2 77
2 79
2 80
2 84
2 86
2 87
2 88
2 90
2 92
2 95
2 97
2 102
2 105
2 106
2 108
2 109
2 112
2 114
2 117
2 129
2 134
2 136
2 137
2 138
2 142
2 148
2 154
2 159
2 161
3 5
3 6
3 7
3 8
3 14
3 15
3 19
3 20
3 21
3 30
3 31
3 32
3 34
3 38
3 39
3 45
3 48
3 49
3 51
3 54
3 58
3 65
3 68
3 69
3 70
3 71
3 74
3 77
3 79
3 83
3 84
3 88
3 89
3 93
3 94
3 97
3 102
3 105
3 107
3 108
3 109
3 111
3 112
3 113
3 115
3 117
3 126
3 128
3 134
3 136
3 137
3 139
3 142
3 146
3 150
3 151
3 154
3 158
3 161
4 6
4 7
4 8
4 9
4 10
4 12
4 13
4 14
4 15
4 16
4 18
4 19
4 20
4 22
4 23
4 24
4 25
4 28
4 30
4 31
4 32
4 33
4 35
4 36
4 37
4 39
4 40
4 42
4 44
4 45
4 47
4 49
4 50
4 51
4 52
4 53
4 54
4 55
4 56
4 58
4 59
4 61
4 62
4 63
4 64
4 66
4 67
4 68
4 70
4 71
4 72
4 74
4 76
4 77
4 79
4 80
4 81
4 83
4 84
4 87
4 88
4 89
4 90
4 91
4 92
4 93
4 94
4 95
4 97
4 98
4 100
4 101
4 102
4 103
4 105
4 106
4 107
4 108
4 109
4 112
4 113
4 114
4 116
4 117
4 118
4 123
4 124
4 125
4 126
4 127
4 129
4 130
4 131
4 132
4 133
4 134
4 135
4 136
4 137
4 138
4 139
4 140
4 142
4 143
4 144
4 147
4 148
4 149
4 150
4 151
4 152
4 153
4 154
4 156
4 157
4 158
4 159
4 160
4 161
5 7
5 9
5 11
5 14
5 19
5 22
5 31
5 32
5 37
5 45
5 49
5 51
5 54
5 55
5 56
5 58
5 59
5 63
5 64
5 66
5 71
5 72
5 74
5 75
5 76
5 79
5 80
5 81
5 82
5 84
5 86
5 87
5 89
5 92
5 96
5 103
5 104
5 106
5 107
5 109
5 113
5 115
5 116
5 117
5 118
5 120
5 127
5 129
5 130
5 131
5 133
5 134
5 135
5 137
5 138
5 142
5 145
5 147
5 148
5 151
5 152
5 154
5 158
5 160
5 161
6 7
6 8
6 9
6 11
6 13
6 14
6 15
6 18
6 19
6 21
6 22
6 23
6 24
6 25
6 26
6 28
6 29
6 30
6 31
6 32
6 33
6 34
6 35
6 36
6 37
6 38
6 39
6 40
6 41
6 42
6 43
6 44
6 45
6 48
6 49
6 50
6 52
6 53
6 54
6 55
6 56
6 57
6 58
6 59
6 60
6 61
6 63
6 64
6 65
6 66
6 67
6 68
6 69
6 70
6 71
6 73
6 74
6 78
6 79
6 82
6 83
6 84
6 85
6 87
6 88
6 89
6 91
6 92
6 93
6 94
6 95
6 96
6 97
6 98
6 99
6 100
6 101
6 102
6 103
6 105
6 106
6 107
6 108
6 109
6 111
6 112
6 113
6 114
6 115
6 116
6 117
6 118
6 120
6 121
6 125
6 126
6 128
6 129
6 130
6 131
6 132
6 133
6 134
6 135
6 137
6 138
6 139
6 140
6 141
6 142
6 143
6 145
6 146
6 147
6 149
6 150
6 151
6 152
6 153
6 154
6 158
7 8
7 9
7 10
7 11
7 12
7 13
7 14
7 15
7 17
7 18
7 19
7 20
7 22
7 24
7 25
7 26
7 27
7 30
7 31
7 33
7 35
7 36
7 37
7 38
7 39
7 40
7 42
7 43
7 44
7 45
7 49
7 50
7 51
7 53
7 55
7 56
7 58
7 61
7 62
7 63
7 64
7 65
7 66
7 67
7 68
7 69
7 70
7 71
7 72
7 73
7 74
7 76
7 77
7 79
7 80
7 81
7 82
7 84
7 85
7 86
7 90
7 92
7 93
7 94
7 96
7 97
7 98
7 99
7 100
7 101
7 102
7 105
7 106
7 107
7 108
7 109
7 110
7 113
7 114
7 115
7 116
7 117
7 118
7 120
7 121
7 123
7 125
7 126
7 127
7 128
7 129
7 130
7 131
7 133
7 134
7 135
7 136
7 137
7 138
7 139
7 142
7 145
7 147
7 148
7 149
7 150
7 151
7 152
7 153
7 154
7 155
7 156
7 157
7 158
7 159
7 160
7 161
8 9
8 13
8 14
8 19
8 27
8 28
8 30
8 31
8 33
8 35
8 36
8 38
8 40
8 42
8 43
8 44
8 50
8 54
8 58
8 67
8 68
8 69
8 70
8 71
8 72
8 73
8 75
8 78
8 79
8 80
8 86
8 88
8 89
8 98
8 99
8 101
8 102
8 105
8 106
8 107
8 108
8 109
8 115
8 117
8 119
8 125
8 127
8 131
8 133
8 134
8 137
8 147
8 151
8 152
8 154
9 11
9 14
9 15
9 18
9 19
9 20
9 27
9 29
9 30
9 31
9 32
9 34
9 35
9 36
9 44
9 45
9 46
9 49
9 50
9 51
9 52
9 53
9 54
9 57
9 59
9 61
9 62
9 64
9 66
9 67
9 68
9 69
9 71
9 72
9 74
9 75
9 77
9 79
9 82
9 83
9 84
9 85
9 88
9 89
9 94
9 95
9 97
9 98
9 101
9 102
9 107
9 108
9 114
9 115
9 116
9 118
9 122
9 124
9 125
9 126
9 127
9 129
9 131
9 132
9 133
9 134
9 136
9 137
9 138
9 139
9 140
9 141
9 142
9 143
9 145
9 149
9 150
9 152
9 153
9 156
9 158
9 161
10 13
10 14
10 19
10 21
10 22
10 26
10 27
10 28
10 30
10 31
10 32
10 37
10 38
10 40
10 43
10 44
10 45
10 49
10 50
10 51
10 52
10 54
10 55
10 56
10 58
10 59
10 61
10 64
10 65
10 66
10 67
10 69
10 70
10 71
10 72
10 73
10 74
10 75
10 79
10 82
10 86
10 87
10 89
10 91
10 92
10 93
10 94
10 99
10 100
10 101
10 103
10 104
10 107
10 108
10 109
10 110
10 111
10 112
10 113
10 115
10 117
10 120
10 125
10 126
10 129
10 131
10 133
10 134
10 136
10 137
10 138
10 139
10 141
10 142
10 149
10 150
10 152
10 153
10 154
10 155
10 156
10 157
10 158
10 159
10 160
10 161
11 12
11 14
11 15
11 18
11 19
11 20
11 23
11 24
11 25
11 29
11 30
11 31
11 32
11 35
11 36
11 38
11 39
11 40
11 42
11 43
11 44
11 45
11 46
11 48
11 49
11 50
11 51
11 53
11 54
11 55
11 56
11 58
11 61
11 63
11 64
11 65
11 66
11 67
11 68
11 69
11 70
11 71
11 72
11 73
11 74
11 75
11 77
11 78
11 79
11 80
11 81
11 82
11 84
11 85
11 88
11 89
11 90
11 92
11 94
11 95
11 96
11 97
11 98
11 99
11 100
11 102
11 103
11 105
11 106
11 107
11 108
11 109
11 111
11 112
11 113
11 114
11 115
11 116
11 117
11 118
11 119
11 120
11 122
11 125
11 126
11 127
11 129
11 130
11 131
11 133
11 134
11 135
11 137
11 138
11 139
11 142
11 143
11 144
11 145
11 146
11 147
11 150
11 151
11 152
11 153
11 154
11 155
11 156
11 157
11 158
11 159
11 160
11 161
12 14
12 15
12 18
12 19
12 21
12 26
12 28
12 30
12 31
12 37
12 38
12 40
12 44
12 45
12 46
12 49
12 50
12 51
12 54
12 56
12 58
12 62
12 64
12 70
12 71
12 72
12 74
12 77
12 79
12 84
12 85
12 87
12 94
12 96
12 97
12 101
12 102
12 103
12 106
12 108
12 109
12 112
12 113
12 114
12 115
12 117
12 125
12 128
12 129
12 130
12 131
12 133
12 135
12 137
12 138
12 139
12 141
12 142
12 143
12 145
12 150
12 151
12 152
12 153
12 159
12 160
12 161
13 14
13 16
13 17
13 19
13 21
13 24
13 26
13 31
13 32
13 35
13 37
13 38
13 44
13 46
13 51
13 54
13 56
13 59
13 65
13 68
13 69
13 70
13 71
13 72
13 73
13 74
13 79
13 84
13 85
13 87
13 88
13 89
13 91
13 93
13 94
13 95
13 99
13 100
13 103
13 106
13 107
13 108
13 109
13 111
13 114
13 115
13 116
13 125
13 126
13 127
13 129
13 133
13 134
13 136
13 138
13 142
13 147
13 148
13 149
13 151
13 152
13 153
13 154
13 159
13 161
14 16
14 18
14 19
14 20
14 21
14 22
14 23
14 24
14 25
14 26
14 29
14 30
14 31
14 32
14 34
14 35
14 36
14 37
14 39
14 40
14 41
14 42
14 43
14 44
14 45
14 46
14 47
14 48
14 50
14 51
14 53
14 54
14 55
14 56
14 57
14 58
14 59
14 61
14 64
14 65
14 66
14 68
14 69
14 70
14 71
14 72
14 74
14 75
14 77
14 78
14 79
14 80
14 81
14 82
14 84
14 87
14 88
14 89
14 90
14 92
14 93
14 94
14 95
14 97
14 98
14 99
14 101
14 102
14 103
14 104
14 105
14 106
14 108
14 109
14 111
14 112
14 113
14 114
14 115
14 116
14 117
14 118
14 122
14 124
14 125
14 126
14 128
14 129
14 130
14 131
14 133
14 134
14 135
14 136
14 137
14 138
14 139
14 140
14 141
14 142
14 146
14 147
14 148
14 149
14 150
14 151
14 152
14 153
14 154
14 155
14 157
14 159
14 161
15 16
15 18
15 19
15 20
15 21
15 24
15 25
15 28
15 29
15 30
15 31
15 34
15 35
15 36
15 38
15 40
15 43
15 44
15 46
15 49
15 51
15 54
15 56
15 58
15 61
15 64
15 65
15 68
15 69
15 71
15 72
15 74
15 76
15 79
15 84
15 85
15 86
15 87
15 88
15 89
15 91
15 92
15 93
15 95
15 97
15 101
15 102
15 105
15 107
15 108
15 110
15 111
15 112
15 113
15 115
15 117
15 118
15 126
15 134
15 137
15 138
15 142
15 146
15 147
15 149
15 150
15 151
15 153
15 154
16 19
16 21
16 25
16 26
16 29
16 30
16 31
16 32
16 33
16 41
16 44
16 45
16 49
16 51
16 52
16 54
16 56
16 63
16 64
16 65
16 66
16 67
16 69
16 70
16 71
16 72
16 74
16 77
16 78
16 79
16 83
16 84
16 86
16 88
16 89
16 93
16 94
16 97
16 98
16 106
16 109
16 114
16 115
16 117
16 118
16 128
16 129
16 133
16 134
16 136
16 137
16 138
16 139
16 146
16 150
16 152
16 157
16 158
16 161
17 18
17 19
17 22
17 30
17 34
17 36
17 40
17 42
17 44
17 49
17 51
17 54
17 55
17 56
17 58
17 67
17 70
17 71
17 73
17 74
17 75
17 77
17 102
17 105
17 111
17 112
17 114
17 122
17 129
17 131
17 135
17 138
17 141
17 142
17 152
17 154
18 19
18 20
18 31
18 32
18 34
18 35
18 37
18 38
18 40
18 43
18 44
18 45
18 46
18 49
18 51
18 55
18 56
18 57
18 63
18 64
18 65
18 68
18 71
18 76
18 77
18 79
18 84
18 89
18 92
18 93
18 94
18 96
18 97
18 99
18 101
18 105
18 106
18 107
18 112
18 113
18 114
18 115
18 117
18 118
18 119
18 124
18 125
18 126
18 127
18 128
18 129
18 130
18 131
18 133
18 135
18 137
18 141
18 142
18 145
18 147
18 149
18 150
18 151
18 154
18 156
18 157
18 161
19 20
19 21
19 22
19 23
19 24
19 25
19 26
19 30
19 31
19 32
19 35
19 36
19 37
19 38
19 39
19 40
19 41
19 43
19 44
19 45
19 48
19 49
19 51
19 52
19 53
19 54
19 55
19 56
19 57
19 59
19 60
19 61
19 62
19 63
19 64
19 65
19 66
19 67
19 68
19 70
19 72
19 73
19 74
19 75
19 77
19 78
19 79
19 80
19 81
19 83
19 84
19 85
19 86
19 88
19 89
19 90
19 91
19 92
19 93
19 94
19 95
19 96
19 97
19 98
19 99
19 101
19 102
19 103
19 104
19 105
19 106
19 107
19 108
19 109
19 110
19 111
19 112
19 113
19 114
19 115
19 116
19 117
19 118
19 125
19 126
19 128
19 129
19 130
19 131
19 132
19 133
19 134
19 135
19 136
19 137
19 138
19 139
19 141
19 142
19 144
19 145
19 146
19 147
19 149
19 150
19 151
19 152
19 153
19 154
19 155
19 157
19 158
19 160
19 161
20 21
20 22
20 26
20 32
20 45
20 51
20 52
20 54
20 62
20 66
20 67
20 68
20 70
20 71
20 75
20 77
20 79
20 80
20 82
20 84
20 89
20 92
20 97
20 101
20 102
20 106
20 115
20 116
20 118
20 125
20 133
20 138
20 146
20 147
20 151
20 153
20 154
20 155
20 161
21 22
21 24
21 25
21 26
21 28
21 29
21 30
21 31
21 32
21 33
21 34
21 35
21 36
21 37
21 38
21 39
21 40
21 42
21 43
21 44
21 45
21 47
21 48
21 49
21 50
21 51
21 52
21 53
21 55
21 56
21 57
21 58
21 59
21 62
21 64
21 66
21 67
21 68
21 69
21 70
21 71
21 72
21 73
21 74
21 75
21 76
21 77
21 78
21 79
21 81
21 83
21 84
21 85
21 87
21 89
21 91
21 92
21 94
21 95
21 96
21 97
21 98
21 99
21 101
21 102
21 103
21 105
21 106
21 107
21 108
21 110
21 111
21 112
21 114
21 115
21 116
21 117
21 119
21 121
21 124
21 125
21 126
21 128
21 129
21 130
21 131
21 133
21 134
21 135
21 137
21 138
21 139
21 141
21 142
21 143
21 145
21 146
21 147
21 148
21 150
21 151
21 152
21 153
21 154
21 155
21 156
21 157
21 158
22 26
22 31
22 32
22 36
22 37
22 39
22 40
22 42
22 49
22 51
22 53
22 54
22 56
22 58
22 64
22 65
22 67
22 68
22 69
22 71
22 72
22 73
22 74
22 77
22 79
22 83
22 91
22 93
22 96
22 98
22 100
22 102
22 104
22 106
22 108
22 112
22 114
22 117
22 125
22 127
22 134
22 138
22 139
22 146
22 147
22 149
22 151
22 153
22 154
22 157
23 24
23 30
23 32
23 34
23 39
23 40
23 42
23 44
23 49
23 51
23 55
23 56
23 58
23 67
23 70
23 72
23 76
23 83
23 85
23 86
23 89
23 94
23 97
23 98
23 100
23 101
23 105
23 106
23 114
23 115
23 116
23 117
23 119
23 125
23 133
23 135
23 136
23 137
23 138
23 140
23 142
23 147
23 150
23 151
23 152
23 153
23 155
23 157
24 25
24 29
24 30
24 31
24 33
24 35
24 38
24 40
24 43
24 45
24 49
24 54
24 59
24 61
24 62
24 64
24 65
24 66
24 67
24 68
24 70
24 72
24 75
24 76
24 79
24 81
24 82
24 83
24 84
24 86
24 89
24 92
24 93
24 94
24 97
24 100
24 101
24 102
24 105
24 106
24 107
24 108
24 109
24 111
24 112
24 114
24 115
24 117
24 118
24 121
24 123
24 125
24 126
24 129
24 130
24 131
24 133
24 134
24 141
24 142
24 146
24 149
24 152
24 154
24 157
24 161
25 26
25 30
25 34
25 37
25 38
25 40
25 44
25 45
25 46
25 49
25 53
25 54
25 59
25 64
25 65
25 67
25 70
25 71
25 72
25 73
25 74
25 78
25 80
25 82
25 83
25 84
25 88
25 89
25 90
25 92
25 93
25 94
25 95
25 98
25 101
25 102
25 105
25 106
25 108
25 110
25 112
25 113
25 114
25 117
25 118
25 121
25 125
25 127
25 129
25 131
25 133
25 134
25 135
25 138
25 139
25 141
25 142
25 145
25 146
25 148
25 150
25 151
25 153
25 154
25 158
25 159
25 160
26 27
26 28
26 29
26 30
26 31
26 32
26 34
26 35
26 36
26 37
26 38
26 39
26 40
26 43
26 44
26 45
26 47
26 48
26 49
26 50
26 51
26 52
26 53
26 54
26 55
26 56
26 57
26 58
26 61
26 64
26 65
26 67
26 68
26 69
26 70
26 71
26 72
26 73
26 74
26 75
26 76
26 77
26 79
26 80
26 81
26 83
26 84
26 86
26 87
26 88
26 89
26 91
26 92
26 93
26 94
26 97
26 98
26 99
26 100
26 101
26 102
26 105
26 106
26 107
26 108
26 109
26 110
26 111
26 113
26 114
26 117
26 118
26 119
26 121
26 124
26 125
26 127
26 128
26 129
26 130
26 131
26 133
26 134
26 135
26 136
26 137
26 138
26 139
26 142
26 143
26 145
26 146
26 147
26 148
26 149
26 150
26 151
26 152
26 153
26 154
26 155
26 157
26 158
26 159
26 160
26 161
27 31
27 33
27 35
27 36
27 38
27 39
27 45
27 49
27 50
27 59
27 61
27 63
27 64
27 65
27 66
27 68
27 69
27 72
27 73
27 79
27 84
27 87
27 104
27 106
27 109
27 116
27 117
27 122
27 137
27 138
27 140
27 141
27 143
27 147
27 157
27 158
28 30
28 31
28 35
28 38
28 40
28 42
28 45
28 46
28 49
28 50
28 53
28 54
28 56
28 58
28 59
28 64
28 65
28 67
28 69
28 72
28 73
28 75
28 76
28 80
28 87
28 91
28 94
28 95
28 97
28 102
28 106
28 109
28 112
28 113
28 116
28 117
28 118
28 119
28 126
28 135
28 136
28 137
28 149
28 150
28 152
28 153
28 161
29 30
29 32
29 35
29 38
29 39
29 45
29 49
29 53
29 55
29 58
29 61
29 65
29 66
29 68
29 69
29 71
29 72
29 73
29 74
29 79
29 91
29 105
29 106
29 108
29 111
29 114
29 115
29 116
29 121
29 125
29 126
29 130
29 133
29 135
29 137
29 138
29 141
29 142
29 143
29 147
29 151
29 153
29 161
30 31
30 32
30 34
30 35
30 36
30 37
30 38
30 39
30 40
30 41
30 42
30 43
30 44
30 45
30 47
30 48
30 49
30 50
30 51
30 52
30 54
30 55
30 56
30 59
30 62
30 63
30 64
30 65
30 66
30 67
30 68
30 69
30 71
30 72
30 73
30 74
30 75
30 76
30 77
30 79
30 82
30 83
30 84
30 86
30 88
30 89
30 90
30 91
30 92
30 94
30 95
30 96
30 98
30 99
30 100
30 102
30 106
30 107
30 108
30 112
30 113
30 114
30 115
30 116
30 118
30 119
30 121
30 124
30 125
30 126
30 129
30 130
30 131
30 133
30 134
30 138
30 139
30 140
30 143
30 146
30 147
30 148
30 149
30 150
30 151
30 153
30 154
30 155
30 157
30 158
30 160
31 32
31 33
31 34
31 35
31 36
31 37
31 38
31 39
31 40
31 41
31 42
31 44
31 45
31 46
31 48
31 49
31 50
31 51
31 52
31 54
31 55
31 56
31 57
31 58
31 59
31 60
31 61
31 62
31 63
31 64
31 65
31 66
31 67
31 68
31 69
31 70
31 71
31 72
31 73
31 74
31 76
31 77
31 78
31 79
31 80
31 82
31 83
31 84
31 85
31 86
31 89
31 90
31 91
31 92
31 93
31 97
31 98
31 99
31 101
31 102
31 104
31 105
31 106
31 107
31 108
31 110
31 111
31 113
31 114
31 115
31 116
31 117
31 118
31 122
31 124
31 125
31 126
31 127
31 129
31 130
31 131
31 133
31 134
31 135
31 136
31 137
31 138
31 139
31 140
31 142
31 146
31 147
31 148
31 150
31 151
31 152
31 153
31 154
31 155
31 158
31 159
31 160
31 161
32 34
32 35
32 36
32 38
32 39
32 40
32 45
32 46
32 49
32 50
32 51
32 54
32 55
32 56
32 58
32 59
32 61
32 63
32 64
32 67
32 68
32 69
32 70
32 72
32 73
32 74
32 75
32 76
32 78
32 79
32 83
32 84
32 85
32 86
32 87
32 89
32 90
32 91
32 92
32 93
32 94
32 96
32 97
32 98
32 99
32 100
32 102
32 104
32 105
32 106
32 107
32 108
32 110
32 113
32 114
32 115
32 117
32 118
32 119
32 121
32 125
32 126
32 129
32 130
32 131
32 133
32 134
32 135
32 136
32 137
32 138
32 139
32 141
32 142
32 143
32 146
32 147
32 149
32 150
32 151
32 152
32 154
32 158
32 161
33 34
33 35
33 36
33 38
33 44
33 45
33 46
33 50
33 54
33 56
33 57
33 58
33 66
33 67
33 68
33 70
33 71
33 72
33 73
33 76
33 79
33 80
33 84
33 85
33 97
33 98
33 99
33 101
33 102
33 108
33 115
33 118
33 119
33 129
33 131
33 134
33 135
33 137
33 141
33 142
33 147
33 148
33 150
33 158
34 38
34 40
34 41
34 42
34 44
34 45
34 47
34 50
34 51
34 55
34 56
34 57
34 67
34 69
34 70
34 71
34 72
34 73
34 74
34 75
34 76
34 77
34 79
34 82
34 84
34 86
34 87
34 89
34 92
34 94
34 99
34 101
34 106
34 107
34 108
34 109
34 111
34 112
34 113
34 114
34 115
34 116
34 118
34 125
34 130
34 133
34 134
34 137
34 138
34 141
34 142
34 143
34 145
34 147
34 149
34 150
34 152
34 153
34 154
34 158
34 160
34 161
35 36
35 38
35 39
35 40
35 43
35 44
35 48
35 49
35 50
35 51
35 52
35 54
35 55
35 56
35 58
35 59
35 61
35 62
35 63
35 64
35 65
35 66
35 67
35 68
35 69
35 71
35 72
35 73
35 74
35 75
35 77
35 79
35 80
35 81
35 82
35 83
35 84
35 86
35 87
35 88
35 89
35 90
35 91
35 92
35 93
35 94
35 97
35 98
35 99
35 101
35 102
35 105
35 106
35 107
35 108
35 109
35 110
35 112
35 114
35 115
35 116
35 117
35 123
35 125
35 126
35 129
35 130
35 131
35 134
35 136
35 137
35 138
35 139
35 140
35 141
35 142
35 143
35 146
35 147
35 148
35 151
35 152
35 153
35 154
35 155
35 157
35 158
35 159
35 160
36 38
36 40
36 42
36 43
36 44
36 45
36 49
36 50
36 51
36 52
36 53
36 54
36 55
36 58
36 61
36 63
36 64
36 65
36 66
36 67
36 68
36 69
36 70
36 71
36 72
36 73
36 74
36 77
36 79
36 80
36 82
36 83
36 84
36 85
36 86
36 88
36 91
36 94
36 97
36 98
36 99
36 100
36 102
36 105
36 106
36 107
36 108
36 109
36 112
36 116
36 118
36 119
36 120
36 121
36 122
36 123
36 124
36 125
36 126
36 127
36 129
36 130
36 131
36 132
36 133
36 135
36 137
36 138
36 142
36 145
36 146
36 147
36 149
36 150
36 151
36 152
36 153
36 154
36 156
36 157
36 158
36 159
36 160
36 161
37 38
37 40
37 43
37 44
37 45
37 46
37 50
37 51
37 53
37 54
37 56
37 57
37 58
37 64
37 65
37 67
37 69
37 70
37 72
37 74
37 75
37 79
37 80
37 85
37 86
37 87
37 92
37 93
37 94
37 98
37 100
37 101
37 102
37 105
37 106
37 107
37 108
37 112
37 113
37 114
37 115
37 116
37 117
37 118
37 125
37 129
37 131
37 133
37 134
37 135
37 136
37 138
37 140
37 142
37 145
37 148
37 152
37 153
37 155
37 157
37 158
37 160
37 161
38 40
38 43
38 44
38 45
38 47
38 49
38 50
38 51
38 53
38 54
38 55
38 56
38 57
38 58
38 61
38 63
38 64
38 65
38 67
38 68
38 69
38 70
38 71
38 72
38 73
38 74
38 75
38 76
38 77
38 79
38 81
38 82
38 83
38 85
38 89
38 91
38 93
38 94
38 95
38 97
38 98
38 99
38 100
38 101
38 102
38 103
38 105
38 106
38 107
38 108
38 109
38 110
38 111
38 112
38 113
38 114
38 115
38 116
38 117
38 118
38 122
38 124
38 125
38 126
38 128
38 129
38 131
38 132
38 133
38 134
38 135
38 136
38 137
38 139
38 142
38 143
38 144
38 145
38 146
38 147
38 150
38 151
38 152
38 153
38 154
38 155
38 156
38 157
38 158
38 159
38 160
38 161
39 40
39 42
39 45
39 51
39 56
39 58
39 61
39 63
39 67
39 68
39 69
39 70
39 72
39 74
39 79
39 80
39 84
39 85
39 87
39 89
39 91
39 97
39 98
39 100
39 101
39 102
39 103
39 108
39 112
39 115
39 118
39 122
39 130
39 131
39 133
39 137
39 138
39 147
39 149
39 151
39 154
39 159
40 42
40 43
40 44
40 45
40 46
40 48
40 49
40 50
40 51
40 52
40 53
40 55
40 56
40 61
40 62
40 63
40 64
40 66
40 67
40 68
40 69
40 70
40 71
40 72
40 73
40 75
40 76
40 77
40 78
40 79
40 80
40 83
40 84
40 85
40 86
40 87
40 92
40 93
40 95
40 96
40 97
40 98
40 99
40 100
40 101
40 102
40 103
40 104
40 105
40 106
40 107
40 108
40 109
40 110
40 111
40 112
40 113
40 114
40 115
40 116
40 117
40 118
40 119
40 121
40 125
40 126
40 127
40 128
40 129
40 130
40 131
40 132
40 133
40 134
40 135
40 136
40 137
40 138
40 140
40 141
40 142
40 145
40 146
40 147
40 148
40 149
40 150
40 151
40 152
40 153
40 154
40 155
40 157
40 158
40 160
40 161
41 45
41 51
41 52
41 54
41 56
41 63
41 64
41 65
41 67
41 69
41 70
41 72
41 74
41 79
41 80
41 86
41 87
41 89
41 101
41 102
41 106
41 108
41 112
41 113
41 114
41 118
41 129
41 132
41 135
41 138
41 145
41 147
41 150
41 152
41 154
41 155
41 161
42 43
42 44
42 46
42 48
42 50
42 51
42 52
42 55
42 56
42 62
42 64
42 66
42 68
42 70
42 71
42 72
42 77
42 79
42 80
42 81
42 82
42 84
42 87
42 89
42 92
42 93
42 97
42 99
42 102
42 103
42 105
42 108
42 111
42 112
42 113
42 117
42 125
42 126
42 131
42 133
42 134
42 135
42 137
42 138
42 142
42 144
42 145
42 146
42 147
42 148
42 150
42 151
42 153
42 154
42 157
42 158
42 159
42 160
42 161
43 44
43 45
43 46
43 48
43 49
43 51
43 53
43 54
43 55
43 56
43 63
43 65
43 66
43 67
43 68
43 71
43 73
43 79
43 80
43 81
43 87
43 89
43 90
43 94
43 95
43 97
43 98
43 101
43 103
43 105
43 106
43 107
43 108
43 111
43 113
43 115
43 116
43 117
43 119
43 120
43 124
43 125
43 126
43 127
43 129
43 131
43 133
43 134
43 137
43 138
43 139
43 140
43 142
43 143
43 146
43 149
43 154
43 155
43 157
43 158
43 160
44 45
44 49
44 50
44 51
44 53
44 54
44 55
44 56
44 58
44 59
44 60
44 61
44 63
44 64
44 65
44 66
44 67
44 68
44 69
44 70
44 71
44 72
44 73
44 74
44 75
44 77
44 79
44 80
44 82
44 83
44 84
44 86
44 87
44 89
44 91
44 92
44 93
44 94
44 95
44 96
44 98
44 100
44 101
44 102
44 103
44 104
44 106
44 108
44 109
44 110
44 111
44 112
44 113
44 114
44 115
44 116
44 117
44 118
44 123
44 126
44 128
44 129
44 131
44 133
44 134
44 135
44 136
44 137
44 138
44 141
44 142
44 143
44 145
44 146
44 147
44 148
44 150
44 151
44 152
44 153
44 154
44 157
44 159
44 161
45 46
45 49
45 50
45 51
45 53
45 54
45 55
45 56
45 59
45 60
45 61
45 63
45 64
45 65
45 66
45 67
45 68
45 69
45 70
45 72
45 73
45 74
45 75
45 77
45 78
45 79
45 81
45 84
45 89
45 91
45 93
45 94
45 95
45 96
45 97
45 98
45 99
45 100
45 101
45 102
45 103
45 106
45 107
45 109
45 110
45 111
45 112
45 114
45 115
45 117
45 118
45 121
45 125
45 127
45 129
45 130
45 132
45 133
45 134
45 135
45 136
45 137
45 138
45 139
45 141
45 142
45 143
45 144
45 145
45 146
45 147
45 149
45 150
45 151
45 152
45 153
45 154
45 156
45 157
45 158
45 159
45 160
45 161
46 49
46 54
46 55
46 56
46 57
46 61
46 64
46 65
46 67
46 68
46 69
46 71
46 72
46 73
46 74
46 75
46 77
46 80
46 81
46 86
46 88
46 89
46 92
46 93
46 94
46 97
46 99
46 101
46 102
46 103
46 105
46 108
46 111
46 112
46 113
46 114
46 115
46 117
46 118
46 121
46 124
46 128
46 131
46 133
46 134
46 135
46 137
46 138
46 139
46 142
46 143
46 146
46 148
46 150
46 151
46 154
46 157
46 158
47 48
47 49
47 54
47 55
47 56
47 58
47 61
47 64
47 65
47 68
47 69
47 70
47 74
47 78
47 79
47 87
47 93
47 102
47 103
47 104
47 105
47 106
47 108
47 110
47 113
47 115
47 119
47 130
47 131
47 134
47 137
47 139
47 144
47 149
47 150
47 154
47 155
47 157
47 161
48 49
48 51
48 52
48 53
48 56
48 59
48 62
48 65
48 66
48 67
48 69
48 73
48 74
48 75
48 79
48 87
48 94
48 97
48 107
48 114
48 115
48 116
48 117
48 130
48 131
48 133
48 134
48 136
48 137
48 138
48 139
48 142
48 146
48 147
48 150
48 151
48 152
48 154
48 157
48 161
49 50
49 51
49 52
49 53
49 54
49 55
49 56
49 57
49 59
49 61
49 62
49 63
49 64
49 65
49 66
49 67
49 68
49 69
49 70
49 71
49 72
49 73
49 74
49 75
49 76
49 77
49 78
49 79
49 81
49 82
49 83
49 84
49 85
49 86
49 87
49 88
49 89
49 91
49 94
49 95
49 97
49 98
49 99
49 100
49 101
49 102
49 107
49 109
49 110
49 111
49 112
49 113
49 114
49 115
49 116
49 117
49 118
49 119
49 120
49 121
49 122
49 123
49 124
49 125
49 126
49 129
49 130
49 131
49 133
49 134
49 137
49 138
49 139
49 140
49 141
49 142
49 143
49 144
49 145
49 146
49 147
49 148
49 150
49 151
49 153
49 156
49 157
49 158
49 159
49 161
50 54
50 58
50 59
50 60
50 61
50 62
50 65
50 66
50 67
50 68
50 69
50 70
50 71
50 72
50 73
50 74
50 75
50 76
50 77
50 79
50 80
50 82
50 85
50 86
50 87
50 88
50 90
50 93
50 94
50 97
50 98
50 99
50 100
50 101
50 102
50 105
50 106
50 107
50 108
50 109
50 112
50 114
50 115
50 117
50 118
50 120
50 124
50 125
50 126
50 128
50 129
50 131
50 133
50 134
50 135
50 136
50 141
50 142
50 145
50 147
50 149
50 150
50 153
50 154
50 155
50 158
50 161
51 52
51 54
51 55
51 56
51 58
51 59
51 60
51 61
51 62
51 63
51 64
51 65
51 66
51 67
51 68
51 69
51 70
51 71
51 72
51 73
51 74
51 75
51 76
51 77
51 79
51 80
51 82
51 83
51 84
51 85
51 86
51 87
51 88
51 89
51 91
51 93
51 94
51 95
51 97
51 98
51 99
51 101
51 102
51 103
51 104
51 105
51 106
51 108
51 109
51 110
51 111
51 112
51 113
51 114
51 115
51 116
51 117
51 118
51 121
51 124
51 125
51 127
51 128
51 129
51 130
51 131
51 132
51 133
51 134
51 135
51 136
51 137
51 138
51 139
51 141
51 142
51 143
51 145
51 146
51 147
51 148
51 149
51 150
51 151
51 152
51 153
51 154
51 157
51 158
51 159
51 160
51 161
52 54
52 56
52 57
52 59
52 64
52 65
52 66
52 67
52 68
52 69
52 72
52 73
52 75
52 77
52 78
52 79
52 84
52 85
52 86
52 88
52 92
52 93
52 94
52 96
52 97
52 101
52 105
52 106
52 107
52 108
52 109
52 111
52 112
52 114
52 117
52 118
52 125
52 126
52 129
52 130
52 131
52 132
52 133
52 136
52 139
52 140
52 143
52 147
52 148
52 149
52 150
52 151
52 154
52 157
52 158
52 160
52 161
53 54
53 55
53 56
53 61
53 63
53 68
53 69
53 71
53 72
53 73
53 81
53 86
53 89
53 94
53 97
53 102
53 103
53 108
53 110
53 113
53 115
53 117
53 118
53 120
53 125
53 128
53 129
53 131
53 133
53 134
53 137
53 138
53 139
53 141
53 145
53 149
53 150
53 151
53 154
53 157
54 55
54 56
54 57
54 58
54 59
54 61
54 63
54 64
54 65
54 66
54 67
54 68
54 69
54 70
54 71
54 72
54 73
54 74
54 75
54 77
54 79
54 82
54 84
54 86
54 87
54 88
54 89
54 90
54 91
54 92
54 94
54 96
54 97
54 98
54 101
54 102
54 103
54 104
54 105
54 106
54 107
54 108
54 109
54 110
54 111
54 113
54 114
54 115
54 116
54 117
54 118
54 120
54 124
54 125
54 126
54 127
54 128
54 129
54 130
54 131
54 132
54 133
54 134
54 135
54 136
54 137
54 138
54 139
54 142
54 143
54 146
54 147
54 148
54 149
54 150
54 151
54 152
54 153
54 156
54 157
54 158
54 159
54 160
54 161
55 56
55 58
55 59
55 64
55 65
55 66
55 67
55 68
55 69
55 70
55 72
55 73
55 75
55 76
55 79
55 80
55 81
55 83
55 84
55 85
55 86
55 87
55 88
55 89
55 90
55 91
55 92
55 94
55 97
55 99
55 102
55 103
55 104
55 105
55 106
55 107
55 108
55 109
55 112
55 113
55 114
55 115
55 117
55 118
55 119
55 120
55 121
55 122
55 126
55 127
55 128
55 129
55 131
55 133
55 134
55 136
55 137
55 138
55 139
55 140
55 143
55 147
55 148
55 150
55 151
55 152
55 153
55 154
55 157
55 158
55 159
55 161
56 57
56 58
56 62
56 63
56 64
56 65
56 66
56 67
56 68
56 70
56 71
56 72
56 73
56 74
56 75
56 76
56 77
56 79
56 80
56 81
56 83
56 84
56 85
56 86
56 87
56 88
56 89
56 90
56 92
56 93
56 94
56 95
56 96
56 97
56 98
56 101
56 102
56 104
56 105
56 106
56 107
56 108
56 109
56 112
56 113
56 114
56 117
56 118
56 119
56 120
56 125
56 126
56 128
56 129
56 131
56 132
56 133
56 134
56 135
56 136
56 137
56 138
56 142
56 146
56 147
56 149
56 150
56 151
56 152
56 153
56 154
56 155
56 157
56 158
56 159
56 161
57 59
57 61
57 64
57 65
57 67
57 69
57 73
57 74
57 77
57 79
57 83
57 86
57 89
57 97
57 99
57 109
57 110
57 117
57 118
57 121
57 129
57 130
57 131
57 135
57 138
57 139
57 147
57 149
57 151
57 154
57 157
58 60
58 62
58 63
58 64
58 65
58 66
58 67
58 68
58 69
58 70
58 71
58 72
58 73
58 74
58 75
58 76
58 77
58 79
58 80
58 81
58 82
58 83
58 84
58 86
58 87
58 88
58 89
58 94
58 95
58 98
58 99
58 101
58 102
58 103
58 105
58 106
58 107
58 108
58 109
58 111
58 112
58 115
58 116
58 117
58 119
58 126
58 128
58 129
58 130
58 132
58 133
58 134
58 136
58 137
58 138
58 140
58 141
58 142
58 143
58 145
58 146
58 147
58 148
58 150
58 151
58 152
58 153
58 154
58 155
58 156
58 158
59 62
59 64
59 65
59 66
59 68
59 70
59 71
59 72
59 73
59 74
59 75
59 77
59 82
59 84
59 86
59 89
59 93
59 94
59 97
59 101
59 102
59 103
59 105
59 106
59 107
59 108
59 112
59 114
59 115
59 116
59 117
59 118
59 122
59 125
59 128
59 129
59 133
59 135
59 137
59 138
59 139
59 140
59 141
59 142
59 146
59 147
59 149
59 150
59 151
59 152
59 153
59 155
59 157
59 158
59 161
60 63
60 64
60 65
60 70
60 73
60 83
60 87
60 89
60 101
60 106
60 115
60 127
60 134
60 139
60 143
60 147
60 149
60 154
61 63
61 64
61 65
61 68
61 69
61 70
61 71
61 72
61 73
61 75
61 80
61 82
61 83
61 86
61 89
61 94
61 96
61 99
61 101
61 102
61 106
61 107
61 109
61 113
61 115
61 117
61 118
61 125
61 132
61 133
61 134
61 137
61 141
61 142
61 145
61 146
61 147
61 153
61 154
61 155
61 158
61 161
62 64
62 65
62 68
62 69
62 70
62 72
62 73
62 74
62 75
62 77
62 79
62 80
62 84
62 87
62 88
62 92
62 93
62 94
62 95
62 99
62 101
62 102
62 103
62 105
62 108
62 109
62 112
62 113
62 114
62 115
62 116
62 117
62 118
62 119
62 121
62 123
62 125
62 130
62 131
62 132
62 134
62 135
62 137
62 138
62 139
62 141
62 147
62 149
62 150
62 153
62 158
63 64
63 65
63 66
63 67
63 68
63 69
63 70
63 71
63 73
63 74
63 75
63 76
63 77
63 79
63 80
63 85
63 86
63 89
63 93
63 94
63 95
63 97
63 99
63 101
63 102
63 103
63 104
63 106
63 107
63 111
63 113
63 114
63 115
63 116
63 117
63 118
63 123
63 125
63 128
63 129
63 130
63 131
63 133
63 134
63 135
63 137
63 139
63 140
63 143
63 146
63 147
63 148
63 149
63 150
63 151
63 152
63 153
63 154
63 155
63 156
63 158
63 161
64 65
64 66
64 67
64 69
64 70
64 71
64 72
64 73
64 74
64 75
64 76
64 77
64 79
64 80
64 81
64 86
64 87
64 88
64 89
64 90
64 91
64 92
64 93
64 94
64 95
64 97
64 98
64 100
64 101
64 102
64 103
64 104
64 105
64 106
64 107
64 113
64 114
64 115
64 116
64 117
64 118
64 120
64 121
64 124
64 125
64 126
64 128
64 130
64 131
64 132
64 133
64 134
64 135
64 137
64 138
64 139
64 140
64 141
64 142
64 143
64 145
64 146
64 147
64 149
64 150
64 151
64 152
64 153
64 154
64 155
64 157
64 158
64 161
65 66
65 67
65 68
65 69
65 70
65 72
65 73
65 74
65 75
65 77
65 80
65 81
65 84
65 85
65 86
65 87
65 88
65 89
65 90
65 91
65 93
65 95
65 97
65 98
65 99
65 100
65 101
65 102
65 103
65 104
65 106
65 107
65 108
65 109
65 110
65 111
65 113
65 114
65 115
65 117
65 118
65 119
65 121
65 122
65 123
65 124
65 125
65 126
65 128
65 129
65 130
65 133
65 134
65 136
65 137
65 138
65 139
65 141
65 142
65 143
65 145
65 146
65 149
65 150
65 151
65 152
65 153
65 157
65 159
65 160
66 67
66 68
66 72
66 74
66 77
66 78
66 79
66 82
66 85
66 86
66 87
66 89
66 90
66 92
66 94
66 95
66 99
66 101
66 102
66 103
66 104
66 105
66 106
66 107
66 108
66 109
66 110
66 111
66 113
66 114
66 115
66 116
66 117
66 118
66 124
66 125
66 128
66 129
66 130
66 131
66 133
66 134
66 135
66 136
66 137
66 138
66 139
66 140
66 141
66 142
66 146
66 148
66 149
66 150
66 151
66 152
66 154
66 155
66 157
66 158
66 159
66 161
67 68
67 69
67 70
67 72
67 73
67 74
67 75
67 77
67 78
67 79
67 82
67 84
67 86
67 87
67 88
67 91
67 92
67 93
67 94
67 96
67 97
67 98
67 99
67 100
67 101
67 103
67 104
67 105
67 107
67 108
67 109
67 110
67 111
67 112
67 113
67 114
67 115
67 116
67 117
67 119
67 121
67 122
67 123
67 125
67 126
67 129
67 130
67 131
67 133
67 134
67 135
67 136
67 137
67 138
67 141
67 142
67 143
67 144
67 146
67 147
67 148
67 150
67 151
67 152
67 153
67 154
67 155
67 156
67 157
67 158
67 159
67 160
67 161
68 69
68 70
68 71
68 72
68 73
68 74
68 75
68 79
68 80
68 82
68 83
68 84
68 85
68 86
68 87
68 88
68 89
68 91
68 92
68 93
68 94
68 96
68 97
68 98
68 99
68 100
68 101
68 102
68 103
68 104
68 105
68 106
68 107
68 108
68 109
68 111
68 112
68 113
68 114
68 115
68 116
68 117
68 118
68 119
68 121
68 124
68 125
68 127
68 129
68 130
68 131
68 133
68 134
68 135
68 137
68 138
68 139
68 141
68 142
68 145
68 146
68 147
68 148
68 150
68 151
68 152
68 153
68 154
68 155
68 157
68 158
68 159
68 160
68 161
69 72
69 73
69 74
69 76
69 79
69 80
69 81
69 82
69 83
69 84
69 85
69 86
69 87
69 88
69 89
69 90
69 91
69 92
69 93
69 94
69 95
69 96
69 97
69 98
69 99
69 100
69 101
69 102
69 103
69 105
69 108
69 109
69 110
69 111
69 113
69 114
69 116
69 117
69 118
69 119
69 121
69 122
69 125
69 127
69 128
69 129
69 131
69 133
69 134
69 136
69 138
69 139
69 141
69 142
69 145
69 146
69 147
69 148
69 150
69 151
69 152
69 153
69 154
69 155
69 157
69 159
69 161
70 72
70 73
70 74
70 75
70 76
70 79
70 80
70 83
70 84
70 85
70 86
70 87
70 89
70 90
70 91
70 92
70 93
70 94
70 96
70 97
70 100
70 101
70 102
70 103
70 104
70 105
70 106
70 107
70 108
70 109
70 110
70 111
70 112
70 113
70 114
70 115
70 116
70 117
70 118
70 119
70 125
70 126
70 127
70 128
70 129
70 130
70 131
70 133
70 134
70 135
70 137
70 138
70 139
70 140
70 141
70 142
70 143
70 144
70 145
70 146
70 147
70 148
70 149
70 150
70 151
70 152
70 153
70 154
70 155
70 157
70 158
70 159
70 160
70 161
71 72
71 73
71 74
71 75
71 77
71 78
71 79
71 80
71 83
71 84
71 85
71 89
71 92
71 93
71 94
71 95
71 97
71 99
71 101
71 103
71 104
71 105
71 107
71 108
71 109
71 111
71 112
71 113
71 114
71 115
71 116
71 117
71 118
71 119
71 121
71 122
71 125
71 126
71 127
71 128
71 129
71 130
71 131
71 133
71 135
71 136
71 137
71 139
71 140
71 142
71 144
71 146
71 147
71 148
71 149
71 151
71 152
71 153
71 154
71 155
71 157
71 159
71 161
72 73
72 74
72 75
72 76
72 77
72 79
72 80
72 81
72 82
72 83
72 84
72 85
72 88
72 89
72 93
72 94
72 95
72 97
72 98
72 101
72 102
72 104
72 105
72 106
72 108
72 109
72 111
72 112
72 113
72 114
72 115
72 116
72 117
72 118
72 119
72 120
72 121
72 122
72 124
72 125
72 126
72 127
72 128
72 129
72 130
72 131
72 133
72 134
72 135
72 136
72 137
72 139
72 141
72 142
72 143
72 146
72 147
72 149
72 150
72 151
72 152
72 154
72 157
72 158
72 159
72 160
72 161
73 74
73 75
73 77
73 79
73 80
73 83
73 84
73 86
73 87
73 88
73 89
73 92
73 93
73 95
73 97
73 102
73 105
73 106
73 108
73 109
73 110
73 112
73 113
73 114
73 115
73 116
73 117
73 122
73 123
73 124
73 125
73 127
73 129
73 130
73 131
73 133
73 134
73 135
73 136
73 137
73 138
73 142
73 147
73 148
73 149
73 152
73 154
73 156
73 157
73 158
73 160
74 75
74 76
74 77
74 79
74 80
74 81
74 82
74 84
74 85
74 86
74 88
74 89
74 90
74 91
74 93
74 94
74 95
74 98
74 99
74 100
74 101
74 102
74 103
74 105
74 106
74 107
74 108
74 109
74 110
74 111
74 112
74 113
74 114
74 115
74 117
74 118
74 119
74 120
74 121
74 123
74 125
74 126
74 128
74 129
74 130
74 131
74 132
74 133
74 134
74 135
74 136
74 137
74 138
74 139
74 141
74 143
74 145
74 146
74 147
74 149
74 150
74 152
74 153
74 154
74 155
74 156
74 158
74 160
74 161
75 77
75 78
75 79
75 80
75 83
75 84
75 85
75 86
75 87
75 88
75 89
75 91
75 92
75 94
75 95
75 97
75 98
75 101
75 102
75 104
75 105
75 106
75 107
75 108
75 109
75 111
75 112
75 113
75 114
75 117
75 118
75 119
75 120
75 122
75 125
75 126
75 128
75 130
75 131
75 134
75 137
75 140
75 141
75 147
75 148
75 149
75 150
75 151
75 152
75 154
75 156
75 157
75 158
75 161
76 77
76 82
76 84
76 86
76 89
76 91
76 93
76 94
76 95
76 99
76 100
76 102
76 106
76 107
76 108
76 109
76 112
76 114
76 115
76 118
76 123
76 126
76 131
76 133
76 136
76 138
76 139
76 140
76 141
76 145
76 147
76 151
76 152
77 79
77 80
77 81
77 84
77 85
77 86
77 87
77 89
77 92
77 93
77 95
77 98
77 99
77 100
77 101
77 102
77 106
77 108
77 109
77 111
77 112
77 113
77 114
77 115
77 116
77 117
77 118
77 119
77 124
77 125
77 126
77 127
77 130
77 131
77 133
77 134
77 135
77 136
77 137
77 138
77 139
77 140
77 141
77 142
77 143
77 145
77 147
77 148
77 149
77 150
77 151
77 152
77 153
77 154
77 157
77 158
77 159
78 88
78 97
78 102
78 106
78 107
78 108
78 113
78 133
78 137
78 138
78 146
78 148
78 152
78 158
79 80
79 81
79 82
79 83
79 84
79 86
79 87
79 88
79 89
79 90
79 92
79 94
79 95
79 96
79 98
79 99
79 101
79 102
79 103
79 104
79 107
79 108
79 109
79 111
79 112
79 113
79 114
79 116
79 117
79 118
79 122
79 123
79 125
79 126
79 127
79 128
79 130
79 131
79 133
79 134
79 136
79 138
79 141
79 142
79 146
79 147
79 148
79 149
79 150
79 151
79 152
79 153
79 156
79 157
79 158
79 159
79 160
80 81
80 83
80 84
80 85
80 86
80 87
80 89
80 91
80 92
80 94
80 97
80 98
80 100
80 101
80 102
80 106
80 107
80 108
80 111
80 112
80 114
80 115
80 118
80 121
80 122
80 123
80 124
80 125
80 129
80 130
80 131
80 133
80 134
80 135
80 138
80 139
80 142
80 145
80 146
80 147
80 149
80 150
80 151
80 152
80 153
80 154
80 160
80 161
81 89
81 91
81 92
81 98
81 102
81 103
81 108
81 109
81 112
81 113
81 128
81 129
81 133
81 134
81 143
81 146
81 147
81 152
81 154
81 157
81 159
82 84
82 85
82 86
82 87
82 88
82 89
82 92
82 93
82 94
82 98
82 101
82 102
82 106
82 107
82 108
82 111
82 112
82 113
82 114
82 115
82 119
82 125
82 126
82 129
82 131
82 133
82 137
82 139
82 143
82 144
82 146
82 147
82 148
82 152
82 157
82 159
82 161
83 84
83 86
83 87
83 89
83 97
83 99
83 100
83 102
83 103
83 105
83 106
83 107
83 108
83 112
83 114
83 115
83 116
83 125
83 126
83 128
83 129
83 130
83 131
83 133
83 134
83 135
83 137
83 142
83 145
83 147
83 148
83 149
83 150
83 151
83 152
83 154
83 157
83 159
83 160
83 161
84 85
84 87
84 88
84 89
84 91
84 92
84 93
84 94
84 96
84 97
84 99
84 100
84 101
84 105
84 106
84 107
84 108
84 110
84 111
84 113
84 114
84 115
84 116
84 118
84 121
84 124
84 125
84 128
84 129
84 130
84 131
84 134
84 135
84 137
84 138
84 139
84 141
84 142
84 143
84 145
84 147
84 149
84 150
84 151
84 153
84 154
84 155
84 157
84 158
85 87
85 89
85 92
85 94
85 95
85 97
85 99
85 102
85 105
85 107
85 111
85 113
85 114
85 115
85 117
85 118
85 125
85 128
85 134
85 140
85 142
85 146
85 150
85 152
85 154
85 161
86 89
86 90
86 93
86 94
86 96
86 97
86 101
86 102
86 103
86 107
86 108
86 109
86 110
86 112
86 113
86 114
86 115
86 116
86 118
86 125
86 127
86 129
86 131
86 133
86 134
86 135
86 137
86 138
86 139
86 140
86 141
86 142
86 143
86 146
86 147
86 148
86 149
86 153
86 157
86 158
86 159
86 160
86 161
87 88
87 89
87 93
87 94
87 97
87 98
87 102
87 105
87 106
87 108
87 109
87 110
87 113
87 114
87 115
87 117
87 118
87 125
87 129
87 130
87 131
87 133
87 134
87 135
87 136
87 137
87 141
87 142
87 145
87 146
87 148
87 149
87 151
87 153
87 155
87 158
87 160
87 161
88 89
88 90
88 93
88 94
88 96
88 99
88 100
88 102
88 104
88 105
88 106
88 109
88 113
88 115
88 117
88 118
88 126
88 128
88 129
88 130
88 131
88 133
88 134
88 135
88 137
88 138
88 140
88 142
88 145
88 146
88 150
88 154
88 157
88 158
89 91
89 92
89 93
89 94
89 96
89 97
89 98
89 99
89 102
89 106
89 107
89 108
89 111
89 113
89 114
89 116
89 117
89 118
89 119
89 120
89 121
89 125
89 126
89 127
89 128
89 129
89 131
89 132
89 133
89 134
89 135
89 136
89 137
89 139
89 141
89 142
89 143
89 144
89 145
89 146
89 148
89 149
89 151
89 152
89 153
89 154
89 155
89 156
89 157
89 158
89 159
89 160
90 93
90 94
90 101
90 102
90 109
90 111
90 113
90 114
90 115
90 117
90 125
90 127
90 131
90 133
90 134
90 135
90 138
90 139
90 141
90 142
90 147
90 151
90 152
90 153
90 154
90 157
90 158
90 160
91 93
91 95
91 97
91 100
91 101
91 102
91 103
91 104
91 105
91 111
91 113
91 114
91 117
91 118
91 123
91 125
91 131
91 133
91 134
91 136
91 137
91 139
91 141
91 146
91 147
91 148
91 152
91 154
91 157
91 160
91 161
92 93
92 94
92 101
92 105
92 106
92 108
92 109
92 113
92 114
92 115
92 116
92 120
92 123
92 125
92 127
92 129
92 131
92 134
92 137
92 138
92 141
92 147
92 150
92 151
92 152
92 153
92 154
92 155
92 160
92 161
93 94
93 95
93 97
93 99
93 101
93 102
93 105
93 106
93 109
93 110
93 111
93 112
93 114
93 115
93 116
93 117
93 118
93 119
93 122
93 125
93 126
93 127
93 128
93 129
93 130
93 131
93 132
93 133
93 135
93 137
93 138
93 141
93 142
93 145
93 146
93 147
93 148
93 150
93 151
93 152
93 153
93 154
93 155
93 159
93 160
93 161
94 95
94 96
94 97
94 100
94 101
94 102
94 104
94 105
94 106
94 108
94 110
94 112
94 113
94 114
94 115
94 116
94 117
94 118
94 119
94 120
94 123
94 124
94 125
94 128
94 129
94 130
94 131
94 132
94 133
94 134
94 135
94 136
94 137
94 138
94 140
94 141
94 142
94 143
94 147
94 148
94 149
94 150
94 151
94 152
94 153
94 154
94 155
94 157
94 158
94 159
94 161
95 97
95 99
95 101
95 102
95 104
95 105
95 106
95 112
95 113
95 118
95 129
95 131
95 133
95 135
95 136
95 137
95 147
95 150
95 152
95 157
95 158
95 159
95 160
96 97
96 100
96 101
96 102
96 107
96 111
96 112
96 115
96 116
96 117
96 128
96 131
96 134
96 135
96 137
96 138
96 139
96 142
96 146
96 150
96 154
96 157
97 98
97 100
97 101
97 102
97 103
97 106
97 107
97 111
97 112
97 113
97 114
97 115
97 117
97 119
97 125
97 126
97 127
97 128
97 129
97 130
97 131
97 133
97 134
97 135
97 136
97 137
97 138
97 139
97 141
97 142
97 143
97 146
97 147
97 149
97 151
97 152
97 153
97 154
97 155
97 156
97 160
97 161
98 101
98 102
98 103
98 106
98 107
98 109
98 113
98 114
98 115
98 116
98 118
98 125
98 126
98 131
98 133
98 135
98 136
98 137
98 139
98 141
98 142
98 146
98 147
98 149
98 150
98 152
98 154
98 157
98 158
98 161
99 102
99 103
99 105
99 106
99 107
99 108
99 109
99 110
99 113
99 114
99 116
99 117
99 118
99 119
99 121
99 123
99 125
99 127
99 129
99 131
99 133
99 134
99 135
99 137
99 138
99 139
99 141
99 142
99 143
99 145
99 146
99 147
99 148
99 150
99 151
99 153
99 154
99 157
99 159
99 160
100 102
100 104
100 106
100 108
100 109
100 111
100 113
100 116
100 117
100 118
100 125
100 129
100 130
100 131
100 133
100 134
100 135
100 136
100 138
100 139
100 140
100 142
100 146
100 147
100 150
100 152
100 157
100 158
100 160
101 102
101 103
101 104
101 105
101 106
101 108
101 109
101 110
101 112
101 113
101 114
101 116
101 117
101 118
101 119
101 124
101 125
101 126
101 127
101 129
101 130
101 131
101 133
101 134
101 135
101 136
101 137
101 138
101 139
101 140
101 141
101 142
101 143
101 145
101 146
101 148
101 149
101 150
101 151
101 152
101 154
101 155
101 156
101 157
101 159
101 160
101 161
102 103
102 104
102 106
102 107
102 108
102 109
102 110
102 112
102 113
102 114
102 115
102 116
102 117
102 118
102 119
102 120
102 122
102 126
102 128
102 129
102 130
102 131
102 132
102 133
102 134
102 135
102 137
102 138
102 139
102 140
102 141
102 142
102 144
102 145
102 146
102 147
102 149
102 152
102 153
102 154
102 155
102 157
102 158
102 159
102 160
102 161
103 105
103 106
103 112
103 113
103 114
103 115
103 117
103 118
103 120
103 123
103 125
103 130
103 131
103 133
103 134
103 135
103 136
103 137
103 138
103 139
103 145
103 147
103 149
103 151
103 152
103 154
103 155
103 157
103 158
104 105
104 106
104 108
104 111
104 115
104 116
104 117
104 118
104 123
104 126
104 129
104 130
104 131
104 132
104 137
104 138
104 139
104 141
104 145
104 150
104 151
104 152
104 157
104 158
104 160
105 106
105 107
105 108
105 109
105 110
105 111
105 112
105 113
105 114
105 115
105 116
105 117
105 118
105 120
105 121
105 122
105 124
105 125
105 126
105 127
105 128
105 129
105 130
105 133
105 134
105 135
105 136
105 137
105 138
105 140
105 141
105 142
105 146
105 147
105 149
105 150
105 151
105 152
105 154
105 157
105 158
105 160
105 161
106 107
106 108
106 109
106 111
106 112
106 113
106 115
106 116
106 118
106 119
106 120
106 122
106 125
106 126
106 129
106 130
106 131
106 133
106 134
106 135
106 136
106 137
106 138
106 139
106 140
106 141
106 142
106 143
106 145
106 146
106 147
106 148
106 149
106 151
106 152
106 153
106 154
106 155
106 156
106 157
106 158
106 159
106 161
107 108
107 109
107 111
107 112
107 113
107 115
107 116
107 117
107 118
107 121
107 125
107 129
107 131
107 133
107 134
107 137
107 138
107 139
107 140
107 141
107 142
107 145
107 147
107 148
107 150
107 151
107 153
107 154
107 157
107 159
108 109
108 110
108 111
108 112
108 113
108 114
108 115
108 117
108 118
108 120
108 122
108 123
108 124
108 125
108 126
108 127
108 129
108 130
108 131
108 133
108 134
108 135
108 136
108 137
108 138
108 139
108 141
108 142
108 143
108 145
108 146
108 147
108 148
108 149
108 151
108 152
108 153
108 154
108 155
108 156
108 157
108 158
108 159
108 160
108 161
109 110
109 113
109 114
109 115
109 117
109 118
109 119
109 125
109 127
109 128
109 131
109 132
109 133
109 134
109 135
109 136
109 137
109 138
109 139
109 142
109 143
109 145
109 146
109 147
109 151
109 152
109 154
109 155
109 157
109 158
109 159
109 160
109 161
110 112
110 113
110 114
110 115
110 116
110 118
110 121
110 124
110 125
110 129
110 131
110 132
110 134
110 137
110 138
110 139
110 146
110 153
110 158
110 161
111 112
111 113
111 114
111 115
111 117
111 118
111 120
111 124
111 128
111 129
111 133
111 134
111 136
111 137
111 138
111 139
111 142
111 143
111 147
111 152
111 154
111 157
111 158
112 113
112 114
112 116
112 117
112 120
112 121
112 122
112 125
112 126
112 128
112 129
112 130
112 132
112 136
112 137
112 138
112 139
112 142
112 145
112 146
112 147
112 151
112 152
112 153
112 154
112 157
112 159
113 114
113 115
113 117
113 118
113 119
113 121
113 122
113 123
113 125
113 127
113 128
113 129
113 131
113 133
113 134
113 135
113 136
113 137
113 138
113 139
113 140
113 141
113 142
113 143
113 145
113 146
113 147
113 150
113 151
113 152
113 153
113 154
113 155
113 156
113 157
113 158
113 161
114 115
114 116
114 117
114 118
114 119
114 120
114 122
114 124
114 125
114 127
114 128
114 129
114 130
114 133
114 134
114 135
114 136
114 137
114 138
114 141
114 145
114 146
114 147
114 148
114 149
114 150
114 151
114 153
114 154
114 155
114 157
114 158
114 159
114 160
114 161
115 116
115 117
115 118
115 121
115 123
115 124
115 125
115 126
115 128
115 129
115 130
115 131
115 132
115 133
115 134
115 135
115 137
115 138
115 139
115 140
115 141
115 142
115 145
115 147
115 148
115 149
115 150
115 151
115 152
115 154
115 155
115 157
115 158
115 159
115 161
116 117
116 118
116 125
116 130
116 131
116 133
116 134
116 135
116 137
116 138
116 139
116 145
116 148
116 149
116 150
116 151
116 154
116 157
116 158
117 120
117 122
117 125
117 126
117 127
117 128
117 129
117 130
117 133
117 135
117 136
117 137
117 138
117 142
117 146
117 147
117 150
117 151
117 152
117 153
117 154
117 158
117 159
117 161
118 119
118 120
118 121
118 122
118 125
118 126
118 127
118 129
118 130
118 131
118 132
118 134
118 135
118 136
118 137
118 138
118 139
118 140
118 141
118 142
118 143
118 145
118 146
118 147
118 148
118 150
118 151
118 152
118 153
118 154
118 155
118 157
118 158
118 160
119 125
119 129
119 133
119 135
119 137
119 138
119 141
119 146
119 147
119 150
119 151
119 154
119 159
119 161
120 122
120 125
120 133
120 134
120 135
120 147
120 148
120 157
120 161
121 130
121 131
121 134
121 137
121 139
121 143
121 144
121 147
121 148
121 150
121 152
121 153
121 158
121 161
122 125
122 131
122 133
122 137
122 139
122 140
122 141
122 147
122 149
122 150
122 152
122 153
122 158
122 161
123 134
123 149
123 150
123 158
123 160
123 161
124 126
124 128
124 129
124 131
124 132
124 136
124 137
124 138
124 141
124 150
124 151
124 154
124 160
124 161
125 127
125 128
125 129
125 131
125 133
125 135
125 136
125 137
125 138
125 139
125 140
125 142
125 143
125 145
125 146
125 147
125 149
125 150
125 151
125 152
125 154
125 155
125 156
125 157
125 158
125 159
125 161
126 127
126 129
126 130
126 134
126 137
126 138
126 139
126 140
126 142
126 143
126 145
126 146
126 148
126 150
126 151
126 152
126 153
126 154
126 156
126 158
126 160
126 161
127 129
127 130
127 133
127 134
127 136
127 137
127 142
127 144
127 145
127 147
127 149
127 150
127 152
127 153
127 154
127 155
127 158
128 131
128 133
128 134
128 136
128 137
128 140
128 141
128 142
128 146
128 147
128 151
128 152
128 153
128 154
128 155
128 158
128 161
129 131
129 132
129 133
129 134
129 136
129 137
129 138
129 139
129 141
129 142
129 143
129 145
129 146
129 147
129 148
129 150
129 151
129 152
129 153
129 154
129 157
129 158
129 159
129 160
129 161
130 131
130 132
130 133
130 134
130 135
130 137
130 138
130 142
130 143
130 146
130 150
130 151
130 154
130 157
130 158
130 159
130 160
131 132
131 133
131 134
131 135
131 137
131 138
131 139
131 140
131 141
131 142
131 145
131 146
131 147
131 149
131 150
131 151
131 152
131 153
131 154
131 155
131 157
131 158
131 159
131 160
131 161
132 133
132 134
132 136
132 137
132 138
132 142
132 145
132 146
132 147
132 148
132 151
132 153
132 154
133 134
133 135
133 136
133 137
133 138
133 139
133 140
133 141
133 142
133 145
133 146
133 147
133 149
133 151
133 152
133 153
133 154
133 155
133 156
133 157
133 158
133 159
133 161
134 135
134 136
134 137
134 138
134 140
134 141
134 142
134 143
134 146
134 148
134 149
134 150
134 151
134 152
134 153
134 154
134 155
134 157
134 159
134 160
134 161
135 136
135 138
135 139
135 141
135 142
135 144
135 146
135 147
135 148
135 150
135 151
135 152
135 153
135 154
135 157
135 158
135 159
136 137
136 140
136 141
136 142
136 147
136 148
136 149
136 151
136 153
136 160
136 161
137 138
137 139
137 140
137 141
137 145
137 147
137 148
137 150
137 151
137 152
137 153
137 156
137 157
137 158
137 160
137 161
138 139
138 141
138 142
138 144
138 145
138 147
138 150
138 151
138 152
138 153
138 154
138 155
138 158
138 159
138 160
138 161
139 144
139 145
139 146
139 147
139 149
139 150
139 151
139 152
139 153
139 154
139 157
139 160
139 161
140 142
140 147
140 151
140 152
140 158
141 142
141 143
141 145
141 146
141 147
141 150
141 151
141 154
141 157
141 158
141 159
141 160
142 145
142 146
142 147
142 149
142 150
142 151
142 152
142 153
142 154
142 155
142 157
142 158
142 159
142 160
142 161
143 145
143 148
143 149
143 150
143 152
143 155
143 158
143 159
144 147
144 152
144 154
144 157
145 147
145 149
145 152
145 153
145 154
145 158
145 161
146 147
146 148
146 149
146 150
146 151
146 152
146 153
146 154
146 155
146 157
146 160
147 149
147 151
147 152
147 153
147 154
147 155
147 157
147 158
147 159
147 160
148 152
148 154
148 158
149 150
149 151
149 152
149 153
149 157
149 158
149 159
149 161
150 151
150 153
150 154
150 155
150 158
150 159
150 160
150 161
151 152
151 153
151 154
151 156
151 158
151 159
151 161
152 153
152 154
152 157
152 158
152 159
152 160
152 161
153 154
153 155
153 158
153 161
154 155
154 157
154 158
154 161
155 157
155 158
155 159
156 157
157 158
157 159
157 160
157 161
158 160
158 161
159 161
160 161
