0 4
0 9
0 11
0 13
0 14
0 15
0 16
0 18
0 19
0 21
0 26
0 30
0 31
0 32
0 34
0 38
0 40
0 43
0 45
0 46
0 49
0 50
0 51
0 54
0 56
0 57
0 61
0 64
0 65
0 68
0 70
0 71
0 72
0 73
0 74
0 75
0 77
0 80
0 83
0 84
0 87
0 88
0 89
0 92
0 97
0 99
0 101
0 103
0 105
0 107
0 108
0 109
0 111
0 112
0 113
0 114
0 115
0 117
0 118
0 124
0 125
0 126
0 134
0 137
0 138
0 139
0 142
0 145
0 147
0 148
0 150
0 151
0 152
0 154
0 155
0 157
0 158
0 160
0 161
1 4
1 5
1 6
1 7
1 9
1 11
1 12
1 13
1 14
1 17
1 18
1 19
1 21
1 25
1 32
1 36
1 37
1 38
1 40
1 41
1 44
1 46
1 47
1 49
1 51
1 54
1 55
1 56
1 58
1 61
1 63
1 65
1 66
1 67
1 68
1 69
1 70
1 71
1 72
1 73
1 74
1 77
1 80
1 81
1 86
1 87
1 88
1 89
1 91
1 93
1 95
1 97
1 99
1 101
1 105
1 106
1 108
1 110
1 112
1 114
1 117
1 119
1 121
1 125
1 126
1 128
1 129
1 130
1 131
1 133
1 134
1 136
1 137
1 138
1 139
1 140
1 141
1 142
1 145
1 146
1 147
1 151
1 158
1 159
1 160
1 161
2 4
2 6
2 7
2 9
2 10
2 12
2 14
2 18
2 19
2 24
2 25
2 26
2 29
2 30
2 31
2 32
2 34
2 35
2 39
2 40
2 43
2 44
2 45
2 48
2 51
2 53
2 54
2 57
2 62
2 64
2 65
2 67
2 68
2 69
2 70
2 71
2 73
2 74
2 77
2 80
2 83
2 87
2 88
2 89
2 91
2 94
2 97
2 101
2 104
2 106
2 107
2 110
2 114
2 115
2 117
2 125
2 126
2 129
2 130
2 131
2 133
2 134
2 135
2 136
2 139
2 140
2 149
2 152
2 154
2 158
2 161
3 6
3 7
3 8
3 9
3 10
3 19
3 20
3 25
3 26
3 28
3 30
3 33
3 36
3 37
3 38
3 44
3 45
3 49
3 50
3 53
3 58
3 60
3 61
3 64
3 65
3 67
3 68
3 70
3 72
3 74
3 76
3 77
3 79
3 80
3 83
3 84
3 89
3 90
3 93
3 95
3 99
3 101
3 102
3 103
3 106
3 109
3 112
3 113
3 115
3 117
3 118
3 125
3 129
3 131
3 133
3 134
3 135
3 137
3 139
3 142
3 143
3 145
3 146
3 147
3 150
3 151
3 153
3 154
3 155
3 157
3 159
4 6
4 7
4 8
4 9
4 10
4 11
4 12
4 13
4 14
4 15
4 18
4 19
4 21
4 22
4 25
4 26
4 27
4 28
4 29
4 30
4 31
4 32
4 33
4 34
4 35
4 36
4 37
4 38
4 39
4 40
4 42
4 43
4 44
4 45
4 46
4 47
4 49
4 50
4 51
4 52
4 53
4 54
4 55
4 56
4 58
4 59
4 61
4 62
4 63
4 64
4 65
4 66
4 67
4 69
4 70
4 71
4 72
4 73
4 74
4 75
4 76
4 77
4 79
4 80
4 83
4 86
4 87
4 88
4 89
4 91
4 92
4 93
4 94
4 97
4 98
4 99
4 100
4 101
4 102
4 103
4 105
4 107
4 108
4 109
4 111
4 113
4 114
4 115
4 116
4 117
4 118
4 119
4 125
4 126
4 129
4 131
4 134
4 135
4 136
4 137
4 138
4 139
4 140
4 141
4 145
4 146
4 147
4 148
4 149
4 150
4 151
4 152
4 153
4 154
4 155
4 157
4 158
4 159
4 160
5 6
5 7
5 9
5 11
5 12
5 15
5 18
5 19
5 21
5 23
5 24
5 26
5 30
5 35
5 39
5 40
5 42
5 43
5 45
5 48
5 49
5 54
5 61
5 63
5 64
5 67
5 68
5 70
5 72
5 73
5 74
5 77
5 79
5 83
5 87
5 88
5 93
5 98
5 99
5 100
5 101
5 102
5 103
5 106
5 107
5 108
5 109
5 110
5 111
5 112
5 113
5 114
5 115
5 117
5 122
5 125
5 126
5 127
5 129
5 130
5 133
5 135
5 145
5 147
5 152
5 154
5 159
5 161
6 7
6 8
6 10
6 11
6 12
6 13
6 14
6 15
6 16
6 18
6 19
6 21
6 23
6 24
6 25
6 26
6 27
6 28
6 30
6 31
6 33
6 35
6 36
6 37
6 38
6 40
6 43
6 44
6 45
6 46
6 48
6 49
6 50
6 51
6 53
6 54
6 55
6 56
6 58
6 59
6 60
6 62
6 63
6 64
6 65
6 66
6 67
6 68
6 69
6 70
6 71
6 72
6 74
6 75
6 77
6 78
6 79
6 80
6 81
6 82
6 83
6 84
6 85
6 86
6 87
6 88
6 89
6 90
6 91
6 92
6 93
6 94
6 96
6 97
6 98
6 99
6 100
6 101
6 102
6 104
6 105
6 106
6 107
6 108
6 109
6 110
6 111
6 112
6 113
6 114
6 115
6 117
6 120
6 121
6 122
6 123
6 124
6 125
6 126
6 128
6 129
6 130
6 131
6 133
6 134
6 135
6 136
6 137
6 138
6 140
6 141
6 142
6 145
6 148
6 149
6 150
6 151
6 153
6 154
6 155
6 156
6 157
6 158
6 159
6 160
7 9
7 10
7 11
7 13
7 14
7 15
7 17
7 19
7 21
7 24
7 25
7 26
7 29
7 30
7 31
7 32
7 34
7 35
7 36
7 37
7 38
7 39
7 40
7 41
7 42
7 43
7 44
7 45
7 46
7 47
7 49
7 50
7 51
7 52
7 53
7 54
7 55
7 56
7 57
7 58
7 59
7 60
7 62
7 63
7 64
7 65
7 66
7 67
7 69
7 70
7 71
7 73
7 74
7 75
7 77
7 78
7 79
7 80
7 81
7 82
7 83
7 84
7 86
7 87
7 89
7 90
7 91
7 92
7 93
7 94
7 95
7 96
7 97
7 99
7 100
7 101
7 102
7 104
7 106
7 108
7 109
7 110
7 111
7 112
7 113
7 114
7 115
7 116
7 117
7 118
7 119
7 122
7 123
7 124
7 125
7 126
7 127
7 128
7 129
7 130
7 131
7 134
7 135
7 137
7 138
7 139
7 140
7 142
7 143
7 145
7 146
7 147
7 148
7 149
7 151
7 152
7 153
7 154
7 155
7 156
7 157
7 158
7 159
7 160
7 161
8 9
8 14
8 15
8 18
8 19
8 21
8 25
8 26
8 28
8 31
8 32
8 36
8 38
8 40
8 46
8 47
8 49
8 51
8 52
8 59
8 62
8 63
8 64
8 67
8 69
8 70
8 72
8 73
8 74
8 84
8 87
8 91
8 92
8 94
8 97
8 99
8 105
8 106
8 107
8 108
8 109
8 112
8 113
8 115
8 126
8 129
8 130
8 131
8 134
8 137
8 138
8 141
8 142
8 145
8 146
8 147
8 148
8 150
8 152
8 154
8 158
8 161
9 11
9 12
9 19
9 21
9 25
9 26
9 27
9 31
9 32
9 33
9 36
9 38
9 40
9 41
9 42
9 43
9 45
9 46
9 48
9 49
9 50
9 51
9 54
9 55
9 56
9 58
9 59
9 62
9 64
9 65
9 66
9 67
9 68
9 69
9 70
9 71
9 72
9 73
9 74
9 75
9 76
9 77
9 81
9 83
9 84
9 85
9 89
9 91
9 92
9 93
9 94
9 96
9 99
9 100
9 101
9 102
9 103
9 104
9 105
9 106
9 107
9 108
9 109
9 111
9 112
9 113
9 114
9 115
9 116
9 117
9 119
9 120
9 121
9 122
9 126
9 129
9 131
9 133
9 135
9 136
9 137
9 138
9 142
9 146
9 147
9 149
9 150
9 151
9 152
9 153
9 154
9 155
9 156
9 157
9 158
10 14
10 19
10 20
10 21
10 24
10 26
10 30
10 31
10 32
10 35
10 40
10 42
10 43
10 44
10 46
10 49
10 50
10 51
10 52
10 55
10 56
10 57
10 60
10 62
10 63
10 64
10 65
10 67
10 69
10 70
10 71
10 72
10 74
10 76
10 77
10 81
10 84
10 85
10 87
10 89
10 93
10 94
10 97
10 98
10 101
10 102
10 103
10 104
10 106
10 109
10 111
10 112
10 114
10 115
10 118
10 120
10 127
10 128
10 129
10 131
10 133
10 134
10 136
10 137
10 138
10 139
10 141
10 142
10 143
10 146
10 147
10 150
10 151
10 152
10 153
10 155
10 156
10 157
10 158
10 159
10 160
11 12
11 13
11 14
11 15
11 19
11 21
11 22
11 23
11 25
11 26
11 29
11 30
11 31
11 33
11 34
11 36
11 37
11 38
11 40
11 43
11 44
11 45
11 47
11 48
11 49
11 51
11 52
11 53
11 54
11 55
11 56
11 58
11 60
11 62
11 63
11 64
11 65
11 67
11 68
11 69
11 70
11 71
11 72
11 73
11 74
11 75
11 76
11 79
11 80
11 81
11 82
11 83
11 87
11 89
11 92
11 94
11 96
11 97
11 98
11 99
11 100
11 101
11 102
11 103
11 105
11 106
11 107
11 108
11 109
11 111
11 112
11 113
11 114
11 115
11 116
11 117
11 118
11 119
11 121
11 122
11 124
11 125
11 126
11 128
11 129
11 131
11 133
11 135
11 136
11 137
11 138
11 139
11 140
11 141
11 142
11 143
11 144
11 145
11 146
11 147
11 148
11 150
11 151
11 152
11 153
11 154
11 155
11 156
11 158
11 159
11 160
11 161
12 14
12 15
12 19
12 20
12 21
12 25
12 26
12 28
12 29
12 30
12 32
12 34
12 36
12 38
12 43
12 44
12 49
12 50
12 51
12 55
12 56
12 59
12 63
12 64
12 67
12 68
12 70
12 72
12 73
12 74
12 76
12 77
12 82
12 83
12 84
12 85
12 88
12 89
12 93
12 95
12 97
12 98
12 99
12 101
12 102
12 104
12 106
12 107
12 108
12 109
12 115
12 117
12 125
12 128
12 129
12 131
12 133
12 134
12 138
12 139
12 140
12 142
12 145
12 147
12 148
12 150
12 151
12 152
12 153
12 154
12 157
12 158
13 14
13 15
13 21
13 24
13 25
13 27
13 28
13 30
13 31
13 32
13 37
13 38
13 39
13 40
13 50
13 52
13 54
13 58
13 63
13 64
13 65
13 67
13 69
13 70
13 72
13 73
13 74
13 77
13 78
13 79
13 80
13 82
13 83
13 84
13 86
13 87
13 88
13 89
13 94
13 96
13 97
13 99
13 104
13 107
13 108
13 109
13 112
13 113
13 115
13 116
13 117
13 125
13 126
13 128
13 129
13 130
13 131
13 133
13 135
13 136
13 137
13 138
13 139
13 141
13 146
13 147
13 148
13 150
13 152
13 153
13 154
13 156
13 158
13 159
13 161
14 15
14 16
14 17
14 18
14 19
14 20
14 21
14 22
14 24
14 26
14 27
14 28
14 29
14 30
14 31
14 32
14 34
14 35
14 37
14 38
14 39
14 40
14 43
14 44
14 45
14 46
14 49
14 50
14 51
14 54
14 55
14 56
14 57
14 58
14 59
14 61
14 62
14 63
14 64
14 65
14 66
14 67
14 68
14 69
14 70
14 71
14 72
14 74
14 75
14 76
14 77
14 78
14 79
14 80
14 81
14 82
14 83
14 84
14 85
14 87
14 88
14 89
14 90
14 92
14 93
14 94
14 95
14 97
14 98
14 100
14 101
14 103
14 106
14 107
14 108
14 109
14 110
14 111
14 112
14 113
14 114
14 115
14 116
14 117
14 118
14 121
14 122
14 123
14 124
14 125
14 126
14 127
14 128
14 129
14 130
14 131
14 133
14 134
14 135
14 136
14 137
14 138
14 139
14 140
14 141
14 142
14 143
14 145
14 146
14 147
14 148
14 149
14 150
14 152
14 153
14 154
14 155
14 157
14 158
14 160
15 16
15 19
15 24
15 26
15 28
15 30
15 31
15 33
15 34
15 35
15 36
15 37
15 40
15 45
15 49
15 51
15 54
15 55
15 56
15 62
15 63
15 64
15 68
15 69
15 70
15 71
15 72
15 73
15 76
15 79
15 80
15 81
15 83
15 88
15 89
15 91
15 92
15 93
15 94
15 95
15 98
15 99
15 101
15 102
15 105
15 106
15 108
15 109
15 111
15 112
15 113
15 114
15 115
15 116
15 117
15 126
15 127
15 128
15 129
15 130
15 131
15 133
15 134
15 135
15 137
15 138
15 141
15 142
15 147
15 150
15 152
15 153
15 154
15 157
15 158
15 160
15 161
16 18
16 23
16 26
16 31
16 32
16 36
16 38
16 40
16 44
16 46
16 48
16 50
16 54
16 58
16 59
16 62
16 63
16 66
16 68
16 69
16 71
16 72
16 77
16 79
16 81
16 83
16 84
16 86
16 93
16 94
16 96
16 97
16 99
16 100
16 101
16 102
16 107
16 108
16 112
16 113
16 115
16 117
16 118
16 120
16 122
16 123
16 125
16 127
16 129
16 131
16 132
16 133
16 134
16 139
16 142
16 144
16 146
16 153
16 155
16 158
16 159
16 161
17 18
17 24
17 25
17 26
17 30
17 31
17 41
17 46
17 49
17 51
17 58
17 65
17 66
17 67
17 69
17 70
17 71
17 74
17 99
17 102
17 106
17 107
17 109
17 112
17 113
17 120
17 125
17 129
17 131
17 132
17 133
17 134
17 135
17 137
17 140
17 142
17 145
17 147
17 152
17 161
18 19
18 21
18 23
18 24
18 25
18 26
18 31
18 32
18 34
18 35
18 38
18 40
18 43
18 45
18 47
18 49
18 51
18 53
18 55
18 56
18 58
18 63
18 64
18 65
18 66
18 67
18 68
18 69
18 70
18 72
18 73
18 74
18 75
18 76
18 77
18 79
18 83
18 84
18 86
18 88
18 89
18 90
18 93
18 97
18 98
18 101
18 102
18 106
18 107
18 108
18 112
18 113
18 114
18 115
18 116
18 117
18 125
18 128
18 129
18 130
18 133
18 134
18 138
18 141
18 145
18 146
18 147
18 150
18 154
18 156
18 159
19 20
19 21
19 23
19 24
19 25
19 26
19 27
19 28
19 29
19 30
19 31
19 32
19 34
19 35
19 36
19 37
19 38
19 40
19 41
19 44
19 45
19 46
19 47
19 48
19 49
19 50
19 51
19 52
19 53
19 54
19 55
19 56
19 58
19 59
19 61
19 62
19 63
19 64
19 65
19 66
19 68
19 69
19 70
19 71
19 72
19 73
19 74
19 75
19 76
19 77
19 78
19 79
19 80
19 82
19 84
19 85
19 86
19 87
19 89
19 90
19 91
19 92
19 93
19 94
19 95
19 97
19 98
19 100
19 101
19 102
19 103
19 105
19 106
19 107
19 108
19 109
19 111
19 112
19 113
19 114
19 116
19 117
19 118
19 120
19 121
19 122
19 125
19 126
19 129
19 130
19 131
19 133
19 134
19 135
19 136
19 137
19 138
19 140
19 141
19 142
19 143
19 144
19 146
19 148
19 149
19 150
19 151
19 153
19 154
19 155
19 157
19 158
19 159
19 161
20 24
20 26
20 30
20 31
20 34
20 36
20 40
20 43
20 44
20 45
20 47
20 50
20 54
20 59
20 61
20 64
20 67
20 69
20 71
20 72
20 74
20 84
20 87
20 91
20 94
20 96
20 99
20 101
20 106
20 108
20 113
20 114
20 115
20 118
20 119
20 124
20 128
20 129
20 130
20 131
20 133
20 135
20 137
20 141
20 142
20 146
20 147
20 150
20 151
20 154
20 155
20 158
20 159
20 161
21 22
21 24
21 25
21 26
21 30
21 31
21 32
21 34
21 35
21 36
21 37
21 38
21 39
21 40
21 41
21 43
21 44
21 45
21 46
21 49
21 50
21 51
21 52
21 53
21 54
21 55
21 56
21 57
21 58
21 59
21 63
21 64
21 65
21 67
21 68
21 70
21 71
21 72
21 74
21 75
21 76
21 77
21 79
21 80
21 82
21 83
21 84
21 86
21 87
21 88
21 89
21 90
21 91
21 93
21 94
21 95
21 97
21 98
21 99
21 100
21 101
21 102
21 103
21 104
21 105
21 106
21 108
21 110
21 111
21 112
21 113
21 114
21 116
21 117
21 118
21 119
21 124
21 125
21 127
21 128
21 129
21 130
21 131
21 133
21 134
21 135
21 136
21 137
21 138
21 139
21 140
21 142
21 143
21 145
21 146
21 147
21 148
21 149
21 150
21 151
21 152
21 153
21 154
21 156
21 157
21 158
21 161
22 25
22 26
22 32
22 40
22 45
22 54
22 56
22 58
22 62
22 67
22 68
22 69
22 70
22 71
22 73
22 83
22 84
22 89
22 92
22 93
22 94
22 101
22 104
22 106
22 109
22 111
22 114
22 115
22 117
22 121
22 126
22 129
22 131
22 134
22 138
22 141
22 149
22 150
22 151
22 152
22 153
22 155
22 160
23 33
23 34
23 35
23 50
23 51
23 56
23 61
23 63
23 65
23 66
23 67
23 68
23 69
23 70
23 72
23 74
23 75
23 76
23 79
23 82
23 83
23 84
23 93
23 97
23 101
23 102
23 117
23 118
23 121
23 126
23 129
23 138
23 139
23 141
23 142
23 145
23 146
23 147
23 151
23 152
23 158
23 161
24 25
24 26
24 30
24 31
24 33
24 36
24 38
24 40
24 43
24 44
24 46
24 49
24 50
24 51
24 52
24 53
24 54
24 55
24 56
24 58
24 63
24 64
24 67
24 68
24 69
24 70
24 71
24 73
24 74
24 75
24 77
24 78
24 79
24 80
24 84
24 85
24 88
24 89
24 91
24 92
24 93
24 94
24 96
24 100
24 101
24 102
24 105
24 106
24 107
24 108
24 109
24 110
24 112
24 113
24 114
24 115
24 116
24 118
24 122
24 123
24 127
24 128
24 131
24 134
24 136
24 138
24 139
24 142
24 146
24 147
24 150
24 151
24 152
24 153
24 154
24 156
24 159
24 160
25 26
25 29
25 30
25 32
25 33
25 34
25 35
25 39
25 40
25 41
25 42
25 43
25 45
25 46
25 47
25 48
25 49
25 50
25 52
25 54
25 56
25 57
25 58
25 59
25 61
25 63
25 64
25 65
25 66
25 67
25 68
25 69
25 71
25 72
25 74
25 75
25 76
25 83
25 87
25 88
25 89
25 90
25 91
25 92
25 93
25 94
25 95
25 98
25 99
25 101
25 102
25 103
25 106
25 108
25 109
25 111
25 112
25 113
25 114
25 115
25 117
25 118
25 119
25 120
25 122
25 125
25 128
25 129
25 131
25 134
25 135
25 136
25 137
25 138
25 140
25 142
25 143
25 145
25 146
25 151
25 152
25 154
25 157
25 160
25 161
26 29
26 31
26 32
26 33
26 34
26 35
26 36
26 37
26 38
26 39
26 40
26 41
26 42
26 43
26 44
26 45
26 48
26 49
26 50
26 51
26 52
26 54
26 56
26 57
26 58
26 59
26 60
26 61
26 63
26 64
26 65
26 67
26 68
26 70
26 71
26 72
26 74
26 77
26 78
26 79
26 80
26 81
26 82
26 84
26 85
26 87
26 88
26 89
26 90
26 91
26 92
26 97
26 98
26 99
26 102
26 103
26 104
26 105
26 106
26 107
26 108
26 109
26 110
26 111
26 113
26 114
26 116
26 117
26 121
26 122
26 123
26 124
26 125
26 126
26 127
26 128
26 129
26 130
26 131
26 132
26 133
26 134
26 135
26 137
26 138
26 139
26 142
26 143
26 145
26 146
26 147
26 148
26 150
26 151
26 152
26 153
26 154
26 156
26 157
26 160
26 161
27 31
27 35
27 36
27 40
27 51
27 54
27 58
27 64
27 67
27 69
27 72
27 73
27 75
27 92
27 95
27 99
27 101
27 102
27 104
27 108
27 112
27 117
27 119
27 130
27 131
27 133
27 134
27 135
27 138
27 139
27 142
27 143
27 147
27 157
28 29
28 30
28 32
28 38
28 43
28 46
28 51
28 55
28 56
28 62
28 63
28 68
28 70
28 72
28 74
28 79
28 80
28 82
28 91
28 93
28 94
28 97
28 101
28 111
28 113
28 114
28 120
28 122
28 125
28 126
28 128
28 129
28 134
28 135
28 137
28 140
28 142
28 152
28 161
29 30
29 31
29 32
29 35
29 38
29 40
29 43
29 44
29 45
29 49
29 51
29 52
29 56
29 57
29 64
29 65
29 67
29 68
29 70
29 72
29 78
29 79
29 84
29 88
29 89
29 97
29 102
29 105
29 113
29 116
29 118
29 124
29 125
29 129
29 130
29 133
29 137
29 138
29 139
29 147
29 150
29 151
29 152
29 154
29 157
29 160
29 161
30 31
30 32
30 35
30 36
30 37
30 40
30 44
30 45
30 46
30 48
30 49
30 50
30 51
30 53
30 54
30 56
30 57
30 63
30 64
30 65
30 66
30 68
30 69
30 70
30 71
30 72
30 73
30 74
30 75
30 76
30 79
30 82
30 84
30 85
30 88
30 89
30 91
30 92
30 94
30 95
30 96
30 99
30 100
30 101
30 103
30 105
30 106
30 107
30 108
30 109
30 110
30 111
30 112
30 113
30 115
30 116
30 117
30 118
30 122
30 124
30 125
30 128
30 129
30 130
30 131
30 132
30 133
30 134
30 135
30 137
30 138
30 139
30 140
30 141
30 142
30 143
30 144
30 145
30 146
30 147
30 149
30 151
30 152
30 154
30 155
30 156
30 157
30 158
30 159
30 160
31 32
31 34
31 35
31 36
31 37
31 40
31 41
31 42
31 43
31 44
31 45
31 46
31 47
31 48
31 49
31 50
31 51
31 53
31 54
31 55
31 56
31 57
31 58
31 64
31 65
31 66
31 67
31 70
31 72
31 73
31 74
31 75
31 77
31 78
31 79
31 80
31 82
31 83
31 84
31 86
31 87
31 89
31 90
31 91
31 94
31 95
31 96
31 97
31 98
31 100
31 101
31 102
31 103
31 104
31 106
31 107
31 108
31 109
31 110
31 111
31 112
31 113
31 114
31 115
31 116
31 117
31 118
31 119
31 120
31 121
31 122
31 123
31 125
31 126
31 129
31 130
31 131
31 133
31 134
31 137
31 138
31 139
31 140
31 141
31 142
31 143
31 146
31 147
31 148
31 149
31 150
31 151
31 152
31 153
31 154
31 155
31 156
31 157
31 159
31 160
32 34
32 35
32 36
32 37
32 38
32 40
32 42
32 43
32 44
32 45
32 46
32 49
32 50
32 51
32 53
32 54
32 55
32 56
32 58
32 59
32 61
32 62
32 63
32 64
32 65
32 66
32 67
32 68
32 69
32 70
32 71
32 72
32 73
32 74
32 75
32 76
32 77
32 78
32 79
32 80
32 82
32 83
32 84
32 86
32 87
32 88
32 89
32 90
32 91
32 92
32 94
32 95
32 96
32 97
32 98
32 99
32 100
32 101
32 102
32 103
32 107
32 108
32 111
32 112
32 114
32 115
32 116
32 117
32 118
32 120
32 121
32 122
32 125
32 126
32 127
32 129
32 131
32 133
32 134
32 136
32 137
32 138
32 139
32 140
32 141
32 142
32 143
32 144
32 145
32 146
32 147
32 148
32 151
32 152
32 154
32 155
32 157
32 158
32 159
32 160
32 161
33 36
33 38
33 40
33 44
33 49
33 51
33 52
33 54
33 56
33 58
33 64
33 66
33 69
33 70
33 73
33 74
33 79
33 84
33 89
33 96
33 101
33 102
33 106
33 114
33 115
33 118
33 120
33 121
33 129
33 131
33 135
33 137
33 138
33 139
33 146
33 150
33 152
33 153
34 35
34 36
34 40
34 45
34 52
34 54
34 56
34 63
34 64
34 65
34 67
34 68
34 69
34 70
34 71
34 72
34 73
34 74
34 75
34 77
34 79
34 80
34 82
34 84
34 85
34 88
34 89
34 90
34 91
34 93
34 95
34 97
34 101
34 104
34 105
34 107
34 108
34 109
34 112
34 114
34 115
34 118
34 125
34 128
34 129
34 130
34 131
34 133
34 134
34 136
34 137
34 138
34 145
34 146
34 147
34 148
34 149
34 150
34 151
34 152
34 153
34 154
34 157
34 158
34 160
35 40
35 42
35 43
35 44
35 45
35 46
35 48
35 49
35 50
35 51
35 52
35 54
35 55
35 56
35 57
35 58
35 59
35 61
35 62
35 64
35 66
35 67
35 68
35 69
35 70
35 71
35 72
35 73
35 74
35 75
35 77
35 79
35 80
35 81
35 83
35 84
35 86
35 88
35 89
35 91
35 93
35 94
35 95
35 96
35 97
35 98
35 99
35 100
35 101
35 102
35 105
35 106
35 107
35 108
35 109
35 111
35 112
35 114
35 115
35 116
35 117
35 118
35 120
35 122
35 125
35 126
35 127
35 128
35 129
35 130
35 131
35 133
35 134
35 135
35 137
35 138
35 139
35 140
35 142
35 144
35 145
35 147
35 150
35 151
35 152
35 154
35 158
35 159
35 160
36 38
36 39
36 40
36 42
36 44
36 45
36 46
36 47
36 49
36 56
36 62
36 64
36 65
36 66
36 67
36 69
36 70
36 71
36 74
36 75
36 76
36 77
36 79
36 84
36 87
36 89
36 94
36 96
36 97
36 101
36 102
36 103
36 104
36 106
36 107
36 108
36 109
36 114
36 116
36 118
36 120
36 125
36 127
36 129
36 131
36 133
36 134
36 135
36 136
36 137
36 138
36 141
36 142
36 146
36 147
36 148
36 149
36 150
36 152
36 154
36 155
36 156
36 158
36 161
37 38
37 40
37 44
37 45
37 46
37 49
37 51
37 54
37 55
37 56
37 58
37 63
37 65
37 66
37 67
37 69
37 70
37 72
37 73
37 74
37 75
37 76
37 77
37 79
37 80
37 84
37 88
37 89
37 92
37 94
37 97
37 98
37 99
37 100
37 101
37 106
37 108
37 111
37 112
37 113
37 114
37 118
37 121
37 127
37 131
37 133
37 134
37 137
37 138
37 139
37 141
37 142
37 147
37 150
37 151
37 152
37 153
37 154
37 155
37 160
37 161
38 39
38 40
38 41
38 44
38 45
38 48
38 49
38 50
38 51
38 52
38 54
38 55
38 56
38 57
38 59
38 60
38 61
38 62
38 63
38 64
38 65
38 66
38 67
38 68
38 69
38 70
38 71
38 72
38 73
38 74
38 75
38 76
38 79
38 80
38 81
38 82
38 83
38 84
38 88
38 89
38 90
38 91
38 92
38 94
38 97
38 98
38 99
38 101
38 102
38 105
38 106
38 108
38 109
38 112
38 113
38 114
38 115
38 117
38 118
38 119
38 121
38 125
38 126
38 128
38 129
38 130
38 131
38 133
38 134
38 135
38 136
38 137
38 138
38 139
38 140
38 141
38 142
38 144
38 145
38 146
38 147
38 149
38 150
38 151
38 153
38 154
38 155
38 158
38 159
38 161
39 42
39 44
39 45
39 48
39 49
39 51
39 52
39 53
39 54
39 55
39 56
39 58
39 63
39 65
39 66
39 68
39 69
39 73
39 87
39 88
39 89
39 92
39 95
39 101
39 103
39 105
39 106
39 107
39 111
39 113
39 115
39 116
39 117
39 118
39 125
39 126
39 129
39 131
39 133
39 134
39 138
39 139
39 142
39 143
39 145
39 146
39 148
39 150
39 152
39 156
39 157
39 159
39 160
40 43
40 44
40 45
40 46
40 49
40 50
40 51
40 52
40 53
40 54
40 55
40 56
40 59
40 61
40 63
40 64
40 65
40 66
40 67
40 68
40 69
40 70
40 71
40 72
40 73
40 74
40 75
40 77
40 79
40 80
40 82
40 83
40 84
40 86
40 87
40 88
40 89
40 90
40 91
40 92
40 94
40 96
40 97
40 100
40 101
40 102
40 104
40 105
40 106
40 107
40 108
40 109
40 111
40 112
40 113
40 114
40 115
40 117
40 118
40 122
40 123
40 124
40 125
40 126
40 127
40 128
40 129
40 131
40 132
40 133
40 134
40 135
40 137
40 139
40 142
40 143
40 147
40 149
40 150
40 151
40 152
40 153
40 154
40 155
40 156
40 157
40 158
40 159
40 160
40 161
41 43
41 44
41 49
41 54
41 56
41 58
41 64
41 65
41 68
41 69
41 71
41 73
41 74
41 77
41 79
41 80
41 84
41 89
41 94
41 97
41 101
41 115
41 118
41 125
41 127
41 129
41 131
41 134
41 136
41 137
41 142
41 146
41 149
41 152
41 157
41 158
41 160
41 161
42 43
42 44
42 48
42 49
42 50
42 51
42 54
42 56
42 58
42 61
42 64
42 65
42 69
42 72
42 73
42 75
42 79
42 80
42 83
42 84
42 89
42 90
42 91
42 95
42 97
42 99
42 100
42 104
42 108
42 109
42 112
42 118
42 125
42 126
42 129
42 132
42 133
42 135
42 136
42 137
42 138
42 139
42 141
42 142
42 147
42 152
42 153
42 154
42 156
42 157
42 158
43 45
43 46
43 49
43 51
43 54
43 55
43 58
43 61
43 63
43 65
43 66
43 68
43 69
43 70
43 72
43 73
43 74
43 76
43 82
43 87
43 89
43 90
43 92
43 97
43 98
43 99
43 100
43 101
43 105
43 106
43 107
43 108
43 112
43 114
43 115
43 116
43 118
43 125
43 128
43 129
43 130
43 131
43 134
43 137
43 139
43 142
43 143
43 145
43 146
43 147
43 151
43 153
43 154
43 155
43 157
43 158
43 159
43 161
44 45
44 47
44 48
44 49
44 50
44 51
44 52
44 53
44 54
44 57
44 58
44 59
44 61
44 62
44 64
44 65
44 66
44 67
44 68
44 69
44 70
44 71
44 72
44 73
44 74
44 75
44 77
44 79
44 80
44 82
44 83
44 84
44 86
44 87
44 88
44 89
44 91
44 94
44 95
44 97
44 98
44 101
44 102
44 105
44 106
44 108
44 109
44 110
44 111
44 112
44 113
44 114
44 117
44 118
44 122
44 125
44 128
44 129
44 130
44 131
44 133
44 136
44 137
44 138
44 142
44 145
44 146
44 147
44 148
44 149
44 150
44 151
44 152
44 154
44 155
44 157
44 159
44 160
44 161
45 46
45 49
45 50
45 51
45 52
45 54
45 55
45 56
45 57
45 61
45 62
45 63
45 65
45 67
45 68
45 69
45 70
45 71
45 72
45 74
45 75
45 77
45 79
45 81
45 83
45 84
45 86
45 87
45 88
45 89
45 90
45 92
45 93
45 94
45 96
45 97
45 98
45 99
45 100
45 101
45 102
45 103
45 107
45 108
45 109
45 111
45 112
45 113
45 114
45 115
45 116
45 117
45 118
45 121
45 125
45 126
45 128
45 129
45 131
45 133
45 134
45 135
45 136
45 137
45 138
45 140
45 141
45 142
45 143
45 145
45 146
45 147
45 148
45 151
45 152
45 153
45 154
45 155
45 156
45 157
45 158
45 159
45 160
46 48
46 50
46 51
46 54
46 56
46 63
46 64
46 65
46 66
46 67
46 68
46 69
46 72
46 74
46 77
46 80
46 82
46 88
46 89
46 91
46 94
46 97
46 100
46 102
46 105
46 106
46 107
46 108
46 112
46 113
46 114
46 115
46 117
46 121
46 122
46 125
46 129
46 131
46 133
46 134
46 135
46 136
46 137
46 138
46 139
46 140
46 142
46 143
46 145
46 146
46 147
46 149
46 151
46 152
46 153
46 154
46 155
46 156
46 157
46 158
46 159
46 161
47 51
47 52
47 55
47 56
47 62
47 63
47 64
47 72
47 81
47 84
47 93
47 101
47 104
47 113
47 114
47 124
47 130
47 131
47 134
47 137
47 138
47 147
47 151
47 154
47 157
48 51
48 54
48 56
48 63
48 64
48 65
48 66
48 67
48 71
48 73
48 79
48 81
48 82
48 84
48 86
48 91
48 95
48 109
48 112
48 114
48 115
48 125
48 129
48 131
48 134
48 137
48 142
48 147
48 149
48 152
48 154
48 157
48 161
49 50
49 53
49 54
49 55
49 56
49 58
49 59
49 62
49 63
49 65
49 66
49 67
49 68
49 69
49 70
49 72
49 73
49 74
49 75
49 77
49 79
49 80
49 82
49 83
49 84
49 85
49 87
49 88
49 89
49 90
49 92
49 93
49 94
49 95
49 96
49 97
49 100
49 101
49 102
49 103
49 104
49 105
49 106
49 107
49 108
49 111
49 112
49 113
49 114
49 115
49 116
49 117
49 118
49 122
49 123
49 125
49 126
49 127
49 128
49 129
49 130
49 132
49 133
49 134
49 135
49 136
49 137
49 138
49 140
49 141
49 142
49 143
49 145
49 147
49 149
49 150
49 151
49 152
49 153
49 154
49 155
49 157
49 158
49 159
49 160
49 161
50 51
50 52
50 53
50 54
50 55
50 56
50 62
50 63
50 65
50 66
50 67
50 68
50 69
50 70
50 74
50 75
50 79
50 82
50 84
50 85
50 87
50 89
50 96
50 97
50 99
50 102
50 108
50 110
50 111
50 112
50 113
50 114
50 115
50 117
50 118
50 124
50 125
50 127
50 128
50 129
50 130
50 132
50 133
50 134
50 138
50 141
50 142
50 143
50 147
50 150
50 151
50 152
50 153
50 154
50 156
50 157
50 161
51 52
51 54
51 55
51 56
51 58
51 61
51 62
51 64
51 65
51 67
51 68
51 69
51 70
51 71
51 72
51 73
51 75
51 78
51 79
51 80
51 81
51 82
51 83
51 84
51 87
51 88
51 89
51 90
51 93
51 94
51 95
51 96
51 97
51 98
51 99
51 100
51 101
51 102
51 103
51 104
51 106
51 107
51 108
51 109
51 110
51 111
51 112
51 113
51 114
51 115
51 116
51 118
51 119
51 120
51 122
51 125
51 126
51 128
51 129
51 130
51 131
51 133
51 134
51 135
51 136
51 137
51 138
51 139
51 140
51 142
51 143
51 145
51 146
51 147
51 150
51 151
51 152
51 153
51 154
51 156
51 157
51 158
51 159
51 160
52 55
52 56
52 58
52 61
52 65
52 68
52 69
52 70
52 71
52 72
52 73
52 74
52 77
52 85
52 89
52 91
52 97
52 102
52 106
52 107
52 108
52 109
52 112
52 115
52 117
52 118
52 124
52 125
52 126
52 127
52 129
52 131
52 133
52 134
52 135
52 137
52 138
52 142
52 147
52 149
52 150
52 151
52 152
52 154
52 158
53 54
53 57
53 64
53 66
53 67
53 68
53 69
53 70
53 72
53 73
53 75
53 77
53 79
53 80
53 81
53 83
53 88
53 89
53 91
53 94
53 98
53 99
53 101
53 102
53 107
53 110
53 111
53 112
53 113
53 114
53 115
53 117
53 118
53 122
53 125
53 126
53 128
53 133
53 134
53 137
53 138
53 139
53 145
53 146
53 147
53 150
53 151
53 158
54 55
54 56
54 57
54 58
54 59
54 60
54 61
54 62
54 63
54 64
54 65
54 66
54 67
54 68
54 69
54 70
54 71
54 72
54 74
54 75
54 76
54 77
54 79
54 80
54 81
54 82
54 83
54 84
54 85
54 86
54 87
54 88
54 89
54 90
54 91
54 92
54 93
54 94
54 95
54 97
54 99
54 101
54 102
54 103
54 104
54 105
54 106
54 107
54 108
54 109
54 110
54 111
54 112
54 113
54 114
54 115
54 117
54 122
54 125
54 126
54 127
54 128
54 129
54 130
54 131
54 132
54 133
54 134
54 135
54 136
54 137
54 138
54 139
54 140
54 143
54 145
54 146
54 147
54 148
54 149
54 150
54 151
54 152
54 153
54 154
54 157
54 158
54 159
54 160
54 161
55 56
55 58
55 59
55 62
55 63
55 64
55 65
55 66
55 67
55 68
55 69
55 70
55 71
55 72
55 73
55 74
55 75
55 77
55 79
55 80
55 81
55 84
55 86
55 88
55 89
55 90
55 92
55 93
55 94
55 96
55 97
55 100
55 101
55 102
55 103
55 105
55 106
55 107
55 108
55 110
55 112
55 113
55 114
55 115
55 116
55 117
55 120
55 125
55 127
55 129
55 130
55 131
55 133
55 137
55 138
55 139
55 141
55 142
55 143
55 146
55 147
55 148
55 149
55 150
55 151
55 152
55 153
55 154
55 155
55 157
55 158
55 159
55 160
55 161
56 57
56 58
56 59
56 61
56 62
56 63
56 64
56 65
56 66
56 67
56 68
56 69
56 70
56 71
56 72
56 73
56 74
56 75
56 77
56 78
56 79
56 80
56 81
56 82
56 83
56 84
56 86
56 87
56 88
56 89
56 90
56 91
56 92
56 94
56 97
56 98
56 99
56 100
56 101
56 103
56 104
56 105
56 106
56 108
56 109
56 110
56 111
56 112
56 113
56 114
56 115
56 116
56 117
56 118
56 119
56 120
56 125
56 128
56 129
56 130
56 131
56 133
56 134
56 135
56 136
56 137
56 138
56 140
56 141
56 142
56 143
56 145
56 146
56 147
56 148
56 149
56 150
56 151
56 152
56 153
56 154
56 155
56 157
56 158
56 159
56 160
56 161
57 63
57 64
57 69
57 70
57 71
57 74
57 79
57 80
57 85
57 89
57 108
57 113
57 115
57 116
57 117
57 125
57 129
57 131
57 137
57 141
57 142
57 145
57 147
57 149
57 151
57 154
57 157
57 159
57 161
58 59
58 63
58 64
58 65
58 67
58 68
58 71
58 72
58 73
58 74
58 79
58 80
58 82
58 84
58 86
58 87
58 89
58 94
58 96
58 97
58 98
58 100
58 101
58 102
58 105
58 106
58 107
58 108
58 114
58 115
58 118
58 120
58 121
58 125
58 129
58 130
58 131
58 133
58 135
58 137
58 139
58 141
58 144
58 145
58 146
58 147
58 148
58 149
58 150
58 151
58 153
58 155
58 157
58 160
59 61
59 63
59 64
59 65
59 67
59 69
59 70
59 71
59 72
59 73
59 74
59 75
59 76
59 79
59 80
59 82
59 83
59 85
59 86
59 89
59 93
59 94
59 95
59 102
59 105
59 106
59 108
59 109
59 110
59 114
59 115
59 118
59 119
59 124
59 125
59 127
59 128
59 129
59 130
59 131
59 133
59 134
59 135
59 136
59 138
59 141
59 142
59 145
59 147
59 149
59 154
59 156
59 158
59 159
60 63
60 72
60 74
60 75
60 77
60 79
60 82
60 101
60 102
60 106
60 118
60 126
60 127
60 128
60 130
60 131
60 133
60 137
60 138
60 142
60 145
60 146
60 147
60 148
60 151
60 152
60 158
60 160
61 64
61 65
61 66
61 67
61 68
61 71
61 72
61 75
61 77
61 85
61 89
61 97
61 99
61 101
61 104
61 105
61 106
61 107
61 108
61 113
61 115
61 117
61 118
61 119
61 120
61 125
61 129
61 130
61 133
61 134
61 136
61 137
61 139
61 140
61 142
61 143
61 145
61 146
61 147
61 149
61 150
61 151
61 153
61 154
61 157
61 158
61 160
61 161
62 64
62 65
62 66
62 67
62 69
62 76
62 77
62 79
62 82
62 83
62 87
62 89
62 93
62 94
62 98
62 102
62 105
62 106
62 108
62 109
62 110
62 111
62 113
62 116
62 117
62 118
62 120
62 122
62 126
62 128
62 131
62 133
62 136
62 138
62 142
62 143
62 152
62 153
62 154
62 156
62 157
62 158
63 64
63 65
63 67
63 68
63 69
63 70
63 71
63 72
63 74
63 75
63 79
63 82
63 83
63 84
63 86
63 88
63 89
63 90
63 93
63 94
63 95
63 96
63 97
63 99
63 100
63 101
63 102
63 104
63 106
63 107
63 108
63 109
63 111
63 112
63 113
63 114
63 115
63 117
63 118
63 119
63 121
63 122
63 123
63 124
63 125
63 126
63 129
63 131
63 132
63 133
63 134
63 135
63 136
63 137
63 138
63 139
63 142
63 145
63 147
63 148
63 150
63 151
63 152
63 154
63 155
63 157
63 158
63 159
63 161
64 66
64 67
64 68
64 69
64 71
64 74
64 76
64 77
64 78
64 79
64 80
64 82
64 83
64 85
64 87
64 88
64 89
64 90
64 91
64 92
64 93
64 94
64 97
64 99
64 100
64 101
64 102
64 103
64 104
64 105
64 106
64 108
64 113
64 115
64 116
64 117
64 118
64 119
64 122
64 123
64 125
64 126
64 129
64 130
64 131
64 134
64 135
64 137
64 138
64 139
64 141
64 142
64 143
64 144
64 145
64 148
64 149
64 150
64 153
64 154
64 155
64 158
64 159
64 160
64 161
65 66
65 67
65 68
65 69
65 70
65 71
65 72
65 73
65 74
65 75
65 78
65 79
65 80
65 81
65 82
65 83
65 84
65 85
65 86
65 89
65 90
65 91
65 92
65 93
65 94
65 95
65 96
65 97
65 99
65 100
65 101
65 102
65 103
65 105
65 106
65 107
65 108
65 109
65 114
65 115
65 116
65 117
65 118
65 122
65 123
65 124
65 126
65 129
65 130
65 131
65 132
65 133
65 134
65 135
65 136
65 137
65 138
65 139
65 140
65 141
65 142
65 144
65 146
65 147
65 150
65 151
65 152
65 153
65 154
65 155
65 156
65 157
65 158
65 159
65 160
65 161
66 67
66 68
66 69
66 70
66 71
66 72
66 73
66 74
66 77
66 79
66 80
66 81
66 82
66 84
66 85
66 86
66 88
66 90
66 91
66 94
66 95
66 96
66 98
66 100
66 101
66 102
66 103
66 104
66 105
66 106
66 107
66 108
66 109
66 111
66 112
66 113
66 114
66 115
66 116
66 117
66 118
66 121
66 123
66 124
66 125
66 126
66 127
66 128
66 129
66 130
66 133
66 135
66 136
66 137
66 138
66 139
66 142
66 143
66 146
66 150
66 152
66 153
66 154
66 156
66 157
66 159
66 161
67 68
67 69
67 70
67 71
67 72
67 73
67 74
67 75
67 77
67 78
67 79
67 81
67 82
67 84
67 86
67 88
67 89
67 90
67 92
67 93
67 94
67 95
67 97
67 99
67 100
67 101
67 102
67 103
67 105
67 107
67 108
67 109
67 110
67 111
67 112
67 113
67 114
67 115
67 117
67 118
67 120
67 122
67 124
67 125
67 126
67 129
67 130
67 131
67 133
67 134
67 135
67 136
67 137
67 138
67 139
67 141
67 142
67 143
67 144
67 145
67 146
67 147
67 149
67 150
67 151
67 152
67 153
67 154
67 156
67 157
67 158
67 159
67 160
67 161
68 69
68 70
68 71
68 72
68 73
68 74
68 75
68 77
68 79
68 80
68 82
68 83
68 84
68 85
68 86
68 87
68 88
68 89
68 90
68 91
68 92
68 93
68 94
68 95
68 96
68 97
68 98
68 99
68 100
68 101
68 102
68 103
68 104
68 105
68 106
68 107
68 108
68 109
68 112
68 113
68 114
68 115
68 116
68 117
68 118
68 120
68 121
68 124
68 126
68 127
68 128
68 129
68 130
68 131
68 133
68 134
68 135
68 137
68 138
68 141
68 142
68 143
68 144
68 145
68 146
68 147
68 148
68 149
68 150
68 151
68 152
68 153
68 154
68 155
68 157
68 158
68 160
68 161
69 70
69 71
69 72
69 73
69 74
69 75
69 78
69 79
69 80
69 82
69 84
69 85
69 86
69 88
69 89
69 90
69 91
69 92
69 93
69 95
69 97
69 99
69 101
69 102
69 103
69 104
69 105
69 106
69 108
69 109
69 111
69 112
69 113
69 114
69 115
69 116
69 117
69 118
69 119
69 120
69 121
69 122
69 124
69 125
69 126
69 129
69 131
69 133
69 134
69 136
69 137
69 138
69 139
69 140
69 141
69 142
69 144
69 145
69 147
69 149
69 151
69 152
69 153
69 154
69 157
69 158
69 159
69 160
70 71
70 72
70 74
70 75
70 76
70 77
70 79
70 80
70 82
70 84
70 85
70 86
70 87
70 88
70 89
70 91
70 92
70 93
70 94
70 95
70 96
70 97
70 99
70 100
70 101
70 102
70 103
70 105
70 106
70 107
70 108
70 109
70 110
70 111
70 112
70 113
70 115
70 116
70 117
70 118
70 121
70 122
70 124
70 125
70 126
70 127
70 128
70 129
70 130
70 131
70 133
70 134
70 135
70 136
70 137
70 138
70 139
70 142
70 143
70 145
70 146
70 147
70 148
70 149
70 150
70 151
70 152
70 153
70 154
70 155
70 157
70 158
70 160
70 161
71 72
71 74
71 75
71 76
71 77
71 79
71 80
71 82
71 83
71 84
71 87
71 88
71 89
71 90
71 93
71 94
71 95
71 97
71 98
71 99
71 100
71 101
71 102
71 105
71 106
71 107
71 108
71 109
71 112
71 114
71 115
71 116
71 117
71 118
71 119
71 120
71 121
71 124
71 125
71 127
71 128
71 130
71 131
71 132
71 133
71 134
71 135
71 136
71 137
71 138
71 139
71 140
71 141
71 142
71 144
71 145
71 146
71 147
71 149
71 150
71 151
71 152
71 153
71 154
71 155
71 156
71 157
71 158
71 160
71 161
72 73
72 74
72 75
72 76
72 77
72 79
72 80
72 81
72 84
72 85
72 86
72 89
72 90
72 92
72 93
72 94
72 95
72 96
72 97
72 98
72 99
72 100
72 101
72 102
72 104
72 105
72 106
72 107
72 108
72 109
72 111
72 112
72 113
72 114
72 115
72 116
72 117
72 118
72 119
72 120
72 122
72 125
72 126
72 127
72 128
72 129
72 130
72 131
72 133
72 134
72 136
72 137
72 138
72 139
72 141
72 142
72 143
72 146
72 147
72 148
72 149
72 150
72 151
72 152
72 154
72 157
72 158
72 159
72 160
73 74
73 75
73 76
73 79
73 80
73 82
73 84
73 89
73 90
73 93
73 94
73 96
73 97
73 98
73 99
73 100
73 101
73 102
73 103
73 106
73 108
73 109
73 111
73 112
73 113
73 114
73 115
73 116
73 117
73 125
73 126
73 127
73 129
73 130
73 133
73 134
73 135
73 136
73 138
73 141
73 143
73 144
73 146
73 147
73 149
73 150
73 151
73 152
73 153
73 154
73 157
73 158
73 160
73 161
74 75
74 76
74 77
74 78
74 79
74 80
74 81
74 84
74 85
74 86
74 87
74 89
74 90
74 93
74 94
74 95
74 96
74 97
74 98
74 99
74 101
74 102
74 105
74 106
74 107
74 108
74 109
74 110
74 111
74 112
74 113
74 114
74 115
74 116
74 117
74 118
74 121
74 124
74 126
74 127
74 129
74 130
74 131
74 132
74 133
74 134
74 135
74 136
74 138
74 139
74 140
74 141
74 142
74 143
74 145
74 146
74 147
74 148
74 149
74 150
74 154
74 155
74 156
74 157
74 158
74 159
74 161
75 76
75 78
75 79
75 81
75 83
75 85
75 86
75 87
75 89
75 90
75 91
75 93
75 95
75 97
75 98
75 99
75 100
75 102
75 104
75 107
75 108
75 109
75 111
75 112
75 114
75 115
75 118
75 119
75 124
75 125
75 126
75 127
75 128
75 129
75 130
75 131
75 133
75 135
75 136
75 137
75 138
75 140
75 142
75 145
75 147
75 149
75 150
75 151
75 152
75 154
75 157
75 158
75 160
75 161
76 77
76 88
76 89
76 90
76 94
76 95
76 97
76 101
76 105
76 106
76 108
76 109
76 113
76 114
76 117
76 126
76 129
76 130
76 133
76 135
76 141
76 146
76 150
76 151
76 152
76 153
76 154
76 157
76 158
76 161
77 80
77 81
77 83
77 84
77 85
77 87
77 89
77 90
77 91
77 93
77 94
77 96
77 97
77 99
77 101
77 104
77 105
77 107
77 108
77 112
77 113
77 114
77 115
77 117
77 118
77 123
77 125
77 126
77 129
77 131
77 133
77 134
77 135
77 136
77 137
77 139
77 141
77 142
77 143
77 145
77 146
77 148
77 150
77 151
77 152
77 154
77 155
77 157
77 158
77 159
77 160
77 161
78 87
78 97
78 108
78 117
78 120
78 125
78 131
78 133
78 138
78 147
78 148
78 151
78 158
79 80
79 81
79 84
79 85
79 86
79 87
79 89
79 91
79 93
79 94
79 95
79 96
79 97
79 99
79 101
79 102
79 103
79 105
79 106
79 107
79 108
79 109
79 111
79 112
79 114
79 115
79 116
79 117
79 118
79 119
79 122
79 125
79 126
79 129
79 130
79 131
79 133
79 135
79 137
79 138
79 139
79 140
79 141
79 142
79 145
79 146
79 147
79 148
79 149
79 150
79 151
79 152
79 153
79 154
79 155
79 157
79 160
79 161
80 82
80 83
80 84
80 86
80 88
80 89
80 90
80 93
80 94
80 95
80 96
80 97
80 99
80 101
80 102
80 103
80 104
80 105
80 106
80 107
80 108
80 109
80 110
80 111
80 113
80 115
80 116
80 117
80 118
80 121
80 124
80 125
80 126
80 127
80 129
80 133
80 134
80 135
80 137
80 138
80 141
80 142
80 145
80 146
80 147
80 148
80 150
80 151
80 152
80 153
80 154
80 157
80 158
80 159
80 161
81 94
81 97
81 102
81 105
81 107
81 108
81 111
81 118
81 126
81 129
81 130
81 131
81 135
81 137
81 140
81 142
81 146
81 147
81 149
81 153
81 154
81 157
82 84
82 87
82 88
82 89
82 94
82 100
82 101
82 105
82 106
82 107
82 109
82 110
82 112
82 113
82 114
82 115
82 118
82 125
82 129
82 130
82 131
82 133
82 134
82 136
82 137
82 138
82 139
82 141
82 148
82 150
82 152
82 154
82 158
82 161
83 86
83 87
83 88
83 91
83 92
83 94
83 97
83 99
83 100
83 102
83 103
83 106
83 107
83 110
83 113
83 114
83 115
83 116
83 117
83 122
83 124
83 128
83 129
83 131
83 133
83 134
83 135
83 138
83 145
83 146
83 147
83 149
83 151
83 152
83 154
83 155
83 156
83 158
83 161
84 86
84 88
84 89
84 90
84 91
84 93
84 94
84 95
84 97
84 98
84 99
84 101
84 102
84 104
84 105
84 106
84 107
84 111
84 112
84 113
84 114
84 115
84 116
84 117
84 118
84 120
84 126
84 127
84 128
84 129
84 130
84 133
84 134
84 135
84 136
84 137
84 138
84 139
84 142
84 143
84 144
84 145
84 146
84 147
84 149
84 150
84 151
84 152
84 153
84 154
84 158
84 161
85 86
85 87
85 93
85 94
85 97
85 99
85 101
85 105
85 106
85 112
85 114
85 117
85 125
85 129
85 130
85 131
85 133
85 134
85 135
85 137
85 138
85 141
85 142
85 146
85 148
85 152
85 154
85 157
85 158
86 89
86 92
86 93
86 95
86 97
86 99
86 101
86 102
86 105
86 106
86 108
86 109
86 112
86 114
86 116
86 117
86 118
86 124
86 125
86 127
86 129
86 130
86 133
86 137
86 138
86 139
86 140
86 141
86 142
86 145
86 146
86 147
86 150
86 151
86 152
86 153
86 154
86 158
86 160
87 89
87 92
87 93
87 97
87 98
87 100
87 101
87 102
87 105
87 106
87 108
87 109
87 112
87 113
87 114
87 117
87 120
87 122
87 123
87 126
87 127
87 130
87 131
87 133
87 134
87 135
87 136
87 137
87 138
87 142
87 144
87 149
87 150
87 151
87 152
87 154
87 157
87 158
87 159
87 160
87 161
88 89
88 91
88 94
88 98
88 99
88 101
88 102
88 109
88 111
88 112
88 115
88 116
88 117
88 118
88 125
88 128
88 130
88 131
88 132
88 133
88 134
88 135
88 136
88 137
88 138
88 140
88 144
88 145
88 146
88 147
88 148
88 151
88 152
88 153
88 154
88 155
88 158
88 159
88 161
89 90
89 91
89 92
89 93
89 94
89 96
89 97
89 98
89 99
89 101
89 102
89 104
89 105
89 106
89 107
89 108
89 109
89 110
89 111
89 112
89 113
89 114
89 115
89 116
89 117
89 118
89 119
89 120
89 124
89 125
89 126
89 127
89 129
89 130
89 131
89 133
89 134
89 135
89 136
89 137
89 138
89 139
89 141
89 142
89 143
89 145
89 146
89 147
89 149
89 150
89 151
89 152
89 153
89 154
89 155
89 157
89 158
89 159
89 160
89 161
90 97
90 102
90 106
90 107
90 108
90 110
90 111
90 112
90 114
90 115
90 117
90 118
90 125
90 131
90 133
90 134
90 135
90 136
90 137
90 138
90 139
90 142
90 143
90 145
90 147
90 150
90 152
90 155
90 158
90 159
90 161
91 94
91 95
91 96
91 97
91 98
91 100
91 101
91 102
91 106
91 107
91 108
91 112
91 114
91 115
91 116
91 124
91 125
91 128
91 129
91 130
91 131
91 133
91 136
91 137
91 138
91 141
91 142
91 146
91 147
91 153
91 154
91 157
91 160
91 161
92 94
92 97
92 101
92 102
92 106
92 108
92 109
92 112
92 116
92 117
92 118
92 122
92 125
92 126
92 130
92 131
92 133
92 137
92 138
92 142
92 145
92 146
92 147
92 149
92 151
92 152
92 153
92 154
92 157
92 158
93 94
93 95
93 97
93 99
93 100
93 101
93 102
93 106
93 108
93 109
93 110
93 111
93 112
93 113
93 114
93 117
93 118
93 124
93 125
93 126
93 128
93 129
93 132
93 133
93 134
93 136
93 137
93 138
93 139
93 141
93 142
93 143
93 144
93 146
93 147
93 148
93 150
93 151
93 152
93 153
93 154
93 155
93 158
93 159
93 161
94 96
94 98
94 100
94 101
94 102
94 103
94 104
94 105
94 106
94 107
94 108
94 109
94 110
94 111
94 112
94 113
94 114
94 115
94 116
94 117
94 122
94 123
94 124
94 125
94 126
94 127
94 128
94 129
94 130
94 131
94 134
94 135
94 136
94 137
94 138
94 139
94 141
94 142
94 143
94 145
94 146
94 147
94 148
94 152
94 153
94 154
94 157
94 158
94 159
94 160
94 161
95 97
95 100
95 101
95 102
95 105
95 106
95 109
95 112
95 113
95 115
95 116
95 125
95 128
95 129
95 130
95 131
95 134
95 135
95 136
95 138
95 142
95 143
95 147
95 152
95 153
95 158
95 160
96 101
96 105
96 107
96 115
96 117
96 118
96 131
96 135
96 138
96 139
96 142
96 146
96 147
96 150
96 151
96 158
96 159
97 98
97 99
97 100
97 101
97 102
97 105
97 106
97 107
97 108
97 109
97 111
97 113
97 114
97 115
97 116
97 117
97 118
97 119
97 120
97 125
97 127
97 128
97 131
97 133
97 134
97 135
97 137
97 138
97 139
97 140
97 141
97 142
97 143
97 146
97 147
97 151
97 152
97 153
97 155
97 157
97 158
97 159
97 160
97 161
98 101
98 102
98 103
98 105
98 107
98 108
98 109
98 113
98 116
98 117
98 118
98 128
98 129
98 131
98 132
98 134
98 135
98 136
98 137
98 139
98 142
98 145
98 148
98 149
98 152
98 153
98 155
98 156
98 158
98 159
98 161
99 101
99 102
99 103
99 106
99 107
99 108
99 109
99 111
99 113
99 114
99 117
99 125
99 127
99 129
99 130
99 131
99 134
99 137
99 138
99 139
99 141
99 142
99 143
99 144
99 145
99 147
99 149
99 151
99 152
99 153
99 155
99 158
99 160
99 161
100 101
100 105
100 106
100 107
100 108
100 111
100 112
100 114
100 115
100 118
100 123
100 126
100 129
100 131
100 133
100 136
100 137
100 138
100 139
100 142
100 143
100 147
100 149
100 150
100 151
100 152
100 154
100 157
100 161
101 102
101 103
101 104
101 105
101 106
101 107
101 108
101 109
101 111
101 112
101 113
101 114
101 115
101 116
101 117
101 118
101 122
101 123
101 124
101 125
101 126
101 127
101 128
101 129
101 130
101 131
101 132
101 133
101 134
101 135
101 136
101 137
101 138
101 139
101 140
101 141
101 142
101 143
101 144
101 145
101 146
101 147
101 148
101 149
101 150
101 151
101 152
101 153
101 154
101 155
101 157
101 158
101 159
101 160
101 161
102 104
102 105
102 106
102 107
102 108
102 109
102 111
102 112
102 114
102 115
102 116
102 117
102 118
102 119
102 120
102 121
102 122
102 125
102 126
102 128
102 129
102 130
102 131
102 133
102 134
102 135
102 136
102 137
102 138
102 140
102 141
102 142
102 146
102 147
102 148
102 149
102 150
102 151
102 152
102 153
102 154
102 155
102 156
102 157
102 158
102 161
103 106
103 107
103 108
103 110
103 111
103 115
103 118
103 119
103 120
103 122
103 124
103 125
103 126
103 129
103 131
103 134
103 135
103 136
103 138
103 139
103 140
103 143
103 145
103 146
103 147
103 151
103 152
103 153
103 154
103 158
104 105
104 106
104 107
104 108
104 112
104 115
104 118
104 125
104 128
104 133
104 134
104 138
104 139
104 140
104 141
104 142
104 146
104 150
104 151
104 152
104 153
104 154
104 156
104 158
105 106
105 107
105 108
105 109
105 110
105 111
105 112
105 113
105 114
105 115
105 116
105 117
105 118
105 122
105 123
105 124
105 125
105 126
105 128
105 129
105 131
105 133
105 135
105 138
105 139
105 140
105 142
105 145
105 146
105 147
105 149
105 150
105 151
105 152
105 153
105 154
105 155
105 157
105 158
105 159
105 160
106 108
106 112
106 113
106 114
106 115
106 117
106 118
106 119
106 120
106 122
106 123
106 124
106 125
106 126
106 128
106 129
106 130
106 131
106 133
106 134
106 135
106 136
106 138
106 139
106 141
106 142
106 143
106 146
106 147
106 149
106 150
106 151
106 154
106 155
106 157
106 158
106 159
106 160
106 161
107 108
107 109
107 112
107 113
107 114
107 115
107 116
107 117
107 118
107 125
107 128
107 129
107 131
107 135
107 137
107 138
107 139
107 141
107 142
107 146
107 147
107 148
107 149
107 151
107 152
107 153
107 154
107 156
107 157
107 158
107 159
107 161
108 109
108 111
108 112
108 113
108 114
108 115
108 117
108 118
108 122
108 125
108 126
108 129
108 130
108 131
108 132
108 133
108 134
108 135
108 136
108 137
108 138
108 139
108 141
108 142
108 143
108 144
108 145
108 146
108 147
108 149
108 150
108 151
108 152
108 153
108 154
108 155
108 157
108 158
108 159
108 160
108 161
109 110
109 112
109 113
109 114
109 117
109 118
109 125
109 126
109 127
109 130
109 131
109 133
109 134
109 135
109 137
109 138
109 139
109 141
109 142
109 146
109 147
109 148
109 149
109 150
109 151
109 152
109 154
109 157
109 158
109 160
109 161
110 115
110 125
110 127
110 129
110 131
110 133
110 134
110 141
110 142
110 144
110 145
110 146
110 147
110 150
110 152
110 153
110 157
111 113
111 114
111 115
111 117
111 118
111 120
111 121
111 125
111 126
111 129
111 133
111 135
111 136
111 138
111 139
111 140
111 142
111 147
111 148
111 149
111 151
111 152
111 154
111 155
111 157
111 158
112 114
112 115
112 118
112 119
112 126
112 129
112 130
112 131
112 133
112 134
112 135
112 136
112 137
112 138
112 139
112 142
112 143
112 145
112 146
112 147
112 148
112 149
112 150
112 151
112 152
112 153
112 154
112 155
112 157
112 158
112 161
113 114
113 115
113 116
113 117
113 118
113 124
113 125
113 126
113 128
113 129
113 130
113 131
113 133
113 135
113 136
113 137
113 138
113 139
113 141
113 142
113 143
113 145
113 146
113 147
113 148
113 149
113 150
113 151
113 152
113 153
113 154
113 157
113 158
113 159
113 161
114 116
114 117
114 118
114 119
114 120
114 122
114 123
114 125
114 129
114 131
114 132
114 133
114 134
114 135
114 136
114 137
114 138
114 140
114 141
114 142
114 143
114 145
114 146
114 147
114 148
114 149
114 150
114 151
114 152
114 153
114 154
114 155
114 156
114 157
114 158
114 159
115 116
115 117
115 118
115 121
115 123
115 125
115 127
115 129
115 130
115 131
115 132
115 133
115 134
115 135
115 136
115 137
115 138
115 139
115 141
115 142
115 143
115 145
115 146
115 147
115 148
115 149
115 150
115 151
115 152
115 153
115 154
115 157
115 158
115 160
116 118
116 119
116 125
116 127
116 129
116 131
116 133
116 135
116 136
116 137
116 138
116 139
116 141
116 142
116 144
116 146
116 147
116 149
116 153
116 158
116 161
117 120
117 121
117 125
117 126
117 129
117 130
117 131
117 133
117 134
117 135
117 137
117 138
117 139
117 141
117 142
117 143
117 145
117 146
117 147
117 150
117 151
117 152
117 153
117 155
117 157
117 158
117 159
117 161
118 120
118 125
118 126
118 127
118 129
118 130
118 131
118 132
118 133
118 134
118 135
118 136
118 138
118 139
118 140
118 142
118 143
118 144
118 145
118 146
118 149
118 151
118 152
118 153
118 154
118 155
118 157
118 160
118 161
119 131
119 135
119 137
119 138
119 139
119 141
119 146
119 151
119 158
120 126
120 129
120 131
120 135
120 136
120 139
120 141
120 146
120 151
120 157
120 161
121 123
121 126
121 129
121 134
121 137
121 154
121 157
121 158
121 160
122 125
122 127
122 129
122 131
122 137
122 138
122 142
122 146
122 147
122 151
122 152
122 154
122 155
122 158
122 161
123 132
123 133
123 138
123 139
123 150
123 151
123 152
123 158
123 160
124 125
124 129
124 131
124 133
124 145
124 151
124 158
124 159
125 126
125 128
125 129
125 131
125 132
125 133
125 134
125 135
125 136
125 137
125 138
125 139
125 140
125 141
125 142
125 143
125 145
125 146
125 147
125 148
125 150
125 151
125 152
125 153
125 154
125 155
125 156
125 157
125 158
126 127
126 130
126 131
126 133
126 137
126 139
126 141
126 142
126 145
126 146
126 147
126 149
126 151
126 152
126 154
126 157
126 158
126 160
126 161
127 130
127 131
127 133
127 134
127 135
127 141
127 142
127 147
127 150
127 151
127 152
127 154
127 157
128 131
128 133
128 138
128 142
128 143
128 145
128 147
128 149
128 154
128 157
128 158
128 161
129 130
129 131
129 132
129 133
129 134
129 135
129 136
129 137
129 138
129 139
129 141
129 142
129 144
129 145
129 146
129 147
129 150
129 152
129 153
129 154
129 156
129 158
129 159
129 160
130 131
130 133
130 134
130 137
130 138
130 139
130 140
130 141
130 142
130 145
130 148
130 149
130 150
130 151
130 152
130 153
130 156
130 157
130 158
130 160
130 161
131 133
131 134
131 136
131 137
131 138
131 139
131 140
131 141
131 142
131 143
131 145
131 146
131 147
131 148
131 149
131 150
131 151
131 152
131 153
131 154
131 156
131 157
131 158
131 159
131 160
131 161
132 133
132 134
132 141
132 142
132 147
132 149
132 158
132 159
132 160
133 134
133 135
133 137
133 138
133 140
133 141
133 142
133 143
133 145
133 146
133 148
133 149
133 150
133 151
133 152
133 153
133 154
133 158
133 161
134 135
134 137
134 138
134 139
134 141
134 142
134 143
134 146
134 148
134 150
134 151
134 152
134 153
134 154
134 155
134 157
134 158
134 159
134 161
135 136
135 137
135 138
135 139
135 141
135 142
135 143
135 145
135 147
135 151
135 152
135 153
135 154
135 161
136 137
136 138
136 139
136 141
136 142
136 143
136 146
136 147
136 150
136 152
136 154
136 155
136 157
136 158
137 138
137 139
137 140
137 142
137 143
137 145
137 147
137 148
137 150
137 151
137 152
137 153
137 154
137 155
137 157
137 158
137 159
137 160
137 161
138 141
138 142
138 143
138 145
138 146
138 148
138 151
138 153
138 154
138 156
138 157
138 158
138 160
139 140
139 141
139 142
139 143
139 145
139 146
139 147
139 149
139 150
139 151
139 152
139 154
139 155
139 156
139 157
139 158
139 159
139 160
140 141
140 142
140 147
140 150
140 152
140 153
140 154
140 158
140 160
141 142
141 146
141 150
141 151
141 153
141 154
141 156
141 157
141 158
141 160
141 161
142 143
142 146
142 147
142 148
142 149
142 150
142 151
142 152
142 153
142 154
142 155
142 156
142 157
142 158
142 159
142 160
142 161
143 145
143 146
143 147
143 149
143 152
143 158
144 150
144 154
144 158
145 147
145 148
145 149
145 150
145 151
145 152
145 153
145 154
145 157
145 158
145 159
145 160
146 147
146 148
146 149
146 150
146 152
146 153
146 155
146 158
146 159
146 161
147 148
147 149
147 150
147 151
147 152
147 154
147 156
147 157
147 158
147 159
147 160
147 161
148 154
148 158
149 150
149 151
149 152
149 154
149 155
149 157
149 158
149 161
150 151
150 152
150 153
150 154
150 157
150 158
150 160
150 161
151 152
151 153
151 154
151 155
151 157
151 158
151 159
151 160
151 161
152 154
152 155
152 157
152 158
152 159
152 160
152 161
153 154
153 156
153 158
153 159
153 161
154 155
154 157
154 158
154 159
154 161
155 158
156 158
156 160
157 158
157 159
157 160
158 159
158 161
160 161
