0 3
0 5
0 6
0 7
0 10
0 11
0 14
0 19
0 20
0 21
0 23
0 26
0 28
0 30
0 31
0 34
0 40
0 45
0 49
0 50
0 52
0 54
0 56
0 65
0 66
0 67
0 68
0 71
0 77
0 79
0 80
0 82
0 92
0 94
0 98
0 101
0 102
0 105
0 106
0 115
0 117
0 118
0 125
0 128
0 129
0 133
0 135
0 137
0 140
0 141
0 142
0 147
0 151
0 153
0 159
0 160
0 161
1 2
1 4
1 6
1 7
1 9
1 10
1 11
1 12
1 14
1 19
1 24
1 32
1 35
1 38
1 40
1 45
1 49
1 55
1 59
1 60
1 61
1 65
1 66
1 67
1 68
1 69
1 70
1 71
1 73
1 74
1 77
1 79
1 82
1 83
1 84
1 85
1 87
1 92
1 93
1 94
1 96
1 97
1 100
1 101
1 103
1 105
1 107
1 109
1 110
1 112
1 114
1 117
1 124
1 129
1 133
1 137
1 138
1 141
1 143
1 145
1 151
1 154
1 157
1 159
1 160
1 161
2 4
2 6
2 7
2 9
2 10
2 11
2 14
2 15
2 18
2 24
2 25
2 26
2 31
2 32
2 36
2 37
2 40
2 43
2 50
2 51
2 54
2 55
2 58
2 59
2 64
2 67
2 71
2 72
2 73
2 74
2 87
2 88
2 98
2 99
2 101
2 102
2 109
2 112
2 113
2 114
2 117
2 118
2 121
2 124
2 133
2 134
2 136
2 142
2 147
2 152
2 157
2 159
3 20
3 22
3 25
3 26
3 30
3 31
3 37
3 39
3 40
3 44
3 46
3 50
3 51
3 54
3 56
3 57
3 64
3 70
3 71
3 72
3 74
3 77
3 86
3 88
3 91
3 94
3 99
3 100
3 101
3 106
3 108
3 109
3 115
3 119
3 127
3 129
3 133
3 138
3 139
3 147
3 149
3 150
3 152
3 153
3 158
4 6
4 7
4 8
4 12
4 14
4 15
4 17
4 18
4 21
4 22
4 25
4 26
4 29
4 30
4 31
4 32
4 34
4 35
4 36
4 37
4 38
4 39
4 40
4 42
4 43
4 44
4 49
4 50
4 51
4 54
4 55
4 56
4 57
4 58
4 59
4 63
4 64
4 65
4 66
4 67
4 69
4 70
4 71
4 75
4 77
4 79
4 80
4 84
4 86
4 87
4 88
4 90
4 91
4 92
4 94
4 97
4 98
4 101
4 102
4 104
4 105
4 106
4 108
4 109
4 110
4 111
4 114
4 115
4 116
4 117
4 118
4 124
4 125
4 126
4 127
4 128
4 129
4 130
4 131
4 133
4 134
4 135
4 136
4 137
4 138
4 140
4 141
4 142
4 146
4 147
4 150
4 151
4 152
4 153
4 155
4 156
4 157
4 158
4 159
4 160
5 29
5 32
5 35
5 45
5 46
5 51
5 55
5 59
5 60
5 61
5 67
5 68
5 79
5 88
5 89
5 95
5 100
5 104
5 110
5 111
5 115
5 116
5 126
5 128
5 129
5 136
5 137
5 138
5 139
5 150
5 152
6 7
6 8
6 9
6 12
6 13
6 14
6 15
6 16
6 18
6 21
6 22
6 23
6 26
6 28
6 30
6 31
6 32
6 34
6 35
6 37
6 38
6 40
6 41
6 42
6 44
6 45
6 46
6 47
6 49
6 51
6 52
6 54
6 55
6 56
6 59
6 60
6 61
6 63
6 64
6 65
6 66
6 67
6 69
6 70
6 71
6 72
6 73
6 74
6 75
6 76
6 77
6 79
6 80
6 84
6 86
6 89
6 90
6 91
6 93
6 94
6 95
6 97
6 98
6 100
6 101
6 102
6 104
6 106
6 109
6 110
6 112
6 113
6 117
6 118
6 119
6 120
6 125
6 126
6 128
6 129
6 130
6 131
6 132
6 133
6 134
6 135
6 136
6 137
6 138
6 139
6 143
6 146
6 147
6 150
6 151
6 152
6 153
6 154
6 157
6 158
6 159
6 160
6 161
7 12
7 13
7 15
7 16
7 18
7 19
7 26
7 29
7 30
7 31
7 32
7 34
7 35
7 38
7 40
7 43
7 44
7 45
7 46
7 50
7 51
7 53
7 54
7 56
7 57
7 58
7 59
7 61
7 62
7 63
7 64
7 65
7 66
7 67
7 69
7 70
7 73
7 74
7 75
7 77
7 79
7 80
7 81
7 82
7 83
7 84
7 87
7 89
7 90
7 92
7 93
7 95
7 97
7 98
7 99
7 101
7 102
7 103
7 105
7 106
7 108
7 111
7 114
7 115
7 117
7 118
7 120
7 126
7 127
7 130
7 131
7 133
7 134
7 135
7 136
7 138
7 139
7 141
7 142
7 143
7 145
7 146
7 148
7 150
7 151
7 152
7 153
7 154
7 159
7 160
7 161
8 11
8 24
8 28
8 29
8 30
8 37
8 38
8 39
8 46
8 47
8 49
8 51
8 58
8 62
8 66
8 68
8 70
8 73
8 83
8 84
8 85
8 96
8 97
8 106
8 109
8 114
8 126
8 137
8 140
8 147
8 149
8 151
8 152
8 158
8 160
9 10
9 11
9 12
9 18
9 20
9 21
9 22
9 23
9 24
9 25
9 26
9 30
9 31
9 33
9 35
9 36
9 37
9 39
9 40
9 42
9 44
9 45
9 48
9 50
9 52
9 54
9 55
9 56
9 58
9 59
9 66
9 69
9 70
9 71
9 79
9 80
9 81
9 84
9 86
9 87
9 89
9 94
9 97
9 103
9 105
9 106
9 107
9 108
9 112
9 114
9 115
9 117
9 125
9 126
9 130
9 131
9 133
9 135
9 136
9 138
9 139
9 141
9 142
9 145
9 146
9 149
9 150
9 151
9 152
9 153
9 154
9 155
9 158
9 159
10 14
10 18
10 19
10 20
10 21
10 23
10 34
10 35
10 40
10 41
10 42
10 44
10 46
10 49
10 51
10 53
10 54
10 55
10 57
10 61
10 62
10 64
10 74
10 81
10 88
10 91
10 93
10 94
10 101
10 103
10 104
10 105
10 108
10 111
10 114
10 115
10 116
10 118
10 125
10 128
10 129
10 131
10 133
10 137
10 141
10 142
10 143
10 146
10 150
10 152
10 157
10 158
10 159
10 160
11 17
11 18
11 26
11 27
11 28
11 29
11 32
11 37
11 39
11 40
11 44
11 45
11 46
11 51
11 53
11 55
11 58
11 59
11 64
11 65
11 66
11 67
11 68
11 69
11 70
11 71
11 72
11 73
11 74
11 75
11 77
11 79
11 84
11 86
11 87
11 90
11 91
11 92
11 93
11 94
11 96
11 97
11 98
11 99
11 100
11 101
11 102
11 104
11 106
11 107
11 109
11 114
11 115
11 116
11 117
11 118
11 120
11 124
11 125
11 126
11 127
11 128
11 129
11 133
11 134
11 135
11 137
11 138
11 140
11 145
11 146
11 147
11 149
11 150
11 151
11 155
11 157
11 159
12 18
12 19
12 21
12 26
12 30
12 36
12 38
12 40
12 45
12 49
12 50
12 53
12 56
12 59
12 61
12 65
12 66
12 68
12 70
12 72
12 74
12 79
12 82
12 86
12 87
12 88
12 93
12 104
12 111
12 112
12 113
12 114
12 115
12 117
12 118
12 128
12 129
12 134
12 137
12 138
12 139
12 148
12 157
12 159
12 161
13 14
13 20
13 21
13 22
13 26
13 30
13 32
13 33
13 35
13 38
13 39
13 45
13 47
13 49
13 50
13 51
13 54
13 55
13 58
13 59
13 61
13 63
13 64
13 65
13 67
13 68
13 69
13 70
13 71
13 72
13 75
13 77
13 84
13 86
13 87
13 89
13 95
13 96
13 99
13 105
13 107
13 109
13 112
13 114
13 117
13 119
13 125
13 129
13 131
13 137
13 138
13 141
13 142
13 147
13 154
13 157
13 159
14 16
14 21
14 23
14 25
14 26
14 30
14 31
14 32
14 35
14 36
14 37
14 39
14 42
14 44
14 46
14 47
14 49
14 52
14 56
14 58
14 60
14 61
14 62
14 63
14 64
14 66
14 67
14 68
14 71
14 72
14 73
14 74
14 75
14 77
14 80
14 84
14 86
14 87
14 88
14 89
14 90
14 91
14 93
14 94
14 95
14 96
14 97
14 98
14 99
14 100
14 103
14 105
14 106
14 108
14 110
14 112
14 113
14 114
14 115
14 117
14 118
14 122
14 125
14 126
14 128
14 129
14 130
14 131
14 132
14 134
14 136
14 137
14 138
14 141
14 144
14 145
14 146
14 147
14 149
14 152
14 153
14 154
14 157
14 158
14 159
14 160
14 161
15 17
15 21
15 22
15 24
15 25
15 31
15 33
15 36
15 40
15 43
15 44
15 48
15 50
15 51
15 53
15 54
15 58
15 64
15 66
15 70
15 71
15 79
15 82
15 87
15 94
15 96
15 102
15 112
15 113
15 115
15 118
15 119
15 124
15 125
15 126
15 131
15 136
15 137
15 140
15 142
15 146
15 147
15 149
15 153
15 154
15 158
15 160
15 161
16 17
16 18
16 21
16 24
16 25
16 26
16 31
16 37
16 44
16 50
16 51
16 52
16 64
16 65
16 68
16 69
16 70
16 71
16 72
16 73
16 79
16 92
16 97
16 98
16 101
16 109
16 110
16 111
16 112
16 116
16 118
16 125
16 126
16 133
16 138
16 141
16 142
16 145
16 147
16 148
16 149
16 155
16 158
16 159
16 160
17 19
17 21
17 23
17 31
17 39
17 40
17 45
17 49
17 55
17 61
17 62
17 63
17 73
17 74
17 87
17 88
17 97
17 101
17 105
17 106
17 111
17 114
17 115
17 118
17 120
17 125
17 134
17 137
17 138
17 139
17 140
17 145
17 147
17 157
18 19
18 20
18 28
18 32
18 38
18 39
18 40
18 44
18 49
18 50
18 62
18 64
18 68
18 70
18 71
18 72
18 74
18 77
18 79
18 81
18 87
18 89
18 91
18 92
18 93
18 94
18 99
18 100
18 102
18 104
18 105
18 106
18 108
18 109
18 124
18 125
18 128
18 131
18 133
18 137
18 139
18 141
18 145
18 150
18 152
18 158
18 160
19 20
19 21
19 23
19 28
19 30
19 31
19 32
19 35
19 37
19 38
19 39
19 43
19 44
19 45
19 46
19 47
19 49
19 50
19 51
19 52
19 53
19 56
19 57
19 58
19 59
19 61
19 64
19 65
19 66
19 68
19 70
19 71
19 72
19 74
19 75
19 76
19 77
19 79
19 80
19 81
19 82
19 83
19 84
19 85
19 86
19 87
19 88
19 89
19 91
19 94
19 96
19 99
19 101
19 102
19 104
19 106
19 107
19 109
19 110
19 111
19 112
19 113
19 114
19 116
19 117
19 118
19 123
19 125
19 128
19 130
19 131
19 133
19 134
19 136
19 137
19 138
19 139
19 141
19 143
19 145
19 146
19 147
19 148
19 149
19 154
19 155
19 157
19 160
20 21
20 26
20 31
20 34
20 36
20 37
20 40
20 44
20 51
20 56
20 58
20 60
20 62
20 63
20 66
20 69
20 72
20 73
20 75
20 77
20 79
20 82
20 85
20 86
20 88
20 89
20 91
20 92
20 100
20 106
20 108
20 109
20 113
20 114
20 117
20 123
20 125
20 126
20 133
20 135
20 138
20 142
20 151
20 154
20 160
20 161
21 24
21 25
21 26
21 30
21 31
21 32
21 34
21 35
21 36
21 37
21 38
21 39
21 40
21 43
21 44
21 46
21 47
21 49
21 54
21 56
21 58
21 60
21 64
21 65
21 67
21 68
21 70
21 72
21 73
21 79
21 84
21 85
21 86
21 88
21 89
21 90
21 92
21 93
21 94
21 95
21 98
21 100
21 101
21 102
21 105
21 108
21 109
21 111
21 112
21 116
21 117
21 118
21 123
21 127
21 129
21 130
21 132
21 133
21 134
21 138
21 141
21 142
21 143
21 144
21 145
21 146
21 149
21 150
21 153
21 156
21 157
21 158
21 159
22 24
22 26
22 28
22 30
22 31
22 32
22 34
22 35
22 39
22 42
22 46
22 50
22 55
22 56
22 61
22 66
22 71
22 72
22 74
22 76
22 79
22 84
22 88
22 89
22 108
22 109
22 115
22 117
22 125
22 126
22 130
22 134
22 136
22 137
22 139
22 152
22 153
22 157
22 160
23 30
23 38
23 40
23 43
23 44
23 45
23 46
23 49
23 55
23 56
23 64
23 68
23 72
23 79
23 80
23 84
23 85
23 88
23 94
23 99
23 105
23 106
23 108
23 111
23 112
23 121
23 122
23 129
23 131
23 133
23 137
23 138
23 139
23 140
23 141
23 142
23 151
23 154
23 157
23 159
24 29
24 36
24 40
24 43
24 44
24 45
24 46
24 54
24 56
24 62
24 66
24 76
24 77
24 81
24 83
24 84
24 88
24 91
24 93
24 96
24 97
24 98
24 103
24 105
24 108
24 110
24 111
24 115
24 131
24 138
24 140
24 142
24 146
24 151
24 152
24 153
25 26
25 29
25 30
25 33
25 34
25 35
25 38
25 40
25 43
25 51
25 54
25 56
25 57
25 58
25 59
25 61
25 63
25 64
25 65
25 66
25 69
25 70
25 74
25 79
25 82
25 84
25 89
25 93
25 94
25 98
25 102
25 105
25 106
25 107
25 108
25 109
25 111
25 112
25 113
25 114
25 118
25 119
25 125
25 126
25 129
25 130
25 131
25 134
25 138
25 140
25 142
25 145
25 146
25 153
25 155
25 157
25 159
25 160
25 161
26 27
26 30
26 31
26 32
26 35
26 36
26 37
26 38
26 39
26 45
26 46
26 48
26 49
26 50
26 51
26 52
26 53
26 55
26 56
26 57
26 61
26 63
26 64
26 66
26 67
26 69
26 70
26 71
26 72
26 73
26 74
26 79
26 80
26 81
26 84
26 85
26 86
26 87
26 89
26 90
26 91
26 93
26 94
26 95
26 96
26 97
26 99
26 100
26 101
26 104
26 105
26 106
26 107
26 108
26 109
26 112
26 113
26 115
26 116
26 117
26 118
26 126
26 130
26 131
26 132
26 133
26 135
26 137
26 139
26 140
26 144
26 145
26 146
26 147
26 148
26 149
26 150
26 151
26 152
26 153
26 154
26 157
26 158
26 159
26 160
26 161
27 49
27 51
27 56
27 57
27 59
27 63
27 70
27 71
27 74
27 89
27 97
27 101
27 102
27 106
27 108
27 109
27 114
27 115
27 117
27 127
27 141
27 142
27 153
27 154
28 31
28 32
28 38
28 44
28 45
28 54
28 56
28 58
28 59
28 61
28 62
28 63
28 64
28 66
28 68
28 70
28 72
28 74
28 79
28 80
28 83
28 86
28 88
28 92
28 94
28 96
28 102
28 103
28 104
28 106
28 107
28 108
28 112
28 114
28 115
28 116
28 117
28 126
28 128
28 137
28 138
28 141
28 146
28 147
28 157
28 158
29 30
29 31
29 32
29 35
29 37
29 38
29 44
29 49
29 50
29 51
29 52
29 54
29 58
29 60
29 65
29 70
29 74
29 77
29 79
29 85
29 86
29 87
29 91
29 92
29 100
29 103
29 106
29 108
29 113
29 115
29 117
29 121
29 124
29 129
29 131
29 136
29 137
29 143
29 145
29 147
29 149
29 151
29 152
29 154
29 157
30 31
30 36
30 37
30 38
30 40
30 41
30 44
30 45
30 50
30 51
30 54
30 56
30 61
30 64
30 66
30 67
30 68
30 69
30 70
30 71
30 72
30 73
30 75
30 76
30 77
30 79
30 81
30 83
30 86
30 87
30 88
30 89
30 90
30 91
30 93
30 97
30 98
30 101
30 102
30 105
30 108
30 109
30 112
30 113
30 114
30 115
30 117
30 118
30 126
30 129
30 130
30 131
30 136
30 137
30 138
30 139
30 141
30 142
30 145
30 146
30 147
30 150
30 152
30 153
30 154
30 157
30 158
30 160
30 161
31 32
31 33
31 35
31 36
31 40
31 41
31 42
31 43
31 44
31 45
31 46
31 49
31 53
31 54
31 56
31 59
31 61
31 62
31 63
31 64
31 65
31 66
31 67
31 68
31 69
31 70
31 72
31 74
31 75
31 79
31 84
31 85
31 86
31 87
31 88
31 91
31 92
31 93
31 94
31 95
31 96
31 97
31 98
31 100
31 101
31 102
31 103
31 104
31 105
31 106
31 107
31 109
31 110
31 111
31 113
31 114
31 115
31 116
31 118
31 120
31 125
31 127
31 128
31 129
31 130
31 131
31 132
31 133
31 134
31 135
31 138
31 139
31 141
31 142
31 145
31 146
31 147
31 148
31 150
31 152
31 153
31 154
31 155
31 157
31 158
31 160
31 161
32 39
32 40
32 43
32 44
32 45
32 46
32 51
32 53
32 58
32 59
32 60
32 64
32 65
32 66
32 67
32 68
32 69
32 70
32 71
32 74
32 76
32 79
32 80
32 82
32 83
32 85
32 87
32 89
32 92
32 93
32 95
32 97
32 98
32 102
32 103
32 104
32 105
32 106
32 107
32 108
32 109
32 110
32 111
32 112
32 113
32 114
32 115
32 117
32 118
32 125
32 126
32 130
32 133
32 134
32 136
32 137
32 138
32 139
32 141
32 142
32 144
32 145
32 146
32 150
32 151
32 154
32 156
32 157
32 160
32 161
33 40
33 45
33 58
33 60
33 61
33 62
33 66
33 67
33 68
33 70
33 72
33 79
33 88
33 89
33 94
33 95
33 106
33 108
33 114
33 127
33 129
33 132
33 141
33 142
33 147
33 148
33 154
33 158
33 160
34 35
34 38
34 42
34 43
34 44
34 45
34 53
34 54
34 62
34 64
34 65
34 66
34 68
34 69
34 70
34 74
34 75
34 84
34 87
34 88
34 93
34 102
34 103
34 106
34 111
34 112
34 114
34 118
34 122
34 128
34 131
34 137
34 141
34 143
34 148
34 154
34 159
35 36
35 37
35 39
35 41
35 45
35 49
35 54
35 55
35 58
35 59
35 63
35 64
35 65
35 67
35 68
35 69
35 70
35 72
35 74
35 75
35 76
35 77
35 80
35 82
35 84
35 85
35 87
35 89
35 91
35 93
35 94
35 102
35 103
35 106
35 108
35 109
35 112
35 113
35 115
35 118
35 119
35 122
35 125
35 127
35 129
35 133
35 134
35 138
35 139
35 145
35 146
35 147
35 150
35 151
35 152
35 153
35 157
35 160
35 161
36 37
36 44
36 50
36 51
36 53
36 54
36 55
36 56
36 57
36 58
36 59
36 67
36 68
36 71
36 72
36 73
36 74
36 75
36 80
36 85
36 87
36 88
36 92
36 93
36 94
36 99
36 101
36 102
36 104
36 105
36 107
36 108
36 109
36 110
36 113
36 114
36 115
36 117
36 121
36 126
36 129
36 138
36 139
36 140
36 141
36 142
36 145
36 147
36 148
36 152
36 154
36 158
36 159
37 42
37 43
37 45
37 46
37 51
37 52
37 53
37 54
37 58
37 59
37 65
37 66
37 71
37 72
37 73
37 75
37 79
37 94
37 98
37 99
37 100
37 101
37 103
37 105
37 106
37 108
37 113
37 115
37 129
37 131
37 134
37 137
37 142
37 145
37 146
37 150
37 152
37 153
37 157
37 158
37 160
37 161
38 40
38 41
38 43
38 50
38 51
38 53
38 55
38 56
38 63
38 65
38 68
38 71
38 72
38 74
38 75
38 77
38 79
38 85
38 86
38 88
38 89
38 91
38 92
38 93
38 94
38 95
38 97
38 98
38 101
38 103
38 105
38 106
38 107
38 109
38 112
38 113
38 114
38 115
38 118
38 124
38 129
38 130
38 133
38 134
38 137
38 138
38 139
38 140
38 142
38 145
38 146
38 149
38 151
38 152
38 154
38 158
38 159
38 161
39 40
39 44
39 46
39 47
39 50
39 52
39 54
39 55
39 57
39 58
39 59
39 61
39 63
39 64
39 66
39 67
39 68
39 69
39 70
39 71
39 72
39 73
39 74
39 79
39 89
39 94
39 95
39 100
39 101
39 102
39 105
39 108
39 109
39 111
39 113
39 114
39 117
39 120
39 125
39 129
39 131
39 133
39 134
39 138
39 141
39 146
39 147
39 151
39 154
39 161
40 44
40 51
40 54
40 56
40 57
40 58
40 59
40 61
40 62
40 63
40 64
40 65
40 66
40 68
40 69
40 71
40 72
40 73
40 74
40 75
40 77
40 78
40 79
40 81
40 89
40 92
40 93
40 94
40 95
40 96
40 97
40 99
40 100
40 101
40 102
40 103
40 105
40 106
40 109
40 110
40 113
40 114
40 115
40 116
40 117
40 118
40 121
40 125
40 128
40 130
40 133
40 134
40 137
40 138
40 139
40 140
40 141
40 142
40 143
40 145
40 146
40 147
40 148
40 151
40 152
40 153
40 154
40 155
40 157
40 158
40 160
41 49
41 50
41 61
41 63
41 67
41 68
41 71
41 72
41 76
41 79
41 80
41 87
41 94
41 97
41 99
41 106
41 107
41 108
41 129
41 143
41 144
41 147
41 152
42 43
42 44
42 45
42 51
42 54
42 56
42 58
42 61
42 65
42 66
42 67
42 68
42 72
42 74
42 76
42 77
42 79
42 84
42 89
42 91
42 92
42 94
42 97
42 105
42 113
42 129
42 133
42 134
42 135
42 140
42 142
42 150
42 152
42 160
43 45
43 51
43 54
43 56
43 57
43 58
43 59
43 60
43 61
43 63
43 66
43 67
43 70
43 71
43 72
43 74
43 75
43 76
43 77
43 79
43 85
43 87
43 88
43 89
43 91
43 93
43 94
43 97
43 101
43 102
43 103
43 107
43 108
43 109
43 112
43 115
43 117
43 119
43 122
43 125
43 129
43 131
43 133
43 134
43 135
43 138
43 140
43 142
43 145
43 147
43 152
43 157
43 158
43 159
44 50
44 51
44 54
44 59
44 60
44 65
44 67
44 68
44 69
44 70
44 71
44 72
44 74
44 79
44 82
44 86
44 88
44 89
44 90
44 91
44 94
44 101
44 102
44 105
44 106
44 109
44 110
44 113
44 117
44 118
44 121
44 125
44 128
44 132
44 133
44 134
44 136
44 141
44 142
44 145
44 147
44 150
44 151
44 152
44 156
44 158
44 161
45 46
45 49
45 50
45 51
45 55
45 56
45 57
45 60
45 63
45 65
45 68
45 69
45 70
45 71
45 72
45 73
45 74
45 75
45 77
45 79
45 80
45 84
45 86
45 89
45 91
45 92
45 93
45 94
45 95
45 96
45 98
45 99
45 101
45 102
45 103
45 105
45 106
45 107
45 109
45 111
45 112
45 113
45 114
45 115
45 118
45 129
45 130
45 133
45 137
45 138
45 141
45 142
45 145
45 146
45 147
45 149
45 151
45 152
45 154
45 158
45 160
45 161
46 49
46 51
46 52
46 54
46 55
46 56
46 59
46 60
46 61
46 64
46 65
46 66
46 68
46 72
46 73
46 74
46 77
46 79
46 87
46 89
46 90
46 91
46 92
46 98
46 101
46 102
46 104
46 105
46 107
46 108
46 109
46 112
46 113
46 114
46 118
46 124
46 126
46 127
46 129
46 130
46 131
46 133
46 134
46 135
46 137
46 138
46 139
46 141
46 145
46 146
46 147
46 152
46 153
46 154
46 157
46 158
46 160
46 161
47 49
47 50
47 51
47 68
47 71
47 72
47 85
47 89
47 106
47 108
47 125
47 131
47 138
47 146
47 150
47 152
47 154
47 158
47 160
48 49
48 50
48 51
48 54
48 59
48 62
48 63
48 66
48 68
48 69
48 70
48 77
48 80
48 85
48 89
48 97
48 99
48 107
48 114
48 117
48 127
48 129
48 131
48 132
48 137
48 139
48 142
48 147
48 152
49 51
49 52
49 53
49 54
49 55
49 56
49 57
49 58
49 59
49 63
49 64
49 67
49 68
49 69
49 71
49 72
49 73
49 74
49 76
49 79
49 80
49 82
49 84
49 85
49 90
49 91
49 94
49 95
49 98
49 99
49 100
49 101
49 102
49 105
49 108
49 109
49 111
49 112
49 113
49 115
49 117
49 118
49 123
49 125
49 126
49 127
49 129
49 130
49 131
49 133
49 135
49 136
49 137
49 138
49 142
49 145
49 147
49 150
49 152
49 153
49 157
49 158
50 52
50 56
50 66
50 68
50 69
50 70
50 72
50 74
50 75
50 76
50 77
50 80
50 87
50 89
50 90
50 93
50 94
50 96
50 97
50 100
50 101
50 103
50 105
50 106
50 109
50 111
50 112
50 115
50 116
50 117
50 118
50 119
50 126
50 127
50 129
50 131
50 133
50 134
50 135
50 136
50 138
50 139
50 140
50 142
50 145
50 146
50 147
50 149
50 150
50 152
50 157
50 160
51 54
51 56
51 58
51 59
51 60
51 64
51 65
51 66
51 67
51 70
51 71
51 72
51 73
51 75
51 77
51 79
51 80
51 82
51 83
51 84
51 86
51 87
51 88
51 89
51 91
51 94
51 95
51 98
51 99
51 101
51 104
51 106
51 107
51 108
51 109
51 111
51 113
51 114
51 115
51 117
51 123
51 125
51 126
51 128
51 129
51 130
51 131
51 133
51 134
51 135
51 137
51 138
51 140
51 141
51 142
51 143
51 145
51 146
51 147
51 148
51 149
51 151
51 152
51 153
51 154
51 155
51 157
51 158
51 159
51 161
52 53
52 54
52 64
52 65
52 66
52 67
52 72
52 74
52 77
52 79
52 85
52 87
52 89
52 90
52 93
52 102
52 106
52 108
52 111
52 113
52 114
52 117
52 125
52 126
52 127
52 130
52 131
52 133
52 138
52 139
52 141
52 142
52 143
52 145
52 146
52 148
52 149
52 151
52 153
52 154
52 159
53 55
53 61
53 64
53 69
53 72
53 75
53 79
53 83
53 86
53 92
53 98
53 99
53 102
53 104
53 106
53 108
53 109
53 110
53 112
53 113
53 114
53 115
53 117
53 118
53 121
53 124
53 137
53 140
53 146
53 150
53 151
53 152
54 55
54 56
54 57
54 58
54 60
54 62
54 64
54 65
54 66
54 67
54 68
54 69
54 71
54 72
54 73
54 75
54 76
54 77
54 79
54 80
54 82
54 83
54 84
54 85
54 86
54 88
54 89
54 90
54 92
54 93
54 94
54 95
54 98
54 99
54 101
54 102
54 103
54 105
54 106
54 107
54 108
54 111
54 112
54 113
54 115
54 117
54 121
54 127
54 128
54 129
54 130
54 131
54 133
54 134
54 135
54 137
54 138
54 139
54 142
54 145
54 146
54 147
54 148
54 149
54 150
54 151
54 152
54 153
54 157
54 158
54 159
54 160
54 161
55 59
55 63
55 64
55 65
55 66
55 67
55 68
55 70
55 71
55 72
55 73
55 77
55 79
55 88
55 89
55 91
55 94
55 97
55 98
55 101
55 102
55 104
55 105
55 106
55 108
55 110
55 113
55 115
55 118
55 125
55 126
55 128
55 129
55 133
55 134
55 135
55 137
55 138
55 139
55 141
55 146
55 150
55 154
55 157
55 158
55 159
56 58
56 61
56 63
56 64
56 65
56 66
56 67
56 68
56 69
56 70
56 72
56 73
56 74
56 77
56 79
56 80
56 84
56 86
56 87
56 88
56 91
56 93
56 94
56 95
56 97
56 98
56 99
56 101
56 102
56 103
56 105
56 106
56 108
56 109
56 111
56 113
56 114
56 115
56 116
56 117
56 118
56 125
56 128
56 130
56 131
56 133
56 136
56 137
56 138
56 139
56 142
56 145
56 146
56 149
56 150
56 153
56 154
56 157
56 158
56 160
56 161
57 58
57 65
57 73
57 74
57 75
57 77
57 78
57 91
57 94
57 95
57 100
57 101
57 102
57 103
57 104
57 106
57 107
57 111
57 112
57 114
57 115
57 117
57 128
57 134
57 141
57 150
57 151
57 152
57 153
57 154
57 161
58 59
58 60
58 61
58 62
58 63
58 64
58 65
58 67
58 70
58 71
58 73
58 75
58 77
58 83
58 84
58 85
58 86
58 87
58 89
58 90
58 91
58 92
58 93
58 94
58 97
58 100
58 102
58 103
58 106
58 109
58 114
58 117
58 119
58 121
58 126
58 128
58 129
58 131
58 134
58 135
58 137
58 138
58 141
58 142
58 143
58 144
58 146
58 147
58 152
58 153
58 154
58 156
58 157
58 158
58 160
58 161
59 63
59 64
59 67
59 68
59 69
59 71
59 73
59 76
59 79
59 95
59 98
59 100
59 101
59 102
59 105
59 107
59 108
59 111
59 112
59 114
59 117
59 118
59 124
59 125
59 127
59 131
59 132
59 133
59 138
59 142
59 144
59 145
59 147
59 149
59 150
59 152
59 154
59 155
59 161
60 62
60 64
60 65
60 66
60 68
60 71
60 79
60 84
60 86
60 94
60 99
60 105
60 108
60 115
60 127
60 129
60 135
60 137
60 139
60 140
60 142
60 150
60 152
60 159
60 161
61 66
61 68
61 70
61 71
61 79
61 80
61 84
61 86
61 88
61 89
61 92
61 94
61 97
61 100
61 101
61 102
61 105
61 106
61 107
61 108
61 112
61 113
61 117
61 126
61 133
61 135
61 138
61 141
61 146
61 149
61 152
61 154
61 156
61 158
61 159
62 63
62 65
62 67
62 75
62 77
62 78
62 79
62 84
62 89
62 91
62 93
62 97
62 99
62 102
62 104
62 105
62 106
62 108
62 109
62 114
62 125
62 127
62 129
62 131
62 133
62 137
62 141
62 142
62 146
62 150
62 155
62 158
63 67
63 68
63 74
63 75
63 77
63 79
63 83
63 84
63 86
63 87
63 89
63 92
63 93
63 97
63 101
63 106
63 108
63 109
63 112
63 114
63 116
63 117
63 118
63 120
63 122
63 125
63 126
63 127
63 128
63 129
63 132
63 133
63 134
63 135
63 137
63 138
63 142
63 145
63 146
63 150
63 154
63 155
63 157
63 158
63 159
64 65
64 66
64 67
64 68
64 69
64 70
64 72
64 73
64 75
64 79
64 82
64 84
64 87
64 88
64 89
64 92
64 94
64 96
64 99
64 101
64 102
64 103
64 104
64 105
64 106
64 107
64 108
64 109
64 111
64 112
64 113
64 114
64 115
64 116
64 117
64 118
64 119
64 121
64 123
64 125
64 128
64 129
64 131
64 133
64 135
64 136
64 137
64 138
64 139
64 140
64 141
64 142
64 145
64 146
64 147
64 149
64 150
64 151
64 152
64 153
64 154
64 155
64 157
64 158
64 161
65 67
65 68
65 69
65 70
65 71
65 72
65 73
65 75
65 76
65 77
65 78
65 79
65 84
65 85
65 87
65 89
65 92
65 93
65 94
65 99
65 101
65 102
65 103
65 106
65 107
65 108
65 109
65 111
65 112
65 115
65 117
65 120
65 125
65 126
65 127
65 128
65 129
65 131
65 133
65 135
65 136
65 138
65 139
65 141
65 146
65 147
65 150
65 151
65 152
65 154
65 157
65 159
65 161
66 71
66 72
66 74
66 76
66 83
66 86
66 87
66 88
66 92
66 93
66 95
66 97
66 98
66 99
66 101
66 102
66 107
66 110
66 112
66 115
66 118
66 120
66 121
66 125
66 128
66 129
66 130
66 133
66 134
66 136
66 137
66 139
66 141
66 145
66 147
66 148
66 150
66 151
66 154
66 155
66 158
66 160
67 68
67 69
67 70
67 71
67 72
67 73
67 74
67 75
67 80
67 82
67 83
67 85
67 86
67 88
67 89
67 92
67 94
67 98
67 101
67 102
67 103
67 104
67 105
67 106
67 107
67 109
67 111
67 112
67 113
67 114
67 117
67 118
67 119
67 125
67 126
67 127
67 128
67 130
67 131
67 133
67 134
67 136
67 137
67 139
67 142
67 146
67 147
67 150
67 152
67 153
67 154
67 157
67 158
67 161
68 69
68 71
68 73
68 74
68 79
68 85
68 88
68 89
68 92
68 93
68 94
68 95
68 97
68 99
68 101
68 102
68 104
68 105
68 107
68 108
68 109
68 111
68 112
68 117
68 118
68 124
68 125
68 126
68 129
68 131
68 132
68 133
68 134
68 135
68 139
68 140
68 141
68 143
68 145
68 146
68 147
68 149
68 152
68 153
68 154
68 155
68 157
68 158
69 72
69 73
69 74
69 75
69 76
69 77
69 79
69 83
69 87
69 89
69 92
69 93
69 94
69 96
69 97
69 99
69 100
69 101
69 102
69 103
69 104
69 105
69 107
69 108
69 109
69 110
69 112
69 113
69 115
69 116
69 121
69 123
69 125
69 126
69 128
69 129
69 130
69 133
69 134
69 135
69 136
69 137
69 138
69 139
69 141
69 142
69 144
69 145
69 146
69 147
69 148
69 152
69 154
69 158
69 159
69 160
70 71
70 72
70 73
70 77
70 80
70 81
70 83
70 85
70 87
70 90
70 92
70 94
70 96
70 97
70 98
70 99
70 101
70 102
70 104
70 106
70 107
70 108
70 111
70 113
70 114
70 115
70 117
70 118
70 121
70 122
70 124
70 125
70 126
70 128
70 129
70 130
70 131
70 132
70 133
70 134
70 135
70 137
70 139
70 140
70 141
70 142
70 146
70 147
70 152
70 153
70 154
70 155
70 157
70 159
70 161
71 72
71 73
71 74
71 75
71 77
71 80
71 81
71 84
71 87
71 89
71 93
71 94
71 95
71 96
71 97
71 98
71 102
71 103
71 105
71 106
71 107
71 108
71 109
71 111
71 112
71 114
71 115
71 118
71 120
71 121
71 123
71 125
71 126
71 127
71 130
71 131
71 133
71 134
71 135
71 138
71 140
71 145
71 148
71 150
71 152
71 153
71 154
71 157
71 158
71 159
71 160
72 74
72 75
72 79
72 80
72 82
72 83
72 84
72 87
72 88
72 89
72 90
72 91
72 92
72 93
72 94
72 96
72 97
72 101
72 102
72 103
72 106
72 107
72 111
72 112
72 113
72 114
72 115
72 117
72 118
72 123
72 125
72 128
72 129
72 131
72 133
72 134
72 135
72 137
72 138
72 139
72 145
72 146
72 147
72 148
72 150
72 151
72 152
72 155
72 157
72 159
73 74
73 77
73 79
73 80
73 81
73 82
73 85
73 87
73 89
73 90
73 91
73 93
73 94
73 96
73 105
73 107
73 108
73 109
73 111
73 113
73 115
73 116
73 118
73 119
73 129
73 131
73 132
73 133
73 135
73 137
73 138
73 139
73 145
73 147
73 149
73 150
73 151
73 152
73 153
73 154
73 155
73 159
73 160
73 161
74 76
74 77
74 79
74 80
74 81
74 83
74 84
74 85
74 87
74 88
74 89
74 91
74 92
74 93
74 94
74 95
74 97
74 98
74 102
74 103
74 105
74 106
74 108
74 109
74 110
74 111
74 113
74 114
74 117
74 118
74 121
74 122
74 123
74 125
74 126
74 128
74 130
74 131
74 132
74 133
74 134
74 136
74 137
74 139
74 141
74 142
74 143
74 144
74 145
74 147
74 150
74 152
74 153
74 154
74 155
74 156
74 158
74 159
74 161
75 77
75 79
75 80
75 83
75 84
75 85
75 89
75 94
75 97
75 99
75 101
75 104
75 105
75 106
75 107
75 108
75 109
75 110
75 112
75 113
75 114
75 115
75 118
75 121
75 124
75 125
75 126
75 129
75 130
75 135
75 137
75 138
75 140
75 142
75 146
75 147
75 151
75 152
75 154
75 155
75 158
75 159
75 160
75 161
76 79
76 83
76 88
76 93
76 94
76 98
76 101
76 103
76 105
76 106
76 107
76 108
76 113
76 114
76 117
76 129
76 132
76 133
76 135
76 138
76 142
76 145
76 146
76 147
76 153
76 154
77 79
77 82
77 83
77 84
77 86
77 87
77 89
77 91
77 95
77 96
77 97
77 99
77 101
77 102
77 103
77 104
77 107
77 110
77 111
77 112
77 113
77 114
77 115
77 117
77 122
77 124
77 125
77 126
77 128
77 133
77 134
77 135
77 137
77 138
77 142
77 147
77 150
77 151
77 153
77 157
77 158
77 160
77 161
78 88
78 97
78 106
78 107
78 116
78 117
78 125
78 131
78 133
78 141
78 150
78 154
79 80
79 81
79 82
79 83
79 86
79 87
79 88
79 89
79 94
79 96
79 97
79 98
79 99
79 101
79 102
79 104
79 106
79 108
79 109
79 111
79 113
79 114
79 117
79 118
79 121
79 122
79 123
79 131
79 133
79 134
79 135
79 137
79 138
79 140
79 142
79 147
79 148
79 149
79 150
79 151
79 152
79 153
79 154
79 158
79 159
79 160
80 85
80 92
80 94
80 95
80 96
80 97
80 99
80 101
80 103
80 107
80 108
80 112
80 113
80 114
80 115
80 117
80 118
80 123
80 125
80 126
80 133
80 134
80 139
80 142
80 145
80 150
80 153
80 155
80 157
80 158
80 161
81 88
81 93
81 97
81 105
81 106
81 107
81 109
81 112
81 113
81 126
81 131
81 132
81 133
81 134
81 138
81 141
81 146
81 149
81 152
81 154
81 155
82 84
82 92
82 93
82 94
82 101
82 102
82 105
82 108
82 115
82 118
82 119
82 125
82 127
82 129
82 132
82 135
82 138
82 141
82 142
82 144
82 148
82 152
82 154
82 157
82 161
83 86
83 88
83 89
83 91
83 94
83 101
83 102
83 105
83 106
83 107
83 108
83 115
83 117
83 118
83 122
83 126
83 130
83 135
83 138
83 142
83 151
83 152
83 154
83 158
84 85
84 88
84 89
84 94
84 98
84 100
84 101
84 102
84 103
84 104
84 108
84 109
84 111
84 112
84 114
84 115
84 117
84 118
84 119
84 120
84 121
84 122
84 125
84 131
84 133
84 134
84 137
84 138
84 142
84 143
84 146
84 147
84 148
84 158
84 159
85 96
85 101
85 105
85 109
85 110
85 111
85 112
85 114
85 118
85 119
85 126
85 130
85 143
85 147
85 151
85 154
85 157
85 158
85 159
85 160
86 87
86 91
86 94
86 97
86 98
86 101
86 102
86 108
86 109
86 111
86 115
86 116
86 117
86 118
86 119
86 120
86 129
86 131
86 133
86 134
86 135
86 138
86 140
86 141
86 142
86 146
86 152
86 153
86 154
86 157
86 158
86 161
87 89
87 93
87 94
87 97
87 101
87 104
87 106
87 108
87 109
87 111
87 113
87 114
87 115
87 119
87 121
87 123
87 129
87 130
87 131
87 133
87 134
87 137
87 138
87 139
87 141
87 142
87 147
87 148
87 149
87 151
87 154
87 157
87 158
88 93
88 101
88 102
88 103
88 104
88 105
88 106
88 109
88 112
88 113
88 114
88 115
88 116
88 117
88 119
88 124
88 125
88 128
88 129
88 133
88 134
88 135
88 137
88 138
88 143
88 146
88 147
88 148
88 151
88 152
88 154
88 157
88 158
88 159
89 93
89 94
89 95
89 96
89 97
89 99
89 100
89 101
89 102
89 104
89 108
89 109
89 110
89 111
89 113
89 116
89 122
89 125
89 129
89 130
89 132
89 133
89 134
89 136
89 137
89 141
89 142
89 143
89 145
89 146
89 147
89 149
89 150
89 151
89 152
89 154
89 157
89 159
89 160
89 161
90 91
90 94
90 97
90 103
90 104
90 105
90 106
90 109
90 112
90 117
90 118
90 119
90 126
90 129
90 138
90 139
90 148
90 154
91 94
91 97
91 102
91 105
91 106
91 108
91 112
91 115
91 118
91 123
91 124
91 131
91 133
91 136
91 138
91 139
91 140
91 141
91 143
91 144
91 148
91 149
91 154
91 157
91 158
91 159
91 161
92 101
92 105
92 106
92 109
92 111
92 123
92 129
92 130
92 133
92 134
92 135
92 138
92 140
92 141
92 142
92 147
92 150
92 152
92 154
92 159
92 161
93 94
93 95
93 97
93 99
93 101
93 106
93 107
93 108
93 111
93 112
93 113
93 114
93 117
93 118
93 119
93 123
93 125
93 126
93 131
93 133
93 134
93 138
93 139
93 140
93 142
93 145
93 146
93 148
93 149
93 152
93 153
93 154
93 156
93 158
93 159
94 97
94 98
94 99
94 101
94 102
94 105
94 106
94 107
94 108
94 109
94 112
94 113
94 114
94 115
94 117
94 118
94 124
94 125
94 128
94 129
94 131
94 133
94 134
94 137
94 142
94 148
94 149
94 153
94 154
94 155
94 157
94 158
94 159
94 160
94 161
95 97
95 98
95 99
95 101
95 102
95 103
95 106
95 108
95 109
95 117
95 120
95 129
95 130
95 134
95 139
95 141
95 142
95 146
95 150
95 154
95 158
96 99
96 103
96 106
96 115
96 117
96 118
96 123
96 126
96 127
96 131
96 137
96 141
96 145
96 147
96 149
96 152
96 153
96 154
96 160
97 98
97 101
97 102
97 103
97 106
97 108
97 109
97 110
97 111
97 112
97 115
97 117
97 124
97 125
97 128
97 129
97 130
97 131
97 133
97 134
97 137
97 138
97 139
97 141
97 142
97 143
97 145
97 146
97 147
97 148
97 149
97 152
97 153
97 154
97 157
97 158
97 161
98 99
98 101
98 102
98 103
98 105
98 106
98 107
98 108
98 109
98 113
98 114
98 115
98 118
98 125
98 126
98 131
98 134
98 135
98 137
98 141
98 143
98 145
98 151
98 153
98 157
99 100
99 101
99 104
99 105
99 106
99 109
99 111
99 114
99 115
99 117
99 118
99 125
99 129
99 132
99 133
99 135
99 137
99 142
99 147
99 148
99 151
99 152
99 157
99 158
99 161
100 101
100 113
100 118
100 119
100 120
100 133
100 134
100 135
100 141
100 147
100 149
100 150
100 152
100 153
100 154
100 157
100 158
101 102
101 105
101 106
101 108
101 109
101 111
101 112
101 113
101 114
101 115
101 116
101 117
101 119
101 123
101 125
101 130
101 131
101 133
101 135
101 137
101 138
101 139
101 141
101 142
101 145
101 147
101 149
101 150
101 151
101 152
101 153
101 154
101 156
101 157
101 158
102 103
102 104
102 105
102 106
102 109
102 112
102 113
102 115
102 117
102 118
102 119
102 122
102 126
102 128
102 130
102 132
102 133
102 134
102 137
102 138
102 139
102 142
102 145
102 146
102 147
102 150
102 151
102 152
102 153
102 157
103 105
103 106
103 108
103 114
103 115
103 116
103 117
103 118
103 119
103 130
103 131
103 133
103 137
103 138
103 141
103 143
103 146
103 147
103 151
103 156
103 158
103 160
104 105
104 107
104 108
104 118
104 120
104 126
104 128
104 133
104 134
104 139
104 140
104 141
104 149
104 152
104 154
104 160
104 161
105 106
105 108
105 114
105 116
105 117
105 118
105 121
105 125
105 127
105 129
105 131
105 132
105 133
105 134
105 136
105 137
105 146
105 147
105 148
105 150
105 151
105 154
105 155
105 157
105 158
105 160
105 161
106 107
106 108
106 110
106 111
106 112
106 114
106 115
106 116
106 118
106 122
106 124
106 125
106 128
106 129
106 130
106 131
106 133
106 138
106 139
106 140
106 141
106 142
106 143
106 144
106 146
106 147
106 148
106 149
106 150
106 151
106 153
106 154
106 156
106 157
106 158
107 108
107 111
107 113
107 114
107 115
107 129
107 130
107 132
107 134
107 136
107 137
107 138
107 139
107 140
107 141
107 142
107 145
107 146
107 149
107 154
107 160
107 161
108 109
108 111
108 112
108 113
108 114
108 116
108 118
108 125
108 126
108 127
108 128
108 129
108 130
108 131
108 133
108 134
108 137
108 138
108 139
108 141
108 142
108 144
108 145
108 146
108 147
108 149
108 150
108 151
108 153
108 154
108 158
108 160
108 161
109 111
109 112
109 114
109 116
109 117
109 118
109 124
109 125
109 126
109 128
109 131
109 132
109 133
109 134
109 137
109 138
109 139
109 144
109 145
109 148
109 149
109 152
109 153
109 154
109 158
109 160
109 161
110 113
110 114
110 115
110 116
110 117
110 121
110 131
110 145
110 148
110 151
110 159
110 161
111 112
111 113
111 114
111 115
111 117
111 118
111 119
111 120
111 125
111 126
111 129
111 133
111 136
111 139
111 142
111 143
111 145
111 146
111 149
111 150
111 151
111 153
111 157
111 158
112 113
112 114
112 116
112 117
112 118
112 121
112 125
112 127
112 129
112 131
112 133
112 134
112 136
112 138
112 139
112 141
112 145
112 146
112 149
112 150
112 152
112 153
112 154
112 157
112 158
112 160
112 161
113 114
113 115
113 116
113 117
113 118
113 120
113 126
113 128
113 131
113 132
113 133
113 134
113 136
113 137
113 141
113 142
113 146
113 149
113 150
113 151
113 152
113 153
113 154
113 158
113 160
114 115
114 117
114 120
114 122
114 125
114 128
114 129
114 130
114 131
114 132
114 133
114 134
114 136
114 137
114 138
114 139
114 142
114 143
114 146
114 147
114 149
114 150
114 152
114 154
114 157
114 158
114 159
114 161
115 117
115 118
115 124
115 125
115 128
115 129
115 130
115 131
115 133
115 134
115 135
115 137
115 138
115 139
115 141
115 143
115 147
115 148
115 149
115 150
115 151
115 153
115 156
115 157
115 158
115 159
116 117
116 118
116 125
116 129
116 134
116 136
116 138
116 142
116 147
116 152
116 157
116 158
117 118
117 120
117 121
117 123
117 125
117 126
117 129
117 130
117 131
117 133
117 134
117 137
117 139
117 141
117 142
117 148
117 150
117 151
117 153
117 154
117 155
117 157
118 122
118 124
118 125
118 126
118 129
118 131
118 134
118 135
118 136
118 137
118 138
118 139
118 141
118 142
118 143
118 146
118 152
118 153
118 154
118 155
118 157
118 158
118 160
119 128
119 132
119 133
119 138
119 142
119 143
119 157
119 159
120 134
120 137
120 154
121 129
121 134
121 137
121 147
121 152
121 154
121 155
122 138
122 139
122 142
122 144
122 154
122 157
122 158
123 133
123 134
123 145
123 147
123 154
124 138
124 142
124 143
124 147
124 152
124 154
124 159
124 160
125 126
125 127
125 129
125 133
125 134
125 136
125 137
125 139
125 141
125 142
125 145
125 146
125 147
125 150
125 152
125 155
125 157
125 159
125 160
125 161
126 128
126 136
126 138
126 139
126 140
126 141
126 143
126 146
126 147
126 148
126 151
126 152
126 153
126 158
126 161
127 128
127 133
127 143
127 146
127 147
127 152
127 155
128 134
128 139
128 140
128 141
128 142
128 146
128 148
128 149
128 152
128 154
128 155
128 157
128 160
129 130
129 131
129 132
129 133
129 134
129 136
129 137
129 138
129 139
129 142
129 145
129 146
129 148
129 149
129 151
129 152
129 154
129 155
129 157
129 158
129 160
129 161
130 132
130 133
130 135
130 137
130 138
130 139
130 146
130 149
130 154
130 157
130 158
131 133
131 134
131 135
131 136
131 137
131 138
131 139
131 141
131 142
131 143
131 146
131 148
131 149
131 150
131 151
131 154
131 155
131 157
131 158
131 159
131 160
132 133
132 147
132 157
132 158
133 135
133 136
133 137
133 138
133 140
133 141
133 142
133 143
133 144
133 145
133 146
133 147
133 148
133 151
133 152
133 153
133 154
133 155
133 157
133 158
133 159
133 160
133 161
134 135
134 137
134 138
134 139
134 141
134 143
134 144
134 146
134 147
134 148
134 149
134 150
134 153
134 154
134 155
134 157
134 159
134 161
135 137
135 138
135 140
135 142
135 145
135 146
135 147
135 149
135 150
135 152
135 154
135 159
135 160
136 137
136 139
136 141
136 145
136 147
136 149
136 159
136 160
137 138
137 141
137 142
137 146
137 147
137 149
137 151
137 152
137 153
137 155
137 157
137 158
137 159
137 160
138 139
138 142
138 145
138 147
138 150
138 151
138 152
138 155
138 156
138 157
138 158
138 159
138 160
138 161
139 142
139 147
139 149
139 150
139 151
139 153
139 154
139 155
139 160
140 142
140 145
140 152
140 157
140 158
141 142
141 151
141 158
141 159
141 160
141 161
142 143
142 144
142 146
142 147
142 149
142 150
142 151
142 152
142 153
142 154
142 157
142 158
142 160
143 146
143 147
143 148
143 150
143 152
143 154
143 159
144 145
144 150
144 151
144 154
144 157
145 153
145 154
145 157
145 158
145 160
146 147
146 148
146 149
146 150
146 152
146 153
146 154
146 157
146 158
146 159
146 161
147 148
147 149
147 154
147 157
147 158
147 161
148 149
148 152
148 153
148 154
148 155
148 159
149 152
149 154
149 157
149 161
150 151
150 152
150 153
150 158
150 159
150 161
151 154
151 158
151 160
151 161
152 153
152 154
152 156
152 157
152 159
152 161
153 154
153 158
153 159
153 161
154 158
154 159
154 160
154 161
156 157
157 158
157 160
157 161
158 161
159 160
