0 2
0 4
0 21
0 26
0 28
0 30
0 32
0 38
0 40
0 44
0 45
0 47
0 49
0 50
0 51
0 54
0 57
0 64
0 67
0 70
0 72
0 79
0 85
0 88
0 89
0 90
0 92
0 93
0 99
0 102
0 103
0 109
0 111
0 113
0 114
0 115
0 118
0 126
0 129
0 131
0 133
0 136
0 137
0 150
0 151
1 4
1 6
1 7
1 13
1 14
1 17
1 19
1 21
1 22
1 25
1 28
1 30
1 31
1 32
1 35
1 40
1 41
1 44
1 45
1 53
1 61
1 64
1 65
1 66
1 68
1 69
1 70
1 72
1 74
1 75
1 76
1 79
1 80
1 83
1 87
1 89
1 93
1 96
1 97
1 102
1 105
1 108
1 109
1 111
1 114
1 118
1 121
1 122
1 126
1 128
1 129
1 130
1 133
1 135
1 136
1 137
1 141
1 142
1 145
1 146
1 147
1 149
1 152
1 153
1 154
1 159
1 161
2 10
2 19
2 21
2 43
2 49
2 51
2 54
2 56
2 64
2 67
2 70
2 71
2 72
2 73
2 79
2 82
2 83
2 88
2 101
2 102
2 103
2 105
2 111
2 119
2 124
2 125
2 134
2 137
2 138
2 145
2 147
2 150
2 151
2 152
2 153
2 158
2 161
3 13
3 17
3 19
3 23
3 24
3 26
3 31
3 32
3 34
3 37
3 39
3 41
3 44
3 48
3 49
3 51
3 56
3 57
3 59
3 60
3 61
3 67
3 72
3 82
3 84
3 87
3 96
3 97
3 102
3 104
3 106
3 107
3 108
3 113
3 114
3 117
3 120
3 125
3 130
3 133
3 136
3 138
3 142
3 149
3 152
3 155
3 157
4 6
4 8
4 9
4 10
4 11
4 12
4 13
4 15
4 17
4 18
4 19
4 20
4 21
4 22
4 23
4 29
4 30
4 31
4 32
4 34
4 36
4 38
4 39
4 40
4 43
4 44
4 45
4 46
4 48
4 51
4 52
4 54
4 55
4 56
4 58
4 59
4 60
4 61
4 62
4 63
4 64
4 65
4 66
4 67
4 68
4 71
4 72
4 74
4 75
4 76
4 77
4 79
4 80
4 83
4 88
4 90
4 91
4 92
4 93
4 94
4 95
4 96
4 97
4 98
4 100
4 101
4 102
4 103
4 105
4 106
4 108
4 109
4 111
4 112
4 114
4 115
4 118
4 119
4 120
4 121
4 125
4 126
4 128
4 129
4 130
4 131
4 134
4 137
4 138
4 143
4 145
4 146
4 147
4 149
4 150
4 151
4 152
4 153
4 154
4 157
4 158
4 159
4 160
4 161
5 7
5 8
5 19
5 21
5 26
5 30
5 33
5 34
5 35
5 37
5 38
5 40
5 45
5 55
5 64
5 67
5 68
5 69
5 73
5 88
5 93
5 95
5 100
5 105
5 106
5 109
5 117
5 118
5 125
5 129
5 139
5 141
5 152
5 154
5 159
6 9
6 10
6 12
6 14
6 17
6 19
6 20
6 21
6 23
6 24
6 26
6 27
6 30
6 34
6 38
6 39
6 40
6 42
6 43
6 44
6 46
6 48
6 49
6 51
6 52
6 54
6 56
6 60
6 61
6 64
6 65
6 66
6 67
6 68
6 71
6 72
6 73
6 74
6 75
6 79
6 81
6 83
6 84
6 86
6 87
6 88
6 91
6 92
6 93
6 97
6 100
6 102
6 105
6 108
6 109
6 110
6 113
6 114
6 116
6 117
6 118
6 121
6 125
6 129
6 130
6 131
6 133
6 134
6 135
6 136
6 137
6 138
6 139
6 140
6 142
6 143
6 144
6 147
6 149
6 150
6 151
6 152
6 153
6 154
6 155
6 157
6 160
6 161
7 10
7 12
7 13
7 14
7 18
7 19
7 20
7 21
7 23
7 25
7 26
7 29
7 30
7 31
7 35
7 36
7 37
7 38
7 40
7 41
7 42
7 43
7 44
7 45
7 46
7 48
7 49
7 50
7 51
7 52
7 53
7 54
7 55
7 58
7 59
7 61
7 62
7 64
7 65
7 67
7 68
7 69
7 70
7 71
7 72
7 73
7 74
7 75
7 76
7 77
7 80
7 83
7 84
7 85
7 86
7 88
7 89
7 91
7 92
7 94
7 97
7 98
7 99
7 100
7 101
7 102
7 103
7 105
7 106
7 107
7 108
7 110
7 111
7 112
7 113
7 115
7 117
7 118
7 120
7 122
7 123
7 126
7 129
7 131
7 133
7 134
7 135
7 138
7 140
7 144
7 145
7 147
7 149
7 150
7 151
7 152
7 153
7 154
7 157
7 158
7 159
8 14
8 19
8 25
8 26
8 27
8 31
8 35
8 39
8 40
8 43
8 47
8 51
8 52
8 55
8 64
8 66
8 69
8 79
8 80
8 89
8 96
8 97
8 98
8 113
8 117
8 124
8 125
8 128
8 133
8 135
8 138
8 141
8 142
8 147
8 149
8 154
8 157
9 14
9 15
9 18
9 19
9 21
9 26
9 28
9 30
9 34
9 37
9 38
9 43
9 45
9 46
9 49
9 50
9 51
9 52
9 53
9 57
9 58
9 63
9 64
9 65
9 66
9 67
9 68
9 70
9 72
9 73
9 75
9 77
9 79
9 80
9 82
9 85
9 86
9 87
9 88
9 94
9 95
9 98
9 99
9 101
9 103
9 105
9 106
9 107
9 108
9 111
9 113
9 114
9 117
9 118
9 120
9 122
9 125
9 128
9 129
9 131
9 132
9 133
9 135
9 137
9 138
9 139
9 141
9 145
9 146
9 147
9 150
9 152
9 153
9 154
9 157
9 158
10 11
10 13
10 16
10 19
10 21
10 30
10 31
10 32
10 36
10 37
10 38
10 42
10 43
10 49
10 56
10 64
10 66
10 67
10 68
10 70
10 71
10 74
10 75
10 77
10 85
10 90
10 92
10 93
10 99
10 100
10 108
10 113
10 115
10 117
10 118
10 119
10 125
10 126
10 129
10 133
10 134
10 137
10 138
10 142
10 144
10 145
10 146
10 147
10 152
10 153
10 154
10 158
11 12
11 16
11 18
11 19
11 21
11 26
11 27
11 30
11 31
11 32
11 38
11 40
11 43
11 44
11 46
11 50
11 51
11 52
11 56
11 61
11 62
11 63
11 64
11 65
11 67
11 69
11 70
11 71
11 72
11 75
11 77
11 79
11 81
11 82
11 84
11 86
11 87
11 93
11 95
11 96
11 97
11 98
11 99
11 107
11 109
11 111
11 114
11 116
11 117
11 121
11 124
11 125
11 130
11 131
11 133
11 134
11 138
11 141
11 145
11 147
11 151
11 152
11 153
11 157
11 158
11 159
12 13
12 19
12 21
12 26
12 28
12 29
12 35
12 36
12 40
12 46
12 50
12 51
12 54
12 55
12 61
12 63
12 72
12 73
12 74
12 76
12 81
12 87
12 88
12 89
12 93
12 94
12 97
12 99
12 101
12 104
12 106
12 107
12 109
12 110
12 111
12 112
12 114
12 115
12 116
12 117
12 118
12 123
12 124
12 125
12 129
12 131
12 137
12 146
12 149
12 152
12 154
12 155
12 157
12 158
12 159
12 160
13 20
13 21
13 22
13 26
13 34
13 37
13 41
13 44
13 45
13 46
13 51
13 53
13 54
13 56
13 58
13 60
13 62
13 64
13 65
13 66
13 67
13 68
13 69
13 70
13 74
13 84
13 87
13 88
13 91
13 92
13 98
13 100
13 101
13 109
13 111
13 113
13 114
13 115
13 116
13 118
13 119
13 127
13 128
13 131
13 132
13 133
13 134
13 137
13 141
13 142
13 145
13 147
13 150
13 151
13 152
13 154
13 159
13 161
14 15
14 16
14 17
14 18
14 19
14 21
14 22
14 23
14 25
14 26
14 27
14 28
14 30
14 31
14 32
14 34
14 36
14 39
14 41
14 42
14 44
14 45
14 48
14 50
14 51
14 54
14 55
14 56
14 58
14 59
14 61
14 63
14 65
14 66
14 67
14 68
14 69
14 70
14 72
14 73
14 74
14 75
14 76
14 77
14 78
14 79
14 81
14 84
14 86
14 87
14 88
14 89
14 90
14 91
14 93
14 94
14 97
14 98
14 99
14 100
14 101
14 102
14 104
14 105
14 106
14 108
14 109
14 111
14 112
14 113
14 114
14 115
14 116
14 117
14 118
14 119
14 122
14 125
14 128
14 129
14 131
14 132
14 134
14 135
14 136
14 138
14 139
14 142
14 143
14 145
14 146
14 148
14 149
14 150
14 151
14 152
14 154
14 156
14 157
14 158
14 160
15 21
15 26
15 30
15 31
15 50
15 52
15 54
15 56
15 59
15 63
15 65
15 67
15 68
15 69
15 70
15 71
15 74
15 77
15 79
15 81
15 85
15 88
15 89
15 94
15 95
15 98
15 99
15 104
15 113
15 114
15 115
15 116
15 117
15 119
15 126
15 129
15 134
15 137
15 138
15 139
15 142
15 143
15 147
15 151
15 153
15 154
15 158
15 160
16 19
16 30
16 31
16 36
16 38
16 40
16 43
16 47
16 49
16 50
16 51
16 56
16 61
16 63
16 64
16 67
16 68
16 72
16 73
16 74
16 79
16 84
16 89
16 95
16 97
16 100
16 102
16 103
16 105
16 108
16 109
16 121
16 129
16 131
16 133
16 138
16 147
16 148
16 150
16 152
16 153
16 160
16 161
17 32
17 34
17 35
17 37
17 38
17 44
17 49
17 50
17 65
17 79
17 88
17 89
17 99
17 100
17 101
17 102
17 105
17 109
17 117
17 118
17 124
17 125
17 126
17 137
17 138
17 147
18 19
18 20
18 26
18 30
18 31
18 32
18 33
18 35
18 37
18 38
18 40
18 46
18 49
18 52
18 53
18 55
18 56
18 57
18 58
18 63
18 68
18 69
18 73
18 77
18 80
18 87
18 89
18 90
18 91
18 92
18 96
18 98
18 99
18 101
18 104
18 107
18 108
18 111
18 112
18 114
18 117
18 118
18 125
18 128
18 129
18 133
18 138
18 140
18 141
18 146
18 148
18 149
18 153
18 154
18 155
19 20
19 21
19 22
19 23
19 26
19 28
19 29
19 30
19 31
19 32
19 38
19 39
19 40
19 41
19 43
19 44
19 45
19 46
19 47
19 49
19 50
19 51
19 53
19 54
19 55
19 56
19 59
19 61
19 62
19 63
19 64
19 65
19 69
19 70
19 72
19 74
19 79
19 80
19 83
19 85
19 86
19 87
19 89
19 91
19 92
19 93
19 94
19 96
19 97
19 100
19 101
19 102
19 103
19 105
19 106
19 108
19 109
19 112
19 113
19 114
19 116
19 118
19 120
19 121
19 122
19 125
19 126
19 128
19 130
19 133
19 134
19 135
19 136
19 137
19 138
19 139
19 140
19 141
19 142
19 146
19 147
19 149
19 150
19 151
19 152
19 154
19 155
19 158
20 21
20 26
20 30
20 32
20 35
20 43
20 44
20 45
20 48
20 49
20 50
20 54
20 55
20 58
20 61
20 63
20 65
20 66
20 70
20 71
20 73
20 76
20 79
20 86
20 93
20 96
20 98
20 101
20 103
20 107
20 108
20 112
20 113
20 114
20 117
20 122
20 123
20 128
20 133
20 139
20 149
20 151
20 152
20 154
20 161
21 25
21 26
21 28
21 30
21 34
21 36
21 37
21 38
21 40
21 42
21 43
21 44
21 45
21 47
21 48
21 49
21 51
21 52
21 53
21 54
21 56
21 60
21 63
21 64
21 65
21 67
21 68
21 69
21 70
21 71
21 73
21 74
21 76
21 77
21 80
21 82
21 83
21 84
21 86
21 89
21 94
21 95
21 97
21 99
21 100
21 101
21 102
21 105
21 107
21 108
21 109
21 111
21 114
21 115
21 118
21 119
21 120
21 125
21 126
21 127
21 128
21 130
21 132
21 133
21 134
21 136
21 137
21 138
21 139
21 141
21 145
21 146
21 147
21 148
21 150
21 151
21 153
21 154
21 155
21 157
21 160
21 161
22 25
22 26
22 32
22 35
22 37
22 40
22 42
22 49
22 50
22 54
22 56
22 58
22 64
22 65
22 66
22 68
22 79
22 80
22 88
22 89
22 92
22 97
22 101
22 105
22 106
22 107
22 115
22 123
22 125
22 129
22 131
22 134
22 135
22 138
22 142
22 158
22 161
23 26
23 36
23 38
23 39
23 46
23 50
23 54
23 56
23 63
23 64
23 67
23 68
23 71
23 72
23 74
23 77
23 79
23 83
23 86
23 88
23 89
23 94
23 98
23 101
23 104
23 105
23 106
23 108
23 117
23 129
23 131
23 133
23 134
23 137
23 138
23 142
23 151
23 154
23 157
23 159
24 30
24 40
24 45
24 46
24 50
24 54
24 56
24 60
24 61
24 64
24 67
24 70
24 71
24 72
24 74
24 75
24 80
24 84
24 85
24 87
24 94
24 102
24 105
24 106
24 107
24 108
24 109
24 111
24 113
24 115
24 117
24 119
24 126
24 129
24 130
24 136
24 138
24 142
24 148
24 153
25 26
25 30
25 31
25 32
25 36
25 37
25 38
25 40
25 42
25 46
25 51
25 52
25 54
25 55
25 60
25 63
25 64
25 65
25 66
25 67
25 69
25 70
25 71
25 72
25 73
25 74
25 77
25 80
25 81
25 84
25 90
25 91
25 92
25 97
25 98
25 99
25 102
25 103
25 105
25 106
25 108
25 109
25 110
25 118
25 129
25 131
25 133
25 134
25 136
25 138
25 139
25 140
25 141
25 142
25 145
25 146
25 147
25 148
25 150
25 151
25 152
25 153
25 154
25 161
26 28
26 29
26 31
26 32
26 34
26 35
26 36
26 37
26 39
26 40
26 42
26 43
26 44
26 45
26 46
26 48
26 49
26 54
26 57
26 59
26 62
26 64
26 67
26 68
26 69
26 70
26 72
26 73
26 74
26 75
26 79
26 80
26 81
26 83
26 84
26 87
26 92
26 93
26 94
26 95
26 98
26 99
26 100
26 101
26 102
26 103
26 105
26 106
26 107
26 109
26 110
26 111
26 112
26 113
26 115
26 117
26 118
26 119
26 120
26 125
26 126
26 129
26 130
26 131
26 132
26 134
26 135
26 137
26 138
26 139
26 142
26 146
26 147
26 148
26 149
26 150
26 151
26 152
26 157
26 158
26 161
27 45
27 48
27 50
27 51
27 52
27 54
27 59
27 63
27 65
27 70
27 73
27 79
27 82
27 86
27 91
27 92
27 98
27 101
27 106
27 111
27 113
27 122
27 125
27 130
27 133
27 137
27 157
27 159
28 29
28 30
28 31
28 34
28 45
28 46
28 49
28 50
28 51
28 54
28 55
28 56
28 58
28 65
28 71
28 75
28 79
28 80
28 91
28 94
28 98
28 101
28 103
28 105
28 108
28 114
28 116
28 117
28 125
28 131
28 133
28 134
28 137
28 138
28 141
28 142
28 146
28 151
28 157
28 158
28 161
29 33
29 34
29 35
29 37
29 38
29 40
29 42
29 50
29 51
29 54
29 58
29 61
29 67
29 69
29 74
29 87
29 89
29 90
29 92
29 94
29 96
29 99
29 100
29 101
29 102
29 103
29 105
29 106
29 113
29 116
29 121
29 125
29 127
29 137
29 153
29 154
30 31
30 32
30 33
30 38
30 41
30 42
30 44
30 45
30 46
30 49
30 51
30 53
30 54
30 55
30 56
30 59
30 61
30 62
30 63
30 65
30 66
30 67
30 68
30 70
30 72
30 73
30 74
30 77
30 78
30 79
30 83
30 84
30 85
30 86
30 87
30 88
30 91
30 92
30 93
30 94
30 97
30 98
30 99
30 101
30 102
30 107
30 110
30 111
30 112
30 114
30 115
30 124
30 126
30 127
30 129
30 130
30 131
30 133
30 135
30 136
30 138
30 139
30 142
30 143
30 146
30 147
30 149
30 153
30 154
30 155
30 157
30 159
31 34
31 35
31 36
31 38
31 39
31 40
31 43
31 44
31 45
31 47
31 48
31 49
31 50
31 51
31 54
31 56
31 62
31 63
31 64
31 65
31 66
31 67
31 68
31 69
31 70
31 71
31 72
31 74
31 77
31 78
31 79
31 80
31 81
31 83
31 87
31 89
31 91
31 92
31 93
31 96
31 97
31 99
31 101
31 102
31 103
31 104
31 106
31 108
31 109
31 110
31 111
31 113
31 114
31 115
31 117
31 118
31 119
31 121
31 125
31 126
31 129
31 131
31 132
31 133
31 134
31 137
31 141
31 142
31 143
31 144
31 145
31 147
31 150
31 151
31 152
31 153
31 154
31 155
31 158
31 159
31 160
32 33
32 34
32 35
32 40
32 43
32 44
32 48
32 49
32 51
32 54
32 56
32 58
32 59
32 60
32 61
32 63
32 64
32 66
32 67
32 68
32 69
32 71
32 72
32 73
32 76
32 79
32 80
32 82
32 84
32 88
32 89
32 93
32 94
32 96
32 97
32 98
32 99
32 100
32 101
32 102
32 103
32 106
32 107
32 108
32 109
32 110
32 111
32 112
32 113
32 114
32 115
32 117
32 118
32 123
32 130
32 131
32 132
32 133
32 137
32 139
32 140
32 141
32 142
32 146
32 150
32 151
32 152
32 153
32 154
32 159
33 50
33 51
33 70
33 74
33 76
33 87
33 88
33 89
33 92
33 93
33 94
33 99
33 101
33 102
33 104
33 105
33 108
33 115
33 117
33 125
33 128
33 129
33 134
33 135
33 137
33 143
33 146
33 151
33 152
33 153
33 158
34 39
34 42
34 43
34 46
34 50
34 51
34 54
34 56
34 63
34 68
34 71
34 72
34 74
34 82
34 86
34 87
34 93
34 101
34 106
34 112
34 113
34 114
34 115
34 131
34 133
34 138
34 144
34 151
34 154
34 160
35 37
35 38
35 39
35 41
35 42
35 45
35 47
35 48
35 49
35 50
35 51
35 55
35 56
35 57
35 62
35 63
35 68
35 69
35 71
35 72
35 74
35 75
35 77
35 79
35 80
35 83
35 84
35 85
35 86
35 88
35 89
35 90
35 92
35 96
35 97
35 98
35 99
35 100
35 101
35 102
35 105
35 109
35 110
35 111
35 112
35 114
35 115
35 118
35 121
35 124
35 127
35 129
35 130
35 131
35 135
35 137
35 138
35 139
35 141
35 142
35 146
35 147
35 149
35 151
35 152
35 153
35 155
35 158
35 159
35 160
35 161
36 38
36 39
36 41
36 44
36 46
36 53
36 54
36 55
36 62
36 64
36 65
36 67
36 69
36 71
36 73
36 74
36 75
36 76
36 78
36 83
36 85
36 92
36 94
36 95
36 97
36 99
36 103
36 104
36 106
36 107
36 108
36 109
36 112
36 113
36 115
36 116
36 125
36 128
36 129
36 131
36 133
36 134
36 137
36 139
36 141
36 145
36 148
36 149
36 150
36 151
36 153
36 159
37 38
37 40
37 44
37 45
37 46
37 47
37 49
37 51
37 54
37 56
37 61
37 63
37 65
37 66
37 67
37 68
37 69
37 71
37 74
37 80
37 83
37 84
37 85
37 88
37 91
37 92
37 94
37 95
37 97
37 107
37 108
37 109
37 118
37 119
37 121
37 128
37 131
37 138
37 139
37 141
37 142
37 152
37 153
37 154
38 40
38 41
38 44
38 45
38 46
38 49
38 50
38 51
38 54
38 55
38 58
38 59
38 64
38 65
38 67
38 69
38 70
38 71
38 72
38 74
38 76
38 80
38 81
38 88
38 89
38 90
38 91
38 94
38 100
38 103
38 104
38 106
38 108
38 109
38 110
38 112
38 113
38 114
38 117
38 118
38 125
38 128
38 129
38 131
38 132
38 133
38 136
38 139
38 141
38 142
38 145
38 147
38 150
38 151
38 152
38 155
38 157
38 160
39 40
39 43
39 44
39 45
39 47
39 49
39 50
39 53
39 62
39 66
39 67
39 68
39 70
39 72
39 74
39 76
39 79
39 85
39 87
39 89
39 95
39 99
39 101
39 106
39 108
39 109
39 110
39 112
39 113
39 117
39 118
39 125
39 128
39 129
39 133
39 137
39 143
39 147
39 151
39 152
39 153
39 160
40 43
40 44
40 45
40 46
40 48
40 49
40 50
40 51
40 52
40 54
40 55
40 56
40 58
40 61
40 63
40 64
40 65
40 66
40 67
40 69
40 70
40 71
40 72
40 73
40 74
40 76
40 77
40 83
40 86
40 87
40 88
40 89
40 92
40 93
40 94
40 97
40 98
40 99
40 100
40 101
40 102
40 104
40 105
40 107
40 109
40 110
40 112
40 113
40 114
40 115
40 118
40 121
40 122
40 123
40 124
40 126
40 127
40 128
40 129
40 130
40 133
40 134
40 135
40 137
40 138
40 139
40 140
40 142
40 143
40 146
40 149
40 151
40 153
40 155
40 157
40 158
40 159
40 160
40 161
41 44
41 49
41 51
41 52
41 54
41 59
41 60
41 64
41 68
41 70
41 72
41 73
41 74
41 77
41 91
41 92
41 101
41 106
41 108
41 112
41 113
41 114
41 125
41 126
41 127
41 129
41 130
41 131
41 133
41 134
41 138
41 140
41 152
41 153
41 154
41 158
41 159
41 160
42 44
42 49
42 50
42 51
42 52
42 54
42 55
42 57
42 58
42 63
42 65
42 66
42 67
42 69
42 70
42 75
42 77
42 94
42 102
42 112
42 114
42 115
42 117
42 124
42 128
42 131
42 133
42 134
42 145
42 147
42 149
42 150
42 151
42 152
43 44
43 45
43 49
43 50
43 51
43 52
43 53
43 54
43 56
43 59
43 60
43 62
43 63
43 64
43 67
43 68
43 70
43 71
43 73
43 74
43 75
43 77
43 79
43 80
43 85
43 92
43 93
43 94
43 98
43 105
43 106
43 107
43 112
43 115
43 116
43 117
43 118
43 125
43 126
43 127
43 128
43 131
43 133
43 134
43 135
43 136
43 138
43 139
43 140
43 147
43 148
43 150
43 152
43 154
43 157
44 46
44 48
44 49
44 50
44 52
44 56
44 58
44 61
44 63
44 64
44 65
44 67
44 68
44 70
44 71
44 72
44 74
44 76
44 78
44 85
44 87
44 88
44 90
44 91
44 92
44 93
44 94
44 99
44 101
44 105
44 106
44 108
44 109
44 112
44 114
44 115
44 117
44 118
44 126
44 129
44 131
44 133
44 134
44 137
44 138
44 139
44 141
44 142
44 146
44 147
44 150
44 151
44 152
44 153
44 154
44 157
44 161
45 49
45 50
45 51
45 52
45 54
45 56
45 57
45 59
45 60
45 62
45 63
45 64
45 65
45 66
45 67
45 69
45 70
45 72
45 73
45 74
45 75
45 76
45 77
45 79
45 80
45 81
45 82
45 83
45 84
45 87
45 89
45 91
45 92
45 93
45 95
45 96
45 98
45 100
45 101
45 102
45 103
45 106
45 107
45 108
45 111
45 112
45 114
45 117
45 118
45 119
45 122
45 124
45 125
45 126
45 128
45 131
45 133
45 134
45 135
45 137
45 138
45 139
45 140
45 142
45 144
45 145
45 146
45 147
45 148
45 149
45 150
45 152
45 154
45 158
45 160
46 48
46 49
46 50
46 51
46 52
46 55
46 60
46 63
46 64
46 65
46 67
46 69
46 70
46 71
46 72
46 73
46 78
46 82
46 83
46 85
46 86
46 89
46 94
46 95
46 98
46 100
46 101
46 107
46 111
46 112
46 114
46 117
46 118
46 122
46 124
46 125
46 127
46 130
46 131
46 133
46 134
46 143
46 144
46 145
46 146
46 147
46 150
46 151
46 152
46 153
46 154
46 155
46 158
46 159
46 161
47 49
47 54
47 60
47 68
47 74
47 79
47 80
47 90
47 101
47 104
47 112
47 113
47 118
47 131
47 133
47 134
47 140
47 142
47 143
47 152
47 157
47 159
48 49
48 55
48 58
48 61
48 64
48 65
48 66
48 69
48 71
48 72
48 75
48 91
48 92
48 93
48 100
48 106
48 110
48 116
48 118
48 120
48 124
48 126
48 128
48 133
48 134
48 135
48 137
48 139
48 141
48 142
48 145
48 147
48 148
48 151
48 152
49 50
49 52
49 53
49 54
49 55
49 56
49 58
49 59
49 60
49 64
49 65
49 66
49 67
49 68
49 69
49 71
49 72
49 73
49 74
49 76
49 77
49 81
49 82
49 84
49 86
49 87
49 89
49 91
49 95
49 97
49 102
49 103
49 104
49 105
49 107
49 108
49 109
49 110
49 111
49 113
49 114
49 115
49 116
49 118
49 122
49 124
49 125
49 127
49 128
49 129
49 131
49 133
49 134
49 135
49 136
49 137
49 138
49 139
49 140
49 144
49 146
49 148
49 149
49 151
49 154
49 155
49 156
49 158
49 161
50 51
50 52
50 54
50 55
50 60
50 65
50 66
50 67
50 68
50 70
50 72
50 74
50 75
50 76
50 79
50 80
50 86
50 88
50 89
50 90
50 91
50 92
50 94
50 96
50 97
50 101
50 102
50 103
50 105
50 107
50 108
50 110
50 114
50 115
50 118
50 125
50 129
50 131
50 132
50 134
50 139
50 142
50 146
50 147
50 148
50 149
50 151
50 152
50 156
50 157
50 158
51 54
51 55
51 56
51 57
51 59
51 63
51 65
51 67
51 69
51 72
51 73
51 74
51 79
51 80
51 81
51 82
51 84
51 86
51 87
51 88
51 89
51 92
51 93
51 94
51 97
51 98
51 101
51 103
51 105
51 106
51 107
51 108
51 109
51 111
51 112
51 113
51 114
51 115
51 116
51 117
51 118
51 119
51 120
51 125
51 126
51 128
51 129
51 130
51 131
51 132
51 133
51 134
51 135
51 136
51 139
51 141
51 146
51 147
51 148
51 149
51 151
51 152
51 153
51 154
51 157
51 158
51 161
52 54
52 62
52 63
52 65
52 66
52 69
52 70
52 72
52 73
52 76
52 77
52 80
52 83
52 87
52 97
52 98
52 101
52 102
52 103
52 104
52 106
52 111
52 113
52 114
52 115
52 117
52 118
52 121
52 123
52 125
52 126
52 129
52 131
52 133
52 134
52 137
52 144
52 145
52 150
52 151
52 153
52 154
52 157
52 159
52 161
53 55
53 56
53 58
53 61
53 63
53 65
53 72
53 92
53 94
53 101
53 104
53 105
53 108
53 118
53 131
53 132
53 133
53 135
53 136
53 137
53 142
53 148
53 149
53 154
53 157
54 55
54 56
54 58
54 59
54 62
54 64
54 67
54 68
54 69
54 70
54 71
54 72
54 74
54 75
54 76
54 78
54 82
54 83
54 84
54 85
54 87
54 88
54 89
54 90
54 91
54 93
54 98
54 99
54 101
54 102
54 103
54 106
54 107
54 110
54 111
54 112
54 113
54 114
54 115
54 116
54 117
54 119
54 121
54 124
54 125
54 126
54 127
54 128
54 129
54 130
54 131
54 133
54 134
54 135
54 138
54 139
54 140
54 141
54 142
54 144
54 145
54 147
54 149
54 150
54 152
54 154
54 155
54 159
54 160
55 56
55 59
55 64
55 65
55 67
55 68
55 69
55 72
55 74
55 76
55 79
55 82
55 83
55 85
55 91
55 99
55 101
55 102
55 104
55 106
55 109
55 111
55 112
55 114
55 117
55 118
55 119
55 125
55 127
55 131
55 133
55 135
55 137
55 138
55 142
55 145
55 147
55 149
55 152
55 154
55 158
55 159
55 160
55 161
56 59
56 60
56 61
56 62
56 63
56 64
56 65
56 66
56 68
56 70
56 71
56 72
56 73
56 74
56 75
56 76
56 79
56 80
56 83
56 84
56 92
56 93
56 98
56 101
56 105
56 106
56 108
56 109
56 111
56 112
56 114
56 117
56 118
56 119
56 126
56 128
56 129
56 130
56 134
56 135
56 136
56 137
56 138
56 139
56 141
56 143
56 146
56 150
56 151
56 157
56 159
56 160
56 161
57 58
57 61
57 64
57 70
57 72
57 101
57 106
57 113
57 116
57 126
57 131
57 133
57 137
57 142
57 150
57 154
57 157
57 159
58 59
58 63
58 64
58 65
58 66
58 67
58 69
58 70
58 71
58 72
58 73
58 74
58 75
58 77
58 80
58 82
58 83
58 84
58 85
58 88
58 94
58 97
58 99
58 105
58 108
58 111
58 115
58 116
58 117
58 118
58 125
58 126
58 130
58 132
58 134
58 138
58 139
58 141
58 142
58 143
58 144
58 145
58 146
58 148
58 151
58 153
58 154
58 156
58 157
58 158
59 66
59 67
59 68
59 70
59 73
59 74
59 75
59 79
59 82
59 86
59 94
59 101
59 104
59 107
59 108
59 111
59 112
59 113
59 114
59 115
59 117
59 125
59 129
59 130
59 131
59 133
59 134
59 137
59 138
59 139
59 142
59 145
59 147
59 149
59 151
59 152
59 153
59 154
59 157
59 158
60 68
60 70
60 71
60 77
60 79
60 80
60 84
60 87
60 99
60 101
60 115
60 116
60 117
60 129
60 133
60 134
60 137
60 138
60 139
60 150
60 156
60 160
61 63
61 67
61 68
61 70
61 71
61 72
61 73
61 74
61 75
61 77
61 79
61 80
61 84
61 94
61 101
61 102
61 103
61 104
61 106
61 108
61 111
61 112
61 113
61 124
61 125
61 127
61 129
61 130
61 133
61 135
61 137
61 139
61 143
61 147
61 148
61 150
61 152
61 153
61 154
61 161
62 63
62 66
62 67
62 70
62 72
62 73
62 74
62 79
62 84
62 89
62 91
62 99
62 101
62 105
62 106
62 107
62 109
62 115
62 125
62 131
62 137
62 142
62 145
62 147
62 149
62 150
62 153
62 154
62 157
62 160
63 64
63 66
63 67
63 68
63 69
63 72
63 73
63 75
63 77
63 79
63 80
63 82
63 83
63 85
63 91
63 93
63 94
63 95
63 97
63 102
63 104
63 105
63 106
63 107
63 113
63 114
63 116
63 119
63 125
63 126
63 131
63 132
63 133
63 134
63 136
63 137
63 138
63 142
63 143
63 145
63 146
63 148
63 150
63 151
63 152
63 153
63 154
63 155
63 156
63 157
63 158
63 160
63 161
64 65
64 66
64 67
64 68
64 70
64 71
64 72
64 73
64 75
64 77
64 79
64 82
64 83
64 86
64 91
64 92
64 93
64 94
64 96
64 97
64 98
64 99
64 101
64 103
64 104
64 105
64 106
64 109
64 110
64 112
64 113
64 114
64 115
64 116
64 117
64 119
64 121
64 125
64 129
64 131
64 133
64 134
64 135
64 136
64 138
64 139
64 141
64 142
64 143
64 146
64 147
64 149
64 150
64 151
64 152
64 153
64 154
64 155
64 157
64 159
65 66
65 70
65 71
65 72
65 74
65 75
65 76
65 77
65 79
65 80
65 84
65 85
65 87
65 89
65 92
65 94
65 95
65 97
65 99
65 101
65 103
65 105
65 106
65 107
65 108
65 111
65 115
65 117
65 118
65 120
65 121
65 122
65 123
65 125
65 128
65 130
65 134
65 135
65 136
65 137
65 141
65 142
65 143
65 145
65 147
65 148
65 149
65 150
65 151
65 152
65 153
65 154
65 155
65 156
65 157
65 158
65 161
66 67
66 68
66 72
66 74
66 77
66 78
66 80
66 81
66 87
66 88
66 90
66 95
66 97
66 98
66 100
66 104
66 105
66 106
66 107
66 108
66 109
66 111
66 112
66 113
66 114
66 115
66 119
66 126
66 129
66 130
66 131
66 133
66 136
66 137
66 138
66 139
66 142
66 143
66 145
66 147
66 151
66 152
66 154
66 158
66 160
66 161
67 68
67 69
67 70
67 71
67 72
67 73
67 74
67 75
67 76
67 77
67 79
67 84
67 85
67 86
67 87
67 88
67 89
67 91
67 93
67 94
67 95
67 96
67 99
67 100
67 101
67 102
67 103
67 104
67 106
67 108
67 112
67 113
67 114
67 116
67 118
67 119
67 121
67 122
67 125
67 126
67 129
67 130
67 131
67 132
67 133
67 134
67 135
67 137
67 139
67 141
67 142
67 145
67 148
67 149
67 150
67 151
67 152
67 154
67 157
67 158
67 159
67 160
67 161
68 69
68 70
68 71
68 72
68 73
68 74
68 78
68 79
68 84
68 85
68 86
68 89
68 91
68 93
68 94
68 95
68 97
68 98
68 100
68 101
68 102
68 103
68 105
68 108
68 109
68 110
68 111
68 112
68 113
68 114
68 117
68 118
68 119
68 124
68 125
68 128
68 129
68 130
68 131
68 133
68 134
68 137
68 139
68 140
68 141
68 146
68 147
68 150
68 151
68 152
68 153
68 154
68 157
68 158
68 160
68 161
69 70
69 73
69 74
69 75
69 76
69 77
69 79
69 80
69 81
69 82
69 84
69 85
69 86
69 88
69 89
69 90
69 93
69 94
69 100
69 101
69 103
69 104
69 105
69 106
69 107
69 111
69 113
69 114
69 116
69 117
69 118
69 120
69 125
69 126
69 128
69 129
69 130
69 131
69 133
69 134
69 135
69 136
69 138
69 139
69 140
69 141
69 142
69 146
69 147
69 150
69 151
69 154
69 157
69 158
69 159
69 161
70 71
70 72
70 73
70 75
70 77
70 79
70 81
70 82
70 83
70 84
70 89
70 91
70 92
70 93
70 96
70 97
70 102
70 105
70 106
70 108
70 109
70 110
70 111
70 112
70 113
70 114
70 115
70 116
70 117
70 118
70 119
70 125
70 128
70 129
70 130
70 131
70 132
70 133
70 134
70 136
70 137
70 138
70 139
70 140
70 141
70 142
70 143
70 146
70 147
70 151
70 152
70 154
70 155
70 157
70 158
70 159
70 160
70 161
71 73
71 74
71 76
71 79
71 80
71 83
71 84
71 90
71 92
71 93
71 96
71 97
71 101
71 102
71 104
71 106
71 107
71 108
71 110
71 111
71 112
71 113
71 114
71 117
71 118
71 119
71 125
71 126
71 129
71 131
71 136
71 137
71 138
71 139
71 141
71 142
71 145
71 147
71 148
71 149
71 151
71 152
71 153
71 154
71 155
71 157
72 73
72 74
72 75
72 77
72 78
72 79
72 82
72 84
72 87
72 88
72 90
72 91
72 92
72 93
72 95
72 96
72 97
72 98
72 99
72 101
72 102
72 103
72 104
72 106
72 107
72 109
72 111
72 113
72 114
72 115
72 116
72 117
72 118
72 119
72 126
72 130
72 131
72 132
72 133
72 134
72 135
72 137
72 138
72 145
72 147
72 148
72 149
72 150
72 152
72 154
72 155
72 156
72 158
72 159
72 160
73 79
73 80
73 87
73 89
73 92
73 93
73 94
73 97
73 100
73 101
73 103
73 105
73 107
73 108
73 109
73 111
73 114
73 115
73 116
73 117
73 119
73 120
73 126
73 129
73 131
73 134
73 136
73 137
73 140
73 141
73 142
73 143
73 145
73 147
73 152
73 154
73 158
73 160
73 161
74 76
74 77
74 79
74 81
74 82
74 83
74 84
74 86
74 89
74 90
74 91
74 92
74 93
74 94
74 95
74 96
74 97
74 99
74 101
74 106
74 107
74 109
74 110
74 111
74 112
74 113
74 114
74 115
74 118
74 125
74 128
74 129
74 130
74 133
74 134
74 135
74 138
74 139
74 143
74 145
74 146
74 147
74 148
74 149
74 150
74 152
74 154
74 155
74 156
74 157
74 158
74 159
74 160
74 161
75 77
75 79
75 80
75 81
75 84
75 87
75 88
75 91
75 94
75 98
75 100
75 101
75 102
75 104
75 105
75 106
75 110
75 112
75 114
75 115
75 117
75 119
75 125
75 127
75 129
75 130
75 131
75 132
75 133
75 135
75 137
75 141
75 142
75 145
75 149
75 150
75 152
75 155
75 157
75 158
76 79
76 86
76 87
76 93
76 95
76 97
76 105
76 110
76 114
76 116
76 117
76 118
76 125
76 126
76 127
76 128
76 129
76 131
76 134
76 137
76 143
76 144
76 147
76 149
76 151
76 154
76 161
77 79
77 83
77 84
77 89
77 90
77 93
77 94
77 97
77 98
77 101
77 104
77 105
77 106
77 107
77 108
77 109
77 113
77 114
77 115
77 118
77 125
77 127
77 129
77 131
77 133
77 134
77 137
77 138
77 142
77 143
77 144
77 147
77 149
77 150
77 151
77 153
77 160
78 95
78 118
78 129
78 137
78 147
79 81
79 82
79 84
79 87
79 88
79 89
79 91
79 92
79 94
79 95
79 96
79 97
79 98
79 99
79 100
79 101
79 102
79 103
79 105
79 106
79 107
79 108
79 109
79 112
79 113
79 115
79 116
79 118
79 121
79 122
79 125
79 126
79 129
79 131
79 133
79 134
79 135
79 137
79 138
79 139
79 140
79 141
79 142
79 143
79 144
79 146
79 147
79 148
79 151
79 152
79 154
79 157
79 158
79 159
79 160
79 161
80 85
80 87
80 91
80 92
80 93
80 96
80 97
80 101
80 106
80 108
80 109
80 112
80 114
80 116
80 117
80 118
80 120
80 121
80 123
80 125
80 131
80 134
80 135
80 136
80 138
80 142
80 146
80 147
80 149
80 151
80 152
80 154
80 158
81 82
81 91
81 93
81 97
81 114
81 115
81 118
81 130
81 131
81 147
81 152
81 155
81 157
82 91
82 97
82 101
82 102
82 103
82 104
82 105
82 106
82 112
82 115
82 116
82 133
82 137
82 138
82 141
82 142
82 147
82 149
82 154
82 158
82 160
83 94
83 97
83 101
83 106
83 108
83 112
83 113
83 116
83 118
83 128
83 129
83 130
83 131
83 138
83 139
83 140
83 146
83 148
83 149
83 152
83 158
83 160
84 88
84 89
84 91
84 94
84 95
84 99
84 101
84 104
84 106
84 108
84 109
84 114
84 117
84 119
84 123
84 125
84 127
84 131
84 132
84 134
84 135
84 138
84 140
84 142
84 145
84 146
84 147
84 149
84 152
84 153
84 154
84 155
84 157
84 158
84 160
84 161
85 87
85 88
85 91
85 93
85 94
85 99
85 101
85 103
85 104
85 106
85 111
85 113
85 115
85 117
85 125
85 131
85 133
85 134
85 135
85 137
85 138
85 139
85 141
85 142
85 143
85 147
85 152
85 154
85 156
85 161
86 89
86 92
86 94
86 97
86 101
86 105
86 106
86 108
86 109
86 113
86 114
86 115
86 116
86 117
86 118
86 125
86 132
86 136
86 137
86 138
86 142
86 150
86 153
86 157
86 160
87 89
87 92
87 94
87 98
87 99
87 101
87 102
87 103
87 106
87 109
87 111
87 113
87 114
87 115
87 124
87 125
87 129
87 130
87 133
87 134
87 136
87 139
87 142
87 145
87 151
87 152
87 153
87 154
87 155
87 156
87 158
88 89
88 92
88 93
88 94
88 99
88 103
88 108
88 112
88 113
88 115
88 117
88 119
88 125
88 126
88 128
88 129
88 131
88 135
88 137
88 138
88 141
88 142
88 151
88 154
88 157
88 158
88 161
89 90
89 91
89 94
89 96
89 99
89 100
89 101
89 102
89 106
89 107
89 108
89 109
89 114
89 115
89 116
89 117
89 119
89 123
89 124
89 126
89 129
89 130
89 131
89 133
89 135
89 137
89 139
89 140
89 142
89 145
89 146
89 149
89 152
89 153
89 154
89 155
89 156
89 158
89 159
89 161
90 94
90 100
90 103
90 108
90 116
90 117
90 131
90 135
90 158
90 161
91 93
91 94
91 95
91 98
91 99
91 102
91 103
91 105
91 106
91 109
91 112
91 113
91 114
91 117
91 118
91 130
91 134
91 137
91 138
91 139
91 140
91 141
91 142
91 146
91 147
91 149
91 152
91 154
91 158
91 161
92 93
92 97
92 100
92 106
92 108
92 118
92 133
92 137
92 138
92 139
92 140
92 141
92 142
92 146
92 153
92 157
92 158
92 159
93 95
93 97
93 100
93 107
93 108
93 114
93 115
93 116
93 117
93 118
93 122
93 125
93 126
93 134
93 137
93 138
93 141
93 142
93 143
93 145
93 147
93 148
93 149
93 150
93 151
93 154
93 157
93 158
93 161
94 99
94 100
94 101
94 102
94 104
94 105
94 106
94 108
94 109
94 112
94 113
94 114
94 115
94 116
94 117
94 118
94 124
94 125
94 129
94 130
94 131
94 133
94 134
94 136
94 137
94 138
94 140
94 146
94 150
94 155
94 157
94 158
94 159
94 160
95 101
95 112
95 114
95 115
95 117
95 118
95 119
95 125
95 126
95 136
95 137
95 145
95 149
95 152
95 155
95 158
95 161
96 100
96 101
96 106
96 112
96 115
96 131
96 134
96 137
96 141
96 147
96 150
96 151
96 152
96 154
96 155
96 158
97 98
97 99
97 101
97 104
97 105
97 108
97 109
97 111
97 113
97 114
97 115
97 116
97 119
97 121
97 125
97 126
97 129
97 130
97 131
97 133
97 134
97 135
97 136
97 138
97 139
97 141
97 142
97 143
97 146
97 147
97 148
97 149
97 150
97 151
97 152
97 157
97 158
98 101
98 106
98 108
98 109
98 110
98 112
98 113
98 130
98 131
98 132
98 135
98 138
98 149
98 152
98 154
98 155
98 157
98 160
99 102
99 104
99 105
99 106
99 111
99 113
99 117
99 125
99 126
99 129
99 130
99 131
99 133
99 134
99 137
99 141
99 143
99 145
99 146
99 147
99 150
99 151
99 152
99 153
99 154
99 155
99 157
99 160
100 101
100 106
100 108
100 110
100 114
100 117
100 118
100 127
100 134
100 135
100 138
100 142
100 146
100 149
100 150
100 152
100 159
100 160
101 102
101 103
101 104
101 105
101 106
101 107
101 110
101 112
101 113
101 115
101 117
101 118
101 119
101 122
101 123
101 124
101 125
101 129
101 130
101 131
101 135
101 137
101 138
101 139
101 141
101 142
101 143
101 146
101 148
101 150
101 151
101 152
101 155
101 156
101 158
101 159
101 160
102 103
102 105
102 106
102 107
102 108
102 109
102 114
102 115
102 116
102 118
102 120
102 125
102 126
102 128
102 129
102 130
102 132
102 134
102 135
102 137
102 138
102 140
102 142
102 145
102 147
102 149
102 150
102 151
102 152
102 153
102 154
102 159
102 161
103 105
103 106
103 108
103 110
103 111
103 112
103 114
103 115
103 118
103 120
103 123
103 125
103 126
103 128
103 129
103 131
103 134
103 135
103 145
103 146
103 147
103 149
103 151
103 152
103 153
103 154
103 155
103 156
103 157
103 158
104 106
104 109
104 113
104 114
104 124
104 129
104 130
104 136
104 138
104 146
104 147
104 151
104 152
104 153
104 155
104 159
104 161
105 106
105 109
105 111
105 112
105 114
105 115
105 118
105 119
105 125
105 129
105 131
105 134
105 137
105 138
105 139
105 140
105 141
105 142
105 147
105 148
105 149
105 150
105 151
105 153
105 155
105 158
105 160
106 107
106 109
106 110
106 111
106 113
106 114
106 115
106 116
106 117
106 118
106 122
106 124
106 125
106 126
106 129
106 130
106 131
106 132
106 134
106 135
106 136
106 137
106 139
106 142
106 145
106 146
106 147
106 148
106 150
106 152
106 153
106 154
106 155
106 158
106 159
106 160
106 161
107 109
107 112
107 114
107 125
107 129
107 131
107 135
107 136
107 138
107 141
107 142
107 145
107 147
107 156
107 157
107 158
107 159
107 161
108 109
108 112
108 113
108 114
108 116
108 117
108 118
108 119
108 121
108 122
108 123
108 126
108 128
108 129
108 130
108 131
108 133
108 134
108 135
108 137
108 140
108 142
108 146
108 147
108 149
108 150
108 151
108 152
108 157
108 158
108 159
108 161
109 113
109 114
109 115
109 116
109 124
109 125
109 129
109 130
109 131
109 132
109 133
109 137
109 138
109 139
109 141
109 142
109 143
109 145
109 151
109 152
109 154
109 155
109 157
110 117
110 118
110 125
110 129
110 130
110 133
110 137
110 138
110 139
110 140
110 141
110 144
110 147
110 150
110 151
111 112
111 113
111 114
111 117
111 125
111 129
111 130
111 136
111 137
111 142
111 146
111 147
111 152
111 154
111 157
111 158
112 114
112 115
112 117
112 118
112 122
112 123
112 125
112 126
112 129
112 130
112 133
112 135
112 137
112 138
112 141
112 142
112 147
112 149
112 154
112 155
113 114
113 116
113 117
113 118
113 123
113 124
113 125
113 129
113 130
113 131
113 132
113 133
113 134
113 138
113 139
113 140
113 143
113 145
113 147
113 148
113 150
113 152
113 153
113 154
113 155
113 158
113 159
114 116
114 117
114 118
114 129
114 130
114 133
114 134
114 135
114 137
114 138
114 141
114 142
114 146
114 149
114 150
114 152
114 153
114 154
114 155
114 158
114 161
115 116
115 117
115 118
115 119
115 121
115 123
115 125
115 128
115 129
115 130
115 131
115 133
115 135
115 137
115 143
115 146
115 150
115 153
115 154
115 156
115 157
116 127
116 131
116 133
116 134
116 135
116 137
116 139
116 142
116 146
116 153
116 154
116 155
116 158
116 161
117 118
117 125
117 128
117 129
117 130
117 131
117 132
117 133
117 134
117 135
117 136
117 137
117 138
117 140
117 141
117 142
117 143
117 144
117 146
117 147
117 149
117 150
117 151
117 152
117 153
117 154
117 155
117 156
117 157
117 158
117 159
118 119
118 122
118 125
118 126
118 127
118 132
118 133
118 134
118 135
118 137
118 138
118 141
118 142
118 143
118 144
118 145
118 147
118 149
118 151
118 152
118 153
118 154
118 155
118 157
118 158
118 159
118 160
118 161
119 125
119 128
119 129
119 133
119 142
119 146
119 147
119 154
119 159
120 128
120 130
120 132
120 134
120 138
120 142
120 152
120 157
121 122
121 125
121 126
121 131
121 138
121 141
121 142
121 146
121 149
121 153
121 154
122 133
122 137
122 138
122 141
122 146
122 147
122 150
123 126
123 127
123 134
123 138
123 139
123 142
124 128
124 130
124 133
124 139
124 153
124 154
124 158
124 160
125 126
125 129
125 131
125 132
125 133
125 134
125 136
125 137
125 138
125 139
125 140
125 141
125 142
125 143
125 145
125 146
125 147
125 148
125 153
125 154
125 155
125 156
125 158
126 127
126 131
126 136
126 138
126 141
126 142
126 147
126 148
126 149
126 150
126 154
126 158
126 160
127 140
127 142
127 148
127 155
127 161
128 129
128 131
128 137
128 138
128 139
128 142
128 146
128 147
128 151
128 152
128 157
128 158
128 159
128 161
129 132
129 133
129 135
129 136
129 137
129 138
129 139
129 140
129 142
129 143
129 145
129 146
129 147
129 152
129 153
129 154
129 157
129 158
129 159
130 131
130 133
130 134
130 136
130 141
130 142
130 147
130 149
130 151
130 152
130 153
130 157
131 133
131 134
131 137
131 138
131 141
131 142
131 147
131 148
131 149
131 152
131 154
131 155
131 158
131 160
132 133
132 137
132 138
132 139
132 146
132 147
132 153
133 134
133 135
133 138
133 139
133 141
133 142
133 143
133 146
133 147
133 149
133 150
133 151
133 152
133 155
133 157
133 158
133 159
133 160
133 161
134 135
134 137
134 138
134 139
134 142
134 145
134 146
134 147
134 149
134 152
134 153
134 154
134 157
134 158
134 159
134 160
134 161
135 137
135 139
135 141
135 146
135 147
135 149
135 150
135 151
135 153
135 154
135 155
135 157
135 158
136 142
136 143
136 146
136 147
136 152
136 154
136 160
137 138
137 139
137 141
137 145
137 146
137 147
137 149
137 150
137 151
137 152
137 154
137 155
137 158
137 161
138 139
138 140
138 141
138 142
138 145
138 146
138 147
138 149
138 150
138 151
138 152
138 153
138 154
138 155
138 157
138 159
138 161
139 146
139 147
139 148
139 149
139 151
139 152
139 153
139 154
139 155
139 160
139 161
140 142
140 143
140 148
140 150
140 157
141 146
141 147
141 148
141 150
141 153
141 155
141 158
141 159
141 160
141 161
142 143
142 145
142 146
142 147
142 148
142 150
142 151
142 154
142 155
142 156
142 157
142 160
143 146
143 147
143 148
143 149
143 150
143 154
143 157
143 158
144 150
145 146
145 151
145 155
145 157
145 158
146 147
146 150
146 152
146 153
146 154
146 160
147 150
147 152
147 153
147 154
147 157
147 158
147 159
147 160
147 161
148 153
148 154
148 158
149 150
149 155
149 157
149 160
149 161
150 151
150 152
150 153
150 155
150 160
151 152
151 154
151 157
151 158
151 159
151 160
151 161
152 154
152 158
152 159
152 160
152 161
153 154
153 156
153 161
154 155
154 157
154 160
154 161
155 161
157 158
157 161
158 159
158 160
158 161
