0 5
0 6
0 7
0 10
0 11
0 13
0 15
0 16
0 19
0 20
0 23
0 26
0 28
0 30
0 31
0 32
0 35
0 39
0 42
0 43
0 44
0 52
0 55
0 56
0 58
0 61
0 64
0 65
0 66
0 69
0 72
0 73
0 74
0 75
0 78
0 79
0 80
0 82
0 85
0 90
0 94
0 98
0 99
0 100
0 103
0 104
0 107
0 108
0 112
0 117
0 118
0 119
0 121
0 125
0 127
0 129
0 138
0 141
0 150
0 152
0 157
1 4
1 5
1 7
1 8
1 9
1 11
1 12
1 13
1 14
1 19
1 24
1 26
1 28
1 29
1 30
1 31
1 32
1 35
1 36
1 38
1 43
1 45
1 47
1 49
1 53
1 54
1 55
1 59
1 60
1 61
1 63
1 68
1 70
1 72
1 74
1 75
1 77
1 79
1 84
1 89
1 91
1 92
1 93
1 94
1 97
1 101
1 102
1 104
1 106
1 108
1 114
1 116
1 117
1 118
1 121
1 122
1 125
1 133
1 137
1 138
1 142
1 144
1 150
1 151
1 154
1 160
1 161
2 14
2 18
2 24
2 26
2 27
2 29
2 31
2 40
2 42
2 45
2 49
2 50
2 54
2 58
2 59
2 61
2 67
2 68
2 69
2 71
2 74
2 77
2 82
2 87
2 88
2 89
2 95
2 99
2 102
2 105
2 106
2 108
2 111
2 115
2 117
2 118
2 124
2 125
2 126
2 130
2 131
2 147
2 150
2 153
2 157
2 158
2 160
2 161
3 6
3 7
3 11
3 13
3 14
3 18
3 30
3 37
3 40
3 42
3 44
3 52
3 66
3 67
3 72
3 74
3 89
3 93
3 97
3 101
3 103
3 104
3 106
3 107
3 108
3 111
3 114
3 126
3 130
3 131
3 133
3 134
3 135
3 137
3 139
3 146
3 147
3 149
3 150
3 151
3 152
3 154
3 158
4 5
4 6
4 7
4 9
4 12
4 13
4 14
4 15
4 16
4 17
4 18
4 19
4 21
4 22
4 26
4 27
4 28
4 30
4 31
4 32
4 33
4 34
4 35
4 36
4 37
4 38
4 40
4 42
4 43
4 44
4 45
4 47
4 48
4 49
4 51
4 54
4 55
4 56
4 59
4 60
4 64
4 65
4 66
4 67
4 68
4 69
4 71
4 74
4 76
4 77
4 79
4 80
4 83
4 84
4 86
4 88
4 89
4 92
4 93
4 95
4 96
4 97
4 99
4 105
4 106
4 108
4 110
4 111
4 112
4 115
4 116
4 118
4 119
4 125
4 128
4 129
4 131
4 132
4 133
4 134
4 135
4 136
4 138
4 139
4 141
4 142
4 144
4 145
4 147
4 148
4 149
4 150
4 151
4 153
4 156
4 157
4 160
5 6
5 10
5 13
5 18
5 25
5 28
5 32
5 38
5 40
5 45
5 51
5 52
5 62
5 64
5 70
5 79
5 103
5 104
5 106
5 110
5 114
5 116
5 133
5 139
5 147
5 150
5 152
5 153
6 7
6 9
6 11
6 12
6 14
6 15
6 16
6 18
6 19
6 20
6 21
6 22
6 26
6 27
6 28
6 29
6 30
6 31
6 32
6 33
6 36
6 37
6 38
6 44
6 46
6 49
6 50
6 51
6 52
6 53
6 54
6 55
6 58
6 59
6 64
6 65
6 66
6 67
6 68
6 69
6 71
6 72
6 73
6 74
6 79
6 80
6 82
6 83
6 86
6 87
6 89
6 91
6 93
6 94
6 95
6 96
6 97
6 98
6 101
6 102
6 108
6 109
6 110
6 111
6 117
6 120
6 122
6 123
6 124
6 125
6 128
6 129
6 130
6 131
6 133
6 134
6 135
6 137
6 138
6 139
6 141
6 142
6 143
6 146
6 147
6 149
6 152
6 153
6 155
6 156
6 157
6 158
6 159
7 8
7 11
7 12
7 13
7 14
7 15
7 16
7 18
7 19
7 20
7 21
7 23
7 24
7 25
7 26
7 28
7 30
7 31
7 32
7 33
7 35
7 36
7 37
7 38
7 39
7 40
7 41
7 45
7 46
7 47
7 49
7 50
7 51
7 53
7 54
7 56
7 62
7 64
7 65
7 67
7 68
7 69
7 70
7 71
7 73
7 74
7 75
7 77
7 81
7 82
7 83
7 87
7 88
7 89
7 92
7 93
7 94
7 95
7 99
7 100
7 102
7 103
7 104
7 105
7 106
7 107
7 109
7 110
7 111
7 114
7 115
7 116
7 121
7 124
7 125
7 126
7 127
7 128
7 129
7 130
7 131
7 137
7 139
7 142
7 143
7 144
7 145
7 146
7 149
7 150
7 152
7 153
7 154
7 155
7 157
7 158
7 159
7 161
8 9
8 10
8 12
8 22
8 23
8 26
8 45
8 46
8 56
8 58
8 67
8 68
8 70
8 71
8 72
8 99
8 101
8 106
8 113
8 118
8 136
8 137
8 138
8 139
8 141
8 147
8 152
8 159
9 12
9 13
9 14
9 18
9 22
9 24
9 26
9 30
9 32
9 34
9 35
9 38
9 44
9 46
9 50
9 51
9 52
9 54
9 58
9 63
9 65
9 67
9 68
9 72
9 74
9 75
9 78
9 80
9 83
9 84
9 87
9 88
9 89
9 90
9 93
9 96
9 101
9 103
9 104
9 107
9 108
9 111
9 114
9 115
9 116
9 117
9 119
9 127
9 129
9 130
9 131
9 133
9 141
9 142
9 147
9 149
9 150
9 151
9 152
9 154
10 17
10 19
10 20
10 21
10 24
10 29
10 32
10 33
10 35
10 36
10 37
10 38
10 42
10 49
10 50
10 51
10 52
10 53
10 54
10 55
10 56
10 57
10 61
10 62
10 66
10 67
10 68
10 73
10 76
10 77
10 79
10 80
10 84
10 87
10 88
10 93
10 98
10 104
10 105
10 108
10 109
10 114
10 117
10 128
10 129
10 131
10 132
10 133
10 134
10 138
10 139
10 145
10 146
10 150
10 153
10 154
10 156
10 157
10 158
10 160
10 161
11 13
11 15
11 17
11 18
11 19
11 20
11 21
11 25
11 26
11 27
11 30
11 31
11 32
11 37
11 38
11 42
11 43
11 44
11 45
11 46
11 49
11 50
11 51
11 53
11 54
11 61
11 64
11 65
11 66
11 67
11 68
11 69
11 70
11 71
11 73
11 74
11 75
11 79
11 83
11 85
11 87
11 88
11 89
11 94
11 95
11 100
11 101
11 104
11 105
11 106
11 108
11 111
11 112
11 113
11 114
11 115
11 118
11 123
11 125
11 127
11 129
11 135
11 137
11 141
11 143
11 145
11 149
11 150
11 151
11 152
11 153
11 154
11 157
11 160
12 17
12 19
12 20
12 21
12 25
12 26
12 29
12 30
12 31
12 35
12 37
12 38
12 40
12 49
12 51
12 65
12 67
12 69
12 71
12 74
12 76
12 78
12 84
12 91
12 105
12 106
12 107
12 109
12 115
12 118
12 125
12 126
12 130
12 133
12 137
12 138
12 139
12 143
12 145
12 146
12 147
12 151
12 152
12 153
12 157
12 158
12 161
13 14
13 17
13 19
13 24
13 26
13 29
13 30
13 31
13 35
13 42
13 45
13 48
13 49
13 50
13 54
13 58
13 64
13 66
13 67
13 71
13 72
13 74
13 75
13 76
13 79
13 84
13 86
13 89
13 91
13 93
13 94
13 96
13 97
13 98
13 99
13 101
13 106
13 108
13 111
13 115
13 118
13 125
13 128
13 131
13 133
13 134
13 137
13 147
13 148
13 150
13 161
14 15
14 18
14 19
14 21
14 22
14 24
14 25
14 28
14 29
14 30
14 31
14 32
14 33
14 34
14 35
14 36
14 37
14 38
14 39
14 40
14 41
14 42
14 43
14 44
14 45
14 47
14 48
14 49
14 50
14 54
14 55
14 57
14 58
14 60
14 61
14 63
14 65
14 67
14 68
14 69
14 70
14 71
14 72
14 73
14 74
14 75
14 76
14 77
14 79
14 80
14 84
14 85
14 87
14 88
14 89
14 94
14 95
14 96
14 98
14 100
14 101
14 102
14 103
14 105
14 106
14 107
14 108
14 109
14 112
14 113
14 114
14 115
14 117
14 118
14 122
14 124
14 125
14 126
14 129
14 131
14 134
14 135
14 136
14 137
14 138
14 141
14 142
14 145
14 147
14 150
14 151
14 152
14 154
14 156
14 157
14 158
14 159
14 161
15 19
15 25
15 26
15 28
15 30
15 33
15 34
15 38
15 42
15 43
15 44
15 45
15 49
15 51
15 57
15 66
15 70
15 77
15 79
15 84
15 87
15 92
15 94
15 106
15 114
15 117
15 124
15 134
15 135
15 137
15 138
15 139
15 146
15 148
15 150
15 153
15 154
15 155
15 157
15 161
16 21
16 24
16 27
16 30
16 31
16 36
16 38
16 40
16 43
16 46
16 51
16 52
16 54
16 56
16 59
16 61
16 63
16 68
16 69
16 72
16 75
16 77
16 85
16 94
16 97
16 98
16 102
16 105
16 107
16 108
16 112
16 113
16 114
16 115
16 119
16 125
16 129
16 130
16 137
16 138
16 140
16 142
16 147
16 152
16 153
17 19
17 25
17 26
17 43
17 45
17 48
17 51
17 60
17 68
17 69
17 70
17 72
17 78
17 84
17 87
17 94
17 114
17 131
17 145
17 146
17 147
17 152
17 153
17 154
17 157
18 19
18 26
18 28
18 30
18 32
18 34
18 38
18 41
18 43
18 44
18 50
18 54
18 62
18 65
18 67
18 68
18 69
18 70
18 79
18 84
18 88
18 89
18 92
18 93
18 97
18 100
18 103
18 105
18 106
18 107
18 109
18 115
18 117
18 123
18 125
18 126
18 129
18 130
18 131
18 133
18 134
18 135
18 138
18 139
18 141
18 142
18 145
18 146
18 147
18 148
18 151
18 153
18 157
18 158
18 159
18 160
18 161
19 20
19 22
19 26
19 29
19 31
19 32
19 34
19 35
19 36
19 37
19 38
19 39
19 40
19 42
19 44
19 48
19 49
19 50
19 51
19 53
19 55
19 58
19 59
19 61
19 64
19 65
19 67
19 69
19 70
19 71
19 72
19 73
19 75
19 77
19 78
19 80
19 84
19 86
19 87
19 88
19 89
19 90
19 92
19 93
19 94
19 97
19 98
19 99
19 100
19 101
19 104
19 106
19 107
19 108
19 110
19 111
19 113
19 114
19 115
19 118
19 122
19 126
19 127
19 130
19 131
19 133
19 134
19 137
19 139
19 140
19 141
19 142
19 144
19 145
19 147
19 148
19 149
19 150
19 151
19 153
19 154
19 157
19 158
19 160
19 161
20 26
20 28
20 31
20 33
20 35
20 36
20 40
20 42
20 49
20 51
20 54
20 60
20 66
20 67
20 70
20 72
20 74
20 77
20 84
20 87
20 89
20 94
20 97
20 100
20 101
20 107
20 110
20 111
20 118
20 131
20 133
20 137
20 140
20 146
20 147
20 151
20 158
20 159
20 161
21 22
21 24
21 25
21 26
21 28
21 29
21 30
21 32
21 36
21 37
21 38
21 40
21 42
21 43
21 44
21 47
21 49
21 50
21 51
21 52
21 54
21 56
21 58
21 62
21 63
21 64
21 65
21 67
21 68
21 70
21 71
21 72
21 73
21 74
21 75
21 76
21 77
21 78
21 79
21 81
21 84
21 87
21 89
21 92
21 93
21 94
21 97
21 100
21 101
21 102
21 103
21 104
21 105
21 106
21 108
21 112
21 113
21 114
21 116
21 117
21 118
21 119
21 123
21 124
21 126
21 130
21 132
21 135
21 136
21 137
21 138
21 139
21 147
21 150
21 154
21 155
21 157
21 159
21 160
21 161
22 24
22 25
22 29
22 32
22 34
22 35
22 39
22 40
22 42
22 44
22 46
22 50
22 58
22 63
22 64
22 65
22 68
22 70
22 72
22 75
22 77
22 78
22 84
22 94
22 95
22 98
22 99
22 103
22 107
22 108
22 109
22 111
22 112
22 113
22 118
22 123
22 125
22 131
22 135
22 142
22 146
22 147
22 151
22 155
22 157
22 160
23 25
23 30
23 37
23 40
23 43
23 44
23 46
23 49
23 63
23 64
23 69
23 70
23 72
23 74
23 90
23 94
23 95
23 99
23 100
23 106
23 108
23 109
23 113
23 116
23 117
23 121
23 125
23 126
23 133
23 137
23 138
23 145
23 146
23 152
23 153
23 154
23 159
24 27
24 29
24 36
24 39
24 42
24 43
24 45
24 49
24 56
24 64
24 66
24 67
24 69
24 70
24 72
24 74
24 75
24 80
24 83
24 89
24 93
24 94
24 97
24 103
24 106
24 108
24 129
24 131
24 133
24 137
24 138
24 141
24 142
24 145
24 146
24 153
24 157
25 27
25 30
25 32
25 35
25 36
25 37
25 42
25 44
25 45
25 49
25 51
25 52
25 54
25 55
25 57
25 58
25 59
25 61
25 63
25 64
25 65
25 66
25 67
25 69
25 70
25 72
25 73
25 74
25 76
25 79
25 82
25 85
25 88
25 89
25 91
25 93
25 105
25 111
25 112
25 114
25 118
25 124
25 125
25 126
25 129
25 131
25 133
25 137
25 138
25 139
25 141
25 142
25 143
25 146
25 147
25 152
25 153
25 154
25 156
25 159
25 160
25 161
26 27
26 29
26 30
26 31
26 32
26 34
26 35
26 36
26 37
26 38
26 40
26 42
26 43
26 44
26 45
26 47
26 50
26 51
26 52
26 54
26 55
26 60
26 61
26 63
26 64
26 65
26 66
26 67
26 68
26 70
26 71
26 73
26 74
26 75
26 76
26 79
26 80
26 84
26 85
26 87
26 89
26 92
26 93
26 94
26 95
26 98
26 99
26 101
26 102
26 103
26 105
26 106
26 108
26 111
26 113
26 115
26 116
26 117
26 118
26 119
26 122
26 125
26 129
26 131
26 133
26 135
26 137
26 138
26 139
26 141
26 142
26 143
26 144
26 145
26 146
26 147
26 149
26 150
26 151
26 152
26 153
26 154
26 155
26 157
26 159
26 160
27 28
27 40
27 42
27 44
27 49
27 51
27 54
27 57
27 68
27 71
27 77
27 79
27 83
27 84
27 87
27 91
27 92
27 96
27 104
27 107
27 115
27 118
27 125
27 129
27 133
27 135
27 150
27 158
27 160
27 161
28 42
28 44
28 46
28 51
28 56
28 68
28 70
28 71
28 73
28 74
28 75
28 77
28 79
28 91
28 92
28 101
28 108
28 109
28 113
28 115
28 117
28 118
28 125
28 126
28 129
28 130
28 131
28 133
28 134
28 135
28 137
28 142
28 147
28 149
28 153
28 158
28 159
28 161
29 30
29 32
29 42
29 44
29 46
29 49
29 56
29 59
29 67
29 69
29 71
29 72
29 76
29 77
29 80
29 86
29 90
29 94
29 101
29 102
29 103
29 108
29 111
29 113
29 115
29 125
29 126
29 134
29 137
29 138
29 139
29 142
29 150
29 151
29 152
29 158
30 31
30 32
30 34
30 35
30 36
30 38
30 39
30 40
30 42
30 43
30 44
30 45
30 46
30 51
30 52
30 54
30 56
30 57
30 58
30 61
30 62
30 65
30 66
30 68
30 69
30 71
30 72
30 73
30 75
30 76
30 79
30 82
30 85
30 87
30 89
30 90
30 92
30 94
30 95
30 97
30 98
30 100
30 101
30 105
30 106
30 107
30 108
30 109
30 110
30 113
30 114
30 115
30 119
30 125
30 126
30 128
30 129
30 130
30 131
30 133
30 134
30 137
30 138
30 139
30 142
30 143
30 147
30 149
30 150
30 152
30 153
30 154
30 155
30 159
30 160
30 161
31 32
31 35
31 39
31 40
31 44
31 46
31 49
31 50
31 51
31 52
31 53
31 55
31 56
31 61
31 62
31 63
31 64
31 65
31 67
31 69
31 70
31 71
31 72
31 73
31 74
31 75
31 77
31 78
31 80
31 85
31 86
31 87
31 88
31 89
31 90
31 92
31 93
31 94
31 95
31 96
31 97
31 98
31 99
31 100
31 101
31 102
31 103
31 105
31 106
31 108
31 109
31 112
31 114
31 115
31 116
31 117
31 118
31 122
31 124
31 125
31 126
31 127
31 128
31 129
31 131
31 132
31 133
31 134
31 138
31 139
31 141
31 142
31 143
31 146
31 147
31 149
31 151
31 152
31 154
31 155
31 156
31 157
31 158
31 160
32 34
32 36
32 37
32 38
32 40
32 41
32 42
32 45
32 48
32 51
32 52
32 54
32 55
32 56
32 59
32 60
32 62
32 64
32 66
32 68
32 69
32 70
32 71
32 72
32 74
32 76
32 79
32 80
32 82
32 83
32 85
32 86
32 87
32 89
32 90
32 95
32 97
32 99
32 101
32 102
32 103
32 106
32 107
32 108
32 109
32 111
32 112
32 113
32 117
32 118
32 121
32 126
32 127
32 129
32 130
32 131
32 134
32 136
32 137
32 138
32 139
32 142
32 145
32 147
32 152
32 154
32 157
32 158
32 159
32 160
32 161
33 35
33 36
33 39
33 40
33 46
33 51
33 62
33 64
33 68
33 82
33 87
33 92
33 94
33 99
33 101
33 111
33 114
33 117
33 118
33 123
33 124
33 134
33 138
33 142
33 147
33 151
33 153
33 154
34 38
34 46
34 49
34 51
34 52
34 54
34 55
34 59
34 65
34 69
34 70
34 72
34 74
34 77
34 81
34 87
34 92
34 93
34 94
34 95
34 99
34 100
34 101
34 103
34 105
34 107
34 108
34 109
34 112
34 113
34 114
34 115
34 118
34 121
34 128
34 131
34 134
34 137
34 138
34 146
34 150
34 152
34 154
34 158
34 160
34 161
35 39
35 40
35 44
35 45
35 50
35 53
35 54
35 60
35 61
35 63
35 65
35 66
35 67
35 68
35 69
35 70
35 71
35 72
35 74
35 77
35 80
35 84
35 85
35 87
35 91
35 94
35 95
35 101
35 104
35 107
35 110
35 111
35 113
35 114
35 115
35 117
35 118
35 119
35 122
35 124
35 125
35 126
35 128
35 129
35 130
35 131
35 132
35 134
35 138
35 141
35 142
35 143
35 145
35 147
35 150
35 152
35 153
35 154
35 155
35 157
35 161
36 38
36 39
36 41
36 43
36 45
36 49
36 50
36 52
36 54
36 56
36 57
36 62
36 63
36 65
36 67
36 68
36 70
36 71
36 72
36 73
36 76
36 83
36 92
36 93
36 94
36 95
36 100
36 101
36 102
36 105
36 106
36 108
36 112
36 113
36 115
36 117
36 120
36 125
36 127
36 129
36 131
36 133
36 134
36 135
36 136
36 139
36 142
36 144
36 146
36 148
36 149
36 158
36 159
36 160
36 161
37 38
37 44
37 46
37 47
37 49
37 50
37 51
37 52
37 54
37 55
37 59
37 60
37 65
37 67
37 68
37 71
37 79
37 82
37 83
37 88
37 89
37 91
37 95
37 103
37 104
37 106
37 107
37 109
37 112
37 113
37 114
37 117
37 119
37 129
37 134
37 136
37 138
37 141
37 145
37 147
37 154
37 156
37 157
38 40
38 41
38 43
38 45
38 49
38 50
38 51
38 54
38 56
38 58
38 62
38 66
38 67
38 68
38 69
38 70
38 71
38 73
38 74
38 75
38 76
38 77
38 79
38 84
38 87
38 88
38 89
38 90
38 91
38 95
38 96
38 97
38 99
38 101
38 102
38 105
38 106
38 107
38 109
38 110
38 111
38 112
38 114
38 115
38 116
38 119
38 121
38 124
38 125
38 126
38 127
38 129
38 131
38 133
38 134
38 135
38 136
38 140
38 141
38 142
38 143
38 144
38 145
38 146
38 149
38 152
38 154
38 158
38 159
38 160
39 42
39 43
39 44
39 50
39 54
39 56
39 58
39 59
39 65
39 67
39 68
39 69
39 70
39 71
39 72
39 73
39 74
39 76
39 79
39 82
39 86
39 93
39 94
39 95
39 97
39 98
39 99
39 100
39 101
39 102
39 105
39 106
39 108
39 111
39 112
39 117
39 129
39 131
39 146
39 152
39 154
39 161
40 41
40 42
40 43
40 44
40 46
40 49
40 50
40 51
40 52
40 53
40 54
40 55
40 56
40 58
40 60
40 62
40 63
40 64
40 65
40 67
40 68
40 69
40 70
40 72
40 73
40 74
40 80
40 81
40 83
40 85
40 86
40 87
40 89
40 96
40 97
40 98
40 101
40 104
40 105
40 107
40 109
40 110
40 111
40 112
40 113
40 114
40 115
40 117
40 118
40 119
40 123
40 127
40 129
40 130
40 131
40 135
40 136
40 137
40 139
40 142
40 145
40 146
40 147
40 149
40 153
40 155
40 157
40 158
40 159
40 161
41 45
41 46
41 48
41 54
41 58
41 59
41 64
41 65
41 66
41 68
41 70
41 74
41 87
41 89
41 97
41 99
41 102
41 103
41 108
41 109
41 113
41 115
41 116
41 118
41 129
41 130
41 136
41 137
41 138
41 142
41 150
41 160
42 44
42 45
42 46
42 54
42 55
42 57
42 58
42 60
42 61
42 64
42 66
42 67
42 68
42 69
42 71
42 72
42 73
42 74
42 76
42 78
42 81
42 83
42 85
42 88
42 89
42 92
42 93
42 96
42 99
42 102
42 106
42 111
42 113
42 114
42 125
42 131
42 133
42 137
42 139
42 142
42 152
42 154
42 159
43 44
43 45
43 49
43 50
43 54
43 55
43 58
43 62
43 63
43 64
43 66
43 68
43 71
43 72
43 73
43 79
43 85
43 90
43 91
43 92
43 95
43 98
43 100
43 101
43 104
43 105
43 106
43 108
43 109
43 112
43 113
43 114
43 115
43 117
43 118
43 125
43 129
43 131
43 133
43 134
43 135
43 138
43 139
43 141
43 143
43 146
43 147
43 153
43 154
43 156
43 157
43 158
43 161
44 47
44 51
44 52
44 54
44 56
44 60
44 61
44 63
44 64
44 66
44 67
44 68
44 70
44 71
44 72
44 73
44 75
44 77
44 79
44 82
44 83
44 84
44 88
44 90
44 91
44 92
44 93
44 94
44 97
44 98
44 100
44 101
44 102
44 103
44 105
44 108
44 109
44 112
44 113
44 114
44 115
44 117
44 118
44 124
44 125
44 126
44 131
44 133
44 134
44 137
44 139
44 140
44 143
44 146
44 147
44 150
44 151
44 152
44 154
44 155
44 158
44 161
45 46
45 50
45 51
45 52
45 53
45 54
45 56
45 59
45 63
45 65
45 66
45 67
45 68
45 69
45 70
45 72
45 73
45 74
45 77
45 79
45 80
45 82
45 84
45 85
45 86
45 87
45 91
45 92
45 95
45 97
45 98
45 101
45 103
45 104
45 105
45 106
45 107
45 108
45 109
45 110
45 113
45 114
45 115
45 117
45 118
45 123
45 125
45 126
45 129
45 130
45 133
45 134
45 135
45 138
45 139
45 141
45 142
45 144
45 145
45 146
45 152
45 153
45 154
45 155
46 51
46 52
46 54
46 55
46 56
46 61
46 64
46 65
46 67
46 68
46 71
46 73
46 75
46 77
46 80
46 81
46 85
46 93
46 94
46 97
46 98
46 102
46 103
46 105
46 106
46 107
46 111
46 114
46 115
46 118
46 119
46 121
46 122
46 123
46 125
46 126
46 128
46 131
46 133
46 137
46 142
46 146
46 147
46 148
46 149
46 150
46 151
46 152
46 154
46 155
47 49
47 54
47 67
47 68
47 74
47 91
47 99
47 102
47 108
47 114
47 115
47 118
47 129
47 130
47 131
47 137
47 138
47 141
47 149
47 158
48 50
48 53
48 54
48 60
48 61
48 66
48 73
48 78
48 92
48 94
48 99
48 101
48 106
48 108
48 118
48 125
48 129
48 131
48 132
48 133
48 143
48 145
48 149
48 150
48 153
48 157
48 159
49 50
49 52
49 53
49 54
49 55
49 56
49 57
49 58
49 61
49 63
49 67
49 68
49 69
49 70
49 71
49 72
49 73
49 77
49 79
49 80
49 83
49 84
49 86
49 89
49 90
49 91
49 92
49 93
49 94
49 97
49 98
49 99
49 101
49 106
49 108
49 109
49 111
49 112
49 114
49 115
49 117
49 118
49 119
49 123
49 124
49 125
49 128
49 129
49 133
49 134
49 135
49 137
49 138
49 141
49 144
49 145
49 146
49 150
49 151
49 152
49 154
49 155
49 157
49 159
49 160
49 161
50 51
50 54
50 56
50 58
50 64
50 70
50 71
50 72
50 74
50 76
50 77
50 79
50 81
50 83
50 84
50 88
50 89
50 92
50 95
50 97
50 98
50 101
50 103
50 108
50 109
50 112
50 113
50 115
50 117
50 125
50 129
50 130
50 131
50 132
50 133
50 134
50 135
50 137
50 138
50 142
50 145
50 146
50 148
50 151
50 152
50 153
50 156
50 158
50 160
50 161
51 52
51 54
51 56
51 57
51 58
51 59
51 60
51 61
51 62
51 64
51 66
51 67
51 68
51 69
51 70
51 71
51 72
51 73
51 75
51 76
51 77
51 79
51 81
51 82
51 84
51 85
51 87
51 88
51 89
51 91
51 97
51 98
51 100
51 101
51 102
51 103
51 105
51 107
51 108
51 109
51 110
51 111
51 112
51 113
51 114
51 115
51 116
51 118
51 119
51 120
51 124
51 125
51 126
51 127
51 128
51 129
51 131
51 135
51 137
51 140
51 141
51 143
51 145
51 147
51 148
51 150
51 151
51 152
51 154
51 155
51 157
51 158
51 159
51 160
51 161
52 53
52 54
52 56
52 58
52 61
52 64
52 65
52 66
52 67
52 69
52 70
52 71
52 72
52 79
52 84
52 87
52 89
52 90
52 91
52 94
52 95
52 96
52 97
52 98
52 99
52 102
52 105
52 109
52 112
52 113
52 114
52 115
52 116
52 123
52 124
52 126
52 131
52 133
52 138
52 139
52 141
52 142
52 146
52 152
52 153
52 155
52 158
52 160
52 161
53 68
53 72
53 79
53 80
53 92
53 93
53 96
53 97
53 105
53 106
53 108
53 111
53 112
53 115
53 117
53 118
53 124
53 126
53 128
53 130
53 138
53 139
53 144
53 145
53 147
53 152
53 154
53 157
53 159
54 55
54 56
54 58
54 59
54 60
54 61
54 62
54 63
54 64
54 65
54 66
54 68
54 69
54 70
54 71
54 72
54 74
54 75
54 77
54 79
54 80
54 81
54 83
54 84
54 85
54 87
54 88
54 91
54 94
54 95
54 96
54 97
54 98
54 99
54 100
54 102
54 106
54 109
54 110
54 111
54 113
54 114
54 115
54 118
54 122
54 125
54 126
54 129
54 130
54 131
54 132
54 133
54 134
54 135
54 141
54 142
54 146
54 149
54 151
54 152
54 153
54 154
54 156
54 158
54 159
54 161
55 56
55 59
55 61
55 64
55 65
55 66
55 67
55 68
55 70
55 71
55 72
55 77
55 79
55 84
55 89
55 90
55 91
55 94
55 101
55 105
55 108
55 112
55 114
55 115
55 117
55 118
55 123
55 125
55 129
55 131
55 133
55 134
55 135
55 137
55 138
55 139
55 140
55 142
55 143
55 146
55 147
55 152
56 60
56 61
56 62
56 64
56 65
56 66
56 68
56 69
56 72
56 73
56 74
56 75
56 76
56 77
56 79
56 80
56 83
56 84
56 85
56 87
56 88
56 90
56 91
56 92
56 93
56 95
56 97
56 98
56 102
56 103
56 104
56 105
56 106
56 107
56 108
56 109
56 111
56 113
56 114
56 116
56 117
56 119
56 120
56 122
56 123
56 128
56 129
56 131
56 133
56 134
56 135
56 136
56 137
56 138
56 142
56 145
56 147
56 149
56 150
56 152
56 154
56 157
56 158
56 159
56 160
56 161
57 58
57 60
57 63
57 65
57 68
57 71
57 72
57 74
57 79
57 84
57 89
57 90
57 91
57 97
57 102
57 106
57 111
57 113
57 115
57 128
57 131
57 133
57 137
57 138
57 142
57 146
57 147
57 152
57 153
57 154
57 158
57 159
58 59
58 62
58 63
58 66
58 67
58 69
58 74
58 76
58 77
58 80
58 85
58 86
58 87
58 88
58 89
58 95
58 96
58 98
58 99
58 101
58 102
58 105
58 106
58 110
58 111
58 113
58 115
58 117
58 118
58 120
58 125
58 126
58 133
58 134
58 136
58 138
58 139
58 142
58 143
58 144
58 145
58 147
58 148
58 149
58 150
58 151
58 153
58 154
58 161
59 62
59 64
59 67
59 68
59 69
59 70
59 73
59 75
59 78
59 79
59 84
59 85
59 87
59 89
59 90
59 91
59 92
59 94
59 99
59 101
59 105
59 106
59 108
59 109
59 112
59 113
59 114
59 115
59 117
59 123
59 129
59 131
59 135
59 141
59 145
59 146
59 147
59 148
59 149
59 152
59 154
60 61
60 65
60 70
60 71
60 72
60 74
60 79
60 84
60 85
60 89
60 108
60 114
60 115
60 118
60 126
60 131
60 136
60 137
60 142
60 143
60 149
60 157
61 64
61 67
61 68
61 69
61 70
61 74
61 77
61 83
61 84
61 87
61 92
61 93
61 95
61 97
61 98
61 99
61 102
61 107
61 108
61 113
61 118
61 129
61 134
61 135
61 139
61 142
61 146
61 147
61 148
61 152
61 154
62 63
62 65
62 69
62 70
62 71
62 76
62 86
62 87
62 88
62 89
62 94
62 99
62 101
62 102
62 106
62 110
62 112
62 114
62 115
62 126
62 129
62 131
62 132
62 134
62 135
62 138
62 146
62 150
62 151
62 152
62 153
62 154
62 157
62 159
63 64
63 66
63 68
63 70
63 71
63 73
63 74
63 77
63 79
63 80
63 81
63 84
63 85
63 86
63 89
63 93
63 95
63 97
63 98
63 100
63 101
63 106
63 108
63 110
63 113
63 114
63 115
63 117
63 118
63 119
63 121
63 125
63 126
63 129
63 130
63 131
63 134
63 137
63 138
63 140
63 142
63 147
63 148
63 149
63 150
63 152
63 154
63 159
63 161
64 65
64 67
64 68
64 69
64 70
64 71
64 72
64 73
64 74
64 77
64 78
64 79
64 80
64 83
64 86
64 87
64 89
64 91
64 92
64 93
64 94
64 99
64 100
64 101
64 103
64 106
64 109
64 111
64 112
64 113
64 114
64 115
64 116
64 117
64 118
64 121
64 125
64 126
64 127
64 128
64 129
64 131
64 132
64 133
64 134
64 135
64 137
64 138
64 141
64 142
64 146
64 147
64 149
64 150
64 151
64 152
64 155
64 157
64 158
64 160
64 161
65 66
65 67
65 68
65 69
65 70
65 72
65 73
65 77
65 78
65 86
65 87
65 88
65 89
65 93
65 98
65 99
65 100
65 101
65 103
65 105
65 106
65 107
65 108
65 109
65 110
65 112
65 113
65 115
65 116
65 117
65 118
65 119
65 122
65 124
65 129
65 131
65 133
65 135
65 136
65 137
65 139
65 140
65 142
65 144
65 145
65 154
65 158
65 160
65 161
66 69
66 71
66 72
66 74
66 75
66 76
66 79
66 80
66 82
66 86
66 88
66 89
66 92
66 95
66 97
66 99
66 101
66 104
66 106
66 108
66 112
66 114
66 117
66 118
66 119
66 120
66 121
66 123
66 125
66 126
66 127
66 134
66 135
66 137
66 138
66 139
66 142
66 143
66 146
66 147
66 152
66 153
66 158
67 69
67 72
67 73
67 74
67 75
67 76
67 77
67 79
67 80
67 82
67 84
67 87
67 89
67 91
67 93
67 94
67 97
67 98
67 99
67 101
67 102
67 103
67 105
67 106
67 107
67 108
67 109
67 111
67 113
67 115
67 116
67 117
67 118
67 121
67 122
67 123
67 125
67 126
67 128
67 129
67 130
67 131
67 133
67 134
67 135
67 136
67 138
67 146
67 147
67 151
67 152
67 154
67 155
67 156
67 157
67 158
67 159
67 160
67 161
68 69
68 70
68 73
68 74
68 78
68 83
68 84
68 87
68 90
68 92
68 93
68 94
68 95
68 98
68 99
68 101
68 103
68 105
68 106
68 109
68 110
68 111
68 112
68 113
68 114
68 115
68 116
68 117
68 125
68 128
68 129
68 131
68 133
68 135
68 136
68 137
68 138
68 139
68 141
68 145
68 146
68 147
68 150
68 151
68 152
68 153
68 154
68 155
68 157
68 159
68 161
69 71
69 73
69 74
69 75
69 77
69 79
69 80
69 82
69 83
69 85
69 87
69 88
69 89
69 91
69 92
69 94
69 97
69 101
69 102
69 106
69 108
69 110
69 111
69 113
69 114
69 115
69 116
69 118
69 119
69 121
69 126
69 133
69 134
69 135
69 137
69 138
69 139
69 142
69 145
69 146
69 147
69 148
69 150
69 151
69 153
69 154
69 155
70 71
70 72
70 73
70 74
70 76
70 77
70 78
70 79
70 82
70 83
70 84
70 85
70 86
70 87
70 88
70 89
70 90
70 91
70 92
70 93
70 94
70 96
70 99
70 100
70 103
70 104
70 106
70 107
70 110
70 111
70 112
70 113
70 114
70 115
70 118
70 119
70 121
70 122
70 125
70 126
70 128
70 129
70 130
70 131
70 133
70 135
70 137
70 138
70 139
70 140
70 141
70 142
70 143
70 144
70 145
70 146
70 147
70 148
70 149
70 150
70 151
70 152
70 153
70 154
70 157
70 158
70 159
70 160
71 72
71 73
71 74
71 76
71 77
71 80
71 83
71 84
71 86
71 88
71 89
71 93
71 99
71 100
71 101
71 102
71 104
71 105
71 106
71 107
71 108
71 111
71 112
71 114
71 115
71 118
71 119
71 127
71 128
71 129
71 131
71 133
71 136
71 139
71 142
71 143
71 147
71 150
71 151
71 152
71 156
71 157
71 160
71 161
72 74
72 75
72 76
72 80
72 82
72 84
72 86
72 89
72 91
72 92
72 94
72 95
72 97
72 98
72 101
72 102
72 103
72 104
72 105
72 107
72 108
72 110
72 111
72 113
72 114
72 117
72 118
72 121
72 124
72 126
72 131
72 134
72 137
72 138
72 139
72 140
72 142
72 143
72 145
72 146
72 152
72 153
72 154
72 158
72 159
72 161
73 82
73 83
73 84
73 88
73 89
73 91
73 92
73 94
73 95
73 98
73 99
73 100
73 105
73 109
73 114
73 116
73 117
73 118
73 120
73 122
73 126
73 128
73 133
73 135
73 138
73 139
73 140
73 142
73 143
73 145
73 146
73 147
73 150
73 152
73 154
73 156
73 158
73 161
74 75
74 76
74 77
74 79
74 80
74 85
74 89
74 90
74 91
74 92
74 93
74 94
74 97
74 98
74 99
74 101
74 102
74 105
74 106
74 107
74 108
74 109
74 110
74 111
74 114
74 115
74 117
74 118
74 122
74 125
74 126
74 128
74 129
74 130
74 131
74 132
74 135
74 137
74 138
74 139
74 140
74 141
74 142
74 143
74 145
74 146
74 147
74 149
74 150
74 151
74 152
74 153
74 154
74 155
74 157
74 158
74 159
74 160
74 161
75 76
75 77
75 79
75 82
75 84
75 89
75 96
75 97
75 100
75 101
75 103
75 105
75 107
75 108
75 110
75 111
75 112
75 113
75 117
75 120
75 126
75 128
75 129
75 130
75 131
75 132
75 133
75 138
75 140
75 141
75 142
75 143
75 149
75 150
75 151
75 152
75 154
75 159
75 161
76 77
76 80
76 87
76 88
76 89
76 91
76 94
76 99
76 102
76 104
76 105
76 106
76 107
76 108
76 112
76 113
76 114
76 117
76 118
76 119
76 133
76 134
76 136
76 139
76 141
76 144
76 147
76 148
76 151
76 155
76 157
76 158
77 78
77 79
77 82
77 83
77 84
77 85
77 86
77 87
77 88
77 89
77 93
77 94
77 95
77 99
77 100
77 101
77 105
77 106
77 108
77 109
77 111
77 112
77 115
77 117
77 118
77 125
77 127
77 129
77 131
77 132
77 133
77 134
77 137
77 138
77 139
77 145
77 146
77 147
77 149
77 150
77 151
77 153
77 154
77 157
77 158
77 161
78 79
78 112
78 113
78 133
78 137
78 141
78 149
78 150
78 151
78 152
78 157
78 160
79 86
79 88
79 89
79 90
79 91
79 92
79 93
79 96
79 97
79 98
79 100
79 102
79 103
79 104
79 105
79 106
79 108
79 109
79 110
79 111
79 113
79 114
79 117
79 118
79 119
79 121
79 124
79 125
79 126
79 127
79 129
79 130
79 131
79 133
79 135
79 136
79 137
79 138
79 139
79 141
79 142
79 146
79 147
79 148
79 149
79 150
79 151
79 152
79 153
79 154
79 156
79 157
79 158
79 161
80 83
80 84
80 87
80 89
80 91
80 92
80 94
80 98
80 101
80 103
80 106
80 108
80 109
80 110
80 112
80 113
80 116
80 117
80 118
80 120
80 124
80 125
80 126
80 129
80 130
80 131
80 134
80 136
80 139
80 140
80 142
80 145
80 150
80 157
80 158
81 93
81 97
81 103
81 106
81 108
81 125
81 126
81 137
81 145
81 146
81 147
81 149
81 153
81 159
82 83
82 84
82 87
82 89
82 90
82 95
82 97
82 99
82 101
82 104
82 108
82 112
82 113
82 114
82 115
82 117
82 118
82 124
82 125
82 129
82 133
82 137
82 141
82 142
82 144
82 147
82 151
82 152
82 156
82 159
83 86
83 90
83 94
83 95
83 100
83 103
83 107
83 111
83 116
83 123
83 124
83 133
83 134
83 135
83 136
83 137
83 139
83 140
83 141
83 142
83 143
83 146
83 147
83 148
83 151
83 154
83 161
84 85
84 88
84 89
84 90
84 95
84 96
84 98
84 99
84 105
84 106
84 107
84 108
84 109
84 115
84 118
84 123
84 124
84 125
84 132
84 133
84 137
84 138
84 139
84 141
84 142
84 143
84 145
84 147
84 149
84 151
84 152
84 153
84 154
84 156
84 158
84 160
84 161
85 90
85 93
85 96
85 97
85 101
85 102
85 103
85 106
85 108
85 112
85 113
85 114
85 117
85 126
85 131
85 132
85 133
85 134
85 135
85 138
85 146
85 147
85 149
85 152
85 153
85 157
85 161
86 87
86 92
86 94
86 95
86 98
86 101
86 103
86 116
86 118
86 119
86 125
86 129
86 131
86 133
86 138
86 142
86 145
86 146
86 152
86 158
86 160
86 161
87 88
87 89
87 90
87 92
87 93
87 98
87 101
87 102
87 103
87 104
87 105
87 106
87 108
87 113
87 115
87 117
87 118
87 129
87 131
87 140
87 146
87 147
87 149
87 152
87 154
88 89
88 91
88 94
88 95
88 97
88 99
88 102
88 105
88 106
88 108
88 109
88 112
88 113
88 114
88 117
88 118
88 125
88 126
88 129
88 130
88 135
88 137
88 138
88 140
88 142
88 146
88 147
88 151
88 152
88 154
88 155
88 156
88 157
88 159
88 161
89 93
89 97
89 98
89 100
89 101
89 107
89 108
89 109
89 114
89 116
89 117
89 118
89 125
89 127
89 128
89 129
89 130
89 131
89 133
89 136
89 138
89 139
89 141
89 142
89 147
89 150
89 151
89 152
89 153
89 157
89 158
89 160
89 161
90 91
90 93
90 96
90 98
90 102
90 104
90 106
90 116
90 117
90 131
90 138
90 144
90 152
90 154
90 157
90 158
91 93
91 94
91 96
91 101
91 102
91 106
91 108
91 109
91 110
91 113
91 114
91 115
91 118
91 130
91 131
91 135
91 136
91 137
91 138
91 141
91 151
91 154
91 157
92 97
92 99
92 101
92 102
92 103
92 107
92 109
92 113
92 114
92 115
92 117
92 118
92 120
92 129
92 130
92 131
92 133
92 137
92 138
92 139
92 142
92 145
92 153
92 154
92 155
92 157
92 159
92 160
92 161
93 97
93 100
93 101
93 105
93 106
93 108
93 109
93 110
93 113
93 114
93 115
93 117
93 118
93 119
93 122
93 131
93 133
93 134
93 137
93 138
93 139
93 142
93 145
93 146
93 147
93 148
93 150
93 152
93 153
93 160
94 95
94 97
94 98
94 99
94 101
94 102
94 103
94 105
94 107
94 108
94 111
94 112
94 114
94 115
94 117
94 118
94 120
94 125
94 128
94 129
94 130
94 133
94 135
94 137
94 141
94 142
94 143
94 145
94 146
94 147
94 151
94 152
94 154
94 155
94 157
94 158
94 159
94 160
95 98
95 102
95 105
95 108
95 109
95 112
95 113
95 114
95 118
95 124
95 128
95 134
95 138
95 139
95 140
95 141
95 142
95 145
95 147
95 148
95 152
95 156
95 158
96 97
96 101
96 106
96 107
96 109
96 114
96 115
96 129
96 132
96 147
96 151
96 153
97 100
97 102
97 103
97 105
97 106
97 108
97 109
97 110
97 111
97 112
97 114
97 116
97 117
97 125
97 129
97 130
97 131
97 132
97 133
97 134
97 135
97 136
97 138
97 140
97 141
97 142
97 143
97 145
97 147
97 148
97 149
97 150
97 151
97 154
97 157
97 158
97 159
97 161
98 99
98 101
98 102
98 105
98 106
98 109
98 113
98 115
98 117
98 118
98 125
98 126
98 127
98 129
98 130
98 132
98 134
98 137
98 138
98 139
98 142
98 145
98 149
98 152
98 154
98 155
98 157
98 161
99 101
99 102
99 103
99 106
99 107
99 108
99 109
99 111
99 112
99 113
99 114
99 115
99 116
99 117
99 125
99 129
99 133
99 134
99 135
99 136
99 138
99 139
99 141
99 144
99 146
99 148
99 150
99 151
99 154
99 157
99 160
100 102
100 105
100 106
100 109
100 113
100 114
100 115
100 117
100 118
100 120
100 121
100 126
100 133
100 134
100 138
100 142
100 146
100 151
100 153
100 154
100 161
101 102
101 103
101 105
101 106
101 107
101 108
101 109
101 111
101 113
101 114
101 115
101 116
101 117
101 118
101 119
101 125
101 126
101 127
101 128
101 129
101 130
101 132
101 133
101 134
101 135
101 136
101 137
101 139
101 140
101 141
101 142
101 145
101 147
101 149
101 150
101 151
101 153
101 154
101 155
101 156
101 157
101 158
101 159
101 160
102 106
102 107
102 108
102 109
102 110
102 112
102 114
102 116
102 117
102 118
102 120
102 121
102 125
102 126
102 128
102 129
102 130
102 131
102 134
102 135
102 136
102 137
102 138
102 139
102 140
102 142
102 143
102 145
102 146
102 147
102 148
102 149
102 151
102 152
102 155
102 158
102 159
102 160
102 161
103 106
103 113
103 116
103 133
103 134
103 138
103 140
103 143
103 145
103 148
103 151
103 152
103 154
103 156
103 157
103 159
103 161
104 105
104 112
104 114
104 119
104 126
104 128
104 134
104 140
104 149
104 153
104 157
105 106
105 109
105 111
105 113
105 114
105 116
105 117
105 118
105 120
105 121
105 124
105 125
105 129
105 130
105 131
105 133
105 137
105 138
105 142
105 145
105 146
105 147
105 148
105 150
105 151
105 152
105 153
105 158
105 161
106 108
106 110
106 112
106 113
106 114
106 115
106 116
106 118
106 125
106 126
106 127
106 130
106 134
106 135
106 136
106 137
106 139
106 140
106 141
106 143
106 144
106 145
106 147
106 150
106 151
106 152
106 153
106 154
106 156
106 157
106 158
106 160
107 109
107 112
107 114
107 115
107 131
107 133
107 139
107 140
107 142
107 145
107 146
107 148
107 152
107 154
107 157
107 159
107 161
108 111
108 112
108 114
108 115
108 116
108 118
108 121
108 122
108 123
108 125
108 126
108 129
108 131
108 133
108 134
108 135
108 136
108 137
108 138
108 139
108 141
108 142
108 145
108 146
108 147
108 150
108 153
108 154
108 157
108 158
108 159
108 160
109 113
109 114
109 116
109 118
109 121
109 125
109 128
109 129
109 130
109 133
109 137
109 138
109 139
109 140
109 142
109 143
109 146
109 147
109 148
109 150
109 151
109 152
109 153
109 157
109 160
110 114
110 118
110 119
110 122
110 125
110 131
110 138
110 139
110 141
110 142
110 143
110 147
110 161
111 114
111 115
111 116
111 117
111 118
111 119
111 123
111 129
111 131
111 135
111 138
111 142
111 147
111 151
111 153
111 154
111 160
112 113
112 114
112 115
112 117
112 118
112 126
112 127
112 131
112 132
112 133
112 134
112 135
112 138
112 140
112 146
112 151
112 154
112 155
112 157
112 158
112 159
112 161
113 116
113 117
113 118
113 119
113 124
113 125
113 129
113 132
113 133
113 134
113 136
113 138
113 139
113 141
113 142
113 143
113 147
113 150
113 152
113 153
113 154
113 158
113 159
113 161
114 115
114 117
114 118
114 119
114 120
114 122
114 123
114 124
114 129
114 130
114 131
114 132
114 133
114 134
114 137
114 138
114 139
114 142
114 145
114 147
114 149
114 150
114 152
114 153
114 155
114 157
114 158
114 159
114 161
115 116
115 118
115 119
115 120
115 125
115 128
115 129
115 131
115 133
115 134
115 138
115 139
115 140
115 141
115 142
115 146
115 147
115 149
115 150
115 151
115 152
115 154
115 155
115 156
115 157
115 158
115 159
116 118
116 130
116 131
116 134
116 136
116 139
116 142
116 143
116 147
116 152
116 154
116 158
116 161
117 118
117 121
117 123
117 124
117 126
117 131
117 133
117 134
117 135
117 136
117 137
117 138
117 139
117 140
117 141
117 142
117 143
117 144
117 146
117 150
117 152
117 153
117 154
117 157
118 119
118 125
118 126
118 129
118 130
118 131
118 132
118 133
118 135
118 137
118 141
118 142
118 143
118 146
118 150
118 152
118 153
118 154
118 155
118 156
118 158
118 159
118 160
118 161
119 123
119 132
119 134
119 142
119 143
119 147
119 148
119 153
119 157
119 158
120 123
120 125
120 131
120 135
120 153
121 131
121 134
121 135
121 137
121 139
121 142
121 147
121 155
121 161
122 131
122 145
122 155
123 126
123 133
123 137
123 154
124 145
124 150
124 154
125 127
125 129
125 130
125 131
125 136
125 141
125 142
125 145
125 147
125 148
125 149
125 150
125 151
125 152
125 154
125 155
125 157
125 159
125 160
125 161
126 129
126 131
126 132
126 133
126 135
126 137
126 138
126 139
126 141
126 142
126 145
126 148
126 149
126 150
126 151
126 152
126 153
126 157
127 130
127 131
127 133
127 135
127 137
127 152
127 154
128 129
128 130
128 133
128 135
128 137
128 138
128 142
128 143
128 145
128 152
128 154
128 155
128 157
128 160
128 161
129 130
129 131
129 134
129 135
129 137
129 138
129 139
129 141
129 143
129 146
129 149
129 150
129 151
129 154
129 155
129 157
129 158
129 160
129 161
130 133
130 135
130 137
130 138
130 139
130 148
130 149
130 150
130 151
130 152
130 153
130 158
130 160
130 161
131 134
131 135
131 136
131 137
131 138
131 142
131 145
131 146
131 150
131 152
131 154
131 155
131 157
131 158
131 159
131 160
131 161
132 138
132 142
132 147
132 149
132 151
133 134
133 135
133 137
133 141
133 143
133 145
133 146
133 147
133 148
133 149
133 151
133 152
133 153
133 154
133 155
133 158
133 160
133 161
134 135
134 138
134 139
134 141
134 142
134 145
134 147
134 149
134 150
134 151
134 152
134 153
134 154
134 157
134 158
134 160
134 161
135 141
135 142
135 147
135 148
135 149
135 151
135 152
135 153
135 154
135 161
136 137
136 138
136 142
136 146
136 152
136 157
137 138
137 140
137 141
137 142
137 144
137 145
137 147
137 151
137 152
137 154
137 155
137 157
137 158
137 160
138 139
138 140
138 141
138 142
138 143
138 144
138 152
138 153
138 154
138 155
138 156
138 157
138 158
138 161
139 140
139 141
139 142
139 143
139 145
139 146
139 151
139 152
139 153
139 154
139 155
139 157
139 159
139 160
140 142
140 158
141 142
141 146
141 147
141 148
141 151
141 156
141 157
141 158
142 145
142 146
142 147
142 148
142 149
142 150
142 152
142 153
142 154
142 157
142 158
142 159
142 160
142 161
143 150
143 152
143 155
144 151
145 147
145 151
145 154
145 160
146 148
146 149
146 150
146 152
146 156
146 157
146 159
146 160
147 149
147 152
147 153
147 154
147 155
147 157
147 158
147 160
148 150
148 159
148 160
149 151
149 154
149 158
149 160
149 161
150 151
150 153
150 154
150 158
151 152
151 153
151 154
151 157
151 161
152 153
152 154
152 155
152 158
152 159
152 160
153 158
153 159
153 161
154 155
154 156
154 157
154 159
154 161
155 158
155 159
157 160
159 160
159 161
