0 2
0 7
0 11
0 12
0 14
0 19
0 23
0 24
0 25
0 26
0 28
0 32
0 34
0 37
0 44
0 46
0 49
0 51
0 52
0 54
0 56
0 58
0 61
0 67
0 68
0 71
0 74
0 75
0 77
0 79
0 85
0 86
0 88
0 92
0 94
0 96
0 97
0 98
0 100
0 102
0 104
0 105
0 109
0 114
0 115
0 117
0 118
0 125
0 129
0 131
0 134
0 135
0 142
0 147
0 151
0 152
0 153
0 157
0 158
0 161
1 2
1 3
1 4
1 6
1 7
1 10
1 11
1 14
1 19
1 25
1 26
1 27
1 30
1 31
1 32
1 38
1 44
1 45
1 46
1 49
1 53
1 54
1 55
1 56
1 60
1 63
1 64
1 66
1 67
1 68
1 70
1 71
1 79
1 83
1 98
1 103
1 106
1 108
1 109
1 112
1 113
1 114
1 119
1 123
1 125
1 128
1 129
1 133
1 135
1 138
1 139
1 142
1 146
1 147
1 148
1 149
1 154
1 155
1 157
1 158
2 4
2 7
2 11
2 17
2 24
2 25
2 26
2 29
2 34
2 40
2 42
2 49
2 51
2 57
2 58
2 64
2 67
2 70
2 77
2 79
2 82
2 84
2 87
2 94
2 104
2 105
2 106
2 107
2 111
2 112
2 115
2 118
2 121
2 125
2 126
2 130
2 135
2 137
2 139
2 142
2 147
2 148
2 153
2 154
2 156
2 158
2 160
2 161
3 4
3 8
3 9
3 10
3 11
3 17
3 19
3 24
3 26
3 30
3 31
3 34
3 39
3 40
3 44
3 54
3 56
3 60
3 66
3 68
3 71
3 72
3 74
3 79
3 85
3 92
3 94
3 96
3 97
3 110
3 112
3 114
3 129
3 135
3 136
3 138
3 142
3 146
3 148
3 149
3 150
3 151
3 155
3 159
3 161
4 6
4 7
4 11
4 12
4 13
4 14
4 15
4 16
4 20
4 21
4 24
4 25
4 28
4 31
4 32
4 35
4 37
4 38
4 39
4 40
4 41
4 42
4 44
4 46
4 48
4 51
4 52
4 54
4 55
4 57
4 58
4 59
4 63
4 64
4 66
4 68
4 70
4 71
4 73
4 74
4 75
4 76
4 77
4 79
4 80
4 82
4 84
4 89
4 92
4 94
4 96
4 97
4 98
4 101
4 102
4 103
4 105
4 106
4 107
4 108
4 111
4 112
4 113
4 115
4 116
4 118
4 119
4 120
4 125
4 128
4 129
4 131
4 133
4 134
4 135
4 137
4 138
4 139
4 142
4 145
4 146
4 147
4 149
4 151
4 152
4 153
4 154
4 157
4 158
4 159
4 161
5 9
5 15
5 17
5 20
5 23
5 24
5 26
5 44
5 49
5 51
5 54
5 55
5 56
5 64
5 67
5 72
5 73
5 85
5 94
5 95
5 101
5 103
5 113
5 114
5 116
5 125
5 136
5 138
5 140
5 142
5 147
5 148
5 151
5 154
5 155
5 158
5 159
5 160
5 161
6 7
6 11
6 13
6 14
6 15
6 16
6 18
6 19
6 20
6 23
6 26
6 28
6 29
6 31
6 32
6 37
6 38
6 39
6 40
6 43
6 45
6 46
6 50
6 51
6 54
6 55
6 56
6 58
6 60
6 61
6 63
6 64
6 65
6 66
6 67
6 68
6 69
6 71
6 73
6 74
6 75
6 77
6 78
6 80
6 81
6 83
6 84
6 85
6 86
6 87
6 92
6 94
6 97
6 99
6 102
6 104
6 105
6 106
6 107
6 109
6 112
6 113
6 115
6 116
6 117
6 119
6 121
6 125
6 128
6 129
6 130
6 131
6 132
6 135
6 136
6 137
6 138
6 139
6 142
6 143
6 144
6 145
6 146
6 147
6 149
6 150
6 151
6 152
6 153
6 157
6 158
6 159
6 161
7 9
7 12
7 13
7 16
7 18
7 19
7 21
7 23
7 26
7 29
7 30
7 31
7 32
7 33
7 37
7 38
7 42
7 43
7 44
7 45
7 46
7 50
7 51
7 54
7 55
7 56
7 57
7 58
7 59
7 60
7 63
7 64
7 65
7 67
7 68
7 69
7 70
7 71
7 73
7 74
7 77
7 80
7 81
7 83
7 84
7 86
7 87
7 88
7 89
7 91
7 94
7 97
7 100
7 102
7 103
7 105
7 106
7 109
7 111
7 112
7 113
7 114
7 115
7 117
7 121
7 123
7 125
7 128
7 129
7 131
7 133
7 134
7 135
7 136
7 137
7 138
7 139
7 145
7 148
7 151
7 152
7 154
7 156
7 157
7 158
7 161
8 9
8 12
8 26
8 31
8 41
8 46
8 49
8 50
8 51
8 56
8 57
8 64
8 65
8 67
8 68
8 70
8 77
8 83
8 94
8 101
8 111
8 117
8 123
8 126
8 129
8 134
8 139
8 143
8 146
8 147
8 151
9 13
9 18
9 19
9 21
9 25
9 26
9 31
9 35
9 37
9 38
9 40
9 45
9 49
9 50
9 54
9 56
9 58
9 61
9 64
9 66
9 70
9 73
9 74
9 75
9 77
9 79
9 80
9 84
9 85
9 88
9 94
9 96
9 97
9 100
9 101
9 102
9 103
9 106
9 107
9 108
9 113
9 115
9 118
9 119
9 120
9 125
9 126
9 127
9 130
9 131
9 133
9 134
9 137
9 138
9 139
9 141
9 143
9 144
9 145
9 147
9 148
9 154
9 155
9 158
9 160
10 19
10 24
10 26
10 27
10 31
10 32
10 39
10 42
10 45
10 46
10 52
10 55
10 58
10 59
10 65
10 66
10 67
10 68
10 69
10 70
10 72
10 73
10 74
10 75
10 79
10 84
10 87
10 90
10 94
10 95
10 97
10 99
10 100
10 102
10 105
10 106
10 107
10 108
10 110
10 111
10 112
10 114
10 115
10 116
10 117
10 118
10 119
10 125
10 126
10 129
10 133
10 134
10 135
10 136
10 139
10 141
10 142
10 147
10 150
10 151
10 158
11 13
11 14
11 17
11 19
11 20
11 21
11 30
11 31
11 36
11 37
11 39
11 40
11 42
11 44
11 45
11 46
11 49
11 51
11 52
11 54
11 57
11 58
11 61
11 63
11 64
11 65
11 66
11 67
11 68
11 70
11 71
11 72
11 73
11 74
11 75
11 77
11 78
11 80
11 81
11 82
11 83
11 84
11 87
11 89
11 91
11 95
11 96
11 97
11 99
11 102
11 104
11 106
11 111
11 112
11 113
11 115
11 116
11 117
11 121
11 124
11 125
11 126
11 128
11 129
11 130
11 131
11 132
11 133
11 134
11 135
11 137
11 139
11 141
11 144
11 145
11 146
11 147
11 152
11 154
11 155
11 158
11 159
11 161
12 13
12 14
12 15
12 25
12 26
12 30
12 35
12 37
12 38
12 42
12 44
12 47
12 48
12 49
12 50
12 51
12 52
12 53
12 58
12 61
12 62
12 68
12 70
12 72
12 80
12 81
12 87
12 97
12 103
12 106
12 108
12 113
12 115
12 117
12 118
12 119
12 120
12 125
12 129
12 130
12 134
12 138
12 142
12 145
12 150
12 154
12 158
13 14
13 17
13 18
13 19
13 21
13 30
13 36
13 37
13 43
13 47
13 51
13 54
13 55
13 57
13 59
13 65
13 66
13 67
13 68
13 70
13 71
13 74
13 77
13 80
13 81
13 85
13 89
13 94
13 95
13 97
13 100
13 101
13 102
13 105
13 106
13 107
13 108
13 112
13 113
13 117
13 118
13 126
13 129
13 131
13 132
13 133
13 134
13 137
13 138
13 142
13 146
13 147
13 152
13 159
13 160
13 161
14 15
14 16
14 18
14 19
14 20
14 21
14 22
14 23
14 24
14 26
14 31
14 32
14 34
14 35
14 38
14 40
14 44
14 45
14 46
14 49
14 50
14 52
14 53
14 54
14 55
14 60
14 62
14 64
14 65
14 66
14 67
14 69
14 70
14 71
14 72
14 74
14 76
14 79
14 80
14 82
14 83
14 87
14 88
14 89
14 90
14 91
14 93
14 94
14 97
14 98
14 99
14 100
14 101
14 102
14 103
14 104
14 105
14 106
14 108
14 109
14 111
14 112
14 113
14 114
14 115
14 116
14 118
14 119
14 120
14 125
14 126
14 128
14 129
14 130
14 131
14 133
14 134
14 137
14 138
14 140
14 141
14 142
14 145
14 147
14 148
14 149
14 150
14 151
14 152
14 153
14 154
14 157
14 158
14 160
14 161
15 21
15 23
15 49
15 51
15 54
15 59
15 60
15 64
15 65
15 66
15 72
15 75
15 89
15 94
15 101
15 102
15 103
15 106
15 110
15 112
15 113
15 114
15 115
15 117
15 125
15 129
15 135
15 139
15 151
15 158
15 161
16 18
16 21
16 24
16 32
16 36
16 42
16 44
16 51
16 52
16 54
16 56
16 58
16 59
16 63
16 65
16 67
16 70
16 87
16 88
16 99
16 100
16 102
16 108
16 113
16 125
16 129
16 130
16 137
16 138
16 139
16 142
16 143
16 150
16 154
16 161
17 22
17 26
17 27
17 31
17 45
17 49
17 50
17 51
17 56
17 64
17 65
17 72
17 73
17 77
17 80
17 88
17 89
17 103
17 106
17 108
17 129
17 131
17 132
17 137
17 143
17 151
17 158
17 159
18 22
18 26
18 29
18 30
18 31
18 32
18 34
18 35
18 36
18 37
18 38
18 40
18 42
18 45
18 46
18 48
18 49
18 51
18 54
18 57
18 58
18 64
18 65
18 66
18 67
18 68
18 69
18 70
18 72
18 73
18 75
18 79
18 80
18 81
18 83
18 84
18 85
18 97
18 103
18 106
18 109
18 111
18 113
18 114
18 117
18 118
18 121
18 126
18 129
18 132
18 133
18 134
18 136
18 137
18 140
18 143
18 145
18 149
18 151
18 152
18 153
18 159
19 21
19 22
19 23
19 26
19 30
19 31
19 32
19 34
19 35
19 36
19 38
19 43
19 44
19 45
19 46
19 47
19 48
19 49
19 53
19 54
19 55
19 56
19 63
19 64
19 65
19 67
19 68
19 69
19 73
19 74
19 75
19 76
19 77
19 79
19 80
19 83
19 84
19 85
19 86
19 88
19 89
19 91
19 94
19 96
19 97
19 98
19 99
19 101
19 102
19 104
19 108
19 109
19 110
19 113
19 115
19 117
19 125
19 126
19 128
19 129
19 130
19 131
19 133
19 134
19 137
19 138
19 139
19 141
19 143
19 145
19 146
19 147
19 151
19 152
19 154
19 155
19 157
19 160
19 161
20 25
20 26
20 29
20 30
20 31
20 32
20 34
20 42
20 48
20 54
20 64
20 67
20 68
20 72
20 73
20 76
20 82
20 83
20 84
20 97
20 98
20 102
20 103
20 107
20 108
20 111
20 113
20 114
20 118
20 125
20 126
20 131
20 134
20 135
20 137
20 145
20 150
20 152
20 154
20 155
20 158
21 22
21 23
21 25
21 26
21 29
21 31
21 33
21 34
21 35
21 39
21 40
21 43
21 44
21 46
21 47
21 49
21 50
21 51
21 52
21 54
21 55
21 56
21 58
21 61
21 62
21 63
21 64
21 66
21 67
21 68
21 70
21 71
21 73
21 74
21 75
21 76
21 77
21 79
21 81
21 82
21 84
21 85
21 87
21 89
21 91
21 92
21 93
21 94
21 96
21 97
21 101
21 103
21 104
21 106
21 107
21 108
21 112
21 113
21 114
21 118
21 123
21 126
21 129
21 131
21 133
21 134
21 135
21 137
21 141
21 143
21 145
21 147
21 152
21 153
21 154
21 157
21 158
21 159
21 161
22 23
22 25
22 30
22 36
22 38
22 54
22 55
22 56
22 64
22 66
22 67
22 68
22 69
22 71
22 72
22 74
22 79
22 80
22 86
22 91
22 93
22 96
22 99
22 105
22 108
22 115
22 116
22 117
22 125
22 133
22 138
22 142
22 147
22 148
22 152
22 154
22 157
22 160
23 25
23 26
23 31
23 32
23 40
23 43
23 47
23 49
23 53
23 54
23 55
23 57
23 58
23 61
23 62
23 63
23 74
23 80
23 89
23 90
23 92
23 93
23 94
23 96
23 97
23 98
23 99
23 101
23 102
23 108
23 109
23 113
23 117
23 118
23 119
23 120
23 125
23 128
23 129
23 131
23 133
23 139
23 142
23 143
23 152
23 154
23 157
24 32
24 39
24 44
24 46
24 49
24 56
24 58
24 72
24 74
24 78
24 80
24 82
24 83
24 90
24 91
24 94
24 105
24 106
24 107
24 108
24 110
24 111
24 112
24 114
24 117
24 120
24 121
24 129
24 132
24 133
24 134
24 143
24 145
24 147
24 149
24 150
24 158
24 159
25 26
25 30
25 36
25 38
25 40
25 43
25 44
25 45
25 49
25 50
25 54
25 58
25 62
25 63
25 64
25 66
25 67
25 68
25 69
25 70
25 71
25 72
25 73
25 75
25 77
25 79
25 80
25 84
25 85
25 86
25 87
25 92
25 94
25 95
25 96
25 97
25 98
25 101
25 103
25 105
25 106
25 109
25 110
25 113
25 114
25 115
25 117
25 118
25 129
25 131
25 133
25 135
25 137
25 138
25 139
25 140
25 141
25 146
25 147
25 151
25 152
25 153
25 154
25 159
25 161
26 27
26 28
26 30
26 31
26 32
26 35
26 36
26 40
26 42
26 46
26 47
26 48
26 49
26 50
26 51
26 52
26 54
26 55
26 56
26 58
26 59
26 60
26 61
26 62
26 63
26 64
26 67
26 68
26 69
26 71
26 72
26 73
26 74
26 75
26 77
26 78
26 81
26 84
26 85
26 86
26 87
26 88
26 89
26 91
26 92
26 93
26 94
26 95
26 97
26 99
26 100
26 101
26 102
26 103
26 105
26 106
26 108
26 111
26 112
26 114
26 115
26 117
26 118
26 120
26 124
26 125
26 126
26 127
26 128
26 129
26 131
26 132
26 133
26 134
26 137
26 138
26 141
26 142
26 145
26 146
26 147
26 149
26 151
26 152
26 154
26 155
26 157
26 158
26 160
26 161
27 40
27 45
27 51
27 52
27 54
27 64
27 65
27 67
27 70
27 71
27 73
27 77
27 79
27 83
27 84
27 85
27 86
27 90
27 112
27 117
27 129
27 130
27 133
27 137
27 138
27 142
27 143
27 151
27 157
27 160
28 29
28 30
28 31
28 36
28 37
28 38
28 40
28 43
28 44
28 48
28 49
28 50
28 55
28 56
28 58
28 61
28 65
28 67
28 70
28 71
28 74
28 76
28 77
28 82
28 84
28 93
28 94
28 109
28 111
28 113
28 115
28 124
28 134
28 137
28 142
28 143
28 146
28 147
28 148
28 154
28 155
28 157
28 160
28 161
29 31
29 35
29 37
29 42
29 45
29 54
29 56
29 59
29 74
29 94
29 101
29 103
29 105
29 106
29 107
29 110
29 113
29 115
29 119
29 122
29 124
29 126
29 129
29 133
29 134
29 139
29 143
29 145
29 146
29 147
29 151
29 153
29 154
29 157
29 161
30 31
30 34
30 37
30 38
30 39
30 40
30 43
30 45
30 49
30 50
30 54
30 55
30 56
30 58
30 59
30 60
30 64
30 66
30 67
30 68
30 69
30 71
30 72
30 74
30 75
30 76
30 77
30 79
30 82
30 86
30 88
30 89
30 93
30 95
30 96
30 97
30 99
30 101
30 102
30 107
30 108
30 109
30 110
30 112
30 113
30 114
30 115
30 116
30 117
30 118
30 121
30 122
30 124
30 125
30 129
30 131
30 132
30 133
30 135
30 137
30 138
30 141
30 142
30 143
30 145
30 146
30 147
30 149
30 151
30 152
30 153
30 154
30 155
30 156
30 158
30 161
31 35
31 36
31 40
31 44
31 45
31 46
31 49
31 52
31 54
31 55
31 56
31 58
31 60
31 62
31 63
31 64
31 65
31 67
31 68
31 69
31 70
31 71
31 72
31 73
31 74
31 75
31 78
31 79
31 80
31 84
31 85
31 87
31 88
31 89
31 91
31 92
31 93
31 94
31 100
31 101
31 102
31 103
31 105
31 106
31 108
31 109
31 112
31 113
31 115
31 117
31 118
31 121
31 125
31 128
31 130
31 133
31 134
31 135
31 137
31 138
31 139
31 142
31 143
31 145
31 146
31 148
31 149
31 151
31 152
31 153
31 154
31 156
31 157
31 158
31 160
31 161
32 35
32 36
32 37
32 38
32 39
32 40
32 43
32 44
32 45
32 46
32 48
32 49
32 50
32 51
32 53
32 54
32 57
32 59
32 62
32 64
32 66
32 67
32 68
32 69
32 70
32 71
32 72
32 73
32 74
32 75
32 77
32 79
32 89
32 92
32 94
32 95
32 96
32 97
32 98
32 101
32 102
32 105
32 108
32 109
32 113
32 114
32 115
32 117
32 118
32 122
32 124
32 126
32 129
32 130
32 131
32 133
32 134
32 135
32 137
32 138
32 140
32 141
32 142
32 146
32 147
32 148
32 149
32 153
32 154
32 155
32 156
32 161
33 39
33 40
33 44
33 48
33 49
33 51
33 64
33 65
33 70
33 74
33 76
33 77
33 79
33 83
33 90
33 94
33 101
33 102
33 105
33 111
33 112
33 114
33 115
33 138
33 145
33 154
33 157
34 36
34 38
34 42
34 45
34 54
34 56
34 63
34 64
34 65
34 66
34 67
34 68
34 69
34 79
34 84
34 85
34 87
34 88
34 92
34 101
34 105
34 106
34 114
34 115
34 117
34 118
34 129
34 131
34 132
34 136
34 141
34 147
34 152
34 157
34 158
34 160
35 36
35 37
35 38
35 40
35 41
35 42
35 44
35 48
35 49
35 51
35 52
35 54
35 55
35 59
35 65
35 66
35 68
35 69
35 71
35 72
35 74
35 80
35 84
35 85
35 86
35 89
35 93
35 94
35 97
35 100
35 101
35 102
35 103
35 104
35 105
35 106
35 109
35 110
35 111
35 114
35 116
35 119
35 121
35 126
35 129
35 130
35 133
35 134
35 135
35 137
35 139
35 140
35 141
35 142
35 146
35 149
35 150
35 153
35 158
35 159
35 160
36 38
36 39
36 40
36 41
36 43
36 44
36 45
36 47
36 49
36 51
36 54
36 57
36 58
36 59
36 63
36 65
36 67
36 68
36 70
36 71
36 72
36 73
36 82
36 87
36 89
36 91
36 93
36 94
36 97
36 99
36 100
36 102
36 107
36 108
36 109
36 111
36 114
36 115
36 117
36 118
36 125
36 129
36 130
36 134
36 135
36 136
36 139
36 145
36 151
36 152
36 154
36 155
36 158
36 160
36 161
37 38
37 39
37 40
37 45
37 58
37 64
37 65
37 66
37 67
37 68
37 72
37 73
37 78
37 79
37 80
37 82
37 85
37 87
37 88
37 89
37 93
37 99
37 101
37 102
37 105
37 106
37 107
37 108
37 109
37 113
37 118
37 123
37 125
37 128
37 129
37 131
37 133
37 134
37 137
37 138
37 139
37 145
37 147
37 150
37 151
37 152
37 154
37 158
37 159
37 160
37 161
38 40
38 43
38 44
38 47
38 48
38 49
38 50
38 51
38 52
38 53
38 54
38 56
38 57
38 58
38 59
38 63
38 64
38 67
38 68
38 71
38 74
38 75
38 76
38 77
38 81
38 83
38 85
38 87
38 89
38 92
38 93
38 94
38 97
38 98
38 99
38 100
38 101
38 102
38 109
38 111
38 112
38 113
38 116
38 117
38 129
38 131
38 133
38 134
38 135
38 136
38 137
38 138
38 144
38 145
38 146
38 151
38 152
38 154
38 155
38 157
38 159
39 40
39 46
39 49
39 51
39 52
39 54
39 55
39 56
39 57
39 63
39 64
39 68
39 70
39 71
39 72
39 75
39 77
39 79
39 80
39 83
39 85
39 88
39 91
39 93
39 95
39 101
39 104
39 106
39 107
39 108
39 109
39 110
39 113
39 117
39 125
39 126
39 129
39 133
39 137
39 138
39 139
39 146
39 147
39 149
39 150
39 151
39 152
39 154
39 157
39 158
40 41
40 43
40 44
40 45
40 47
40 48
40 52
40 53
40 54
40 55
40 56
40 59
40 60
40 61
40 62
40 64
40 65
40 66
40 67
40 68
40 69
40 72
40 73
40 74
40 75
40 76
40 77
40 80
40 82
40 83
40 84
40 88
40 91
40 94
40 96
40 99
40 100
40 101
40 102
40 103
40 104
40 105
40 106
40 107
40 108
40 109
40 110
40 111
40 112
40 113
40 115
40 116
40 117
40 118
40 119
40 120
40 121
40 127
40 129
40 131
40 133
40 135
40 137
40 138
40 139
40 141
40 142
40 145
40 146
40 147
40 148
40 149
40 150
40 151
40 152
40 153
40 154
40 155
40 158
40 160
40 161
41 51
41 54
41 56
41 63
41 66
41 70
41 79
41 84
41 86
41 89
41 93
41 105
41 108
41 113
41 118
41 121
41 126
41 129
41 132
41 134
41 136
41 137
41 138
41 151
41 154
41 155
41 156
41 158
41 161
42 45
42 46
42 47
42 54
42 55
42 59
42 65
42 68
42 70
42 71
42 72
42 73
42 74
42 78
42 79
42 81
42 84
42 87
42 89
42 94
42 97
42 99
42 100
42 105
42 109
42 113
42 114
42 115
42 117
42 118
42 125
42 126
42 130
42 131
42 138
42 140
42 142
42 145
42 147
42 152
42 154
42 158
42 160
43 49
43 51
43 54
43 56
43 57
43 63
43 64
43 65
43 66
43 69
43 70
43 71
43 73
43 76
43 79
43 89
43 90
43 93
43 94
43 97
43 98
43 99
43 103
43 105
43 106
43 109
43 110
43 113
43 114
43 117
43 118
43 129
43 131
43 133
43 137
43 140
43 142
43 144
43 146
43 149
43 151
43 152
43 155
43 157
43 158
43 159
43 161
44 45
44 46
44 49
44 50
44 52
44 54
44 55
44 56
44 59
44 61
44 62
44 63
44 64
44 65
44 66
44 67
44 68
44 69
44 70
44 71
44 72
44 74
44 76
44 77
44 78
44 79
44 80
44 81
44 83
44 85
44 86
44 89
44 91
44 99
44 100
44 101
44 103
44 105
44 106
44 107
44 109
44 110
44 112
44 113
44 115
44 117
44 118
44 122
44 125
44 129
44 131
44 133
44 135
44 137
44 138
44 139
44 141
44 142
44 145
44 147
44 149
44 150
44 151
44 152
44 153
44 157
44 158
44 160
44 161
45 49
45 51
45 52
45 54
45 58
45 59
45 60
45 61
45 62
45 63
45 66
45 67
45 68
45 69
45 70
45 71
45 72
45 73
45 74
45 75
45 78
45 79
45 81
45 82
45 84
45 86
45 90
45 92
45 94
45 97
45 99
45 103
45 105
45 106
45 107
45 110
45 111
45 113
45 114
45 115
45 117
45 118
45 121
45 123
45 126
45 128
45 129
45 131
45 132
45 133
45 137
45 142
45 145
45 149
45 150
45 151
45 152
45 154
45 157
45 158
46 48
46 50
46 52
46 54
46 55
46 56
46 58
46 64
46 68
46 72
46 73
46 74
46 75
46 76
46 79
46 87
46 89
46 93
46 94
46 100
46 101
46 104
46 105
46 106
46 108
46 109
46 112
46 114
46 115
46 117
46 118
46 119
46 124
46 125
46 129
46 131
46 134
46 135
46 138
46 142
46 144
46 145
46 146
46 148
46 150
46 151
46 152
46 154
46 158
46 160
46 161
47 49
47 50
47 54
47 61
47 64
47 69
47 70
47 72
47 74
47 77
47 93
47 94
47 95
47 96
47 101
47 108
47 117
47 133
47 134
47 138
47 139
47 140
47 143
47 147
47 152
47 154
47 157
48 59
48 65
48 67
48 68
48 70
48 73
48 84
48 86
48 94
48 99
48 100
48 106
48 108
48 110
48 121
48 129
48 131
48 141
48 142
48 152
48 155
48 157
49 50
49 51
49 53
49 55
49 56
49 59
49 63
49 64
49 65
49 66
49 67
49 68
49 69
49 70
49 71
49 72
49 74
49 75
49 77
49 79
49 84
49 87
49 89
49 93
49 94
49 95
49 98
49 102
49 104
49 105
49 109
49 112
49 113
49 114
49 117
49 118
49 119
49 124
49 125
49 126
49 128
49 129
49 131
49 137
49 138
49 141
49 142
49 143
49 145
49 146
49 147
49 148
49 149
49 151
49 152
49 154
49 155
49 156
49 158
49 159
49 160
49 161
50 52
50 53
50 54
50 55
50 57
50 64
50 67
50 68
50 69
50 70
50 71
50 72
50 76
50 77
50 79
50 84
50 94
50 95
50 97
50 101
50 102
50 103
50 104
50 105
50 108
50 113
50 114
50 115
50 117
50 118
50 120
50 125
50 126
50 128
50 129
50 130
50 131
50 134
50 135
50 136
50 137
50 138
50 140
50 141
50 142
50 143
50 145
50 146
50 151
50 152
50 153
50 154
50 155
50 158
50 160
51 52
51 53
51 55
51 56
51 59
51 61
51 63
51 64
51 69
51 70
51 71
51 72
51 74
51 75
51 76
51 77
51 79
51 83
51 84
51 85
51 87
51 88
51 89
51 90
51 91
51 92
51 93
51 94
51 97
51 98
51 101
51 102
51 103
51 104
51 105
51 106
51 107
51 109
51 110
51 111
51 114
51 115
51 117
51 118
51 119
51 123
51 125
51 127
51 128
51 129
51 130
51 131
51 133
51 134
51 135
51 137
51 138
51 141
51 142
51 145
51 146
51 147
51 149
51 150
51 151
51 153
51 154
51 157
51 158
51 159
51 160
52 53
52 54
52 55
52 59
52 60
52 63
52 64
52 69
52 73
52 77
52 79
52 80
52 81
52 83
52 87
52 93
52 94
52 97
52 106
52 107
52 108
52 111
52 114
52 115
52 117
52 125
52 130
52 131
52 132
52 134
52 138
52 143
52 145
52 146
52 148
52 150
52 151
52 152
52 153
52 154
52 155
52 157
52 158
52 160
53 54
53 56
53 57
53 59
53 62
53 64
53 65
53 72
53 75
53 80
53 84
53 86
53 90
53 91
53 93
53 95
53 97
53 99
53 105
53 106
53 109
53 115
53 116
53 117
53 118
53 128
53 129
53 131
53 134
53 136
53 142
53 145
53 151
53 152
53 153
53 154
53 159
53 160
53 161
54 55
54 56
54 58
54 59
54 60
54 61
54 65
54 66
54 68
54 70
54 71
54 72
54 73
54 74
54 76
54 79
54 82
54 84
54 87
54 88
54 89
54 92
54 93
54 97
54 98
54 99
54 100
54 101
54 102
54 103
54 105
54 106
54 108
54 109
54 110
54 113
54 117
54 118
54 119
54 121
54 125
54 126
54 127
54 129
54 130
54 131
54 133
54 134
54 135
54 137
54 138
54 139
54 140
54 141
54 142
54 146
54 148
54 151
54 152
54 153
54 154
54 155
54 157
54 158
54 160
54 161
55 61
55 63
55 65
55 67
55 68
55 69
55 72
55 73
55 74
55 75
55 76
55 79
55 80
55 82
55 84
55 85
55 87
55 89
55 92
55 94
55 95
55 96
55 97
55 102
55 103
55 106
55 108
55 109
55 112
55 113
55 114
55 118
55 119
55 123
55 128
55 129
55 133
55 134
55 135
55 136
55 137
55 139
55 142
55 150
55 151
55 152
55 153
55 155
55 158
55 159
56 58
56 61
56 62
56 63
56 64
56 65
56 67
56 68
56 69
56 70
56 72
56 73
56 74
56 75
56 79
56 82
56 84
56 85
56 88
56 89
56 91
56 92
56 93
56 95
56 96
56 97
56 98
56 100
56 101
56 102
56 105
56 106
56 107
56 108
56 110
56 112
56 113
56 114
56 117
56 118
56 125
56 128
56 131
56 133
56 135
56 137
56 138
56 142
56 143
56 144
56 145
56 146
56 147
56 150
56 151
56 152
56 153
56 154
56 155
56 158
56 161
57 62
57 67
57 68
57 69
57 75
57 87
57 105
57 115
57 116
57 118
57 136
57 139
57 142
57 157
57 159
57 160
58 59
58 65
58 66
58 67
58 69
58 70
58 71
58 72
58 73
58 81
58 84
58 87
58 89
58 93
58 96
58 97
58 98
58 102
58 104
58 106
58 109
58 110
58 112
58 113
58 114
58 115
58 120
58 125
58 128
58 129
58 130
58 133
58 134
58 137
58 138
58 141
58 142
58 143
58 145
58 147
58 149
58 150
58 151
58 152
58 153
58 154
58 159
59 65
59 66
59 67
59 68
59 71
59 72
59 74
59 75
59 78
59 88
59 94
59 95
59 101
59 102
59 103
59 107
59 108
59 110
59 112
59 115
59 118
59 125
59 135
59 137
59 142
59 143
59 146
59 147
59 148
59 149
59 151
59 152
59 158
59 160
60 65
60 71
60 82
60 85
60 89
60 98
60 102
60 106
60 108
60 126
60 133
60 134
60 137
60 142
60 145
60 146
60 149
60 152
60 157
60 158
61 63
61 64
61 65
61 66
61 68
61 70
61 71
61 72
61 83
61 88
61 91
61 103
61 104
61 105
61 106
61 107
61 108
61 110
61 114
61 115
61 116
61 117
61 118
61 126
61 130
61 134
61 135
61 136
61 137
61 138
61 140
61 145
61 147
61 154
61 158
62 68
62 74
62 77
62 80
62 89
62 90
62 95
62 102
62 107
62 108
62 109
62 111
62 112
62 114
62 116
62 117
62 118
62 122
62 123
62 125
62 129
62 133
62 138
62 142
62 144
62 146
62 151
62 153
62 157
62 161
63 65
63 67
63 69
63 72
63 73
63 74
63 77
63 79
63 86
63 87
63 88
63 89
63 92
63 94
63 95
63 99
63 101
63 102
63 104
63 105
63 106
63 109
63 111
63 113
63 114
63 115
63 116
63 117
63 122
63 126
63 129
63 130
63 131
63 134
63 137
63 138
63 139
63 142
63 146
63 152
63 153
63 155
63 157
63 159
63 160
63 161
64 65
64 66
64 67
64 68
64 71
64 72
64 73
64 74
64 76
64 77
64 79
64 80
64 81
64 83
64 84
64 85
64 86
64 88
64 91
64 92
64 93
64 94
64 95
64 96
64 102
64 103
64 104
64 106
64 108
64 109
64 111
64 113
64 114
64 115
64 117
64 118
64 121
64 125
64 129
64 130
64 131
64 133
64 134
64 135
64 137
64 138
64 139
64 141
64 142
64 146
64 147
64 150
64 152
64 153
64 154
64 157
64 158
64 161
65 66
65 67
65 68
65 69
65 70
65 71
65 72
65 73
65 74
65 75
65 76
65 77
65 83
65 85
65 87
65 89
65 90
65 91
65 92
65 93
65 94
65 95
65 96
65 97
65 99
65 101
65 102
65 104
65 105
65 108
65 110
65 111
65 113
65 115
65 117
65 118
65 120
65 121
65 123
65 125
65 127
65 129
65 131
65 133
65 142
65 145
65 150
65 151
65 153
65 155
65 157
65 159
65 161
66 67
66 68
66 69
66 70
66 71
66 72
66 74
66 75
66 76
66 77
66 79
66 80
66 82
66 84
66 86
66 87
66 89
66 91
66 92
66 93
66 95
66 97
66 101
66 102
66 106
66 108
66 109
66 110
66 111
66 112
66 113
66 114
66 117
66 118
66 119
66 121
66 125
66 126
66 129
66 130
66 133
66 134
66 135
66 137
66 138
66 139
66 145
66 147
66 149
66 150
66 152
66 154
66 155
66 157
66 158
66 159
67 68
67 69
67 70
67 71
67 72
67 73
67 74
67 75
67 76
67 77
67 79
67 81
67 82
67 83
67 84
67 85
67 86
67 88
67 89
67 91
67 93
67 94
67 95
67 102
67 105
67 106
67 108
67 109
67 110
67 112
67 113
67 115
67 116
67 117
67 118
67 124
67 125
67 126
67 127
67 129
67 130
67 131
67 132
67 133
67 134
67 135
67 136
67 137
67 138
67 140
67 141
67 146
67 147
67 148
67 150
67 151
67 152
67 154
67 155
67 157
67 160
68 70
68 72
68 73
68 74
68 75
68 76
68 77
68 79
68 84
68 86
68 87
68 89
68 94
68 95
68 97
68 98
68 99
68 102
68 105
68 110
68 111
68 113
68 114
68 115
68 116
68 117
68 118
68 121
68 122
68 127
68 129
68 130
68 131
68 133
68 134
68 135
68 136
68 137
68 138
68 139
68 141
68 143
68 147
68 151
68 152
68 153
68 155
68 156
68 157
68 158
68 159
68 160
68 161
69 70
69 71
69 72
69 73
69 74
69 77
69 79
69 83
69 84
69 85
69 87
69 91
69 93
69 94
69 95
69 98
69 102
69 103
69 104
69 106
69 108
69 109
69 110
69 111
69 112
69 114
69 115
69 118
69 119
69 120
69 121
69 128
69 129
69 130
69 133
69 135
69 136
69 137
69 138
69 141
69 142
69 143
69 147
69 148
69 149
69 150
69 151
69 154
69 155
69 157
69 158
69 159
69 160
69 161
70 72
70 73
70 74
70 75
70 76
70 77
70 79
70 81
70 82
70 84
70 86
70 88
70 89
70 91
70 92
70 93
70 94
70 95
70 96
70 97
70 98
70 99
70 101
70 102
70 104
70 105
70 106
70 108
70 109
70 110
70 112
70 113
70 114
70 115
70 116
70 117
70 118
70 124
70 125
70 127
70 128
70 129
70 131
70 132
70 133
70 135
70 137
70 138
70 139
70 140
70 142
70 145
70 147
70 149
70 152
70 154
70 155
70 156
70 157
70 158
70 159
70 161
71 72
71 73
71 74
71 79
71 86
71 87
71 88
71 90
71 93
71 94
71 95
71 97
71 100
71 101
71 102
71 104
71 105
71 106
71 109
71 110
71 111
71 112
71 113
71 114
71 115
71 123
71 125
71 126
71 129
71 133
71 136
71 139
71 141
71 142
71 143
71 145
71 146
71 147
71 148
71 149
71 151
71 152
71 153
71 154
71 155
71 156
71 157
71 158
71 159
71 160
71 161
72 73
72 74
72 75
72 77
72 79
72 80
72 84
72 85
72 87
72 88
72 89
72 92
72 93
72 97
72 98
72 99
72 100
72 101
72 102
72 105
72 106
72 107
72 108
72 109
72 111
72 112
72 113
72 114
72 115
72 116
72 117
72 118
72 119
72 120
72 123
72 124
72 125
72 128
72 129
72 131
72 133
72 134
72 135
72 136
72 137
72 138
72 139
72 142
72 145
72 146
72 147
72 148
72 150
72 152
72 154
72 158
73 74
73 77
73 79
73 84
73 85
73 87
73 88
73 91
73 93
73 94
73 98
73 101
73 102
73 103
73 104
73 106
73 107
73 108
73 110
73 111
73 112
73 114
73 115
73 117
73 118
73 121
73 122
73 124
73 126
73 128
73 129
73 130
73 131
73 133
73 134
73 135
73 137
73 138
73 139
73 141
73 144
73 145
73 147
73 149
73 150
73 152
73 155
73 156
73 157
73 159
73 161
74 76
74 78
74 80
74 81
74 84
74 86
74 87
74 88
74 89
74 91
74 93
74 94
74 95
74 96
74 97
74 98
74 99
74 102
74 103
74 105
74 106
74 108
74 110
74 111
74 112
74 114
74 117
74 118
74 119
74 120
74 124
74 125
74 127
74 129
74 130
74 131
74 133
74 134
74 137
74 138
74 139
74 140
74 141
74 142
74 143
74 145
74 146
74 147
74 151
74 152
74 153
74 154
74 155
74 158
74 161
75 76
75 77
75 84
75 89
75 93
75 94
75 97
75 101
75 102
75 108
75 111
75 115
75 118
75 125
75 128
75 129
75 130
75 131
75 133
75 134
75 136
75 138
75 140
75 141
75 142
75 143
75 145
75 146
75 147
75 151
75 152
75 154
75 157
75 159
75 160
76 77
76 78
76 84
76 88
76 89
76 93
76 97
76 101
76 107
76 110
76 111
76 113
76 114
76 117
76 118
76 121
76 129
76 130
76 131
76 133
76 141
76 142
76 145
76 152
76 160
77 78
77 79
77 80
77 81
77 85
77 86
77 88
77 90
77 91
77 93
77 94
77 101
77 102
77 103
77 105
77 106
77 107
77 111
77 112
77 113
77 115
77 121
77 124
77 125
77 126
77 128
77 130
77 131
77 132
77 133
77 135
77 137
77 138
77 145
77 148
77 149
77 151
77 152
77 153
77 154
77 155
77 157
77 159
77 160
77 161
78 83
78 84
78 86
78 101
78 102
78 112
78 117
78 126
78 129
78 130
78 142
78 149
79 80
79 82
79 83
79 85
79 86
79 87
79 88
79 89
79 91
79 94
79 95
79 97
79 98
79 99
79 101
79 102
79 105
79 106
79 107
79 108
79 109
79 110
79 111
79 112
79 113
79 115
79 117
79 118
79 119
79 121
79 124
79 125
79 126
79 128
79 129
79 131
79 133
79 134
79 135
79 136
79 137
79 139
79 140
79 142
79 144
79 145
79 146
79 147
79 150
79 151
79 152
79 154
80 82
80 83
80 87
80 98
80 100
80 101
80 105
80 108
80 109
80 114
80 117
80 129
80 133
80 134
80 135
80 137
80 138
80 139
80 141
80 142
80 146
80 147
80 148
80 151
80 152
80 153
80 154
80 157
80 158
80 161
81 94
81 95
81 97
81 101
81 111
81 114
81 117
81 125
81 128
81 134
81 138
81 147
81 154
82 83
82 85
82 90
82 92
82 93
82 96
82 99
82 104
82 108
82 109
82 111
82 114
82 129
82 131
82 133
82 135
82 137
82 139
82 141
82 147
82 151
82 154
82 155
82 156
82 160
83 92
83 93
83 99
83 108
83 112
83 113
83 114
83 120
83 121
83 127
83 129
83 130
83 131
83 133
83 135
83 138
83 141
83 143
83 146
83 151
83 153
83 154
83 158
84 89
84 97
84 98
84 99
84 101
84 102
84 105
84 107
84 108
84 109
84 110
84 112
84 113
84 115
84 117
84 121
84 133
84 138
84 141
84 142
84 143
84 146
84 147
84 149
84 150
84 154
84 155
84 158
84 159
84 160
85 86
85 87
85 94
85 97
85 99
85 101
85 106
85 110
85 113
85 114
85 118
85 125
85 127
85 131
85 133
85 135
85 139
85 143
85 145
85 146
85 147
85 150
85 152
85 153
85 159
85 161
86 88
86 93
86 94
86 99
86 101
86 102
86 108
86 109
86 112
86 114
86 117
86 118
86 119
86 126
86 129
86 130
86 133
86 134
86 137
86 138
86 146
86 148
86 150
86 151
86 152
86 153
86 154
86 155
86 157
87 88
87 89
87 90
87 91
87 92
87 96
87 98
87 99
87 101
87 102
87 103
87 105
87 106
87 108
87 113
87 114
87 115
87 117
87 118
87 121
87 125
87 127
87 129
87 134
87 136
87 142
87 145
87 146
87 147
87 150
87 151
87 152
87 153
87 154
87 157
87 158
87 159
87 160
87 161
88 94
88 98
88 101
88 102
88 105
88 106
88 107
88 108
88 113
88 115
88 117
88 118
88 129
88 131
88 132
88 136
88 137
88 142
88 143
88 144
88 149
88 154
88 155
88 157
88 158
88 160
88 161
89 91
89 92
89 93
89 96
89 97
89 98
89 99
89 101
89 103
89 104
89 108
89 109
89 112
89 113
89 114
89 115
89 117
89 120
89 121
89 124
89 125
89 127
89 133
89 134
89 136
89 137
89 138
89 139
89 141
89 142
89 145
89 146
89 147
89 150
89 151
89 153
89 154
89 155
89 156
89 158
89 161
90 105
90 106
90 113
90 126
90 129
90 130
90 134
90 137
90 142
90 152
90 157
90 161
91 94
91 101
91 104
91 105
91 106
91 113
91 114
91 115
91 118
91 126
91 130
91 133
91 134
91 135
91 137
91 139
91 145
91 147
91 151
91 153
91 157
91 158
92 94
92 99
92 102
92 103
92 104
92 106
92 108
92 109
92 111
92 114
92 117
92 118
92 125
92 126
92 127
92 129
92 135
92 136
92 137
92 138
92 139
92 142
92 147
92 150
92 152
92 157
92 158
93 94
93 95
93 97
93 102
93 103
93 108
93 109
93 110
93 112
93 113
93 116
93 118
93 129
93 133
93 134
93 137
93 138
93 139
93 141
93 142
93 148
93 158
94 95
94 101
94 102
94 104
94 105
94 106
94 107
94 109
94 110
94 112
94 114
94 117
94 118
94 119
94 121
94 125
94 126
94 129
94 131
94 133
94 134
94 137
94 139
94 140
94 141
94 142
94 143
94 146
94 147
94 149
94 150
94 152
94 154
94 157
94 159
94 160
94 161
95 97
95 102
95 106
95 108
95 109
95 110
95 113
95 114
95 123
95 138
95 142
95 147
95 148
95 153
95 159
96 101
96 102
96 104
96 105
96 106
96 108
96 118
96 133
96 134
96 135
96 136
96 139
96 147
96 148
96 153
97 98
97 101
97 106
97 108
97 109
97 110
97 112
97 113
97 114
97 115
97 117
97 118
97 125
97 127
97 129
97 131
97 133
97 134
97 137
97 141
97 142
97 143
97 145
97 146
97 147
97 148
97 150
97 151
97 152
97 154
97 155
97 157
97 158
98 105
98 106
98 108
98 109
98 110
98 112
98 115
98 118
98 127
98 129
98 133
98 135
98 138
98 139
98 140
98 142
98 145
98 150
98 151
98 152
98 153
98 154
98 158
99 108
99 113
99 116
99 122
99 124
99 128
99 129
99 131
99 132
99 134
99 135
99 139
99 141
99 142
99 144
99 147
99 148
99 150
99 152
99 154
99 157
99 158
99 161
100 108
100 109
100 110
100 111
100 114
100 117
100 120
100 125
100 131
100 137
100 138
100 139
100 147
100 151
100 157
100 158
100 159
101 102
101 105
101 108
101 109
101 110
101 111
101 112
101 113
101 114
101 117
101 118
101 119
101 124
101 125
101 126
101 128
101 129
101 134
101 136
101 137
101 138
101 139
101 141
101 145
101 147
101 148
101 149
101 152
101 154
101 155
101 156
101 157
101 158
101 159
101 161
102 104
102 105
102 106
102 107
102 108
102 109
102 110
102 112
102 113
102 114
102 115
102 118
102 121
102 125
102 126
102 127
102 128
102 129
102 131
102 134
102 137
102 138
102 142
102 145
102 146
102 147
102 148
102 151
102 152
102 153
102 154
102 155
102 158
102 159
103 104
103 113
103 117
103 120
103 124
103 125
103 131
103 136
103 137
103 139
103 140
103 141
103 142
103 143
103 147
103 149
103 150
103 151
103 154
103 157
103 158
103 159
103 160
103 161
104 105
104 113
104 115
104 125
104 127
104 129
104 134
104 137
104 138
104 140
104 146
104 147
104 158
104 161
105 106
105 107
105 108
105 112
105 113
105 114
105 115
105 116
105 117
105 118
105 125
105 129
105 130
105 132
105 134
105 135
105 136
105 137
105 138
105 146
105 149
105 151
105 152
105 153
105 154
105 155
105 158
105 160
105 161
106 108
106 109
106 110
106 112
106 113
106 114
106 115
106 116
106 117
106 118
106 119
106 124
106 125
106 126
106 129
106 131
106 137
106 138
106 140
106 141
106 142
106 143
106 144
106 145
106 146
106 151
106 152
106 154
106 157
106 159
107 108
107 110
107 111
107 112
107 114
107 115
107 126
107 130
107 133
107 145
107 147
107 150
107 152
107 153
107 156
107 157
107 158
107 159
107 161
108 109
108 111
108 112
108 114
108 115
108 118
108 121
108 129
108 130
108 131
108 132
108 133
108 134
108 135
108 136
108 138
108 141
108 142
108 145
108 146
108 147
108 148
108 150
108 151
108 152
108 153
108 154
108 156
108 157
108 158
108 159
108 161
109 112
109 113
109 115
109 117
109 118
109 119
109 125
109 126
109 128
109 133
109 134
109 135
109 136
109 138
109 139
109 140
109 141
109 142
109 143
109 144
109 145
109 147
109 150
109 151
109 152
109 153
109 156
109 157
109 159
109 160
109 161
110 112
110 117
110 125
110 131
110 133
110 134
110 137
110 147
110 149
110 150
110 160
111 112
111 113
111 114
111 115
111 118
111 121
111 125
111 128
111 131
111 132
111 135
111 138
111 142
111 143
111 144
111 145
111 150
111 151
111 153
111 155
111 157
111 161
112 113
112 114
112 115
112 118
112 125
112 128
112 129
112 131
112 133
112 134
112 140
112 142
112 143
112 146
112 147
112 149
112 150
112 151
112 152
112 153
112 158
112 161
113 114
113 115
113 118
113 119
113 126
113 128
113 130
113 131
113 133
113 137
113 138
113 139
113 141
113 142
113 146
113 147
113 148
113 151
113 154
113 157
113 158
113 160
113 161
114 115
114 116
114 117
114 118
114 125
114 128
114 130
114 131
114 133
114 134
114 135
114 137
114 138
114 139
114 142
114 144
114 145
114 146
114 147
114 151
114 152
114 153
114 154
114 157
114 158
114 159
114 160
114 161
115 117
115 118
115 120
115 122
115 125
115 129
115 130
115 131
115 133
115 134
115 135
115 137
115 138
115 139
115 141
115 145
115 146
115 147
115 148
115 150
115 151
115 152
115 154
115 157
115 158
115 160
115 161
116 125
116 126
116 129
116 132
116 134
116 135
116 137
116 138
116 139
116 140
116 141
116 142
116 146
116 147
116 150
116 152
116 153
116 157
116 160
117 118
117 119
117 124
117 125
117 127
117 129
117 133
117 134
117 136
117 138
117 140
117 141
117 142
117 143
117 144
117 145
117 146
117 147
117 148
117 150
117 155
117 156
117 157
117 159
117 161
118 121
118 125
118 126
118 129
118 131
118 134
118 135
118 136
118 137
118 138
118 139
118 140
118 141
118 142
118 144
118 145
118 146
118 147
118 149
118 151
118 152
118 153
118 154
118 155
118 157
118 158
118 159
119 135
119 139
119 143
119 148
119 150
119 153
119 155
120 125
120 130
120 133
120 135
120 137
120 142
120 154
120 158
121 125
121 133
121 134
121 137
121 147
121 148
121 152
121 155
121 157
122 125
122 131
122 133
122 137
122 138
122 142
122 143
122 149
122 151
122 152
122 155
122 159
123 125
123 131
123 137
123 141
123 150
123 159
124 129
124 131
124 133
124 134
124 143
124 147
124 156
124 157
125 126
125 130
125 131
125 133
125 135
125 137
125 138
125 139
125 141
125 142
125 145
125 146
125 151
125 152
125 153
125 154
125 155
125 157
125 158
125 159
125 160
126 128
126 129
126 131
126 133
126 135
126 138
126 142
126 143
126 145
126 151
126 154
126 156
126 159
126 161
127 129
127 133
127 134
127 136
127 137
127 142
127 150
128 131
128 150
128 152
129 130
129 131
129 134
129 135
129 136
129 137
129 139
129 141
129 142
129 143
129 144
129 145
129 146
129 147
129 149
129 150
129 151
129 153
129 154
129 155
129 157
129 158
129 159
130 133
130 136
130 137
130 139
130 140
130 141
130 145
130 153
130 154
130 158
130 161
131 132
131 133
131 134
131 137
131 138
131 139
131 140
131 141
131 142
131 146
131 147
131 149
131 150
131 151
131 152
131 154
131 156
131 159
131 160
131 161
132 133
132 146
132 153
132 154
132 159
132 160
133 134
133 135
133 137
133 138
133 139
133 141
133 142
133 144
133 145
133 146
133 147
133 149
133 150
133 152
133 154
133 155
133 157
133 158
133 159
133 160
134 135
134 136
134 137
134 139
134 141
134 142
134 146
134 147
134 149
134 151
134 152
134 153
134 154
134 157
134 158
134 159
134 161
135 137
135 138
135 142
135 147
135 150
135 153
135 154
135 155
135 159
135 160
136 137
136 138
136 141
136 149
136 150
136 151
136 152
136 154
136 158
137 139
137 140
137 142
137 143
137 145
137 146
137 147
137 148
137 149
137 151
137 152
137 153
137 157
137 158
137 159
137 160
137 161
138 141
138 146
138 149
138 150
138 151
138 152
138 153
138 155
138 158
138 159
139 142
139 143
139 147
139 150
139 151
139 152
139 154
139 158
139 159
139 161
140 142
140 146
140 151
140 155
140 158
141 142
141 147
141 149
141 152
141 153
141 154
141 155
141 158
141 160
142 145
142 146
142 151
142 152
142 153
142 154
142 157
142 159
142 160
142 161
143 145
143 152
143 154
143 158
144 146
144 147
145 150
145 152
146 150
146 152
146 153
146 154
146 158
146 159
147 149
147 151
147 152
147 153
147 154
147 155
147 158
147 160
147 161
148 149
148 154
148 155
148 156
148 161
149 151
149 154
149 158
149 160
149 161
150 151
150 154
150 157
150 158
150 160
151 154
151 156
151 159
151 160
152 153
152 155
152 156
152 158
152 159
152 161
153 154
153 155
154 156
154 157
154 158
154 160
155 157
155 158
155 159
155 161
156 158
156 161
157 158
157 159
157 160
157 161
158 159
158 160
158 161
