0 2
0 4
0 7
0 13
0 14
0 18
0 19
0 23
0 26
0 28
0 31
0 35
0 37
0 38
0 39
0 40
0 49
0 54
0 56
0 57
0 58
0 61
0 64
0 66
0 67
0 68
0 69
0 70
0 71
0 72
0 73
0 75
0 79
0 81
0 84
0 87
0 89
0 94
0 95
0 96
0 97
0 99
0 100
0 103
0 105
0 106
0 108
0 113
0 114
0 118
0 125
0 130
0 131
0 137
0 138
0 142
0 147
0 152
0 154
0 157
0 158
0 161
1 4
1 7
1 8
1 9
1 11
1 12
1 13
1 16
1 20
1 25
1 26
1 30
1 37
1 39
1 45
1 49
1 50
1 55
1 56
1 61
1 64
1 65
1 66
1 67
1 68
1 70
1 71
1 76
1 79
1 82
1 83
1 89
1 94
1 97
1 98
1 106
1 108
1 111
1 118
1 119
1 123
1 125
1 126
1 128
1 130
1 131
1 133
1 134
1 137
1 139
1 153
1 154
1 157
1 160
2 22
2 30
2 31
2 32
2 36
2 38
2 40
2 42
2 46
2 47
2 49
2 51
2 52
2 54
2 56
2 60
2 63
2 64
2 68
2 70
2 72
2 73
2 74
2 77
2 79
2 82
2 83
2 84
2 85
2 87
2 94
2 112
2 113
2 114
2 115
2 118
2 124
2 129
2 131
2 134
2 137
2 142
2 145
2 147
2 159
3 7
3 10
3 11
3 14
3 15
3 17
3 18
3 19
3 20
3 21
3 26
3 31
3 34
3 38
3 40
3 42
3 44
3 46
3 51
3 54
3 55
3 59
3 62
3 65
3 66
3 67
3 69
3 72
3 73
3 82
3 92
3 94
3 99
3 101
3 105
3 109
3 110
3 114
3 115
3 117
3 118
3 131
3 134
3 138
3 141
3 149
3 151
3 153
3 154
3 157
3 159
3 160
4 6
4 7
4 9
4 11
4 13
4 14
4 16
4 17
4 18
4 19
4 22
4 24
4 25
4 26
4 29
4 30
4 31
4 32
4 33
4 38
4 40
4 43
4 45
4 46
4 49
4 52
4 54
4 55
4 56
4 57
4 61
4 62
4 63
4 64
4 66
4 67
4 68
4 71
4 72
4 74
4 75
4 77
4 79
4 80
4 84
4 87
4 88
4 91
4 92
4 94
4 97
4 98
4 101
4 102
4 103
4 105
4 106
4 107
4 108
4 110
4 112
4 113
4 114
4 115
4 117
4 118
4 119
4 122
4 125
4 129
4 131
4 133
4 137
4 138
4 139
4 141
4 142
4 143
4 147
4 149
4 151
4 152
4 154
4 155
4 157
4 158
4 160
5 9
5 19
5 26
5 30
5 32
5 35
5 40
5 42
5 45
5 46
5 49
5 50
5 54
5 63
5 65
5 67
5 71
5 73
5 92
5 94
5 95
5 97
5 99
5 101
5 104
5 107
5 113
5 114
5 116
5 117
5 126
5 131
5 135
5 136
5 137
5 138
5 140
5 149
5 150
5 152
5 154
5 157
6 7
6 9
6 10
6 11
6 12
6 14
6 15
6 18
6 19
6 21
6 23
6 24
6 25
6 26
6 27
6 28
6 29
6 30
6 31
6 35
6 36
6 37
6 39
6 40
6 43
6 44
6 45
6 46
6 49
6 50
6 51
6 54
6 55
6 56
6 57
6 59
6 60
6 66
6 67
6 68
6 69
6 70
6 73
6 74
6 75
6 77
6 78
6 79
6 80
6 82
6 86
6 88
6 89
6 90
6 94
6 95
6 97
6 98
6 99
6 101
6 102
6 104
6 106
6 107
6 109
6 112
6 113
6 115
6 116
6 117
6 118
6 121
6 124
6 125
6 126
6 127
6 128
6 130
6 131
6 133
6 134
6 135
6 137
6 138
6 141
6 142
6 144
6 146
6 147
6 151
6 153
6 154
6 157
6 158
6 159
6 161
7 8
7 10
7 11
7 14
7 15
7 19
7 20
7 24
7 25
7 26
7 29
7 30
7 31
7 32
7 35
7 38
7 40
7 42
7 43
7 44
7 45
7 46
7 49
7 50
7 51
7 55
7 56
7 57
7 60
7 62
7 63
7 65
7 69
7 70
7 71
7 73
7 74
7 75
7 76
7 77
7 79
7 80
7 82
7 84
7 85
7 88
7 89
7 90
7 92
7 93
7 94
7 97
7 98
7 101
7 102
7 103
7 105
7 106
7 108
7 109
7 110
7 111
7 114
7 115
7 116
7 117
7 118
7 125
7 126
7 129
7 130
7 131
7 132
7 133
7 134
7 135
7 137
7 138
7 139
7 141
7 142
7 145
7 147
7 149
7 150
7 151
7 152
7 153
7 157
7 159
8 14
8 21
8 22
8 35
8 38
8 39
8 40
8 46
8 47
8 49
8 51
8 56
8 67
8 73
8 77
8 80
8 91
8 109
8 111
8 114
8 129
8 137
8 138
8 139
8 141
8 142
8 147
8 150
8 152
8 154
8 157
9 12
9 15
9 19
9 21
9 22
9 23
9 25
9 26
9 31
9 34
9 35
9 37
9 38
9 40
9 43
9 49
9 56
9 58
9 59
9 61
9 63
9 65
9 66
9 68
9 70
9 71
9 72
9 74
9 79
9 80
9 81
9 83
9 84
9 89
9 90
9 91
9 94
9 95
9 97
9 101
9 102
9 106
9 108
9 109
9 111
9 112
9 113
9 115
9 117
9 125
9 129
9 131
9 134
9 139
9 144
9 145
9 146
9 147
9 151
9 152
9 154
9 158
10 11
10 14
10 16
10 18
10 19
10 23
10 31
10 32
10 36
10 38
10 40
10 42
10 45
10 46
10 49
10 54
10 56
10 57
10 61
10 69
10 72
10 74
10 79
10 80
10 81
10 83
10 84
10 86
10 89
10 90
10 92
10 93
10 94
10 96
10 97
10 98
10 101
10 103
10 107
10 109
10 111
10 113
10 114
10 126
10 129
10 131
10 133
10 134
10 135
10 137
10 138
10 149
10 150
10 153
10 154
11 14
11 15
11 18
11 19
11 21
11 22
11 26
11 30
11 31
11 33
11 34
11 35
11 36
11 37
11 38
11 39
11 44
11 45
11 49
11 50
11 51
11 53
11 54
11 55
11 58
11 64
11 65
11 66
11 67
11 69
11 71
11 72
11 75
11 79
11 83
11 84
11 86
11 90
11 92
11 94
11 95
11 97
11 102
11 103
11 105
11 107
11 108
11 109
11 111
11 112
11 113
11 115
11 117
11 125
11 126
11 127
11 129
11 130
11 134
11 135
11 137
11 138
11 139
11 140
11 146
11 147
11 148
11 151
11 153
11 154
11 157
11 158
11 159
11 161
12 14
12 19
12 21
12 25
12 29
12 30
12 31
12 32
12 33
12 35
12 39
12 40
12 43
12 44
12 50
12 51
12 52
12 54
12 56
12 57
12 59
12 64
12 65
12 66
12 67
12 71
12 72
12 77
12 79
12 81
12 88
12 89
12 90
12 95
12 96
12 97
12 99
12 100
12 101
12 102
12 106
12 108
12 111
12 112
12 113
12 116
12 117
12 118
12 121
12 131
12 133
12 136
12 137
12 138
12 141
12 142
12 145
12 147
12 153
12 157
12 158
12 160
12 161
13 15
13 21
13 32
13 36
13 44
13 45
13 47
13 50
13 53
13 55
13 57
13 63
13 64
13 65
13 66
13 72
13 73
13 75
13 79
13 83
13 84
13 87
13 92
13 93
13 100
13 101
13 102
13 107
13 111
13 113
13 114
13 115
13 117
13 118
13 125
13 129
13 131
13 133
13 138
13 141
13 142
13 146
13 147
13 149
13 150
13 157
13 158
13 159
14 15
14 16
14 18
14 19
14 21
14 25
14 26
14 29
14 30
14 31
14 32
14 34
14 35
14 36
14 37
14 38
14 40
14 41
14 43
14 45
14 47
14 49
14 50
14 51
14 54
14 55
14 56
14 57
14 60
14 61
14 63
14 65
14 66
14 67
14 68
14 70
14 71
14 72
14 73
14 74
14 75
14 76
14 77
14 79
14 80
14 81
14 84
14 87
14 89
14 91
14 93
14 96
14 98
14 99
14 100
14 101
14 102
14 105
14 106
14 107
14 108
14 109
14 111
14 113
14 115
14 116
14 117
14 118
14 119
14 129
14 131
14 132
14 133
14 134
14 135
14 137
14 138
14 140
14 142
14 147
14 148
14 149
14 150
14 152
14 154
14 155
14 157
14 158
14 159
14 160
14 161
15 24
15 25
15 26
15 31
15 32
15 33
15 36
15 39
15 40
15 44
15 45
15 46
15 49
15 50
15 54
15 56
15 62
15 69
15 70
15 71
15 74
15 76
15 80
15 85
15 87
15 94
15 95
15 96
15 101
15 102
15 105
15 106
15 108
15 113
15 117
15 119
15 127
15 129
15 130
15 131
15 133
15 135
15 138
15 139
15 146
15 152
15 154
15 159
15 161
16 19
16 21
16 23
16 24
16 25
16 30
16 31
16 39
16 40
16 49
16 50
16 54
16 64
16 65
16 67
16 68
16 72
16 73
16 79
16 85
16 88
16 94
16 99
16 101
16 102
16 112
16 114
16 118
16 120
16 129
16 134
16 135
16 138
16 142
16 144
16 159
16 161
17 24
17 26
17 31
17 35
17 36
17 40
17 49
17 53
17 54
17 60
17 69
17 71
17 75
17 94
17 96
17 108
17 115
17 125
17 129
17 137
17 142
17 147
17 152
17 154
17 159
17 161
18 19
18 26
18 31
18 33
18 35
18 38
18 39
18 40
18 42
18 43
18 48
18 49
18 51
18 54
18 56
18 58
18 64
18 66
18 67
18 68
18 73
18 74
18 75
18 87
18 88
18 89
18 91
18 92
18 94
18 95
18 98
18 100
18 102
18 103
18 106
18 107
18 109
18 113
18 114
18 115
18 116
18 117
18 118
18 119
18 122
18 131
18 133
18 134
18 135
18 137
18 138
18 141
18 147
18 150
18 151
18 153
18 157
18 158
18 161
19 20
19 23
19 26
19 28
19 29
19 32
19 35
19 36
19 38
19 40
19 42
19 43
19 44
19 46
19 47
19 48
19 49
19 51
19 52
19 53
19 54
19 56
19 58
19 59
19 60
19 61
19 62
19 65
19 67
19 68
19 69
19 72
19 73
19 75
19 76
19 79
19 80
19 81
19 84
19 86
19 87
19 89
19 91
19 93
19 94
19 97
19 99
19 100
19 102
19 103
19 106
19 108
19 111
19 113
19 114
19 115
19 117
19 118
19 125
19 126
19 127
19 128
19 130
19 131
19 133
19 135
19 137
19 138
19 139
19 141
19 142
19 145
19 146
19 147
19 150
19 151
19 152
19 154
19 155
19 157
19 158
19 160
19 161
20 21
20 24
20 30
20 31
20 32
20 35
20 39
20 42
20 49
20 52
20 54
20 55
20 59
20 60
20 67
20 68
20 69
20 70
20 75
20 76
20 84
20 85
20 89
20 91
20 94
20 101
20 102
20 104
20 113
20 114
20 118
20 129
20 131
20 137
20 138
20 139
20 141
20 145
20 146
20 152
20 154
20 160
20 161
21 25
21 26
21 27
21 28
21 29
21 31
21 32
21 33
21 36
21 38
21 39
21 40
21 41
21 42
21 45
21 46
21 49
21 50
21 51
21 57
21 60
21 63
21 64
21 65
21 66
21 68
21 69
21 70
21 71
21 73
21 74
21 77
21 79
21 80
21 82
21 84
21 89
21 92
21 94
21 97
21 99
21 101
21 102
21 104
21 105
21 106
21 108
21 109
21 112
21 113
21 114
21 115
21 117
21 118
21 122
21 123
21 124
21 125
21 127
21 129
21 130
21 131
21 137
21 139
21 141
21 142
21 143
21 144
21 145
21 146
21 147
21 150
21 152
21 156
21 157
21 160
21 161
22 26
22 40
22 41
22 42
22 50
22 51
22 54
22 56
22 66
22 68
22 70
22 71
22 80
22 84
22 86
22 89
22 97
22 98
22 100
22 102
22 104
22 105
22 106
22 111
22 115
22 117
22 118
22 129
22 131
22 134
22 140
22 142
22 146
22 148
22 149
22 150
22 154
22 157
22 158
22 159
23 34
23 37
23 39
23 43
23 47
23 51
23 54
23 63
23 64
23 66
23 67
23 69
23 73
23 74
23 84
23 86
23 88
23 89
23 94
23 95
23 99
23 101
23 103
23 105
23 106
23 114
23 123
23 129
23 134
23 138
23 139
23 142
23 145
23 154
23 157
24 27
24 31
24 33
24 36
24 40
24 45
24 51
24 56
24 57
24 58
24 60
24 67
24 68
24 70
24 72
24 73
24 79
24 80
24 81
24 82
24 97
24 99
24 100
24 102
24 104
24 105
24 108
24 113
24 114
24 115
24 117
24 121
24 122
24 125
24 130
24 131
24 132
24 134
24 135
24 139
24 142
24 147
24 154
24 158
25 26
25 29
25 33
25 36
25 41
25 42
25 46
25 49
25 51
25 54
25 55
25 56
25 57
25 58
25 62
25 63
25 66
25 67
25 68
25 72
25 73
25 74
25 75
25 79
25 82
25 83
25 84
25 87
25 88
25 94
25 101
25 103
25 105
25 106
25 108
25 109
25 112
25 113
25 114
25 115
25 117
25 118
25 119
25 125
25 128
25 129
25 131
25 134
25 135
25 136
25 137
25 138
25 141
25 147
25 149
25 150
25 151
25 153
25 154
25 158
25 161
26 28
26 30
26 31
26 32
26 33
26 34
26 40
26 42
26 43
26 45
26 46
26 49
26 51
26 54
26 55
26 56
26 58
26 59
26 61
26 64
26 65
26 66
26 67
26 69
26 71
26 72
26 74
26 75
26 77
26 78
26 80
26 81
26 83
26 85
26 86
26 87
26 90
26 91
26 92
26 93
26 94
26 95
26 97
26 101
26 102
26 105
26 106
26 107
26 109
26 112
26 114
26 115
26 116
26 117
26 118
26 119
26 125
26 128
26 129
26 130
26 132
26 133
26 134
26 138
26 141
26 143
26 145
26 146
26 147
26 148
26 149
26 150
26 151
26 152
26 153
26 154
26 158
27 33
27 42
27 50
27 56
27 59
27 63
27 64
27 67
27 72
27 79
27 91
27 100
27 106
27 110
27 117
27 119
27 129
27 134
27 135
27 137
27 147
27 153
27 154
27 161
28 31
28 35
28 36
28 38
28 40
28 41
28 42
28 43
28 44
28 52
28 55
28 56
28 61
28 64
28 66
28 67
28 68
28 69
28 74
28 76
28 79
28 87
28 89
28 97
28 100
28 101
28 102
28 107
28 111
28 113
28 118
28 129
28 130
28 134
28 145
28 147
28 148
28 152
28 154
28 158
28 160
29 30
29 34
29 37
29 38
29 42
29 44
29 49
29 54
29 56
29 58
29 64
29 65
29 67
29 68
29 69
29 72
29 73
29 74
29 78
29 79
29 87
29 91
29 93
29 94
29 97
29 100
29 101
29 103
29 106
29 119
29 143
29 145
29 147
29 148
29 149
29 152
29 158
29 159
29 160
29 161
30 34
30 35
30 37
30 38
30 40
30 43
30 44
30 45
30 49
30 50
30 51
30 53
30 55
30 56
30 57
30 58
30 59
30 64
30 66
30 67
30 69
30 72
30 74
30 75
30 76
30 77
30 79
30 80
30 82
30 83
30 84
30 85
30 87
30 88
30 89
30 91
30 94
30 95
30 97
30 98
30 101
30 102
30 104
30 105
30 106
30 107
30 108
30 115
30 116
30 117
30 120
30 122
30 123
30 124
30 125
30 129
30 131
30 133
30 135
30 140
30 143
30 149
30 150
30 151
30 152
30 153
30 154
30 155
30 157
30 158
30 159
31 32
31 34
31 36
31 37
31 38
31 40
31 42
31 43
31 44
31 47
31 49
31 50
31 51
31 52
31 53
31 54
31 56
31 57
31 59
31 61
31 64
31 65
31 66
31 67
31 68
31 69
31 70
31 71
31 72
31 73
31 74
31 77
31 79
31 80
31 83
31 85
31 86
31 87
31 88
31 89
31 90
31 91
31 92
31 93
31 94
31 95
31 96
31 97
31 99
31 100
31 102
31 103
31 106
31 107
31 108
31 109
31 110
31 112
31 113
31 114
31 115
31 117
31 118
31 123
31 125
31 126
31 127
31 128
31 131
31 133
31 134
31 135
31 137
31 138
31 139
31 142
31 143
31 145
31 146
31 147
31 149
31 150
31 151
31 152
31 153
31 155
31 157
31 159
31 161
32 34
32 35
32 36
32 37
32 38
32 39
32 40
32 42
32 44
32 45
32 49
32 50
32 51
32 52
32 53
32 55
32 56
32 57
32 58
32 60
32 61
32 63
32 65
32 67
32 68
32 73
32 74
32 75
32 76
32 80
32 81
32 84
32 85
32 86
32 88
32 90
32 94
32 95
32 97
32 99
32 101
32 102
32 105
32 107
32 108
32 110
32 111
32 112
32 113
32 117
32 120
32 121
32 125
32 126
32 128
32 129
32 131
32 133
32 134
32 135
32 136
32 137
32 138
32 139
32 140
32 141
32 142
32 146
32 147
32 149
32 152
32 153
32 154
32 157
32 158
32 161
33 36
33 38
33 40
33 43
33 51
33 54
33 56
33 59
33 61
33 64
33 66
33 67
33 69
33 70
33 75
33 80
33 83
33 91
33 93
33 99
33 100
33 109
33 121
33 125
33 131
33 144
33 145
33 157
33 160
34 35
34 37
34 46
34 48
34 49
34 56
34 67
34 69
34 71
34 74
34 85
34 87
34 89
34 92
34 96
34 97
34 99
34 101
34 102
34 110
34 111
34 112
34 115
34 117
34 118
34 129
34 131
34 133
34 138
34 142
34 151
34 152
34 154
34 156
34 157
34 158
34 160
35 36
35 39
35 40
35 43
35 45
35 46
35 47
35 49
35 50
35 51
35 52
35 54
35 55
35 59
35 61
35 63
35 64
35 65
35 66
35 67
35 68
35 69
35 70
35 72
35 73
35 74
35 76
35 77
35 78
35 79
35 82
35 84
35 87
35 91
35 92
35 94
35 96
35 98
35 99
35 101
35 102
35 104
35 107
35 108
35 115
35 118
35 119
35 124
35 125
35 128
35 129
35 130
35 133
35 134
35 137
35 138
35 142
35 143
35 147
35 149
35 151
35 154
35 158
35 160
35 161
36 37
36 40
36 42
36 44
36 46
36 48
36 49
36 50
36 51
36 52
36 61
36 62
36 64
36 65
36 68
36 69
36 70
36 72
36 76
36 77
36 79
36 85
36 87
36 89
36 92
36 102
36 103
36 106
36 108
36 112
36 113
36 121
36 125
36 131
36 133
36 134
36 137
36 140
36 141
36 142
36 143
36 145
36 146
36 147
36 151
36 152
36 154
36 158
36 161
37 38
37 40
37 42
37 43
37 49
37 51
37 52
37 54
37 56
37 58
37 59
37 61
37 64
37 65
37 67
37 68
37 69
37 70
37 71
37 74
37 75
37 82
37 89
37 90
37 91
37 95
37 101
37 102
37 103
37 104
37 105
37 106
37 108
37 111
37 115
37 117
37 118
37 119
37 125
37 129
37 138
37 142
37 146
37 150
37 153
37 158
37 161
38 39
38 44
38 45
38 46
38 49
38 50
38 52
38 54
38 55
38 56
38 57
38 58
38 59
38 61
38 63
38 64
38 66
38 67
38 73
38 74
38 76
38 81
38 89
38 90
38 96
38 97
38 99
38 101
38 102
38 103
38 105
38 108
38 113
38 114
38 117
38 118
38 120
38 122
38 125
38 127
38 128
38 129
38 133
38 134
38 135
38 137
38 138
38 139
38 140
38 141
38 142
38 143
38 145
38 147
38 148
38 150
38 152
38 153
38 154
38 155
38 158
38 159
38 160
38 161
39 41
39 45
39 48
39 49
39 50
39 51
39 54
39 55
39 59
39 61
39 69
39 71
39 72
39 74
39 79
39 81
39 83
39 84
39 88
39 89
39 97
39 101
39 102
39 103
39 104
39 105
39 106
39 107
39 108
39 113
39 114
39 120
39 124
39 129
39 130
39 133
39 134
39 135
39 138
39 140
39 141
39 143
39 146
39 154
39 157
39 161
40 42
40 43
40 44
40 45
40 49
40 51
40 52
40 53
40 54
40 55
40 56
40 58
40 60
40 63
40 64
40 65
40 67
40 68
40 69
40 72
40 73
40 78
40 81
40 82
40 83
40 84
40 85
40 86
40 87
40 89
40 90
40 91
40 93
40 94
40 96
40 98
40 101
40 102
40 103
40 105
40 106
40 107
40 109
40 111
40 112
40 113
40 115
40 116
40 117
40 119
40 121
40 125
40 127
40 128
40 129
40 130
40 131
40 133
40 137
40 141
40 142
40 143
40 145
40 146
40 147
40 148
40 150
40 152
40 153
40 154
40 157
40 158
40 159
40 160
40 161
41 42
41 45
41 54
41 59
41 71
41 73
41 79
41 88
41 108
41 110
41 111
41 112
41 114
41 131
41 134
41 137
41 146
41 154
41 155
41 157
41 158
42 45
42 46
42 49
42 50
42 53
42 54
42 61
42 64
42 69
42 70
42 71
42 75
42 80
42 88
42 92
42 103
42 108
42 109
42 113
42 114
42 117
42 119
42 129
42 133
42 140
42 142
42 143
42 151
42 152
42 153
42 154
42 157
43 44
43 45
43 48
43 53
43 54
43 56
43 58
43 63
43 64
43 65
43 66
43 68
43 69
43 70
43 73
43 74
43 75
43 77
43 79
43 82
43 84
43 85
43 86
43 87
43 88
43 89
43 93
43 99
43 101
43 102
43 106
43 108
43 110
43 113
43 115
43 117
43 119
43 120
43 122
43 125
43 129
43 131
43 132
43 133
43 135
43 137
43 139
43 142
43 145
43 147
43 150
43 152
43 153
43 155
43 157
43 158
43 161
44 45
44 46
44 47
44 49
44 51
44 52
44 53
44 54
44 56
44 57
44 58
44 59
44 65
44 66
44 67
44 68
44 70
44 71
44 72
44 73
44 77
44 81
44 82
44 84
44 85
44 87
44 88
44 89
44 91
44 92
44 94
44 95
44 97
44 99
44 100
44 101
44 102
44 106
44 107
44 108
44 109
44 112
44 115
44 116
44 118
44 120
44 124
44 126
44 129
44 130
44 131
44 133
44 134
44 135
44 136
44 138
44 139
44 142
44 145
44 146
44 147
44 149
44 150
44 151
44 152
44 159
44 160
44 161
45 49
45 51
45 53
45 54
45 57
45 58
45 59
45 60
45 64
45 67
45 68
45 70
45 72
45 74
45 77
45 79
45 82
45 84
45 89
45 90
45 91
45 93
45 94
45 98
45 100
45 101
45 102
45 105
45 106
45 107
45 110
45 111
45 112
45 113
45 114
45 115
45 117
45 118
45 126
45 129
45 131
45 133
45 134
45 135
45 137
45 138
45 140
45 141
45 143
45 149
45 150
45 159
45 160
46 49
46 51
46 52
46 53
46 54
46 55
46 57
46 62
46 63
46 65
46 66
46 68
46 71
46 72
46 74
46 79
46 83
46 87
46 89
46 94
46 96
46 97
46 99
46 102
46 103
46 107
46 108
46 109
46 111
46 112
46 114
46 115
46 117
46 126
46 129
46 131
46 133
46 135
46 139
46 146
46 147
46 149
46 150
46 155
46 157
46 158
46 159
46 160
47 49
47 54
47 58
47 65
47 68
47 70
47 72
47 84
47 92
47 96
47 97
47 99
47 113
47 118
47 129
47 133
47 137
47 138
47 147
47 150
47 151
47 161
48 49
48 58
48 65
48 67
48 69
48 72
48 75
48 77
48 85
48 90
48 93
48 97
48 100
48 101
48 105
48 108
48 114
48 119
48 120
48 124
48 133
48 134
48 135
48 140
48 142
48 150
48 154
49 50
49 51
49 53
49 55
49 57
49 61
49 63
49 65
49 68
49 69
49 72
49 73
49 74
49 75
49 82
49 84
49 86
49 87
49 88
49 92
49 93
49 95
49 96
49 97
49 101
49 102
49 103
49 105
49 106
49 107
49 108
49 109
49 110
49 111
49 114
49 115
49 118
49 125
49 128
49 129
49 131
49 132
49 133
49 134
49 135
49 136
49 137
49 139
49 142
49 144
49 145
49 146
49 147
49 150
49 151
49 152
49 153
49 155
49 158
49 160
49 161
50 51
50 52
50 55
50 56
50 58
50 59
50 61
50 62
50 65
50 68
50 69
50 71
50 73
50 74
50 75
50 79
50 82
50 85
50 94
50 101
50 102
50 103
50 106
50 109
50 112
50 113
50 114
50 117
50 118
50 125
50 126
50 127
50 129
50 131
50 134
50 137
50 139
50 142
50 143
50 145
50 148
50 151
50 152
50 153
50 157
50 158
50 159
50 160
51 53
51 54
51 55
51 59
51 61
51 62
51 63
51 64
51 65
51 66
51 67
51 68
51 69
51 70
51 71
51 72
51 73
51 74
51 75
51 77
51 80
51 81
51 82
51 83
51 84
51 85
51 87
51 88
51 89
51 91
51 92
51 93
51 98
51 99
51 103
51 106
51 107
51 108
51 112
51 113
51 115
51 116
51 117
51 118
51 127
51 128
51 129
51 131
51 132
51 133
51 134
51 137
51 138
51 139
51 142
51 145
51 147
51 148
51 150
51 151
51 152
51 154
51 155
51 156
51 158
51 159
51 160
52 53
52 54
52 55
52 56
52 64
52 65
52 66
52 67
52 71
52 72
52 75
52 79
52 86
52 87
52 88
52 93
52 94
52 96
52 98
52 99
52 101
52 105
52 106
52 107
52 108
52 109
52 110
52 117
52 118
52 121
52 122
52 123
52 126
52 129
52 130
52 133
52 137
52 140
52 142
52 144
52 145
52 146
52 147
52 152
52 154
52 155
52 156
52 157
52 159
52 160
53 54
53 58
53 62
53 72
53 74
53 76
53 78
53 79
53 89
53 91
53 97
53 101
53 102
53 105
53 109
53 110
53 112
53 115
53 118
53 122
53 125
53 128
53 130
53 138
53 139
53 141
53 142
53 146
53 153
53 157
53 158
53 159
54 55
54 57
54 58
54 63
54 64
54 65
54 66
54 67
54 70
54 72
54 73
54 74
54 77
54 81
54 86
54 87
54 88
54 89
54 90
54 91
54 93
54 94
54 96
54 97
54 98
54 99
54 100
54 103
54 105
54 106
54 107
54 108
54 111
54 113
54 114
54 115
54 117
54 118
54 124
54 125
54 128
54 129
54 130
54 131
54 133
54 135
54 137
54 138
54 140
54 141
54 142
54 146
54 147
54 148
54 149
54 150
54 151
54 152
54 153
54 157
54 158
54 159
54 160
54 161
55 59
55 61
55 65
55 67
55 68
55 71
55 72
55 73
55 74
55 77
55 79
55 84
55 85
55 86
55 89
55 94
55 95
55 96
55 97
55 99
55 101
55 102
55 104
55 106
55 109
55 114
55 115
55 117
55 118
55 124
55 125
55 129
55 131
55 137
55 138
55 141
55 147
55 148
55 151
55 152
55 154
55 155
55 157
55 158
55 161
56 57
56 58
56 62
56 63
56 66
56 67
56 68
56 70
56 72
56 73
56 76
56 79
56 82
56 83
56 85
56 86
56 87
56 89
56 91
56 99
56 100
56 101
56 106
56 108
56 109
56 113
56 114
56 115
56 116
56 117
56 120
56 122
56 125
56 128
56 129
56 130
56 132
56 133
56 134
56 136
56 137
56 139
56 140
56 142
56 143
56 145
56 152
56 153
56 154
56 156
56 157
56 158
56 159
56 160
57 58
57 64
57 65
57 72
57 75
57 92
57 94
57 97
57 98
57 102
57 106
57 107
57 109
57 111
57 117
57 129
57 131
57 133
57 134
57 140
57 142
57 145
57 146
57 148
57 151
57 153
57 158
57 161
58 59
58 62
58 63
58 64
58 66
58 68
58 69
58 70
58 72
58 74
58 76
58 85
58 86
58 87
58 89
58 92
58 94
58 97
58 99
58 100
58 102
58 105
58 106
58 108
58 112
58 113
58 116
58 117
58 118
58 121
58 125
58 126
58 127
58 129
58 131
58 133
58 136
58 137
58 138
58 139
58 142
58 146
58 147
58 148
58 149
58 150
58 151
58 152
58 157
58 158
58 160
58 161
59 64
59 65
59 67
59 68
59 70
59 73
59 76
59 77
59 83
59 84
59 89
59 92
59 95
59 97
59 99
59 108
59 110
59 111
59 113
59 114
59 115
59 118
59 128
59 133
59 135
59 143
59 145
59 147
59 150
59 151
59 153
59 157
59 159
59 161
60 65
60 68
60 70
60 72
60 74
60 79
60 83
60 84
60 100
60 105
60 108
60 116
60 133
60 135
60 137
60 147
60 149
60 157
60 158
61 65
61 68
61 70
61 73
61 74
61 77
61 80
61 85
61 87
61 97
61 99
61 100
61 102
61 112
61 113
61 114
61 115
61 118
61 126
61 131
61 134
61 136
61 137
61 138
61 139
61 142
61 146
61 147
61 151
61 152
61 159
61 161
62 65
62 66
62 68
62 70
62 74
62 76
62 79
62 81
62 87
62 89
62 91
62 92
62 97
62 101
62 103
62 104
62 108
62 118
62 126
62 130
62 134
62 139
62 141
62 142
62 147
62 150
62 151
62 155
63 64
63 66
63 67
63 69
63 70
63 71
63 73
63 74
63 76
63 77
63 82
63 84
63 85
63 87
63 88
63 92
63 93
63 94
63 95
63 97
63 99
63 104
63 105
63 108
63 109
63 110
63 111
63 113
63 114
63 117
63 125
63 128
63 129
63 132
63 133
63 136
63 137
63 138
63 139
63 140
63 142
63 143
63 145
63 149
63 151
63 152
63 153
63 154
63 157
63 161
64 66
64 67
64 68
64 69
64 71
64 72
64 73
64 74
64 75
64 77
64 79
64 80
64 81
64 82
64 83
64 84
64 86
64 87
64 91
64 97
64 98
64 100
64 101
64 102
64 107
64 108
64 109
64 112
64 113
64 114
64 115
64 116
64 117
64 122
64 123
64 125
64 126
64 129
64 131
64 132
64 133
64 135
64 136
64 137
64 138
64 139
64 142
64 146
64 148
64 149
64 151
64 152
64 153
64 154
64 158
64 159
64 161
65 67
65 68
65 70
65 72
65 73
65 74
65 75
65 76
65 77
65 79
65 80
65 83
65 85
65 86
65 89
65 90
65 91
65 94
65 97
65 99
65 101
65 105
65 106
65 107
65 111
65 113
65 114
65 115
65 116
65 118
65 119
65 122
65 128
65 129
65 132
65 133
65 134
65 135
65 136
65 141
65 142
65 144
65 146
65 147
65 149
65 150
65 151
65 152
65 154
65 155
65 157
65 158
65 159
65 161
66 68
66 70
66 72
66 73
66 74
66 76
66 77
66 80
66 84
66 90
66 97
66 99
66 101
66 105
66 106
66 107
66 108
66 109
66 111
66 113
66 115
66 116
66 118
66 125
66 126
66 129
66 131
66 134
66 135
66 137
66 138
66 139
66 141
66 142
66 144
66 146
66 147
66 148
66 149
66 151
66 152
66 153
66 154
66 155
66 157
66 161
67 69
67 70
67 71
67 72
67 73
67 77
67 79
67 80
67 81
67 82
67 88
67 90
67 91
67 92
67 93
67 94
67 95
67 97
67 98
67 100
67 101
67 104
67 106
67 109
67 111
67 113
67 114
67 115
67 117
67 122
67 124
67 125
67 126
67 127
67 129
67 130
67 131
67 132
67 133
67 135
67 136
67 137
67 138
67 139
67 141
67 142
67 145
67 149
67 150
67 151
67 152
67 153
67 154
67 155
67 156
67 157
67 158
68 69
68 70
68 71
68 72
68 74
68 77
68 79
68 80
68 82
68 84
68 85
68 87
68 88
68 89
68 92
68 93
68 94
68 95
68 97
68 99
68 100
68 101
68 105
68 109
68 110
68 111
68 112
68 114
68 115
68 116
68 117
68 118
68 124
68 125
68 126
68 128
68 129
68 134
68 135
68 136
68 137
68 138
68 142
68 143
68 144
68 145
68 146
68 147
68 151
68 153
68 154
68 155
68 156
68 157
68 158
69 70
69 71
69 72
69 73
69 74
69 75
69 79
69 80
69 84
69 85
69 88
69 89
69 91
69 93
69 94
69 97
69 99
69 101
69 102
69 105
69 106
69 108
69 111
69 112
69 113
69 114
69 115
69 116
69 117
69 118
69 120
69 122
69 125
69 128
69 129
69 131
69 132
69 133
69 135
69 137
69 139
69 140
69 142
69 143
69 145
69 147
69 148
69 150
69 151
69 152
69 154
69 156
69 157
69 158
69 159
69 161
70 71
70 73
70 74
70 75
70 76
70 77
70 79
70 80
70 82
70 83
70 84
70 85
70 86
70 87
70 88
70 89
70 90
70 91
70 93
70 95
70 97
70 100
70 101
70 102
70 104
70 105
70 106
70 107
70 108
70 109
70 111
70 112
70 114
70 115
70 117
70 119
70 125
70 126
70 129
70 131
70 133
70 134
70 135
70 137
70 138
70 139
70 141
70 144
70 145
70 146
70 151
70 152
70 153
70 154
70 158
70 159
70 160
71 79
71 83
71 85
71 87
71 89
71 91
71 93
71 94
71 96
71 98
71 99
71 101
71 102
71 103
71 106
71 107
71 108
71 109
71 111
71 113
71 115
71 118
71 120
71 122
71 128
71 129
71 130
71 131
71 132
71 133
71 135
71 137
71 138
71 139
71 141
71 142
71 143
71 145
71 146
71 147
71 149
71 151
71 152
71 153
71 157
71 160
71 161
72 73
72 74
72 75
72 77
72 78
72 79
72 80
72 82
72 83
72 84
72 85
72 86
72 88
72 89
72 91
72 92
72 98
72 99
72 100
72 101
72 102
72 103
72 105
72 106
72 107
72 108
72 111
72 113
72 115
72 117
72 118
72 119
72 121
72 125
72 127
72 128
72 129
72 131
72 133
72 134
72 136
72 137
72 139
72 141
72 142
72 146
72 147
72 149
72 150
72 151
72 152
72 153
72 154
72 155
72 157
72 158
72 159
73 74
73 75
73 76
73 77
73 79
73 84
73 85
73 87
73 88
73 89
73 91
73 94
73 95
73 98
73 99
73 101
73 102
73 103
73 104
73 105
73 106
73 107
73 109
73 111
73 112
73 113
73 115
73 118
73 120
73 125
73 128
73 131
73 134
73 135
73 137
73 138
73 139
73 141
73 143
73 147
73 148
73 150
73 151
73 152
73 153
73 154
73 157
73 158
73 159
74 75
74 77
74 82
74 83
74 84
74 85
74 86
74 88
74 89
74 91
74 92
74 93
74 94
74 95
74 99
74 103
74 105
74 106
74 107
74 108
74 109
74 110
74 113
74 114
74 115
74 116
74 118
74 120
74 127
74 128
74 131
74 133
74 134
74 137
74 138
74 139
74 140
74 141
74 142
74 144
74 145
74 147
74 151
74 152
74 154
74 155
74 156
74 158
74 160
74 161
75 76
75 79
75 80
75 83
75 84
75 86
75 88
75 89
75 91
75 93
75 94
75 98
75 103
75 104
75 106
75 109
75 110
75 111
75 113
75 115
75 116
75 117
75 119
75 126
75 128
75 129
75 130
75 131
75 133
75 138
75 139
75 140
75 142
75 145
75 147
75 150
75 152
75 154
75 157
75 159
76 77
76 79
76 89
76 91
76 94
76 99
76 100
76 102
76 105
76 106
76 107
76 108
76 113
76 120
76 123
76 133
76 135
76 136
76 137
76 147
76 150
76 151
76 153
76 158
77 80
77 83
77 85
77 87
77 88
77 89
77 90
77 91
77 92
77 93
77 96
77 101
77 103
77 104
77 105
77 106
77 107
77 108
77 110
77 111
77 113
77 114
77 115
77 117
77 118
77 119
77 122
77 125
77 126
77 129
77 131
77 132
77 133
77 134
77 138
77 139
77 141
77 143
77 146
77 147
77 149
77 151
77 153
77 157
77 160
77 161
78 83
78 84
78 102
78 112
78 117
78 125
78 129
78 150
78 152
79 80
79 82
79 83
79 84
79 86
79 91
79 92
79 93
79 94
79 95
79 97
79 98
79 99
79 100
79 102
79 103
79 105
79 106
79 108
79 109
79 114
79 115
79 117
79 118
79 120
79 125
79 126
79 127
79 129
79 131
79 132
79 133
79 134
79 136
79 137
79 141
79 145
79 146
79 147
79 148
79 149
79 151
79 152
79 153
79 154
79 155
79 158
79 159
79 160
79 161
80 83
80 85
80 87
80 88
80 89
80 93
80 96
80 98
80 101
80 106
80 109
80 114
80 115
80 117
80 125
80 126
80 129
80 131
80 132
80 133
80 137
80 141
80 142
80 147
80 149
80 152
80 154
80 155
80 157
80 158
80 160
81 84
81 92
81 93
81 94
81 101
81 102
81 103
81 106
81 109
81 129
81 130
81 131
81 137
81 140
81 147
81 152
81 154
81 157
82 83
82 84
82 87
82 88
82 90
82 94
82 109
82 112
82 115
82 125
82 133
82 136
82 137
82 146
82 152
82 153
82 154
82 158
82 160
83 84
83 87
83 88
83 90
83 99
83 101
83 102
83 104
83 105
83 106
83 112
83 114
83 117
83 118
83 121
83 126
83 127
83 133
83 138
83 142
83 143
83 146
83 147
83 151
83 152
83 154
83 158
83 161
84 86
84 87
84 88
84 89
84 95
84 97
84 98
84 101
84 102
84 103
84 104
84 105
84 108
84 109
84 111
84 114
84 115
84 117
84 118
84 119
84 125
84 126
84 127
84 128
84 134
84 137
84 138
84 141
84 142
84 145
84 146
84 147
84 148
84 151
84 153
84 154
84 158
84 159
84 161
85 87
85 88
85 91
85 94
85 98
85 102
85 106
85 107
85 109
85 112
85 113
85 118
85 119
85 131
85 133
85 134
85 136
85 137
85 138
85 140
85 141
85 150
85 157
85 158
85 161
86 88
86 89
86 92
86 95
86 97
86 102
86 105
86 109
86 113
86 115
86 118
86 123
86 129
86 131
86 132
86 137
86 138
86 142
86 143
86 144
86 146
86 151
86 154
86 158
86 159
87 88
87 90
87 91
87 93
87 94
87 96
87 97
87 98
87 99
87 103
87 104
87 107
87 108
87 111
87 112
87 113
87 114
87 115
87 118
87 125
87 127
87 131
87 133
87 134
87 137
87 138
87 139
87 140
87 141
87 142
87 145
87 147
87 151
87 152
87 154
87 157
87 159
87 160
87 161
88 94
88 97
88 98
88 99
88 102
88 103
88 107
88 109
88 112
88 113
88 115
88 116
88 117
88 118
88 131
88 133
88 135
88 136
88 138
88 139
88 141
88 146
88 147
88 151
88 152
88 156
88 157
88 158
88 159
89 90
89 91
89 94
89 95
89 96
89 98
89 100
89 101
89 103
89 105
89 106
89 107
89 108
89 109
89 110
89 111
89 114
89 117
89 118
89 119
89 124
89 125
89 126
89 127
89 128
89 129
89 131
89 137
89 138
89 139
89 142
89 144
89 145
89 147
89 148
89 149
89 150
89 152
89 154
89 156
89 157
89 158
90 101
90 105
90 108
90 111
90 117
90 118
90 129
90 133
90 137
90 146
90 150
90 152
90 153
90 154
90 158
91 92
91 93
91 94
91 97
91 99
91 101
91 107
91 108
91 109
91 112
91 113
91 114
91 115
91 117
91 118
91 119
91 122
91 125
91 126
91 129
91 131
91 133
91 135
91 136
91 142
91 148
91 151
91 153
91 157
91 159
91 161
92 94
92 96
92 101
92 102
92 105
92 106
92 111
92 115
92 118
92 127
92 133
92 136
92 137
92 138
92 139
92 142
92 145
92 148
92 149
92 150
92 151
92 152
92 153
92 155
92 159
93 94
93 97
93 98
93 99
93 102
93 104
93 105
93 106
93 107
93 114
93 115
93 116
93 117
93 129
93 130
93 131
93 133
93 137
93 138
93 139
93 143
93 145
93 146
93 149
93 152
93 153
93 155
93 157
93 159
94 96
94 97
94 99
94 100
94 101
94 102
94 106
94 108
94 111
94 112
94 113
94 114
94 115
94 117
94 119
94 120
94 122
94 126
94 127
94 129
94 130
94 131
94 132
94 133
94 134
94 137
94 139
94 142
94 145
94 147
94 150
94 152
94 153
94 154
94 155
94 157
94 158
94 159
94 160
95 97
95 101
95 105
95 106
95 109
95 113
95 115
95 116
95 118
95 123
95 125
95 129
95 132
95 133
95 138
95 142
95 146
95 147
95 149
95 153
95 154
95 157
95 161
96 97
96 101
96 102
96 121
96 125
96 126
96 129
96 131
96 133
96 138
96 147
96 151
96 158
96 159
97 98
97 99
97 101
97 103
97 104
97 107
97 108
97 109
97 111
97 112
97 114
97 118
97 121
97 124
97 125
97 127
97 129
97 130
97 131
97 133
97 134
97 137
97 138
97 139
97 140
97 141
97 142
97 143
97 146
97 147
97 149
97 150
97 153
97 155
97 157
97 158
97 160
98 103
98 105
98 106
98 108
98 117
98 118
98 123
98 124
98 126
98 136
98 137
98 138
98 142
98 147
98 153
98 154
98 157
98 160
98 161
99 101
99 102
99 104
99 106
99 109
99 113
99 114
99 116
99 117
99 124
99 129
99 133
99 134
99 135
99 138
99 147
99 148
99 151
99 152
99 155
99 157
99 158
99 161
100 105
100 106
100 107
100 113
100 123
100 125
100 129
100 133
100 142
100 143
100 146
100 147
100 149
100 151
100 152
100 155
100 157
100 158
100 160
101 103
101 104
101 105
101 106
101 107
101 108
101 111
101 113
101 114
101 115
101 117
101 118
101 120
101 123
101 124
101 125
101 126
101 127
101 129
101 130
101 131
101 133
101 134
101 135
101 137
101 138
101 141
101 142
101 144
101 145
101 147
101 148
101 149
101 151
101 152
101 153
101 154
101 156
101 157
101 158
101 159
101 160
102 105
102 106
102 108
102 112
102 113
102 114
102 115
102 119
102 120
102 126
102 129
102 130
102 131
102 133
102 134
102 135
102 137
102 139
102 142
102 143
102 146
102 147
102 149
102 151
102 152
102 153
102 157
102 158
102 159
102 161
103 104
103 106
103 114
103 115
103 117
103 121
103 125
103 129
103 131
103 134
103 137
103 138
103 142
103 145
103 146
103 151
103 153
103 154
103 158
103 159
104 106
104 110
104 115
104 116
104 117
104 128
104 138
104 141
104 142
104 145
104 147
104 152
104 154
104 160
104 161
105 109
105 111
105 112
105 113
105 114
105 115
105 117
105 118
105 122
105 126
105 127
105 129
105 133
105 134
105 135
105 136
105 138
105 139
105 140
105 141
105 142
105 143
105 149
105 150
105 151
105 154
105 155
105 160
105 161
106 107
106 108
106 109
106 113
106 114
106 115
106 116
106 117
106 122
106 124
106 126
106 133
106 134
106 135
106 136
106 137
106 138
106 139
106 140
106 141
106 142
106 145
106 147
106 151
106 152
106 153
106 154
106 155
106 158
106 159
106 160
106 161
107 111
107 113
107 117
107 121
107 128
107 129
107 133
107 134
107 137
107 142
107 145
107 146
107 151
107 152
107 153
107 154
107 157
107 159
107 160
108 109
108 110
108 111
108 113
108 114
108 115
108 116
108 117
108 118
108 124
108 125
108 126
108 127
108 128
108 129
108 132
108 133
108 134
108 137
108 139
108 145
108 146
108 147
108 148
108 151
108 152
108 154
108 155
108 156
108 157
108 158
108 161
109 114
109 115
109 117
109 118
109 125
109 126
109 127
109 129
109 131
109 133
109 134
109 135
109 136
109 137
109 138
109 139
109 140
109 142
109 145
109 146
109 147
109 151
109 154
109 155
109 157
109 158
109 160
110 115
110 131
110 133
110 134
110 135
110 137
110 141
110 142
110 146
110 148
110 150
110 152
110 158
110 160
111 113
111 115
111 121
111 124
111 125
111 128
111 137
111 138
111 140
111 142
111 145
111 146
111 151
111 152
111 154
111 160
112 114
112 115
112 116
112 117
112 118
112 121
112 123
112 134
112 139
112 140
112 141
112 142
112 145
112 146
112 152
112 154
112 157
112 158
112 160
113 115
113 117
113 118
113 119
113 124
113 125
113 127
113 129
113 130
113 134
113 135
113 137
113 138
113 140
113 142
113 144
113 146
113 149
113 151
113 152
113 155
113 159
114 116
114 117
114 118
114 120
114 122
114 125
114 128
114 130
114 131
114 135
114 136
114 137
114 139
114 141
114 142
114 143
114 147
114 148
114 149
114 152
114 156
114 158
114 161
115 116
115 117
115 118
115 119
115 120
115 122
115 124
115 125
115 126
115 127
115 128
115 129
115 130
115 131
115 132
115 133
115 134
115 135
115 136
115 137
115 138
115 139
115 140
115 141
115 142
115 147
115 148
115 149
115 151
115 152
115 153
115 154
115 155
115 156
115 157
115 158
115 159
116 118
116 129
116 131
116 133
116 138
116 140
116 141
116 142
116 143
116 147
116 151
116 152
116 154
116 156
116 157
117 118
117 120
117 128
117 129
117 130
117 134
117 137
117 138
117 141
117 142
117 145
117 146
117 147
117 150
117 151
117 152
117 153
117 154
117 155
117 156
117 157
117 158
117 160
117 161
118 119
118 124
118 125
118 126
118 129
118 130
118 131
118 133
118 135
118 137
118 138
118 139
118 140
118 142
118 143
118 145
118 148
118 149
118 150
118 151
118 153
118 154
118 157
118 158
118 160
119 125
119 131
119 138
119 158
119 159
119 161
120 134
120 139
120 151
121 125
121 130
121 131
121 133
121 134
121 137
121 141
121 150
121 154
121 159
122 134
122 146
122 150
122 154
122 157
122 161
123 134
123 137
123 146
123 148
123 152
123 153
123 156
123 159
124 125
124 129
124 134
124 135
124 136
124 147
124 151
124 152
124 159
124 160
124 161
125 126
125 130
125 133
125 134
125 135
125 137
125 138
125 141
125 142
125 143
125 146
125 151
125 159
125 160
125 161
126 128
126 129
126 130
126 131
126 132
126 133
126 134
126 135
126 137
126 138
126 142
126 143
126 144
126 150
126 151
126 152
126 154
126 155
126 158
127 136
127 137
127 138
127 141
127 147
127 153
127 154
127 161
128 129
128 132
128 134
128 146
128 147
128 150
128 152
128 153
128 154
128 157
128 159
129 133
129 134
129 136
129 137
129 141
129 142
129 145
129 146
129 147
129 149
129 150
129 152
129 153
129 154
129 157
129 158
129 159
129 160
129 161
130 131
130 137
130 138
130 141
130 142
130 143
130 144
130 145
130 146
130 151
130 154
130 158
130 159
130 161
131 134
131 135
131 136
131 137
131 138
131 144
131 146
131 147
131 149
131 150
131 151
131 152
131 155
131 156
131 157
131 160
132 135
132 137
132 138
132 145
132 153
132 155
133 137
133 138
133 139
133 140
133 142
133 143
133 145
133 146
133 147
133 150
133 151
133 154
133 158
133 160
133 161
134 135
134 136
134 137
134 138
134 140
134 141
134 142
134 145
134 150
134 151
134 152
134 155
134 157
134 158
134 159
134 161
135 136
135 137
135 138
135 139
135 150
135 151
135 157
135 158
135 159
135 160
135 161
136 142
136 145
136 149
136 153
136 157
137 138
137 139
137 141
137 143
137 146
137 147
137 148
137 150
137 151
137 155
137 159
137 160
137 161
138 139
138 140
138 141
138 142
138 145
138 146
138 149
138 151
138 152
138 153
138 154
138 155
138 157
138 158
138 160
138 161
139 143
139 144
139 149
139 151
139 152
139 153
139 154
139 155
139 157
139 161
140 142
140 143
140 147
140 152
140 154
140 156
140 157
140 161
141 145
141 147
141 150
141 151
141 152
141 154
141 159
141 160
142 143
142 144
142 146
142 150
142 151
142 152
142 153
142 154
142 156
142 157
142 160
142 161
143 147
143 150
143 153
143 154
144 148
144 150
144 152
145 146
145 147
145 154
145 156
145 158
145 159
146 147
146 150
146 151
146 153
146 154
146 155
146 158
146 159
146 160
146 161
147 150
147 152
147 153
147 154
147 157
147 160
147 161
148 149
148 150
148 152
148 154
149 152
149 154
149 157
150 152
150 153
150 158
150 159
151 153
151 154
151 155
151 157
151 160
152 153
152 154
152 155
152 157
152 159
152 160
152 161
153 157
153 160
153 161
154 155
154 157
154 158
154 159
154 160
154 161
155 157
155 159
155 160
156 158
157 158
157 159
157 161
158 160
158 161
159 161
