0 4
0 6
0 7
0 14
0 21
0 22
0 24
0 25
0 28
0 31
0 38
0 39
0 42
0 49
0 50
0 52
0 54
0 55
0 56
0 57
0 63
0 64
0 65
0 66
0 67
0 68
0 72
0 73
0 79
0 81
0 89
0 91
0 94
0 99
0 102
0 105
0 106
0 108
0 109
0 110
0 114
0 117
0 118
0 119
0 125
0 128
0 129
0 131
0 133
0 134
0 135
0 137
0 139
0 142
0 143
0 146
0 148
0 151
0 153
0 155
0 158
0 161
1 6
1 8
1 9
1 11
1 12
1 15
1 19
1 28
1 30
1 31
1 32
1 36
1 40
1 42
1 43
1 45
1 46
1 49
1 50
1 51
1 52
1 55
1 60
1 64
1 65
1 66
1 67
1 70
1 80
1 87
1 88
1 89
1 90
1 97
1 98
1 101
1 105
1 106
1 108
1 112
1 113
1 118
1 119
1 124
1 125
1 126
1 129
1 133
1 134
1 137
1 138
1 140
1 142
1 146
1 147
1 150
1 151
1 152
1 154
1 157
1 160
1 161
2 12
2 26
2 29
2 33
2 37
2 40
2 44
2 45
2 49
2 52
2 61
2 63
2 64
2 69
2 72
2 76
2 77
2 79
2 88
2 91
2 92
2 94
2 95
2 97
2 98
2 99
2 101
2 104
2 106
2 108
2 111
2 114
2 115
2 128
2 130
2 134
2 136
2 137
2 141
2 142
2 145
2 146
2 150
2 151
2 152
2 158
2 159
3 6
3 7
3 9
3 13
3 14
3 15
3 19
3 21
3 26
3 27
3 43
3 44
3 45
3 46
3 49
3 54
3 55
3 56
3 57
3 58
3 60
3 61
3 64
3 66
3 67
3 68
3 72
3 76
3 77
3 85
3 86
3 88
3 91
3 93
3 94
3 98
3 102
3 106
3 115
3 124
3 125
3 129
3 131
3 134
3 137
3 141
3 142
3 147
3 149
3 150
3 151
3 154
3 157
3 159
4 5
4 6
4 12
4 13
4 14
4 15
4 16
4 19
4 20
4 22
4 24
4 26
4 28
4 30
4 31
4 33
4 35
4 36
4 37
4 38
4 41
4 42
4 43
4 45
4 46
4 49
4 54
4 55
4 57
4 58
4 62
4 63
4 64
4 65
4 66
4 68
4 70
4 71
4 72
4 73
4 74
4 75
4 77
4 79
4 80
4 81
4 83
4 84
4 88
4 89
4 90
4 91
4 93
4 97
4 99
4 100
4 101
4 102
4 104
4 106
4 107
4 108
4 109
4 112
4 113
4 114
4 115
4 118
4 119
4 122
4 125
4 126
4 129
4 130
4 131
4 133
4 134
4 135
4 137
4 138
4 141
4 142
4 145
4 150
4 151
4 152
4 153
4 154
4 155
4 157
4 160
5 7
5 21
5 30
5 31
5 40
5 51
5 54
5 65
5 66
5 67
5 68
5 80
5 83
5 89
5 102
5 113
5 116
5 126
5 133
5 135
5 142
5 147
5 154
5 159
6 7
6 9
6 10
6 11
6 13
6 14
6 15
6 18
6 19
6 22
6 25
6 26
6 27
6 29
6 30
6 31
6 32
6 35
6 36
6 37
6 39
6 40
6 41
6 43
6 44
6 45
6 46
6 47
6 48
6 49
6 51
6 52
6 55
6 58
6 61
6 66
6 67
6 68
6 69
6 70
6 72
6 73
6 74
6 75
6 76
6 77
6 79
6 81
6 84
6 85
6 89
6 91
6 93
6 94
6 95
6 97
6 98
6 99
6 101
6 102
6 103
6 105
6 108
6 111
6 112
6 113
6 114
6 115
6 116
6 118
6 121
6 122
6 126
6 127
6 131
6 132
6 133
6 134
6 135
6 137
6 138
6 140
6 141
6 142
6 143
6 145
6 146
6 147
6 151
6 152
6 154
6 155
6 156
6 157
6 158
6 159
6 160
7 10
7 11
7 12
7 14
7 18
7 19
7 21
7 23
7 25
7 26
7 29
7 32
7 33
7 35
7 37
7 38
7 42
7 43
7 44
7 45
7 46
7 49
7 51
7 52
7 54
7 55
7 56
7 58
7 59
7 62
7 63
7 64
7 65
7 66
7 67
7 68
7 69
7 70
7 72
7 73
7 75
7 79
7 80
7 81
7 82
7 83
7 85
7 86
7 88
7 89
7 90
7 92
7 93
7 94
7 96
7 97
7 99
7 101
7 102
7 103
7 104
7 105
7 106
7 107
7 108
7 109
7 110
7 111
7 112
7 114
7 115
7 117
7 118
7 123
7 126
7 129
7 131
7 133
7 134
7 136
7 137
7 138
7 139
7 142
7 143
7 145
7 146
7 147
7 149
7 150
7 151
7 154
7 155
7 156
7 158
7 160
8 9
8 11
8 13
8 19
8 21
8 26
8 29
8 32
8 37
8 38
8 40
8 43
8 44
8 45
8 46
8 48
8 56
8 63
8 64
8 65
8 68
8 69
8 70
8 77
8 84
8 94
8 96
8 103
8 105
8 108
8 109
8 111
8 113
8 114
8 115
8 116
8 117
8 125
8 135
8 139
8 145
8 147
9 12
9 14
9 20
9 21
9 24
9 26
9 28
9 31
9 33
9 35
9 36
9 37
9 38
9 40
9 41
9 43
9 49
9 51
9 53
9 54
9 56
9 57
9 59
9 63
9 64
9 69
9 74
9 75
9 77
9 78
9 79
9 82
9 83
9 85
9 88
9 90
9 92
9 93
9 94
9 97
9 100
9 101
9 102
9 106
9 108
9 113
9 115
9 116
9 117
9 118
9 121
9 123
9 125
9 128
9 137
9 141
9 142
9 146
9 147
9 148
9 151
9 152
9 154
10 12
10 17
10 21
10 25
10 27
10 28
10 30
10 32
10 34
10 38
10 42
10 44
10 45
10 49
10 50
10 52
10 55
10 56
10 64
10 66
10 67
10 72
10 73
10 74
10 79
10 80
10 86
10 89
10 91
10 92
10 98
10 99
10 101
10 105
10 106
10 108
10 112
10 113
10 123
10 125
10 127
10 131
10 133
10 134
10 137
10 138
10 139
10 141
10 142
10 147
10 149
10 150
10 154
10 155
10 157
11 12
11 14
11 15
11 16
11 18
11 19
11 25
11 26
11 30
11 35
11 37
11 39
11 40
11 43
11 44
11 48
11 51
11 53
11 54
11 55
11 56
11 58
11 59
11 60
11 61
11 62
11 63
11 64
11 65
11 66
11 67
11 68
11 69
11 71
11 72
11 73
11 74
11 76
11 80
11 81
11 84
11 85
11 87
11 89
11 93
11 94
11 95
11 96
11 97
11 100
11 101
11 102
11 104
11 105
11 107
11 109
11 111
11 112
11 114
11 115
11 117
11 118
11 122
11 125
11 126
11 127
11 128
11 129
11 130
11 131
11 133
11 134
11 137
11 138
11 140
11 141
11 142
11 145
11 150
11 152
11 154
11 156
11 158
11 160
11 161
12 14
12 18
12 19
12 20
12 21
12 23
12 26
12 30
12 32
12 34
12 35
12 40
12 41
12 43
12 46
12 48
12 49
12 51
12 53
12 54
12 55
12 56
12 58
12 63
12 67
12 68
12 70
12 72
12 74
12 79
12 80
12 88
12 89
12 90
12 97
12 104
12 105
12 106
12 114
12 115
12 118
12 122
12 129
12 132
12 136
12 137
12 145
12 146
12 147
12 150
12 151
12 152
12 154
12 155
12 156
12 158
12 161
13 14
13 15
13 18
13 19
13 25
13 26
13 30
13 32
13 34
13 36
13 37
13 39
13 40
13 42
13 45
13 54
13 55
13 56
13 65
13 67
13 70
13 71
13 72
13 73
13 74
13 75
13 76
13 84
13 85
13 86
13 93
13 94
13 97
13 112
13 113
13 116
13 117
13 120
13 125
13 129
13 130
13 131
13 138
13 141
13 150
13 153
13 154
13 155
13 160
14 15
14 16
14 17
14 19
14 20
14 22
14 26
14 27
14 28
14 29
14 30
14 31
14 32
14 35
14 37
14 38
14 40
14 41
14 44
14 45
14 46
14 49
14 50
14 51
14 54
14 55
14 56
14 57
14 58
14 59
14 61
14 64
14 65
14 66
14 67
14 68
14 70
14 71
14 73
14 74
14 76
14 77
14 82
14 84
14 86
14 87
14 89
14 91
14 92
14 93
14 94
14 95
14 96
14 97
14 98
14 99
14 101
14 102
14 103
14 104
14 106
14 107
14 108
14 109
14 112
14 113
14 114
14 116
14 117
14 118
14 120
14 126
14 128
14 130
14 133
14 134
14 135
14 137
14 139
14 140
14 141
14 143
14 145
14 146
14 147
14 148
14 149
14 151
14 152
14 154
14 155
14 157
14 159
14 161
15 17
15 22
15 24
15 26
15 28
15 31
15 36
15 46
15 49
15 51
15 52
15 55
15 59
15 62
15 63
15 64
15 65
15 66
15 68
15 69
15 70
15 72
15 73
15 77
15 79
15 87
15 89
15 99
15 101
15 102
15 105
15 106
15 109
15 112
15 113
15 114
15 117
15 118
15 123
15 125
15 129
15 130
15 131
15 133
15 134
15 135
15 139
15 142
15 146
15 147
15 149
15 154
15 157
15 159
16 19
16 25
16 31
16 32
16 33
16 35
16 39
16 44
16 45
16 46
16 50
16 52
16 54
16 58
16 64
16 65
16 66
16 67
16 69
16 71
16 74
16 79
16 80
16 83
16 97
16 103
16 106
16 108
16 114
16 115
16 125
16 135
16 138
16 139
16 142
16 143
16 145
16 147
16 154
16 157
16 158
16 160
17 26
17 28
17 29
17 31
17 38
17 40
17 42
17 44
17 64
17 66
17 70
17 72
17 79
17 80
17 85
17 90
17 91
17 98
17 106
17 112
17 113
17 115
17 116
17 117
17 129
17 141
17 150
17 153
17 155
17 157
18 24
18 25
18 27
18 28
18 31
18 32
18 33
18 35
18 39
18 44
18 45
18 46
18 51
18 58
18 61
18 63
18 64
18 65
18 67
18 70
18 71
18 73
18 74
18 75
18 79
18 84
18 93
18 94
18 95
18 101
18 103
18 105
18 106
18 108
18 109
18 112
18 114
18 118
18 125
18 126
18 129
18 130
18 131
18 133
18 134
18 136
18 140
18 142
18 143
18 146
18 147
18 152
18 154
18 156
19 21
19 22
19 24
19 25
19 26
19 28
19 30
19 31
19 32
19 34
19 35
19 36
19 38
19 39
19 40
19 41
19 42
19 43
19 46
19 49
19 51
19 52
19 54
19 56
19 57
19 58
19 61
19 62
19 63
19 64
19 66
19 68
19 69
19 70
19 71
19 72
19 74
19 75
19 79
19 80
19 83
19 84
19 87
19 88
19 89
19 93
19 97
19 98
19 99
19 101
19 102
19 105
19 106
19 107
19 108
19 110
19 111
19 112
19 113
19 114
19 116
19 117
19 118
19 125
19 126
19 127
19 129
19 130
19 131
19 132
19 133
19 134
19 135
19 138
19 139
19 142
19 143
19 145
19 146
19 147
19 148
19 150
19 151
19 152
19 153
19 154
19 155
19 157
19 158
19 160
19 161
20 26
20 32
20 39
20 40
20 42
20 43
20 45
20 51
20 54
20 61
20 63
20 64
20 65
20 66
20 67
20 69
20 71
20 74
20 79
20 87
20 89
20 100
20 104
20 113
20 114
20 117
20 128
20 130
20 139
20 141
20 142
20 146
20 147
20 148
20 150
21 25
21 29
21 30
21 31
21 32
21 35
21 36
21 38
21 40
21 43
21 44
21 47
21 49
21 50
21 52
21 56
21 59
21 61
21 65
21 67
21 68
21 71
21 72
21 74
21 75
21 76
21 77
21 78
21 79
21 83
21 86
21 90
21 93
21 94
21 96
21 97
21 98
21 100
21 101
21 102
21 103
21 105
21 107
21 109
21 110
21 113
21 114
21 115
21 119
21 125
21 126
21 129
21 130
21 131
21 133
21 134
21 135
21 136
21 137
21 138
21 139
21 140
21 141
21 142
21 145
21 146
21 148
21 150
21 152
21 154
21 155
21 156
21 157
21 158
21 160
22 35
22 40
22 43
22 47
22 49
22 50
22 51
22 54
22 58
22 66
22 68
22 72
22 77
22 79
22 85
22 89
22 97
22 101
22 102
22 103
22 104
22 105
22 106
22 107
22 112
22 113
22 114
22 115
22 116
22 121
22 125
22 130
22 139
22 142
22 152
22 153
22 155
22 157
22 158
23 24
23 44
23 45
23 46
23 51
23 52
23 56
23 63
23 66
23 67
23 68
23 71
23 72
23 74
23 76
23 82
23 87
23 89
23 91
23 93
23 94
23 99
23 101
23 108
23 109
23 113
23 118
23 121
23 123
23 125
23 128
23 133
23 134
23 135
23 142
23 152
23 153
23 157
23 159
23 161
24 25
24 30
24 31
24 32
24 36
24 38
24 44
24 51
24 52
24 54
24 55
24 56
24 64
24 67
24 68
24 69
24 79
24 81
24 89
24 91
24 92
24 93
24 101
24 105
24 109
24 111
24 114
24 118
24 122
24 133
24 135
24 138
24 139
24 146
24 156
25 31
25 36
25 38
25 40
25 41
25 42
25 44
25 47
25 50
25 51
25 54
25 55
25 59
25 62
25 64
25 67
25 68
25 69
25 72
25 73
25 74
25 75
25 77
25 80
25 84
25 86
25 89
25 91
25 95
25 96
25 100
25 101
25 102
25 104
25 105
25 106
25 108
25 109
25 111
25 112
25 114
25 115
25 117
25 118
25 122
25 125
25 126
25 127
25 128
25 129
25 133
25 135
25 137
25 138
25 140
25 142
25 143
25 145
25 146
25 147
25 157
25 160
25 161
26 30
26 31
26 34
26 35
26 37
26 38
26 39
26 40
26 41
26 43
26 44
26 45
26 46
26 49
26 51
26 54
26 55
26 56
26 57
26 58
26 63
26 64
26 65
26 66
26 67
26 71
26 73
26 74
26 75
26 76
26 80
26 81
26 82
26 83
26 85
26 87
26 88
26 89
26 92
26 94
26 97
26 99
26 101
26 102
26 104
26 106
26 108
26 109
26 110
26 112
26 114
26 115
26 117
26 118
26 119
26 125
26 126
26 127
26 129
26 130
26 132
26 133
26 134
26 136
26 138
26 139
26 141
26 142
26 146
26 147
26 149
26 150
26 151
26 152
26 154
26 155
26 159
26 160
27 32
27 45
27 55
27 56
27 74
27 88
27 90
27 94
27 106
27 112
27 113
27 121
27 125
27 131
27 133
27 135
27 142
27 146
27 152
28 29
28 30
28 45
28 48
28 54
28 57
28 59
28 60
28 64
28 65
28 71
28 72
28 79
28 86
28 89
28 90
28 92
28 94
28 101
28 102
28 105
28 106
28 108
28 109
28 112
28 114
28 115
28 118
28 127
28 137
28 140
28 145
28 147
28 148
28 150
28 158
29 31
29 40
29 42
29 45
29 46
29 49
29 51
29 61
29 65
29 67
29 70
29 72
29 73
29 74
29 80
29 93
29 101
29 105
29 115
29 116
29 118
29 122
29 128
29 133
29 142
29 143
29 145
29 152
29 153
29 154
29 159
30 31
30 32
30 35
30 36
30 39
30 43
30 44
30 46
30 47
30 49
30 51
30 52
30 53
30 54
30 56
30 58
30 59
30 60
30 62
30 63
30 66
30 67
30 68
30 72
30 74
30 77
30 79
30 84
30 85
30 86
30 87
30 89
30 93
30 94
30 96
30 97
30 98
30 102
30 103
30 104
30 105
30 107
30 111
30 115
30 116
30 121
30 126
30 127
30 129
30 131
30 133
30 134
30 137
30 138
30 141
30 142
30 143
30 144
30 145
30 147
30 148
30 149
30 151
30 152
30 153
30 154
30 158
31 32
31 33
31 34
31 35
31 36
31 37
31 38
31 39
31 40
31 42
31 43
31 44
31 46
31 49
31 50
31 51
31 52
31 53
31 54
31 56
31 57
31 58
31 59
31 64
31 67
31 68
31 70
31 71
31 73
31 74
31 75
31 76
31 78
31 79
31 80
31 81
31 82
31 83
31 88
31 89
31 91
31 93
31 94
31 95
31 96
31 97
31 98
31 99
31 100
31 101
31 107
31 108
31 109
31 111
31 112
31 113
31 114
31 117
31 118
31 124
31 125
31 126
31 128
31 129
31 131
31 132
31 133
31 134
31 135
31 136
31 138
31 143
31 145
31 149
31 150
31 151
31 152
31 154
31 157
31 158
31 159
31 160
31 161
32 34
32 35
32 36
32 37
32 39
32 40
32 43
32 44
32 45
32 46
32 49
32 51
32 52
32 53
32 54
32 55
32 56
32 58
32 63
32 64
32 67
32 69
32 70
32 71
32 72
32 74
32 76
32 79
32 80
32 84
32 85
32 87
32 88
32 89
32 91
32 93
32 94
32 96
32 99
32 100
32 101
32 103
32 105
32 107
32 109
32 110
32 111
32 112
32 113
32 114
32 115
32 116
32 117
32 118
32 120
32 122
32 123
32 126
32 130
32 133
32 134
32 135
32 137
32 138
32 142
32 143
32 145
32 146
32 147
32 150
32 151
32 152
32 157
32 160
32 161
33 40
33 42
33 45
33 49
33 51
33 54
33 56
33 68
33 73
33 74
33 77
33 84
33 92
33 94
33 101
33 111
33 112
33 113
33 126
33 133
33 134
33 140
33 146
33 150
33 152
33 157
33 158
34 35
34 38
34 40
34 46
34 52
34 54
34 63
34 65
34 69
34 70
34 79
34 88
34 98
34 102
34 105
34 106
34 109
34 111
34 114
34 117
34 118
34 129
34 134
34 135
34 137
34 141
34 147
34 151
34 152
34 157
35 39
35 40
35 41
35 43
35 44
35 46
35 49
35 51
35 52
35 54
35 56
35 59
35 62
35 63
35 64
35 65
35 67
35 68
35 69
35 74
35 75
35 77
35 79
35 80
35 82
35 83
35 84
35 85
35 87
35 89
35 93
35 97
35 101
35 102
35 103
35 104
35 105
35 106
35 107
35 108
35 109
35 110
35 111
35 112
35 114
35 116
35 117
35 118
35 123
35 125
35 126
35 128
35 129
35 130
35 131
35 133
35 136
35 137
35 138
35 140
35 142
35 143
35 145
35 147
35 148
35 150
35 152
35 155
35 157
35 159
35 160
35 161
36 37
36 38
36 39
36 40
36 43
36 44
36 45
36 46
36 48
36 50
36 54
36 56
36 59
36 62
36 63
36 65
36 68
36 71
36 72
36 75
36 76
36 77
36 79
36 80
36 83
36 85
36 89
36 95
36 96
36 100
36 102
36 103
36 106
36 108
36 109
36 112
36 113
36 114
36 117
36 123
36 126
36 127
36 129
36 130
36 131
36 137
36 138
36 139
36 144
36 145
36 147
36 149
36 152
36 153
36 154
36 157
36 158
36 160
36 161
37 49
37 55
37 56
37 65
37 66
37 69
37 76
37 77
37 86
37 89
37 93
37 94
37 96
37 98
37 99
37 102
37 106
37 108
37 109
37 110
37 111
37 112
37 113
37 114
37 115
37 126
37 128
37 129
37 131
37 132
37 135
37 138
37 139
37 142
37 145
37 147
37 149
37 150
37 151
37 152
37 154
37 158
38 42
38 44
38 45
38 46
38 49
38 52
38 53
38 54
38 55
38 56
38 59
38 64
38 66
38 67
38 68
38 69
38 70
38 71
38 74
38 75
38 79
38 81
38 82
38 86
38 89
38 91
38 94
38 95
38 97
38 98
38 99
38 100
38 105
38 106
38 107
38 112
38 113
38 116
38 117
38 118
38 119
38 120
38 127
38 130
38 131
38 133
38 134
38 137
38 138
38 139
38 141
38 142
38 143
38 146
38 147
38 148
38 149
38 150
38 151
38 152
38 153
38 154
38 155
38 157
38 159
38 160
39 44
39 49
39 52
39 54
39 58
39 59
39 65
39 70
39 71
39 72
39 75
39 76
39 77
39 78
39 79
39 84
39 88
39 89
39 91
39 94
39 99
39 106
39 107
39 108
39 110
39 113
39 117
39 118
39 125
39 126
39 128
39 131
39 136
39 137
39 139
39 141
39 143
39 147
39 149
39 152
39 155
39 158
39 161
40 41
40 44
40 45
40 47
40 48
40 49
40 51
40 52
40 53
40 54
40 55
40 56
40 57
40 58
40 60
40 64
40 65
40 66
40 68
40 70
40 74
40 75
40 77
40 79
40 80
40 82
40 83
40 84
40 85
40 87
40 88
40 89
40 91
40 92
40 93
40 95
40 97
40 101
40 102
40 103
40 105
40 108
40 112
40 113
40 114
40 115
40 116
40 118
40 122
40 124
40 125
40 127
40 128
40 129
40 133
40 134
40 135
40 137
40 138
40 141
40 142
40 145
40 147
40 149
40 151
40 152
40 153
40 154
40 157
40 158
40 159
40 161
41 51
41 54
41 66
41 67
41 68
41 84
41 85
41 86
41 87
41 89
41 98
41 101
41 105
41 108
41 109
41 112
41 116
41 135
41 137
41 138
41 150
41 153
41 157
41 159
41 160
42 45
42 49
42 51
42 54
42 60
42 64
42 70
42 72
42 73
42 78
42 83
42 84
42 89
42 102
42 103
42 107
42 110
42 113
42 115
42 117
42 121
42 126
42 133
42 134
42 135
42 138
42 141
42 152
42 154
42 157
42 159
42 160
43 50
43 51
43 52
43 53
43 56
43 59
43 64
43 65
43 67
43 68
43 71
43 73
43 74
43 75
43 79
43 82
43 84
43 86
43 89
43 97
43 102
43 103
43 105
43 109
43 112
43 114
43 115
43 118
43 124
43 125
43 126
43 127
43 129
43 130
43 131
43 132
43 133
43 135
43 137
43 138
43 139
43 140
43 144
43 145
43 146
43 148
43 150
43 156
43 157
43 158
43 160
43 161
44 46
44 51
44 52
44 54
44 55
44 65
44 66
44 67
44 68
44 69
44 71
44 76
44 77
44 79
44 80
44 82
44 84
44 85
44 86
44 87
44 88
44 91
44 92
44 97
44 98
44 101
44 105
44 106
44 109
44 110
44 111
44 114
44 115
44 117
44 118
44 119
44 126
44 127
44 128
44 129
44 131
44 133
44 136
44 137
44 138
44 139
44 140
44 141
44 142
44 145
44 146
44 152
44 153
44 157
44 159
44 160
44 161
45 49
45 53
45 54
45 55
45 56
45 58
45 60
45 62
45 66
45 68
45 69
45 70
45 71
45 72
45 74
45 75
45 77
45 79
45 80
45 82
45 84
45 85
45 86
45 87
45 89
45 91
45 92
45 93
45 94
45 97
45 99
45 101
45 106
45 108
45 109
45 111
45 112
45 113
45 114
45 115
45 118
45 122
45 125
45 128
45 129
45 133
45 139
45 143
45 145
45 146
45 147
45 150
45 152
45 153
45 154
45 156
45 157
45 158
45 159
45 161
46 49
46 51
46 52
46 53
46 54
46 56
46 59
46 61
46 63
46 66
46 68
46 70
46 72
46 73
46 74
46 77
46 79
46 82
46 87
46 89
46 91
46 93
46 94
46 95
46 98
46 99
46 103
46 105
46 108
46 113
46 114
46 115
46 117
46 118
46 119
46 126
46 131
46 133
46 134
46 139
46 142
46 143
46 149
46 150
46 151
46 152
46 153
46 155
46 157
46 160
46 161
47 49
47 58
47 59
47 72
47 73
47 74
47 79
47 87
47 89
47 94
47 110
47 118
47 133
47 160
48 50
48 52
48 54
48 56
48 64
48 66
48 67
48 68
48 76
48 77
48 78
48 81
48 83
48 87
48 89
48 91
48 100
48 106
48 113
48 115
48 118
48 125
48 128
48 129
48 131
48 134
48 141
48 145
48 147
48 150
48 151
48 152
48 153
49 51
49 52
49 54
49 56
49 58
49 64
49 66
49 67
49 68
49 69
49 70
49 71
49 72
49 73
49 74
49 75
49 76
49 77
49 79
49 84
49 86
49 88
49 89
49 91
49 92
49 95
49 101
49 102
49 104
49 106
49 107
49 108
49 109
49 110
49 112
49 113
49 114
49 115
49 117
49 119
49 125
49 128
49 129
49 130
49 131
49 133
49 134
49 135
49 137
49 139
49 140
49 141
49 142
49 143
49 144
49 145
49 147
49 148
49 150
49 151
49 152
49 153
49 154
49 157
49 158
49 159
49 161
50 51
50 53
50 57
50 67
50 69
50 70
50 71
50 74
50 79
50 80
50 81
50 82
50 86
50 89
50 91
50 94
50 95
50 97
50 98
50 99
50 102
50 103
50 107
50 108
50 109
50 110
50 117
50 119
50 123
50 124
50 125
50 126
50 128
50 129
50 130
50 131
50 133
50 134
50 137
50 138
50 140
50 142
50 145
50 147
50 148
50 150
50 154
50 157
50 158
50 161
51 52
51 54
51 55
51 56
51 58
51 59
51 60
51 61
51 64
51 65
51 66
51 67
51 68
51 70
51 71
51 72
51 73
51 74
51 77
51 78
51 79
51 80
51 83
51 84
51 87
51 88
51 89
51 90
51 91
51 93
51 94
51 95
51 97
51 100
51 101
51 102
51 103
51 104
51 105
51 107
51 108
51 109
51 111
51 113
51 114
51 115
51 116
51 117
51 118
51 119
51 122
51 128
51 131
51 132
51 133
51 134
51 135
51 136
51 137
51 139
51 142
51 145
51 146
51 147
51 149
51 150
51 152
51 153
51 154
51 158
51 159
51 160
51 161
52 54
52 55
52 58
52 66
52 68
52 69
52 72
52 77
52 79
52 82
52 84
52 87
52 89
52 97
52 100
52 101
52 102
52 103
52 105
52 108
52 112
52 114
52 115
52 118
52 122
52 125
52 129
52 130
52 131
52 132
52 133
52 134
52 135
52 147
52 151
52 152
52 154
52 157
52 158
52 161
53 58
53 63
53 65
53 69
53 70
53 71
53 78
53 87
53 88
53 89
53 97
53 98
53 99
53 102
53 105
53 106
53 107
53 113
53 114
53 115
53 121
53 122
53 126
53 128
53 131
53 134
53 139
53 142
53 146
53 147
53 151
53 153
53 154
53 155
53 157
53 158
53 159
54 55
54 56
54 58
54 59
54 62
54 63
54 64
54 65
54 66
54 68
54 69
54 72
54 73
54 74
54 77
54 79
54 80
54 81
54 82
54 83
54 84
54 87
54 88
54 89
54 90
54 93
54 94
54 97
54 99
54 100
54 101
54 102
54 104
54 105
54 106
54 107
54 108
54 109
54 112
54 113
54 114
54 115
54 117
54 118
54 119
54 125
54 126
54 127
54 128
54 129
54 130
54 131
54 133
54 134
54 137
54 138
54 140
54 141
54 142
54 146
54 154
54 157
54 158
54 159
54 161
55 57
55 61
55 64
55 66
55 68
55 70
55 72
55 77
55 79
55 82
55 83
55 84
55 86
55 87
55 92
55 95
55 97
55 101
55 104
55 105
55 110
55 115
55 119
55 130
55 134
55 136
55 137
55 138
55 139
55 141
55 147
55 149
55 150
55 151
55 152
55 153
55 154
55 155
55 157
55 160
56 58
56 61
56 62
56 63
56 64
56 65
56 66
56 67
56 70
56 71
56 73
56 74
56 75
56 76
56 77
56 79
56 80
56 81
56 84
56 85
56 87
56 88
56 90
56 91
56 93
56 94
56 95
56 96
56 97
56 98
56 99
56 100
56 101
56 102
56 103
56 104
56 105
56 106
56 107
56 108
56 109
56 110
56 114
56 115
56 117
56 118
56 122
56 126
56 129
56 133
56 135
56 137
56 138
56 139
56 141
56 142
56 143
56 145
56 146
56 147
56 149
56 151
56 152
56 153
56 154
56 155
56 156
56 157
57 67
57 68
57 70
57 73
57 76
57 83
57 84
57 86
57 92
57 93
57 95
57 99
57 101
57 105
57 106
57 109
57 111
57 121
57 133
57 138
57 146
57 147
57 159
57 161
58 59
58 60
58 64
58 65
58 66
58 67
58 68
58 71
58 72
58 73
58 75
58 79
58 80
58 83
58 86
58 87
58 89
58 93
58 94
58 100
58 101
58 102
58 106
58 107
58 108
58 109
58 111
58 115
58 117
58 123
58 128
58 129
58 131
58 133
58 136
58 137
58 139
58 141
58 142
58 143
58 145
58 146
58 150
58 151
58 152
58 153
58 155
58 157
58 158
58 159
58 160
59 63
59 64
59 66
59 68
59 69
59 72
59 73
59 75
59 77
59 85
59 86
59 87
59 88
59 89
59 92
59 94
59 95
59 96
59 98
59 99
59 102
59 104
59 106
59 109
59 112
59 113
59 114
59 115
59 118
59 119
59 126
59 128
59 131
59 133
59 134
59 135
59 136
59 137
59 139
59 141
59 147
59 152
59 154
59 157
59 158
59 159
60 68
60 73
60 79
60 87
60 89
60 92
60 101
60 105
60 107
60 109
60 110
60 117
60 118
60 131
60 136
60 137
60 141
60 142
60 145
60 149
60 151
60 152
60 153
60 158
61 62
61 63
61 65
61 66
61 67
61 68
61 69
61 70
61 72
61 73
61 75
61 76
61 80
61 84
61 87
61 88
61 94
61 97
61 100
61 104
61 112
61 114
61 115
61 117
61 119
61 130
61 133
61 134
61 135
61 138
61 140
61 141
61 142
61 144
61 147
61 149
61 153
61 154
61 155
61 159
61 161
62 68
62 69
62 70
62 72
62 74
62 77
62 84
62 87
62 89
62 94
62 95
62 105
62 107
62 109
62 114
62 116
62 126
62 128
62 131
62 133
62 135
62 138
62 139
62 143
62 152
62 157
62 160
63 64
63 65
63 68
63 70
63 71
63 75
63 80
63 82
63 84
63 86
63 94
63 95
63 96
63 97
63 98
63 99
63 105
63 108
63 109
63 113
63 114
63 121
63 127
63 129
63 131
63 133
63 134
63 135
63 136
63 137
63 139
63 146
63 149
63 151
63 152
63 153
63 155
63 158
63 160
63 161
64 65
64 67
64 68
64 70
64 71
64 72
64 73
64 74
64 80
64 81
64 83
64 84
64 85
64 87
64 88
64 89
64 92
64 93
64 94
64 96
64 97
64 98
64 99
64 100
64 101
64 102
64 104
64 105
64 107
64 111
64 112
64 113
64 114
64 115
64 116
64 117
64 118
64 122
64 123
64 124
64 126
64 130
64 131
64 132
64 133
64 134
64 136
64 138
64 139
64 140
64 141
64 142
64 145
64 147
64 150
64 151
64 152
64 154
64 155
64 156
64 158
64 160
64 161
65 66
65 67
65 68
65 69
65 70
65 72
65 73
65 74
65 75
65 77
65 80
65 82
65 83
65 86
65 88
65 89
65 92
65 94
65 95
65 96
65 97
65 100
65 101
65 102
65 103
65 104
65 105
65 106
65 109
65 110
65 111
65 112
65 116
65 117
65 118
65 119
65 123
65 125
65 126
65 129
65 131
65 134
65 135
65 136
65 137
65 138
65 139
65 142
65 145
65 146
65 147
65 148
65 150
65 151
65 152
65 153
65 154
65 157
65 158
65 160
65 161
66 68
66 70
66 71
66 72
66 74
66 76
66 77
66 79
66 82
66 83
66 84
66 86
66 90
66 94
66 100
66 101
66 102
66 109
66 111
66 114
66 115
66 118
66 120
66 125
66 126
66 129
66 130
66 131
66 133
66 137
66 138
66 139
66 142
66 144
66 147
66 148
66 150
66 151
66 152
66 154
66 155
66 157
66 160
66 161
67 68
67 69
67 70
67 71
67 72
67 73
67 74
67 75
67 76
67 77
67 79
67 80
67 84
67 85
67 88
67 89
67 92
67 94
67 97
67 101
67 102
67 103
67 104
67 105
67 106
67 107
67 108
67 110
67 111
67 113
67 114
67 115
67 117
67 118
67 122
67 127
67 128
67 129
67 130
67 131
67 133
67 134
67 135
67 136
67 137
67 139
67 140
67 141
67 142
67 143
67 145
67 146
67 149
67 151
67 152
67 153
67 154
67 155
67 158
67 159
67 160
67 161
68 69
68 70
68 71
68 72
68 73
68 74
68 75
68 77
68 81
68 82
68 87
68 88
68 90
68 91
68 92
68 94
68 96
68 97
68 99
68 101
68 102
68 103
68 106
68 107
68 109
68 111
68 112
68 114
68 115
68 117
68 118
68 120
68 123
68 125
68 127
68 128
68 129
68 131
68 132
68 133
68 134
68 135
68 137
68 142
68 143
68 144
68 147
68 149
68 151
68 152
68 154
68 157
68 161
69 70
69 71
69 74
69 75
69 77
69 79
69 85
69 94
69 98
69 99
69 100
69 102
69 103
69 106
69 107
69 108
69 109
69 110
69 111
69 113
69 114
69 115
69 116
69 117
69 119
69 120
69 127
69 131
69 133
69 137
69 138
69 139
69 141
69 142
69 145
69 147
69 149
69 150
69 151
69 152
69 153
69 154
69 157
69 158
69 159
69 160
69 161
70 72
70 73
70 74
70 77
70 79
70 81
70 83
70 87
70 88
70 89
70 90
70 91
70 96
70 97
70 98
70 102
70 103
70 105
70 107
70 108
70 109
70 110
70 112
70 113
70 114
70 115
70 117
70 118
70 121
70 126
70 127
70 129
70 133
70 134
70 135
70 136
70 137
70 138
70 139
70 141
70 142
70 143
70 145
70 146
70 147
70 148
70 150
70 151
70 152
70 153
70 154
70 155
70 156
70 157
70 158
70 159
70 160
70 161
71 72
71 73
71 74
71 75
71 79
71 81
71 82
71 87
71 88
71 89
71 90
71 93
71 94
71 97
71 98
71 99
71 100
71 101
71 102
71 105
71 106
71 109
71 110
71 112
71 115
71 116
71 118
71 119
71 125
71 128
71 129
71 130
71 131
71 133
71 135
71 137
71 142
71 145
71 147
71 153
71 154
71 156
71 157
71 159
71 161
72 73
72 74
72 75
72 77
72 80
72 81
72 82
72 83
72 85
72 86
72 88
72 89
72 94
72 96
72 97
72 98
72 99
72 101
72 102
72 103
72 104
72 107
72 109
72 110
72 111
72 112
72 115
72 116
72 117
72 118
72 119
72 120
72 123
72 125
72 126
72 129
72 130
72 131
72 132
72 134
72 135
72 136
72 137
72 138
72 142
72 146
72 147
72 150
72 151
72 152
72 153
72 154
72 155
72 157
72 158
72 160
72 161
73 74
73 75
73 77
73 79
73 82
73 84
73 88
73 89
73 91
73 92
73 93
73 94
73 95
73 97
73 100
73 101
73 103
73 106
73 112
73 114
73 115
73 117
73 119
73 123
73 125
73 128
73 131
73 132
73 133
73 136
73 137
73 138
73 141
73 142
73 146
73 148
73 151
73 152
73 154
73 158
73 160
73 161
74 77
74 79
74 80
74 82
74 84
74 85
74 87
74 88
74 89
74 91
74 94
74 95
74 96
74 97
74 101
74 102
74 104
74 106
74 107
74 108
74 109
74 111
74 112
74 113
74 115
74 116
74 117
74 118
74 121
74 125
74 126
74 127
74 129
74 130
74 131
74 132
74 133
74 134
74 135
74 137
74 138
74 142
74 144
74 145
74 147
74 148
74 149
74 150
74 153
74 154
74 155
74 157
74 158
74 159
74 160
74 161
75 76
75 77
75 81
75 84
75 88
75 94
75 97
75 99
75 104
75 105
75 106
75 108
75 111
75 113
75 114
75 115
75 116
75 117
75 119
75 125
75 129
75 131
75 134
75 137
75 138
75 140
75 141
75 143
75 147
75 151
75 152
75 157
75 158
76 82
76 83
76 93
76 94
76 98
76 101
76 103
76 106
76 108
76 109
76 110
76 114
76 117
76 120
76 126
76 128
76 131
76 133
76 135
76 136
76 137
76 138
76 141
76 145
76 146
76 147
76 149
76 150
76 151
76 152
76 153
76 154
76 161
77 79
77 83
77 84
77 85
77 86
77 87
77 88
77 90
77 92
77 96
77 97
77 98
77 99
77 100
77 101
77 107
77 108
77 109
77 111
77 113
77 114
77 116
77 117
77 118
77 119
77 126
77 127
77 128
77 129
77 133
77 134
77 138
77 139
77 140
77 141
77 142
77 143
77 146
77 147
77 148
77 151
77 152
77 153
77 154
77 159
77 161
78 97
78 103
78 109
78 115
78 134
78 142
78 146
78 152
78 153
78 154
79 80
79 81
79 82
79 83
79 84
79 86
79 87
79 88
79 89
79 92
79 93
79 94
79 97
79 98
79 99
79 101
79 103
79 104
79 106
79 107
79 108
79 112
79 115
79 120
79 126
79 134
79 136
79 137
79 138
79 139
79 141
79 142
79 143
79 145
79 148
79 149
79 150
79 151
79 152
79 153
79 154
79 158
79 159
79 160
79 161
80 82
80 84
80 85
80 87
80 88
80 89
80 103
80 105
80 106
80 108
80 111
80 112
80 115
80 118
80 124
80 125
80 129
80 130
80 134
80 137
80 138
80 139
80 141
80 145
80 146
80 147
80 149
80 151
80 152
80 154
80 157
80 158
80 160
80 161
81 85
81 88
81 89
81 91
81 94
81 101
81 106
81 108
81 114
81 116
81 118
81 134
81 135
81 137
81 139
81 142
81 152
81 154
82 106
82 108
82 109
82 111
82 113
82 117
82 120
82 127
82 130
82 131
82 133
82 135
82 137
82 138
82 141
82 142
82 151
82 152
82 158
83 89
83 94
83 95
83 97
83 98
83 99
83 101
83 102
83 107
83 109
83 110
83 111
83 113
83 115
83 117
83 126
83 129
83 131
83 134
83 147
83 151
83 154
83 155
83 157
83 158
83 160
83 161
84 86
84 87
84 88
84 89
84 97
84 102
84 105
84 106
84 109
84 114
84 115
84 116
84 117
84 118
84 119
84 124
84 125
84 126
84 128
84 133
84 134
84 136
84 139
84 140
84 141
84 145
84 146
84 147
84 152
84 153
84 154
84 156
84 159
84 161
85 86
85 87
85 88
85 91
85 97
85 101
85 103
85 105
85 106
85 108
85 109
85 112
85 113
85 115
85 116
85 118
85 125
85 126
85 129
85 132
85 133
85 138
85 140
85 142
85 147
85 151
85 152
85 158
85 161
86 88
86 89
86 94
86 97
86 101
86 106
86 108
86 109
86 111
86 113
86 118
86 121
86 125
86 127
86 129
86 132
86 133
86 134
86 139
86 142
86 146
86 154
86 155
86 157
86 158
86 160
87 88
87 91
87 92
87 94
87 97
87 101
87 102
87 103
87 106
87 107
87 108
87 109
87 112
87 114
87 115
87 117
87 120
87 121
87 126
87 129
87 133
87 134
87 135
87 138
87 140
87 141
87 142
87 145
87 147
87 148
87 149
87 152
87 153
87 157
87 158
87 159
87 161
88 92
88 93
88 96
88 97
88 101
88 103
88 105
88 106
88 109
88 110
88 111
88 113
88 118
88 129
88 130
88 133
88 135
88 137
88 138
88 143
88 147
88 150
88 152
88 153
88 154
88 157
88 159
88 160
89 90
89 94
89 98
89 99
89 100
89 102
89 103
89 106
89 107
89 109
89 110
89 112
89 113
89 114
89 115
89 116
89 117
89 118
89 122
89 125
89 126
89 128
89 130
89 133
89 134
89 135
89 139
89 142
89 144
89 146
89 147
89 148
89 149
89 151
89 152
89 154
89 155
89 156
89 157
89 158
89 159
89 161
90 94
90 108
90 114
90 115
90 117
90 118
90 125
90 131
90 137
90 151
91 95
91 96
91 97
91 98
91 101
91 102
91 103
91 105
91 106
91 108
91 109
91 110
91 112
91 114
91 115
91 127
91 129
91 131
91 133
91 137
91 138
91 139
91 140
91 142
91 147
91 150
91 151
91 155
91 157
91 158
92 95
92 96
92 97
92 98
92 100
92 101
92 103
92 105
92 111
92 112
92 114
92 115
92 116
92 118
92 126
92 128
92 130
92 131
92 133
92 134
92 138
92 141
92 142
92 144
92 145
92 148
92 152
92 154
92 155
92 158
92 159
93 94
93 97
93 98
93 99
93 100
93 103
93 106
93 107
93 108
93 114
93 115
93 116
93 119
93 121
93 122
93 125
93 126
93 129
93 131
93 135
93 137
93 142
93 146
93 152
93 153
93 158
94 97
94 99
94 100
94 102
94 103
94 104
94 105
94 106
94 107
94 108
94 109
94 113
94 118
94 119
94 121
94 125
94 126
94 128
94 129
94 131
94 133
94 134
94 136
94 137
94 138
94 139
94 140
94 141
94 144
94 145
94 146
94 147
94 149
94 151
94 152
94 154
94 155
94 156
94 157
94 160
94 161
95 101
95 102
95 103
95 104
95 111
95 112
95 114
95 115
95 121
95 127
95 129
95 130
95 131
95 133
95 134
95 136
95 141
95 147
95 148
95 152
95 153
95 154
95 157
96 102
96 106
96 114
96 125
96 133
96 134
96 137
96 142
96 144
96 145
96 154
96 160
96 161
97 99
97 100
97 102
97 106
97 108
97 109
97 112
97 113
97 114
97 115
97 117
97 125
97 126
97 127
97 128
97 129
97 130
97 131
97 134
97 135
97 137
97 138
97 139
97 141
97 142
97 145
97 150
97 151
97 154
97 156
97 157
97 158
98 99
98 101
98 104
98 108
98 109
98 113
98 115
98 122
98 133
98 134
98 137
98 140
98 145
98 148
98 153
98 157
98 159
99 100
99 101
99 106
99 107
99 108
99 109
99 110
99 112
99 113
99 114
99 115
99 116
99 118
99 123
99 124
99 129
99 135
99 136
99 137
99 138
99 140
99 141
99 143
99 146
99 147
99 149
99 151
99 154
99 156
99 157
99 158
99 161
100 114
100 129
100 137
100 140
100 146
100 154
100 157
100 158
100 160
100 161
101 102
101 106
101 108
101 109
101 110
101 111
101 112
101 113
101 114
101 115
101 118
101 119
101 120
101 121
101 123
101 126
101 129
101 131
101 133
101 134
101 135
101 137
101 138
101 140
101 142
101 143
101 145
101 146
101 150
101 151
101 152
101 157
101 159
101 160
101 161
102 103
102 106
102 107
102 108
102 109
102 110
102 113
102 114
102 115
102 116
102 118
102 120
102 122
102 124
102 126
102 129
102 131
102 132
102 133
102 134
102 135
102 136
102 137
102 138
102 139
102 140
102 141
102 142
102 144
102 146
102 149
102 151
102 153
102 156
102 157
102 158
102 160
103 104
103 105
103 108
103 109
103 113
103 114
103 115
103 119
103 125
103 131
103 133
103 134
103 137
103 139
103 146
103 150
103 151
103 152
103 153
103 157
103 158
104 106
104 111
104 115
104 118
104 125
104 131
104 137
104 138
104 146
104 148
104 151
104 158
105 106
105 107
105 108
105 109
105 111
105 113
105 114
105 115
105 118
105 128
105 129
105 130
105 131
105 134
105 135
105 137
105 138
105 139
105 140
105 141
105 143
105 145
105 146
105 152
105 154
105 155
105 157
105 158
105 161
106 107
106 108
106 111
106 114
106 115
106 116
106 117
106 123
106 124
106 126
106 130
106 133
106 134
106 135
106 137
106 138
106 143
106 145
106 146
106 147
106 148
106 149
106 150
106 151
106 156
106 157
106 159
106 160
106 161
107 108
107 112
107 114
107 115
107 126
107 129
107 131
107 132
107 136
107 139
107 141
107 142
107 143
107 149
107 151
107 154
107 159
107 160
108 109
108 110
108 111
108 112
108 113
108 115
108 116
108 117
108 119
108 126
108 127
108 130
108 134
108 135
108 136
108 137
108 138
108 139
108 141
108 142
108 145
108 146
108 147
108 152
108 153
108 154
108 155
108 158
108 159
108 160
109 112
109 113
109 114
109 115
109 117
109 118
109 120
109 123
109 125
109 126
109 129
109 133
109 137
109 139
109 141
109 142
109 146
109 147
109 149
109 150
109 152
109 156
109 157
109 158
109 160
110 111
110 114
110 117
110 126
110 131
110 139
110 142
110 145
110 147
110 150
110 157
111 112
111 113
111 114
111 115
111 117
111 118
111 125
111 126
111 129
111 131
111 133
111 134
111 135
111 137
111 138
111 139
111 142
111 146
111 147
111 150
111 152
111 153
111 155
111 159
111 160
112 115
112 116
112 117
112 126
112 127
112 129
112 130
112 135
112 136
112 137
112 138
112 139
112 140
112 141
112 142
112 143
112 145
112 146
112 147
112 150
112 152
112 157
112 158
112 161
113 115
113 118
113 121
113 123
113 125
113 128
113 129
113 130
113 131
113 134
113 138
113 139
113 142
113 143
113 145
113 146
113 147
113 149
113 150
113 151
113 152
113 157
113 158
113 159
113 161
114 115
114 117
114 118
114 121
114 123
114 124
114 125
114 127
114 129
114 131
114 132
114 133
114 134
114 135
114 137
114 138
114 139
114 141
114 142
114 143
114 146
114 147
114 149
114 151
114 152
114 159
114 160
115 117
115 118
115 124
115 128
115 129
115 130
115 131
115 133
115 135
115 136
115 137
115 138
115 139
115 141
115 142
115 144
115 145
115 147
115 149
115 151
115 154
115 157
115 158
115 159
115 161
116 117
116 118
116 125
116 126
116 129
116 131
116 135
116 138
116 145
116 147
116 150
116 151
116 152
116 154
116 156
116 159
116 161
117 124
117 126
117 127
117 129
117 130
117 131
117 133
117 135
117 137
117 138
117 139
117 140
117 141
117 143
117 144
117 145
117 148
117 150
117 151
117 152
117 153
117 158
117 160
117 161
118 119
118 120
118 122
118 125
118 126
118 128
118 129
118 133
118 134
118 135
118 137
118 138
118 139
118 140
118 141
118 142
118 144
118 147
118 149
118 150
118 152
118 154
118 156
118 157
118 158
118 160
118 161
119 126
119 129
119 139
119 145
119 147
119 150
119 151
119 152
119 153
119 155
119 157
120 129
120 133
120 143
120 149
120 150
120 152
120 154
121 131
121 134
121 135
121 147
121 149
122 135
122 138
122 142
122 152
122 158
123 125
123 127
123 131
123 143
123 150
124 138
124 146
124 154
125 126
125 127
125 129
125 134
125 137
125 138
125 139
125 140
125 141
125 142
125 143
125 146
125 148
125 150
125 151
125 152
125 153
125 154
125 158
125 161
126 128
126 129
126 130
126 131
126 134
126 135
126 138
126 142
126 143
126 144
126 146
126 147
126 150
126 151
126 152
126 157
126 158
127 146
127 147
128 130
128 131
128 133
128 134
128 135
128 137
128 152
128 154
128 155
129 130
129 133
129 134
129 135
129 137
129 138
129 139
129 140
129 142
129 143
129 145
129 146
129 147
129 150
129 151
129 152
129 154
129 155
129 157
129 158
129 161
130 133
130 134
130 137
130 140
130 142
130 146
130 147
130 151
130 152
130 157
130 158
130 159
131 135
131 136
131 137
131 138
131 139
131 140
131 142
131 145
131 146
131 147
131 149
131 154
131 157
131 158
131 159
131 160
132 138
132 143
132 150
132 151
132 159
133 134
133 137
133 139
133 142
133 145
133 146
133 151
133 152
133 153
133 154
133 155
133 157
133 158
133 159
134 135
134 136
134 137
134 138
134 142
134 143
134 145
134 146
134 147
134 149
134 150
134 151
134 152
134 153
134 155
134 157
135 138
135 141
135 142
135 145
135 147
135 150
135 152
135 153
135 154
135 155
135 157
135 158
135 159
135 161
136 138
136 147
136 149
136 152
136 154
136 155
136 157
136 160
137 138
137 139
137 140
137 141
137 142
137 144
137 145
137 146
137 147
137 148
137 149
137 151
137 152
137 154
137 157
137 158
137 159
138 139
138 140
138 142
138 143
138 146
138 149
138 150
138 151
138 152
138 153
138 154
138 156
138 157
138 158
138 160
138 161
139 140
139 142
139 143
139 146
139 149
139 150
139 152
139 153
139 154
139 155
139 157
139 158
139 160
139 161
140 145
140 146
140 155
140 157
140 160
141 142
141 145
141 151
141 152
141 154
141 158
141 159
142 143
142 146
142 148
142 149
142 150
142 151
142 152
142 153
142 154
142 157
142 159
142 161
143 146
143 150
143 151
143 153
143 154
143 155
143 161
144 151
144 158
145 146
145 147
145 149
145 153
145 158
145 159
145 160
145 161
146 147
146 151
146 152
146 153
146 155
146 157
146 158
146 159
146 161
147 150
147 151
147 152
147 153
147 154
147 155
147 157
147 160
147 161
148 154
148 157
149 150
149 152
149 154
149 157
149 159
150 151
150 153
150 157
150 161
151 154
151 157
151 158
151 159
151 161
152 153
152 158
152 160
153 154
153 157
153 159
153 160
153 161
154 155
154 158
154 161
155 157
156 157
157 158
157 159
157 160
158 159
158 160
159 160
160 161
