0 7
0 20
0 21
0 25
0 28
0 31
0 35
0 37
0 39
0 42
0 45
0 51
0 54
0 55
0 56
0 58
0 59
0 64
0 65
0 67
0 70
0 74
0 77
0 80
0 83
0 85
0 88
0 89
0 90
0 91
0 92
0 94
0 95
0 99
0 101
0 103
0 108
0 112
0 113
0 114
0 116
0 117
0 118
0 123
0 124
0 125
0 130
0 133
0 137
0 138
0 146
0 147
0 152
0 154
0 157
0 160
0 161
1 2
1 3
1 6
1 8
1 10
1 11
1 14
1 19
1 21
1 25
1 30
1 31
1 32
1 33
1 34
1 38
1 40
1 51
1 54
1 56
1 60
1 64
1 66
1 67
1 68
1 72
1 73
1 76
1 77
1 79
1 80
1 81
1 88
1 89
1 90
1 94
1 96
1 97
1 101
1 102
1 108
1 113
1 114
1 115
1 117
1 118
1 119
1 125
1 126
1 128
1 131
1 134
1 138
1 140
1 142
1 145
1 147
1 148
1 151
1 157
1 159
2 6
2 7
2 9
2 11
2 12
2 18
2 19
2 21
2 30
2 36
2 38
2 46
2 49
2 51
2 54
2 55
2 56
2 58
2 63
2 64
2 65
2 66
2 69
2 71
2 74
2 77
2 80
2 83
2 84
2 88
2 92
2 98
2 99
2 101
2 102
2 103
2 105
2 106
2 108
2 116
2 117
2 118
2 125
2 126
2 129
2 130
2 131
2 135
2 139
2 143
2 151
2 158
3 4
3 5
3 9
3 15
3 19
3 21
3 24
3 30
3 32
3 33
3 34
3 44
3 45
3 46
3 49
3 52
3 53
3 54
3 59
3 60
3 66
3 68
3 70
3 71
3 73
3 75
3 76
3 77
3 82
3 86
3 88
3 89
3 91
3 94
3 95
3 97
3 105
3 111
3 113
3 114
3 115
3 118
3 124
3 129
3 130
3 133
3 134
3 138
3 142
3 145
3 146
3 152
3 161
4 6
4 7
4 8
4 9
4 12
4 17
4 20
4 21
4 24
4 25
4 26
4 30
4 31
4 32
4 33
4 35
4 36
4 38
4 40
4 43
4 45
4 47
4 48
4 49
4 51
4 52
4 54
4 55
4 56
4 59
4 60
4 61
4 62
4 63
4 64
4 65
4 66
4 67
4 69
4 70
4 72
4 73
4 75
4 76
4 77
4 79
4 80
4 82
4 84
4 85
4 87
4 88
4 89
4 91
4 92
4 93
4 94
4 96
4 97
4 98
4 101
4 106
4 108
4 110
4 111
4 112
4 113
4 115
4 117
4 118
4 123
4 125
4 126
4 127
4 128
4 131
4 134
4 135
4 138
4 140
4 141
4 142
4 146
4 147
4 149
4 150
4 151
4 152
4 153
4 154
4 158
4 159
5 6
5 7
5 8
5 9
5 11
5 12
5 16
5 19
5 26
5 30
5 33
5 44
5 51
5 52
5 53
5 54
5 55
5 65
5 66
5 67
5 68
5 69
5 70
5 72
5 74
5 77
5 80
5 84
5 87
5 97
5 98
5 102
5 105
5 108
5 115
5 125
5 130
5 133
5 134
5 135
5 146
5 148
5 149
5 151
5 153
5 154
6 7
6 8
6 9
6 10
6 11
6 14
6 18
6 19
6 20
6 21
6 23
6 24
6 26
6 27
6 28
6 30
6 31
6 36
6 38
6 39
6 40
6 41
6 42
6 43
6 44
6 45
6 49
6 51
6 52
6 54
6 56
6 58
6 61
6 62
6 63
6 64
6 65
6 66
6 67
6 68
6 69
6 70
6 71
6 73
6 75
6 76
6 77
6 79
6 81
6 83
6 84
6 86
6 89
6 91
6 93
6 94
6 96
6 97
6 98
6 99
6 100
6 102
6 104
6 105
6 107
6 108
6 113
6 114
6 115
6 117
6 118
6 120
6 122
6 125
6 126
6 129
6 131
6 134
6 135
6 136
6 137
6 138
6 139
6 141
6 142
6 143
6 145
6 146
6 147
6 148
6 149
6 151
6 152
6 153
6 154
6 155
6 156
6 157
6 158
7 10
7 11
7 12
7 13
7 14
7 15
7 17
7 18
7 20
7 21
7 22
7 26
7 27
7 29
7 31
7 32
7 35
7 36
7 38
7 39
7 45
7 46
7 48
7 51
7 52
7 53
7 54
7 58
7 59
7 60
7 63
7 64
7 65
7 66
7 69
7 71
7 72
7 73
7 74
7 75
7 76
7 77
7 79
7 81
7 82
7 84
7 86
7 87
7 88
7 89
7 90
7 91
7 93
7 95
7 98
7 99
7 101
7 102
7 103
7 105
7 106
7 107
7 108
7 109
7 112
7 113
7 115
7 118
7 119
7 120
7 121
7 123
7 125
7 126
7 128
7 129
7 131
7 133
7 134
7 136
7 137
7 138
7 139
7 141
7 142
7 143
7 144
7 146
7 147
7 148
7 149
7 151
7 152
7 154
7 155
8 11
8 18
8 25
8 31
8 32
8 40
8 45
8 50
8 58
8 64
8 65
8 66
8 67
8 69
8 73
8 74
8 84
8 85
8 89
8 93
8 100
8 102
8 107
8 109
8 113
8 114
8 117
8 129
8 131
8 133
8 136
8 138
8 139
8 140
8 148
8 153
8 154
8 155
8 160
9 10
9 11
9 13
9 14
9 16
9 19
9 21
9 22
9 23
9 26
9 27
9 30
9 31
9 32
9 34
9 35
9 36
9 37
9 38
9 39
9 40
9 42
9 46
9 47
9 51
9 52
9 55
9 56
9 57
9 58
9 64
9 65
9 66
9 67
9 69
9 72
9 73
9 79
9 80
9 84
9 86
9 88
9 89
9 90
9 91
9 98
9 99
9 102
9 104
9 112
9 113
9 114
9 115
9 117
9 118
9 125
9 128
9 129
9 134
9 138
9 142
9 145
9 146
9 147
9 149
9 151
9 152
9 154
9 157
9 158
9 160
9 161
10 12
10 16
10 18
10 22
10 26
10 28
10 30
10 31
10 36
10 39
10 40
10 43
10 45
10 50
10 51
10 54
10 57
10 63
10 64
10 66
10 68
10 69
10 70
10 75
10 77
10 79
10 84
10 89
10 90
10 97
10 99
10 101
10 105
10 106
10 114
10 115
10 117
10 122
10 125
10 128
10 129
10 130
10 133
10 137
10 140
10 144
10 146
10 148
10 151
10 152
11 17
11 19
11 20
11 26
11 27
11 32
11 34
11 35
11 38
11 40
11 41
11 42
11 44
11 46
11 49
11 51
11 52
11 54
11 55
11 57
11 61
11 64
11 65
11 67
11 68
11 69
11 70
11 72
11 73
11 74
11 75
11 77
11 79
11 81
11 85
11 86
11 89
11 91
11 94
11 95
11 96
11 97
11 99
11 101
11 102
11 103
11 105
11 106
11 107
11 109
11 112
11 113
11 115
11 117
11 118
11 125
11 126
11 129
11 130
11 131
11 132
11 133
11 134
11 135
11 136
11 138
11 142
11 143
11 145
11 146
11 147
11 148
11 151
11 155
12 14
12 19
12 20
12 26
12 34
12 35
12 36
12 38
12 44
12 45
12 46
12 48
12 51
12 54
12 67
12 69
12 71
12 73
12 74
12 76
12 77
12 79
12 82
12 86
12 87
12 88
12 89
12 91
12 92
12 94
12 95
12 97
12 101
12 104
12 105
12 106
12 107
12 108
12 111
12 112
12 113
12 114
12 129
12 131
12 133
12 139
12 141
12 145
12 147
12 151
12 152
12 159
12 160
13 14
13 15
13 16
13 21
13 26
13 30
13 32
13 35
13 36
13 38
13 42
13 45
13 48
13 49
13 64
13 67
13 68
13 69
13 72
13 73
13 74
13 77
13 79
13 80
13 83
13 89
13 92
13 93
13 95
13 97
13 99
13 102
13 103
13 106
13 113
13 114
13 115
13 118
13 121
13 128
13 129
13 130
13 133
13 134
13 135
13 137
13 138
13 143
13 145
13 146
13 147
13 149
13 151
13 154
13 158
13 161
14 15
14 16
14 18
14 19
14 21
14 23
14 24
14 25
14 26
14 29
14 31
14 33
14 36
14 38
14 39
14 40
14 41
14 45
14 46
14 49
14 50
14 51
14 53
14 54
14 55
14 56
14 57
14 59
14 60
14 61
14 62
14 63
14 64
14 65
14 66
14 67
14 68
14 70
14 71
14 72
14 76
14 77
14 78
14 81
14 84
14 85
14 86
14 87
14 88
14 91
14 92
14 93
14 94
14 95
14 97
14 98
14 100
14 101
14 102
14 103
14 105
14 106
14 108
14 109
14 110
14 111
14 112
14 114
14 115
14 116
14 117
14 118
14 120
14 122
14 125
14 126
14 128
14 129
14 131
14 132
14 133
14 135
14 138
14 139
14 140
14 141
14 142
14 143
14 145
14 146
14 147
14 149
14 150
14 151
14 154
14 155
14 158
14 159
14 160
14 161
15 16
15 25
15 26
15 28
15 32
15 34
15 38
15 41
15 42
15 43
15 44
15 46
15 54
15 57
15 58
15 59
15 63
15 67
15 70
15 72
15 73
15 75
15 77
15 82
15 91
15 92
15 101
15 102
15 106
15 109
15 113
15 116
15 118
15 126
15 130
15 131
15 137
15 138
15 142
15 151
15 152
15 153
15 154
15 155
15 159
16 21
16 24
16 25
16 26
16 30
16 31
16 32
16 37
16 40
16 49
16 50
16 51
16 54
16 56
16 57
16 69
16 71
16 72
16 77
16 79
16 80
16 82
16 84
16 87
16 97
16 106
16 107
16 110
16 114
16 117
16 118
16 125
16 131
16 133
16 137
16 141
16 142
16 143
16 145
16 146
16 149
16 152
16 158
16 160
17 19
17 23
17 24
17 25
17 26
17 28
17 40
17 50
17 51
17 54
17 64
17 66
17 68
17 70
17 72
17 74
17 78
17 87
17 89
17 94
17 102
17 107
17 108
17 115
17 117
17 118
17 124
17 126
17 129
17 130
17 137
17 138
17 139
17 142
17 144
17 147
17 154
17 159
18 19
18 20
18 21
18 22
18 23
18 31
18 32
18 35
18 41
18 42
18 44
18 45
18 46
18 47
18 51
18 54
18 55
18 58
18 62
18 64
18 65
18 67
18 68
18 72
18 74
18 75
18 89
18 92
18 94
18 95
18 98
18 100
18 102
18 103
18 106
18 113
18 114
18 115
18 117
18 118
18 124
18 125
18 129
18 130
18 133
18 134
18 137
18 138
18 145
18 146
18 147
18 150
18 151
18 152
18 154
18 158
19 21
19 22
19 25
19 26
19 28
19 31
19 32
19 34
19 35
19 37
19 44
19 48
19 50
19 51
19 55
19 56
19 59
19 60
19 61
19 62
19 64
19 67
19 69
19 70
19 71
19 72
19 73
19 74
19 75
19 76
19 77
19 79
19 80
19 84
19 85
19 86
19 87
19 88
19 95
19 98
19 101
19 102
19 103
19 104
19 105
19 106
19 107
19 108
19 109
19 111
19 112
19 114
19 115
19 116
19 117
19 118
19 119
19 121
19 123
19 124
19 125
19 126
19 127
19 128
19 129
19 130
19 131
19 135
19 136
19 137
19 138
19 141
19 143
19 144
19 145
19 146
19 147
19 148
19 149
19 152
19 153
19 154
19 155
19 157
19 158
19 159
19 160
19 161
20 25
20 26
20 32
20 36
20 38
20 49
20 51
20 54
20 61
20 62
20 64
20 68
20 72
20 73
20 74
20 77
20 81
20 86
20 93
20 94
20 96
20 97
20 110
20 111
20 118
20 125
20 129
20 130
20 134
20 142
20 143
20 149
20 151
20 154
20 157
20 159
21 25
21 27
21 30
21 31
21 32
21 34
21 35
21 36
21 38
21 39
21 40
21 43
21 45
21 46
21 49
21 51
21 54
21 56
21 58
21 60
21 61
21 62
21 64
21 65
21 66
21 67
21 70
21 72
21 73
21 75
21 77
21 79
21 80
21 82
21 83
21 85
21 86
21 87
21 89
21 91
21 92
21 93
21 94
21 95
21 97
21 99
21 100
21 101
21 102
21 103
21 104
21 105
21 106
21 107
21 108
21 109
21 111
21 112
21 113
21 117
21 118
21 120
21 123
21 125
21 126
21 128
21 129
21 130
21 131
21 133
21 134
21 138
21 139
21 141
21 142
21 143
21 145
21 146
21 147
21 148
21 149
21 150
21 151
21 152
21 153
21 154
21 159
21 160
21 161
22 26
22 30
22 40
22 45
22 50
22 52
22 53
22 54
22 59
22 63
22 67
22 69
22 70
22 72
22 74
22 91
22 97
22 99
22 105
22 106
22 112
22 117
22 118
22 129
22 131
22 132
22 138
22 139
22 142
22 146
22 147
22 150
22 152
22 153
22 154
22 159
22 161
23 25
23 26
23 31
23 32
23 36
23 38
23 40
23 45
23 49
23 51
23 56
23 63
23 65
23 69
23 70
23 71
23 79
23 89
23 99
23 104
23 105
23 107
23 109
23 113
23 115
23 119
23 127
23 129
23 131
23 134
23 142
23 146
23 153
23 155
23 158
23 159
24 28
24 32
24 38
24 39
24 40
24 43
24 44
24 46
24 49
24 51
24 54
24 56
24 57
24 63
24 67
24 69
24 72
24 73
24 77
24 79
24 92
24 93
24 105
24 106
24 108
24 109
24 111
24 113
24 114
24 115
24 118
24 127
24 128
24 130
24 135
24 137
24 139
24 142
24 143
24 147
24 149
24 155
25 28
25 30
25 31
25 38
25 40
25 41
25 43
25 46
25 51
25 54
25 56
25 58
25 59
25 62
25 64
25 65
25 66
25 67
25 68
25 70
25 74
25 75
25 77
25 79
25 84
25 85
25 89
25 91
25 94
25 97
25 98
25 99
25 101
25 103
25 106
25 108
25 111
25 113
25 114
25 115
25 116
25 117
25 118
25 125
25 126
25 129
25 135
25 139
25 140
25 142
25 145
25 147
25 150
25 151
25 153
25 154
25 157
25 158
25 160
26 28
26 30
26 32
26 33
26 35
26 36
26 37
26 38
26 42
26 43
26 44
26 45
26 47
26 48
26 49
26 50
26 51
26 54
26 55
26 56
26 58
26 59
26 60
26 61
26 62
26 64
26 65
26 66
26 67
26 68
26 69
26 72
26 74
26 79
26 80
26 83
26 85
26 87
26 89
26 92
26 93
26 94
26 95
26 96
26 98
26 101
26 102
26 104
26 105
26 108
26 109
26 111
26 112
26 113
26 114
26 115
26 116
26 118
26 122
26 123
26 125
26 126
26 128
26 129
26 131
26 133
26 134
26 135
26 136
26 138
26 139
26 140
26 143
26 146
26 147
26 148
26 150
26 152
26 153
26 158
26 161
27 37
27 54
27 55
27 63
27 64
27 67
27 71
27 75
27 97
27 102
27 112
27 113
27 114
27 115
27 117
27 123
27 138
27 142
27 147
27 148
27 161
28 31
28 34
28 36
28 38
28 40
28 43
28 44
28 45
28 49
28 51
28 54
28 58
28 61
28 66
28 67
28 68
28 70
28 72
28 77
28 79
28 87
28 95
28 98
28 105
28 113
28 116
28 117
28 118
28 119
28 120
28 121
28 126
28 130
28 133
28 135
28 139
28 142
28 147
28 148
28 152
28 153
28 154
28 155
28 157
28 160
29 40
29 41
29 42
29 49
29 50
29 53
29 56
29 64
29 67
29 72
29 74
29 79
29 86
29 87
29 92
29 100
29 106
29 108
29 112
29 113
29 125
29 127
29 129
29 133
29 140
29 142
29 147
29 151
29 153
29 154
29 157
29 158
29 160
30 31
30 32
30 35
30 38
30 44
30 48
30 49
30 50
30 52
30 54
30 56
30 57
30 58
30 59
30 63
30 64
30 65
30 66
30 68
30 70
30 72
30 74
30 77
30 79
30 80
30 82
30 83
30 85
30 87
30 88
30 89
30 92
30 94
30 99
30 101
30 102
30 108
30 109
30 110
30 111
30 113
30 114
30 115
30 117
30 122
30 126
30 128
30 129
30 130
30 131
30 138
30 139
30 141
30 144
30 145
30 147
30 150
30 151
30 152
30 154
30 157
30 158
31 32
31 33
31 35
31 36
31 37
31 40
31 41
31 42
31 46
31 49
31 50
31 51
31 52
31 57
31 58
31 60
31 61
31 62
31 64
31 65
31 66
31 67
31 69
31 70
31 73
31 76
31 77
31 78
31 79
31 80
31 82
31 87
31 88
31 89
31 92
31 94
31 95
31 96
31 97
31 98
31 99
31 100
31 102
31 106
31 108
31 109
31 110
31 111
31 113
31 114
31 115
31 116
31 117
31 118
31 121
31 125
31 126
31 127
31 130
31 131
31 132
31 133
31 134
31 135
31 136
31 137
31 138
31 139
31 142
31 146
31 147
31 148
31 150
31 151
31 152
31 153
31 155
31 156
31 157
31 158
31 159
32 36
32 37
32 38
32 39
32 40
32 43
32 46
32 49
32 50
32 62
32 63
32 64
32 65
32 66
32 68
32 69
32 70
32 71
32 72
32 73
32 74
32 75
32 76
32 79
32 80
32 81
32 82
32 84
32 88
32 92
32 94
32 95
32 100
32 101
32 102
32 104
32 106
32 109
32 110
32 111
32 113
32 114
32 115
32 117
32 118
32 121
32 125
32 130
32 131
32 133
32 136
32 137
32 138
32 139
32 141
32 142
32 146
32 149
32 150
32 151
32 152
32 153
32 154
32 155
32 157
32 158
32 160
32 161
33 35
33 44
33 51
33 54
33 56
33 63
33 68
33 69
33 70
33 71
33 72
33 73
33 74
33 82
33 84
33 94
33 97
33 104
33 106
33 108
33 110
33 114
33 115
33 118
33 126
33 131
33 134
33 135
33 137
33 138
33 140
33 147
33 152
33 158
34 48
34 50
34 54
34 55
34 58
34 63
34 66
34 69
34 71
34 72
34 73
34 74
34 89
34 90
34 91
34 101
34 113
34 114
34 115
34 118
34 121
34 122
34 128
34 134
34 136
34 138
34 139
34 141
34 147
34 151
34 152
34 153
34 155
34 157
34 159
34 160
35 38
35 40
35 45
35 46
35 48
35 49
35 50
35 51
35 54
35 56
35 58
35 59
35 60
35 65
35 66
35 67
35 68
35 69
35 70
35 71
35 72
35 73
35 74
35 75
35 79
35 81
35 83
35 87
35 92
35 93
35 95
35 96
35 97
35 99
35 101
35 102
35 109
35 111
35 112
35 113
35 114
35 115
35 116
35 117
35 118
35 125
35 127
35 131
35 133
35 134
35 136
35 137
35 138
35 139
35 142
35 143
35 146
35 150
35 151
35 153
35 154
35 156
35 157
35 158
35 160
35 161
36 38
36 40
36 41
36 45
36 49
36 51
36 53
36 54
36 55
36 63
36 64
36 65
36 66
36 67
36 68
36 70
36 74
36 76
36 79
36 80
36 81
36 82
36 84
36 88
36 90
36 93
36 95
36 97
36 98
36 99
36 101
36 103
36 104
36 105
36 106
36 109
36 110
36 111
36 112
36 113
36 117
36 125
36 126
36 129
36 130
36 134
36 138
36 139
36 140
36 141
36 142
36 148
36 150
36 152
36 154
36 155
37 38
37 39
37 42
37 45
37 47
37 49
37 52
37 55
37 56
37 59
37 67
37 69
37 70
37 73
37 74
37 79
37 82
37 87
37 88
37 92
37 94
37 99
37 100
37 101
37 102
37 106
37 107
37 108
37 112
37 115
37 117
37 118
37 130
37 131
37 137
37 141
37 142
37 149
37 152
37 154
37 158
37 159
37 160
37 161
38 39
38 40
38 44
38 45
38 49
38 50
38 51
38 52
38 54
38 58
38 64
38 65
38 66
38 67
38 69
38 70
38 71
38 72
38 73
38 74
38 75
38 77
38 79
38 80
38 81
38 85
38 91
38 92
38 93
38 94
38 101
38 102
38 104
38 105
38 114
38 118
38 126
38 129
38 130
38 132
38 133
38 134
38 137
38 138
38 139
38 143
38 145
38 147
38 149
38 150
38 151
38 153
38 154
38 155
38 156
38 157
38 158
39 42
39 45
39 49
39 50
39 51
39 52
39 54
39 55
39 57
39 59
39 71
39 79
39 80
39 86
39 89
39 91
39 92
39 93
39 94
39 97
39 101
39 102
39 104
39 106
39 108
39 110
39 113
39 114
39 115
39 117
39 121
39 128
39 129
39 133
39 137
39 142
39 143
39 146
39 147
39 148
39 151
39 152
39 154
39 155
39 157
39 158
40 42
40 44
40 45
40 47
40 50
40 51
40 53
40 54
40 55
40 56
40 61
40 63
40 64
40 66
40 68
40 69
40 71
40 72
40 73
40 74
40 76
40 78
40 79
40 80
40 81
40 82
40 84
40 85
40 86
40 87
40 89
40 91
40 94
40 97
40 98
40 99
40 101
40 103
40 104
40 105
40 106
40 108
40 109
40 110
40 111
40 112
40 114
40 115
40 116
40 118
40 120
40 121
40 123
40 126
40 128
40 129
40 131
40 133
40 134
40 135
40 137
40 138
40 141
40 142
40 144
40 145
40 147
40 149
40 150
40 151
40 152
40 154
40 155
40 157
40 158
40 159
40 161
41 42
41 45
41 48
41 49
41 52
41 54
41 56
41 65
41 69
41 70
41 73
41 74
41 79
41 89
41 92
41 94
41 99
41 101
41 106
41 109
41 111
41 114
41 117
41 138
41 142
41 145
41 151
41 152
41 154
41 157
41 160
41 161
42 44
42 50
42 52
42 54
42 56
42 57
42 59
42 64
42 67
42 68
42 70
42 72
42 74
42 78
42 79
42 86
42 87
42 89
42 93
42 96
42 101
42 103
42 106
42 108
42 110
42 111
42 113
42 116
42 129
42 133
42 134
42 135
42 137
42 142
42 146
42 147
42 153
42 154
42 155
43 44
43 45
43 46
43 51
43 52
43 54
43 55
43 58
43 62
43 64
43 65
43 67
43 70
43 71
43 72
43 79
43 86
43 89
43 91
43 94
43 97
43 99
43 101
43 102
43 105
43 106
43 108
43 111
43 112
43 115
43 117
43 118
43 119
43 125
43 132
43 133
43 134
43 137
43 139
43 141
43 142
43 147
43 150
43 151
43 152
43 154
43 155
43 157
43 158
44 46
44 48
44 49
44 51
44 52
44 53
44 54
44 58
44 62
44 65
44 66
44 67
44 68
44 69
44 70
44 71
44 72
44 73
44 75
44 77
44 79
44 80
44 82
44 83
44 85
44 88
44 89
44 90
44 91
44 93
44 96
44 97
44 98
44 99
44 100
44 105
44 106
44 108
44 109
44 113
44 114
44 116
44 117
44 118
44 119
44 121
44 126
44 128
44 129
44 130
44 132
44 133
44 137
44 138
44 142
44 143
44 146
44 147
44 150
44 153
44 154
44 157
44 158
44 159
44 160
45 46
45 48
45 50
45 51
45 52
45 54
45 56
45 57
45 59
45 63
45 64
45 65
45 67
45 69
45 70
45 71
45 72
45 73
45 74
45 77
45 78
45 82
45 91
45 92
45 93
45 94
45 96
45 97
45 98
45 100
45 102
45 103
45 104
45 105
45 106
45 108
45 110
45 111
45 112
45 113
45 114
45 115
45 117
45 122
45 125
45 126
45 129
45 134
45 139
45 140
45 141
45 143
45 145
45 146
45 148
45 149
45 150
45 151
45 152
45 153
45 154
45 158
45 159
45 160
45 161
46 49
46 50
46 51
46 52
46 54
46 61
46 62
46 63
46 65
46 66
46 67
46 69
46 70
46 75
46 77
46 80
46 83
46 85
46 89
46 94
46 95
46 97
46 98
46 100
46 101
46 105
46 106
46 114
46 115
46 117
46 118
46 119
46 126
46 129
46 133
46 134
46 138
46 140
46 141
46 145
46 152
46 154
46 155
46 158
46 159
46 160
46 161
47 51
47 59
47 63
47 68
47 77
47 94
47 100
47 103
47 106
47 111
47 112
47 125
47 129
47 134
47 139
47 140
47 150
47 152
47 154
48 51
48 53
48 56
48 58
48 61
48 64
48 65
48 72
48 73
48 74
48 87
48 88
48 89
48 94
48 102
48 106
48 108
48 111
48 114
48 118
48 125
48 126
48 129
48 130
48 131
48 134
48 138
48 141
48 142
48 147
48 149
48 150
48 152
48 153
48 155
48 158
49 50
49 51
49 52
49 54
49 55
49 58
49 61
49 63
49 64
49 65
49 66
49 67
49 68
49 70
49 71
49 74
49 75
49 76
49 77
49 80
49 81
49 82
49 83
49 84
49 86
49 87
49 88
49 92
49 93
49 96
49 99
49 100
49 101
49 102
49 104
49 105
49 106
49 107
49 108
49 109
49 110
49 111
49 112
49 113
49 114
49 115
49 117
49 119
49 121
49 124
49 125
49 126
49 127
49 128
49 129
49 133
49 134
49 135
49 137
49 143
49 144
49 145
49 146
49 147
49 151
49 152
49 153
49 155
49 158
49 159
49 160
49 161
50 57
50 58
50 59
50 62
50 63
50 64
50 65
50 66
50 68
50 69
50 70
50 71
50 74
50 76
50 77
50 79
50 80
50 88
50 89
50 91
50 96
50 99
50 105
50 106
50 111
50 113
50 114
50 115
50 116
50 118
50 121
50 125
50 126
50 129
50 131
50 133
50 134
50 135
50 137
50 138
50 142
50 145
50 146
50 152
50 159
50 161
51 54
51 55
51 56
51 57
51 58
51 59
51 60
51 61
51 63
51 64
51 65
51 66
51 69
51 70
51 71
51 72
51 73
51 74
51 75
51 76
51 78
51 79
51 80
51 82
51 84
51 85
51 86
51 87
51 88
51 89
51 91
51 92
51 93
51 94
51 95
51 98
51 99
51 101
51 102
51 103
51 105
51 106
51 108
51 109
51 110
51 111
51 113
51 114
51 115
51 116
51 117
51 118
51 123
51 126
51 129
51 131
51 136
51 137
51 138
51 139
51 141
51 142
51 145
51 146
51 147
51 148
51 151
51 152
51 154
51 155
51 156
51 157
51 158
51 160
51 161
52 55
52 64
52 65
52 67
52 68
52 70
52 71
52 72
52 74
52 75
52 76
52 79
52 82
52 84
52 86
52 89
52 95
52 97
52 101
52 103
52 104
52 107
52 112
52 113
52 115
52 119
52 127
52 130
52 131
52 132
52 133
52 134
52 142
52 146
52 147
52 149
52 150
52 151
52 152
52 153
52 159
52 160
52 161
53 54
53 61
53 64
53 65
53 69
53 72
53 77
53 87
53 97
53 101
53 103
53 106
53 107
53 115
53 118
53 125
53 137
53 138
53 142
53 145
53 151
53 154
53 158
53 159
54 55
54 56
54 57
54 58
54 59
54 61
54 63
54 64
54 65
54 66
54 67
54 68
54 70
54 71
54 72
54 74
54 76
54 77
54 79
54 80
54 81
54 83
54 86
54 87
54 88
54 92
54 93
54 94
54 95
54 97
54 98
54 101
54 102
54 103
54 104
54 106
54 107
54 108
54 112
54 113
54 116
54 117
54 118
54 119
54 124
54 125
54 126
54 129
54 130
54 133
54 135
54 136
54 138
54 140
54 141
54 142
54 145
54 146
54 152
54 153
54 154
54 155
54 157
54 158
54 159
54 160
54 161
55 58
55 61
55 63
55 64
55 65
55 66
55 67
55 70
55 71
55 74
55 79
55 82
55 83
55 86
55 88
55 89
55 90
55 92
55 94
55 102
55 105
55 106
55 107
55 108
55 111
55 113
55 115
55 118
55 129
55 131
55 133
55 134
55 138
55 139
55 145
55 146
55 147
55 151
55 152
55 156
56 63
56 64
56 65
56 66
56 67
56 68
56 71
56 72
56 73
56 74
56 77
56 80
56 81
56 82
56 83
56 86
56 89
56 90
56 92
56 93
56 94
56 97
56 101
56 102
56 103
56 105
56 106
56 109
56 110
56 111
56 112
56 114
56 115
56 117
56 119
56 128
56 129
56 134
56 136
56 137
56 138
56 141
56 142
56 144
56 145
56 147
56 148
56 151
56 152
56 153
56 154
56 156
56 157
56 158
56 161
57 58
57 61
57 66
57 70
57 71
57 77
57 82
57 87
57 91
57 96
57 101
57 105
57 118
57 125
57 136
57 139
57 141
57 147
57 148
57 150
57 152
57 154
58 59
58 60
58 61
58 64
58 65
58 67
58 68
58 70
58 71
58 72
58 74
58 78
58 81
58 83
58 84
58 87
58 88
58 92
58 94
58 97
58 101
58 102
58 105
58 106
58 108
58 110
58 111
58 113
58 114
58 117
58 118
58 119
58 121
58 129
58 130
58 131
58 132
58 133
58 134
58 135
58 137
58 138
58 139
58 142
58 143
58 147
58 152
58 153
58 154
58 155
58 156
58 157
58 161
59 64
59 65
59 67
59 68
59 69
59 71
59 72
59 73
59 75
59 76
59 77
59 80
59 81
59 88
59 89
59 92
59 94
59 97
59 101
59 102
59 104
59 107
59 108
59 109
59 111
59 112
59 114
59 115
59 117
59 119
59 120
59 125
59 126
59 131
59 133
59 135
59 137
59 138
59 142
59 143
59 144
59 149
59 150
59 151
59 157
59 158
60 66
60 68
60 72
60 78
60 87
60 88
60 100
60 101
60 102
60 103
60 104
60 105
60 108
60 109
60 110
60 114
60 125
60 130
60 133
60 134
60 142
60 157
60 158
61 64
61 66
61 67
61 68
61 69
61 70
61 79
61 84
61 85
61 87
61 89
61 94
61 97
61 98
61 100
61 101
61 102
61 106
61 108
61 111
61 113
61 115
61 117
61 118
61 125
61 129
61 131
61 132
61 133
61 137
61 138
61 139
61 145
61 153
61 158
61 159
61 160
61 161
62 63
62 70
62 71
62 72
62 73
62 74
62 76
62 82
62 89
62 94
62 102
62 113
62 114
62 115
62 117
62 126
62 128
62 129
62 133
62 134
62 137
62 140
62 146
62 147
62 151
62 160
62 161
63 64
63 65
63 68
63 69
63 70
63 71
63 74
63 75
63 77
63 79
63 80
63 81
63 82
63 83
63 85
63 89
63 92
63 93
63 94
63 95
63 96
63 97
63 99
63 101
63 102
63 103
63 107
63 108
63 110
63 111
63 112
63 117
63 118
63 121
63 127
63 128
63 129
63 130
63 131
63 133
63 134
63 137
63 140
63 141
63 144
63 145
63 147
63 149
63 151
63 152
63 153
63 156
63 159
63 160
64 65
64 66
64 68
64 69
64 70
64 71
64 73
64 74
64 75
64 76
64 77
64 79
64 80
64 81
64 82
64 83
64 84
64 85
64 86
64 87
64 89
64 93
64 94
64 95
64 97
64 99
64 103
64 105
64 106
64 107
64 108
64 109
64 110
64 111
64 112
64 114
64 115
64 117
64 118
64 119
64 121
64 125
64 126
64 127
64 129
64 130
64 132
64 133
64 135
64 137
64 138
64 139
64 140
64 141
64 142
64 143
64 145
64 146
64 147
64 148
64 151
64 153
64 154
64 155
64 159
64 161
65 66
65 67
65 68
65 69
65 70
65 71
65 72
65 73
65 75
65 76
65 77
65 78
65 81
65 82
65 83
65 88
65 89
65 91
65 93
65 94
65 96
65 97
65 98
65 101
65 106
65 108
65 109
65 111
65 112
65 113
65 117
65 118
65 119
65 123
65 129
65 130
65 131
65 134
65 137
65 138
65 139
65 140
65 141
65 142
65 145
65 146
65 147
65 148
65 149
65 153
65 154
65 156
65 158
65 160
65 161
66 67
66 69
66 70
66 73
66 75
66 77
66 79
66 81
66 87
66 89
66 90
66 91
66 92
66 93
66 94
66 95
66 100
66 102
66 104
66 106
66 108
66 109
66 112
66 113
66 114
66 117
66 118
66 126
66 128
66 129
66 130
66 131
66 133
66 135
66 137
66 138
66 139
66 141
66 142
66 143
66 146
66 147
66 148
66 150
66 151
66 152
66 154
66 160
66 161
67 68
67 69
67 70
67 71
67 73
67 74
67 76
67 79
67 80
67 81
67 84
67 86
67 87
67 89
67 90
67 91
67 92
67 93
67 97
67 98
67 99
67 101
67 102
67 103
67 104
67 105
67 106
67 108
67 109
67 112
67 113
67 114
67 116
67 117
67 118
67 121
67 122
67 124
67 125
67 128
67 129
67 130
67 131
67 132
67 133
67 134
67 135
67 137
67 138
67 139
67 142
67 145
67 146
67 147
67 148
67 151
67 153
67 155
67 157
67 158
67 159
67 160
67 161
68 69
68 70
68 72
68 73
68 74
68 75
68 76
68 77
68 79
68 80
68 83
68 84
68 87
68 88
68 89
68 91
68 93
68 94
68 96
68 99
68 103
68 104
68 105
68 108
68 109
68 114
68 115
68 117
68 118
68 119
68 120
68 121
68 124
68 126
68 127
68 128
68 130
68 131
68 133
68 134
68 135
68 136
68 138
68 139
68 141
68 142
68 143
68 144
68 146
68 147
68 150
68 151
68 152
68 153
68 154
68 156
68 157
68 158
68 160
69 70
69 75
69 77
69 79
69 89
69 90
69 92
69 98
69 99
69 101
69 102
69 106
69 108
69 110
69 112
69 113
69 114
69 115
69 117
69 118
69 121
69 125
69 126
69 129
69 130
69 131
69 133
69 134
69 135
69 137
69 139
69 142
69 146
69 147
69 149
69 153
69 158
69 159
69 161
70 71
70 74
70 75
70 77
70 79
70 82
70 84
70 87
70 88
70 90
70 93
70 95
70 98
70 99
70 100
70 102
70 104
70 105
70 106
70 107
70 108
70 109
70 112
70 113
70 114
70 117
70 118
70 120
70 122
70 124
70 126
70 129
70 130
70 131
70 132
70 133
70 135
70 136
70 137
70 138
70 141
70 142
70 143
70 146
70 148
70 149
70 153
70 154
70 155
70 158
70 160
70 161
71 74
71 75
71 76
71 79
71 82
71 83
71 84
71 85
71 86
71 87
71 88
71 90
71 91
71 95
71 97
71 98
71 99
71 100
71 101
71 102
71 103
71 104
71 105
71 106
71 107
71 108
71 109
71 111
71 112
71 113
71 114
71 116
71 117
71 118
71 121
71 125
71 128
71 131
71 133
71 134
71 135
71 137
71 139
71 141
71 142
71 143
71 147
71 150
71 151
71 152
71 153
71 154
71 157
71 160
71 161
72 73
72 74
72 77
72 79
72 80
72 81
72 82
72 85
72 86
72 87
72 88
72 89
72 90
72 91
72 94
72 95
72 97
72 99
72 100
72 102
72 103
72 105
72 106
72 107
72 108
72 110
72 112
72 113
72 114
72 115
72 118
72 119
72 122
72 123
72 125
72 127
72 129
72 130
72 131
72 133
72 134
72 138
72 139
72 141
72 143
72 145
72 146
72 147
72 148
72 149
72 150
72 152
72 153
72 156
72 157
72 158
72 159
72 160
73 75
73 76
73 77
73 79
73 80
73 81
73 83
73 86
73 87
73 88
73 89
73 91
73 93
73 94
73 96
73 99
73 101
73 102
73 103
73 104
73 105
73 107
73 108
73 109
73 110
73 111
73 113
73 114
73 115
73 116
73 117
73 119
73 125
73 126
73 131
73 132
73 133
73 135
73 138
73 142
73 146
73 147
73 148
73 149
73 150
73 151
73 155
73 156
73 158
73 161
74 75
74 77
74 79
74 80
74 83
74 84
74 86
74 88
74 89
74 90
74 94
74 97
74 99
74 101
74 103
74 104
74 105
74 106
74 107
74 109
74 110
74 111
74 112
74 113
74 114
74 115
74 116
74 117
74 118
74 119
74 125
74 126
74 128
74 129
74 130
74 131
74 132
74 133
74 134
74 135
74 137
74 138
74 140
74 142
74 143
74 145
74 146
74 147
74 149
74 151
74 152
74 153
74 154
74 155
74 157
74 159
74 160
75 76
75 79
75 80
75 84
75 86
75 87
75 91
75 92
75 93
75 94
75 96
75 98
75 99
75 101
75 103
75 104
75 106
75 108
75 109
75 110
75 111
75 113
75 114
75 117
75 118
75 122
75 129
75 130
75 131
75 137
75 138
75 139
75 141
75 143
75 145
75 147
75 149
75 152
75 157
75 158
75 160
76 80
76 83
76 87
76 88
76 92
76 94
76 97
76 101
76 102
76 103
76 105
76 108
76 111
76 112
76 113
76 115
76 118
76 123
76 129
76 134
76 135
76 139
76 140
76 141
76 142
76 145
76 146
76 148
76 150
76 151
76 157
76 160
77 79
77 80
77 84
77 85
77 86
77 88
77 89
77 92
77 93
77 94
77 98
77 100
77 101
77 102
77 103
77 105
77 107
77 108
77 112
77 115
77 117
77 118
77 119
77 126
77 128
77 129
77 130
77 133
77 134
77 137
77 138
77 142
77 143
77 146
77 147
77 148
77 149
77 151
77 152
77 154
77 158
77 160
77 161
78 85
78 92
78 97
78 112
78 125
78 146
78 157
79 80
79 82
79 83
79 85
79 87
79 88
79 89
79 90
79 91
79 92
79 93
79 94
79 97
79 98
79 99
79 101
79 102
79 104
79 105
79 106
79 107
79 109
79 110
79 111
79 112
79 114
79 115
79 116
79 117
79 118
79 123
79 126
79 127
79 128
79 129
79 130
79 131
79 133
79 134
79 137
79 138
79 139
79 141
79 142
79 146
79 147
79 149
79 152
79 153
79 154
79 157
79 158
79 159
79 160
80 82
80 83
80 87
80 89
80 91
80 92
80 99
80 101
80 104
80 109
80 111
80 113
80 114
80 120
80 129
80 131
80 136
80 137
80 146
80 152
80 154
80 157
80 158
80 161
81 82
81 84
81 85
81 93
81 98
81 101
81 113
81 117
81 131
81 134
81 137
81 147
81 148
81 152
82 83
82 84
82 85
82 86
82 89
82 93
82 94
82 97
82 98
82 101
82 103
82 105
82 106
82 112
82 113
82 117
82 118
82 125
82 126
82 127
82 128
82 130
82 131
82 133
82 137
82 138
82 140
82 141
82 145
82 152
82 153
82 154
83 86
83 87
83 89
83 92
83 95
83 100
83 105
83 109
83 115
83 116
83 117
83 118
83 125
83 126
83 129
83 131
83 133
83 134
83 135
83 139
83 142
83 145
83 146
83 147
83 149
83 152
83 154
83 160
83 161
84 88
84 89
84 91
84 93
84 101
84 106
84 107
84 108
84 110
84 114
84 117
84 120
84 127
84 129
84 130
84 131
84 132
84 133
84 134
84 135
84 136
84 138
84 139
84 141
84 142
84 146
84 147
84 148
84 153
84 157
84 158
84 159
84 160
84 161
85 89
85 93
85 94
85 96
85 99
85 101
85 109
85 112
85 113
85 129
85 132
85 133
85 134
85 135
85 139
85 141
85 142
85 143
85 152
85 153
85 157
85 159
86 89
86 92
86 93
86 95
86 97
86 98
86 101
86 106
86 107
86 108
86 111
86 117
86 125
86 126
86 131
86 138
86 141
86 142
86 146
86 149
86 151
86 154
86 156
86 161
87 89
87 90
87 91
87 93
87 97
87 101
87 102
87 103
87 108
87 109
87 111
87 113
87 114
87 117
87 125
87 129
87 131
87 134
87 135
87 141
87 145
87 153
87 154
87 156
87 157
87 158
87 160
87 161
88 89
88 94
88 96
88 99
88 100
88 102
88 105
88 106
88 108
88 109
88 115
88 118
88 125
88 126
88 133
88 135
88 136
88 137
88 138
88 140
88 141
88 143
88 145
88 147
88 153
88 154
88 157
88 160
89 95
89 98
89 99
89 100
89 101
89 102
89 106
89 107
89 108
89 109
89 110
89 113
89 114
89 115
89 116
89 118
89 121
89 125
89 126
89 127
89 128
89 129
89 131
89 134
89 135
89 136
89 138
89 140
89 141
89 142
89 145
89 146
89 147
89 148
89 150
89 151
89 153
89 157
89 158
89 159
89 160
90 115
90 138
90 139
90 140
90 141
90 142
90 149
90 153
90 159
91 99
91 100
91 101
91 102
91 105
91 106
91 107
91 108
91 112
91 113
91 114
91 115
91 116
91 117
91 118
91 129
91 133
91 134
91 135
91 138
91 142
91 145
91 147
91 151
91 152
91 153
91 154
91 158
92 93
92 101
92 102
92 108
92 109
92 113
92 114
92 115
92 117
92 118
92 125
92 129
92 130
92 131
92 133
92 134
92 139
92 142
92 143
92 149
92 151
92 152
92 157
92 161
93 94
93 96
93 97
93 105
93 106
93 107
93 108
93 109
93 110
93 111
93 112
93 113
93 115
93 117
93 118
93 125
93 127
93 129
93 130
93 132
93 133
93 134
93 135
93 136
93 138
93 139
93 142
93 146
93 149
93 150
93 151
93 153
93 155
93 156
93 158
93 160
93 161
94 97
94 98
94 99
94 101
94 102
94 103
94 104
94 105
94 107
94 108
94 109
94 111
94 112
94 113
94 114
94 116
94 117
94 118
94 124
94 128
94 129
94 131
94 132
94 133
94 134
94 136
94 137
94 138
94 142
94 143
94 145
94 146
94 147
94 148
94 149
94 150
94 152
94 154
94 155
94 158
94 159
95 97
95 101
95 111
95 115
95 116
95 117
95 126
95 129
95 137
95 138
95 139
95 142
95 147
95 151
95 154
96 99
96 109
96 118
96 124
96 125
96 134
96 137
96 139
96 141
96 145
96 147
96 148
96 149
96 150
96 151
96 154
96 160
97 100
97 103
97 106
97 107
97 109
97 110
97 111
97 112
97 114
97 119
97 124
97 126
97 129
97 132
97 133
97 135
97 139
97 140
97 143
97 145
97 149
97 150
97 151
97 152
97 153
98 101
98 102
98 103
98 105
98 106
98 107
98 113
98 115
98 125
98 130
98 132
98 133
98 138
98 142
98 143
98 145
98 146
98 147
98 152
98 158
99 101
99 102
99 104
99 105
99 106
99 107
99 108
99 109
99 115
99 127
99 129
99 131
99 133
99 143
99 146
99 148
99 152
99 157
99 158
100 101
100 105
100 107
100 109
100 113
100 114
100 115
100 123
100 124
100 125
100 133
100 134
100 138
100 141
100 150
100 151
100 153
100 155
100 157
100 159
100 161
101 102
101 103
101 106
101 107
101 109
101 111
101 113
101 114
101 115
101 117
101 118
101 119
101 121
101 123
101 126
101 129
101 131
101 134
101 135
101 136
101 137
101 138
101 139
101 141
101 142
101 146
101 149
101 151
101 152
101 154
101 158
101 159
101 161
102 103
102 104
102 105
102 106
102 108
102 110
102 111
102 112
102 113
102 114
102 115
102 117
102 118
102 120
102 123
102 124
102 125
102 126
102 127
102 128
102 131
102 132
102 133
102 134
102 135
102 137
102 138
102 140
102 141
102 142
102 145
102 146
102 147
102 148
102 150
102 151
102 152
102 155
102 157
102 158
102 161
103 106
103 112
103 113
103 114
103 117
103 118
103 124
103 126
103 129
103 130
103 133
103 134
103 137
103 140
103 146
103 149
103 150
103 152
103 153
103 154
103 157
103 158
103 160
104 106
104 108
104 109
104 111
104 114
104 115
104 116
104 133
104 134
104 137
104 138
104 150
104 151
104 152
104 157
104 158
104 159
105 106
105 107
105 108
105 109
105 111
105 112
105 113
105 116
105 117
105 125
105 127
105 128
105 129
105 130
105 131
105 133
105 134
105 137
105 138
105 139
105 141
105 142
105 144
105 146
105 147
105 150
105 151
105 153
105 154
105 157
105 158
105 159
106 107
106 108
106 109
106 110
106 111
106 112
106 113
106 114
106 115
106 116
106 118
106 119
106 121
106 122
106 123
106 125
106 126
106 129
106 131
106 132
106 133
106 134
106 135
106 136
106 137
106 138
106 139
106 140
106 142
106 145
106 146
106 147
106 149
106 150
106 151
106 153
106 154
106 155
106 157
107 108
107 109
107 113
107 118
107 122
107 126
107 129
107 130
107 136
107 139
107 142
107 146
107 147
107 148
107 151
107 152
107 157
107 159
107 160
108 111
108 113
108 114
108 115
108 117
108 119
108 120
108 121
108 124
108 125
108 128
108 129
108 130
108 134
108 137
108 139
108 140
108 141
108 147
108 150
108 151
108 152
108 153
108 154
108 157
108 158
108 160
108 161
109 111
109 113
109 114
109 115
109 116
109 117
109 118
109 121
109 125
109 128
109 129
109 130
109 131
109 132
109 133
109 134
109 135
109 143
109 146
109 147
109 148
109 149
109 151
109 152
109 159
109 161
110 112
110 113
110 115
110 117
110 129
110 134
110 138
110 154
110 155
110 157
111 112
111 113
111 114
111 115
111 117
111 119
111 127
111 130
111 131
111 133
111 139
111 146
111 147
111 151
111 161
112 114
112 115
112 118
112 119
112 121
112 124
112 125
112 129
112 130
112 131
112 133
112 134
112 137
112 141
112 142
112 143
112 149
112 150
112 151
112 152
112 154
112 159
112 160
113 114
113 115
113 116
113 117
113 118
113 120
113 126
113 127
113 133
113 134
113 135
113 136
113 138
113 139
113 141
113 142
113 143
113 147
113 151
113 152
113 153
113 154
113 156
113 157
113 159
113 161
114 116
114 118
114 122
114 125
114 127
114 128
114 129
114 132
114 133
114 134
114 135
114 137
114 138
114 139
114 141
114 142
114 146
114 149
114 150
114 154
114 155
114 157
114 158
114 160
115 117
115 118
115 119
115 120
115 123
115 126
115 129
115 131
115 133
115 136
115 137
115 138
115 139
115 141
115 142
115 143
115 144
115 150
115 151
115 152
115 153
115 154
115 155
115 157
115 158
115 160
115 161
116 117
116 118
116 121
116 125
116 131
116 133
116 134
116 137
116 138
116 139
116 142
116 147
116 149
116 151
116 158
116 161
117 118
117 126
117 127
117 133
117 134
117 135
117 136
117 137
117 138
117 140
117 142
117 146
117 150
117 151
117 154
117 160
118 119
118 121
118 122
118 125
118 128
118 129
118 130
118 132
118 133
118 134
118 135
118 137
118 138
118 141
118 142
118 143
118 144
118 145
118 146
118 147
118 149
118 150
118 151
118 153
118 157
118 158
118 159
118 161
119 126
119 129
119 131
119 133
119 135
119 140
119 142
119 145
119 146
119 147
119 148
119 150
120 136
120 146
120 154
120 158
121 126
121 132
121 134
121 138
121 139
121 141
121 142
121 145
121 147
121 154
121 155
121 158
121 161
122 131
122 133
122 137
122 141
122 147
122 154
123 130
123 131
123 137
123 152
123 153
123 157
123 159
124 131
124 137
124 141
124 147
124 151
124 153
124 160
125 126
125 127
125 129
125 133
125 136
125 137
125 138
125 140
125 141
125 143
125 146
125 147
125 150
125 152
125 153
125 154
125 155
125 156
125 157
125 158
125 160
125 161
126 129
126 131
126 133
126 134
126 135
126 137
126 138
126 139
126 141
126 145
126 146
126 147
126 150
126 152
126 153
126 157
127 131
127 135
127 137
127 150
127 151
128 129
128 135
128 137
128 142
128 146
128 150
128 154
129 130
129 131
129 132
129 133
129 135
129 137
129 138
129 142
129 147
129 148
129 150
129 151
129 152
129 154
129 156
129 157
129 158
129 160
129 161
130 131
130 133
130 134
130 137
130 138
130 139
130 142
130 143
130 145
130 148
130 152
130 153
130 158
130 161
131 134
131 135
131 137
131 139
131 141
131 142
131 143
131 146
131 148
131 151
131 152
131 154
131 157
131 158
131 159
131 161
132 135
132 142
132 144
132 145
132 146
132 153
132 154
132 158
133 134
133 136
133 137
133 138
133 139
133 140
133 141
133 146
133 147
133 149
133 150
133 151
133 152
133 153
133 154
133 157
133 161
134 135
134 136
134 137
134 141
134 142
134 145
134 146
134 147
134 148
134 149
134 150
134 152
134 153
134 160
134 161
135 137
135 138
135 141
135 148
135 154
135 158
135 160
135 161
136 137
136 142
136 143
136 145
136 150
136 153
136 154
136 157
136 159
136 161
137 138
137 139
137 142
137 147
137 149
137 150
137 151
137 152
137 153
137 154
137 156
137 157
137 158
137 160
138 139
138 142
138 143
138 144
138 145
138 149
138 151
138 152
138 154
138 155
138 157
138 158
138 159
138 160
139 142
139 146
139 147
139 149
139 150
139 151
139 152
139 153
139 154
139 157
139 159
139 160
140 148
140 149
140 152
140 160
140 161
141 143
141 144
141 147
141 149
141 150
141 151
141 152
141 153
141 154
141 157
141 158
141 159
141 160
142 143
142 144
142 145
142 146
142 147
142 148
142 149
142 150
142 151
142 152
142 153
142 154
142 155
142 157
142 158
142 159
142 161
143 147
143 150
143 153
143 154
144 149
145 147
145 150
145 151
145 152
145 154
145 158
145 159
146 147
146 149
146 150
146 151
146 153
146 154
146 157
146 158
146 161
147 150
147 152
147 153
147 154
147 155
147 157
147 158
147 160
147 161
148 153
148 155
148 158
149 151
149 157
149 158
150 151
150 152
150 154
150 158
151 152
151 154
151 157
151 161
152 155
152 160
152 161
153 154
153 155
153 158
153 159
153 161
154 157
154 158
154 159
154 160
155 157
155 158
155 161
156 157
156 158
157 158
158 159
158 160
