0 4
0 7
0 8
0 10
0 11
0 21
0 22
0 25
0 26
0 27
0 31
0 32
0 34
0 40
0 43
0 45
0 49
0 51
0 52
0 54
0 55
0 58
0 62
0 63
0 64
0 68
0 69
0 70
0 71
0 75
0 77
0 80
0 84
0 92
0 96
0 97
0 101
0 105
0 106
0 110
0 114
0 124
0 125
0 130
0 131
0 133
0 140
0 143
0 151
0 156
0 161
1 7
1 10
1 11
1 12
1 14
1 19
1 20
1 29
1 30
1 31
1 38
1 43
1 44
1 48
1 49
1 51
1 53
1 57
1 58
1 61
1 63
1 67
1 68
1 69
1 70
1 71
1 73
1 76
1 78
1 79
1 85
1 88
1 92
1 93
1 94
1 105
1 109
1 111
1 114
1 115
1 116
1 117
1 118
1 122
1 129
1 130
1 134
1 137
1 139
1 141
1 146
1 152
1 153
1 160
1 161
2 9
2 21
2 22
2 25
2 29
2 31
2 32
2 35
2 40
2 49
2 51
2 52
2 54
2 56
2 67
2 68
2 69
2 71
2 74
2 76
2 79
2 82
2 83
2 84
2 93
2 102
2 103
2 109
2 110
2 111
2 130
2 137
2 145
2 146
2 147
3 7
3 8
3 9
3 10
3 11
3 17
3 19
3 21
3 24
3 25
3 26
3 29
3 30
3 32
3 34
3 35
3 40
3 44
3 49
3 50
3 51
3 52
3 57
3 58
3 61
3 63
3 66
3 67
3 70
3 71
3 80
3 83
3 87
3 89
3 94
3 95
3 102
3 112
3 114
3 115
3 125
3 126
3 127
3 128
3 131
3 137
3 138
3 147
3 154
3 155
3 160
4 5
4 6
4 7
4 10
4 13
4 15
4 17
4 24
4 25
4 28
4 29
4 30
4 32
4 34
4 35
4 38
4 40
4 42
4 43
4 45
4 46
4 49
4 50
4 51
4 52
4 53
4 54
4 55
4 59
4 61
4 63
4 66
4 67
4 68
4 69
4 70
4 71
4 73
4 74
4 77
4 79
4 82
4 84
4 85
4 87
4 89
4 90
4 97
4 100
4 102
4 103
4 105
4 106
4 108
4 110
4 111
4 113
4 115
4 116
4 121
4 125
4 128
4 129
4 130
4 134
4 135
4 137
4 138
4 141
4 142
4 144
4 145
4 146
4 150
4 151
4 152
4 153
4 154
4 155
4 157
4 158
5 15
5 16
5 30
5 31
5 32
5 34
5 44
5 65
5 69
5 70
5 71
5 72
5 73
5 79
5 82
5 87
5 90
5 91
5 94
5 102
5 105
5 106
5 112
5 113
5 133
5 134
5 138
5 147
5 150
5 155
5 158
5 161
6 7
6 11
6 12
6 13
6 15
6 16
6 17
6 21
6 22
6 23
6 25
6 29
6 30
6 31
6 34
6 37
6 38
6 40
6 41
6 42
6 46
6 49
6 51
6 55
6 56
6 57
6 58
6 59
6 61
6 63
6 64
6 66
6 67
6 68
6 69
6 70
6 72
6 73
6 74
6 83
6 85
6 86
6 87
6 89
6 93
6 94
6 96
6 99
6 100
6 101
6 104
6 106
6 107
6 108
6 109
6 112
6 113
6 114
6 115
6 116
6 117
6 118
6 125
6 128
6 129
6 130
6 131
6 133
6 134
6 135
6 136
6 139
6 142
6 143
6 145
6 146
6 149
6 151
6 153
6 154
6 157
6 158
6 161
7 8
7 9
7 10
7 11
7 12
7 14
7 15
7 18
7 21
7 22
7 24
7 26
7 27
7 28
7 30
7 31
7 32
7 33
7 34
7 35
7 36
7 37
7 39
7 40
7 42
7 43
7 44
7 46
7 49
7 50
7 51
7 53
7 55
7 58
7 62
7 63
7 64
7 66
7 67
7 68
7 69
7 70
7 71
7 72
7 77
7 78
7 84
7 85
7 86
7 87
7 88
7 89
7 91
7 97
7 98
7 99
7 100
7 101
7 102
7 105
7 106
7 107
7 108
7 110
7 113
7 114
7 115
7 116
7 117
7 118
7 122
7 125
7 126
7 128
7 129
7 130
7 131
7 134
7 135
7 137
7 139
7 142
7 145
7 147
7 152
7 153
7 154
7 155
7 157
7 158
7 159
7 160
7 161
8 14
8 19
8 29
8 31
8 40
8 43
8 45
8 48
8 49
8 50
8 52
8 56
8 64
8 65
8 67
8 68
8 69
8 71
8 79
8 83
8 84
8 86
8 89
8 98
8 101
8 105
8 107
8 113
8 118
8 122
8 125
8 129
8 131
8 135
8 139
8 144
8 152
9 10
9 15
9 21
9 22
9 23
9 24
9 25
9 26
9 31
9 32
9 34
9 35
9 36
9 39
9 40
9 42
9 44
9 45
9 48
9 49
9 51
9 52
9 53
9 54
9 55
9 56
9 57
9 60
9 63
9 66
9 68
9 69
9 71
9 74
9 75
9 77
9 79
9 81
9 84
9 85
9 88
9 89
9 97
9 99
9 100
9 101
9 102
9 103
9 107
9 108
9 109
9 111
9 113
9 117
9 118
9 130
9 131
9 132
9 134
9 135
9 136
9 137
9 138
9 142
9 143
9 144
9 146
9 151
9 152
9 153
9 154
9 158
9 159
9 160
9 161
10 11
10 14
10 15
10 18
10 19
10 20
10 21
10 26
10 32
10 35
10 38
10 42
10 44
10 49
10 50
10 51
10 56
10 58
10 61
10 63
10 65
10 69
10 71
10 72
10 79
10 82
10 83
10 84
10 87
10 88
10 89
10 93
10 97
10 100
10 104
10 106
10 108
10 112
10 113
10 114
10 115
10 126
10 127
10 130
10 131
10 134
10 138
10 139
10 142
10 147
10 150
10 151
10 157
10 158
10 161
11 12
11 13
11 14
11 15
11 16
11 18
11 21
11 24
11 25
11 27
11 29
11 30
11 31
11 33
11 34
11 35
11 37
11 38
11 39
11 40
11 42
11 44
11 45
11 48
11 49
11 51
11 52
11 53
11 55
11 56
11 67
11 69
11 70
11 71
11 72
11 75
11 77
11 78
11 79
11 82
11 84
11 94
11 95
11 99
11 100
11 101
11 103
11 104
11 105
11 106
11 107
11 113
11 114
11 116
11 117
11 120
11 121
11 122
11 126
11 128
11 129
11 132
11 133
11 137
11 138
11 139
11 142
11 147
11 150
11 151
11 154
11 155
11 157
11 158
11 159
11 161
12 18
12 19
12 20
12 21
12 30
12 32
12 33
12 35
12 38
12 41
12 45
12 49
12 51
12 54
12 56
12 63
12 67
12 68
12 74
12 79
12 83
12 84
12 86
12 87
12 88
12 89
12 91
12 98
12 106
12 108
12 112
12 113
12 114
12 123
12 125
12 134
12 138
12 150
12 152
12 154
12 155
12 161
13 14
13 16
13 19
13 30
13 31
13 32
13 36
13 39
13 40
13 43
13 50
13 53
13 54
13 59
13 60
13 68
13 74
13 79
13 82
13 84
13 85
13 87
13 89
13 92
13 94
13 101
13 103
13 105
13 106
13 108
13 111
13 113
13 118
13 128
13 129
13 131
13 135
13 142
13 143
13 145
13 150
13 151
13 154
13 156
13 158
13 159
13 160
14 17
14 18
14 19
14 20
14 21
14 22
14 23
14 24
14 28
14 30
14 31
14 33
14 35
14 36
14 38
14 40
14 41
14 43
14 44
14 48
14 49
14 51
14 52
14 53
14 54
14 55
14 56
14 59
14 60
14 64
14 66
14 68
14 69
14 70
14 71
14 72
14 73
14 77
14 79
14 80
14 81
14 83
14 84
14 85
14 86
14 89
14 90
14 93
14 94
14 97
14 100
14 101
14 106
14 108
14 110
14 111
14 112
14 113
14 115
14 116
14 117
14 118
14 120
14 125
14 126
14 129
14 130
14 131
14 132
14 133
14 134
14 136
14 137
14 138
14 140
14 141
14 142
14 143
14 150
14 151
14 152
14 155
14 158
14 160
15 24
15 26
15 30
15 31
15 39
15 41
15 45
15 48
15 49
15 51
15 53
15 55
15 61
15 64
15 67
15 72
15 74
15 75
15 79
15 87
15 89
15 92
15 96
15 98
15 102
15 105
15 106
15 108
15 109
15 110
15 114
15 118
15 121
15 126
15 128
15 133
15 135
15 137
15 140
15 141
15 144
15 154
16 19
16 21
16 24
16 31
16 32
16 40
16 43
16 49
16 58
16 66
16 67
16 89
16 92
16 97
16 99
16 105
16 106
16 110
16 113
16 114
16 115
16 125
16 132
16 133
16 136
16 138
16 147
16 151
16 152
16 154
16 157
16 158
16 161
17 21
17 26
17 28
17 31
17 40
17 43
17 44
17 45
17 46
17 56
17 66
17 68
17 72
17 75
17 79
17 81
17 88
17 91
17 92
17 101
17 107
17 114
17 121
17 122
17 129
17 130
17 136
17 137
17 142
17 152
17 157
18 20
18 21
18 23
18 24
18 26
18 29
18 30
18 31
18 32
18 36
18 38
18 39
18 45
18 49
18 52
18 54
18 56
18 57
18 65
18 68
18 69
18 71
18 72
18 73
18 77
18 79
18 80
18 84
18 87
18 89
18 92
18 94
18 97
18 101
18 102
18 104
18 106
18 113
18 115
18 117
18 118
18 127
18 130
18 131
18 137
18 138
18 141
18 142
18 143
18 152
18 157
18 159
19 20
19 21
19 24
19 28
19 29
19 30
19 31
19 32
19 35
19 36
19 38
19 42
19 44
19 45
19 47
19 48
19 49
19 54
19 55
19 56
19 57
19 58
19 61
19 63
19 65
19 69
19 70
19 72
19 73
19 74
19 75
19 76
19 79
19 82
19 84
19 86
19 88
19 89
19 93
19 96
19 97
19 98
19 100
19 102
19 106
19 107
19 109
19 110
19 112
19 113
19 114
19 118
19 125
19 126
19 129
19 130
19 131
19 133
19 135
19 137
19 138
19 143
19 148
19 152
19 153
19 154
19 157
19 158
19 159
19 161
20 21
20 22
20 24
20 25
20 31
20 48
20 53
20 69
20 71
20 82
20 87
20 96
20 99
20 100
20 101
20 102
20 107
20 110
20 112
20 113
20 118
20 131
20 133
20 135
20 137
20 139
20 142
20 152
20 153
20 155
21 24
21 26
21 28
21 30
21 31
21 33
21 35
21 36
21 38
21 39
21 41
21 43
21 47
21 49
21 55
21 56
21 57
21 58
21 60
21 64
21 65
21 66
21 67
21 69
21 70
21 71
21 72
21 74
21 76
21 77
21 79
21 80
21 83
21 85
21 86
21 87
21 92
21 94
21 97
21 99
21 104
21 105
21 106
21 113
21 114
21 115
21 116
21 118
21 119
21 125
21 127
21 128
21 129
21 130
21 133
21 134
21 135
21 137
21 140
21 142
21 145
21 146
21 147
21 149
21 152
21 154
21 157
22 24
22 31
22 33
22 40
22 51
22 54
22 55
22 56
22 58
22 61
22 62
22 63
22 72
22 79
22 88
22 89
22 95
22 101
22 102
22 113
22 115
22 125
22 133
22 134
22 139
22 147
22 150
22 151
22 154
22 155
22 157
23 24
23 26
23 30
23 35
23 39
23 43
23 44
23 56
23 63
23 64
23 67
23 71
23 75
23 79
23 82
23 89
23 91
23 94
23 98
23 100
23 101
23 102
23 107
23 108
23 112
23 123
23 125
23 126
23 131
23 133
23 134
23 137
23 138
23 147
23 152
23 161
24 30
24 31
24 32
24 34
24 44
24 47
24 49
24 51
24 52
24 54
24 65
24 67
24 68
24 70
24 72
24 73
24 79
24 82
24 86
24 89
24 91
24 92
24 93
24 96
24 100
24 102
24 104
24 106
24 108
24 109
24 112
24 114
24 115
24 118
24 119
24 129
24 131
24 133
24 134
24 135
24 140
24 141
24 143
24 145
24 146
24 151
24 153
24 155
24 156
24 160
24 161
25 26
25 31
25 38
25 40
25 41
25 48
25 51
25 54
25 55
25 56
25 58
25 64
25 67
25 71
25 73
25 74
25 75
25 79
25 80
25 81
25 84
25 88
25 90
25 98
25 101
25 103
25 110
25 111
25 112
25 113
25 114
25 115
25 118
25 122
25 125
25 129
25 134
25 135
25 137
25 140
25 142
25 148
25 150
25 153
25 154
25 159
26 28
26 29
26 30
26 31
26 32
26 34
26 35
26 38
26 40
26 44
26 45
26 49
26 50
26 51
26 52
26 55
26 56
26 58
26 59
26 61
26 64
26 65
26 66
26 67
26 68
26 70
26 72
26 73
26 77
26 78
26 79
26 80
26 84
26 85
26 88
26 89
26 91
26 92
26 93
26 95
26 96
26 97
26 98
26 100
26 101
26 102
26 103
26 105
26 109
26 112
26 116
26 118
26 123
26 125
26 126
26 127
26 128
26 129
26 131
26 133
26 134
26 136
26 138
26 139
26 144
26 147
26 151
26 152
26 153
26 158
26 159
26 160
26 161
27 31
27 40
27 41
27 52
27 55
27 69
27 72
27 79
27 89
27 100
27 101
27 102
27 103
27 105
27 113
27 115
27 116
27 131
27 137
27 142
27 145
27 152
28 30
28 37
28 40
28 43
28 49
28 52
28 54
28 58
28 61
28 63
28 65
28 66
28 69
28 70
28 72
28 73
28 74
28 75
28 79
28 81
28 86
28 87
28 92
28 102
28 105
28 106
28 108
28 115
28 119
28 128
28 132
28 133
28 147
28 152
28 154
28 157
28 158
29 30
29 32
29 38
29 40
29 54
29 55
29 56
29 64
29 67
29 70
29 72
29 73
29 75
29 89
29 94
29 108
29 109
29 112
29 117
29 118
29 128
29 134
29 139
29 142
29 146
29 157
29 161
30 31
30 32
30 34
30 35
30 38
30 43
30 45
30 46
30 49
30 52
30 53
30 55
30 56
30 58
30 63
30 65
30 68
30 69
30 70
30 72
30 74
30 75
30 76
30 79
30 81
30 86
30 89
30 99
30 101
30 102
30 103
30 108
30 109
30 113
30 114
30 115
30 117
30 124
30 125
30 132
30 133
30 134
30 135
30 136
30 137
30 138
30 139
30 142
30 143
30 151
30 153
30 154
30 155
30 157
30 160
30 161
31 32
31 34
31 35
31 37
31 38
31 40
31 44
31 45
31 46
31 49
31 50
31 51
31 54
31 56
31 60
31 61
31 63
31 64
31 65
31 66
31 67
31 68
31 69
31 70
31 72
31 73
31 75
31 76
31 77
31 78
31 79
31 80
31 81
31 82
31 84
31 85
31 86
31 89
31 90
31 91
31 92
31 93
31 95
31 97
31 99
31 100
31 102
31 103
31 104
31 108
31 109
31 111
31 113
31 114
31 115
31 120
31 121
31 122
31 124
31 129
31 135
31 137
31 138
31 139
31 140
31 142
31 143
31 146
31 150
31 151
31 152
31 154
31 156
31 157
31 158
31 160
31 161
32 34
32 36
32 37
32 38
32 40
32 41
32 42
32 44
32 45
32 48
32 49
32 51
32 52
32 54
32 61
32 64
32 66
32 67
32 68
32 70
32 72
32 73
32 74
32 76
32 77
32 79
32 83
32 84
32 87
32 88
32 90
32 93
32 94
32 95
32 101
32 102
32 106
32 107
32 108
32 109
32 112
32 114
32 115
32 117
32 118
32 126
32 127
32 128
32 130
32 133
32 134
32 135
32 137
32 141
32 142
32 143
32 147
32 151
32 152
32 155
32 158
32 159
32 161
33 37
33 43
33 45
33 46
33 49
33 50
33 51
33 54
33 58
33 70
33 74
33 79
33 106
33 108
33 114
33 115
33 117
33 118
33 128
33 129
33 130
33 133
33 137
33 138
33 140
33 144
33 150
33 158
33 160
34 37
34 46
34 55
34 56
34 65
34 66
34 67
34 70
34 71
34 77
34 79
34 80
34 85
34 89
34 94
34 97
34 99
34 101
34 102
34 109
34 110
34 111
34 114
34 115
34 116
34 118
34 126
34 131
34 134
34 135
34 138
34 139
34 142
34 143
34 147
34 154
34 155
35 38
35 39
35 40
35 46
35 51
35 54
35 55
35 56
35 61
35 63
35 65
35 67
35 69
35 72
35 74
35 75
35 79
35 82
35 84
35 85
35 86
35 88
35 91
35 92
35 94
35 100
35 103
35 105
35 107
35 108
35 109
35 110
35 112
35 113
35 115
35 116
35 117
35 119
35 122
35 123
35 125
35 128
35 129
35 131
35 132
35 133
35 136
35 137
35 138
35 139
35 140
35 142
35 144
35 146
35 147
35 148
35 149
35 150
35 151
35 152
35 153
35 157
35 158
36 37
36 38
36 40
36 43
36 44
36 45
36 49
36 52
36 54
36 56
36 63
36 65
36 68
36 70
36 72
36 75
36 77
36 79
36 86
36 87
36 89
36 94
36 101
36 105
36 111
36 115
36 117
36 118
36 119
36 121
36 124
36 125
36 129
36 132
36 134
36 135
36 137
36 138
36 142
36 143
36 149
36 151
36 152
36 153
36 154
36 157
37 43
37 44
37 45
37 55
37 63
37 67
37 70
37 71
37 72
37 77
37 79
37 84
37 86
37 87
37 89
37 92
37 96
37 98
37 101
37 102
37 104
37 112
37 114
37 115
37 116
37 117
37 118
37 121
37 122
37 125
37 126
37 127
37 128
37 129
37 130
37 131
37 135
37 136
37 137
37 143
37 146
37 147
37 152
38 40
38 42
38 43
38 44
38 46
38 47
38 51
38 54
38 55
38 56
38 59
38 61
38 63
38 66
38 68
38 72
38 73
38 75
38 77
38 79
38 80
38 82
38 84
38 85
38 87
38 89
38 91
38 97
38 99
38 101
38 103
38 105
38 106
38 108
38 109
38 113
38 117
38 125
38 129
38 133
38 134
38 135
38 136
38 137
38 138
38 139
38 142
38 146
38 147
38 149
38 150
38 151
38 153
38 154
38 155
38 158
38 161
39 43
39 51
39 54
39 58
39 65
39 70
39 75
39 76
39 77
39 82
39 88
39 91
39 92
39 100
39 101
39 105
39 113
39 115
39 117
39 118
39 123
39 125
39 126
39 129
39 131
39 133
39 134
39 135
39 137
39 142
39 148
39 153
39 157
39 161
40 41
40 42
40 43
40 44
40 45
40 46
40 49
40 50
40 53
40 54
40 57
40 60
40 63
40 64
40 65
40 67
40 70
40 71
40 73
40 74
40 75
40 76
40 80
40 81
40 85
40 87
40 89
40 90
40 92
40 96
40 97
40 98
40 101
40 105
40 106
40 108
40 112
40 113
40 114
40 115
40 117
40 129
40 132
40 134
40 135
40 137
40 139
40 141
40 142
40 143
40 145
40 150
40 152
40 155
40 156
40 160
40 161
41 49
41 61
41 64
41 65
41 67
41 68
41 70
41 84
41 86
41 89
41 90
41 93
41 103
41 105
41 109
41 119
41 125
41 128
41 129
41 131
41 137
41 147
41 158
42 43
42 44
42 51
42 54
42 55
42 57
42 60
42 63
42 64
42 66
42 67
42 68
42 70
42 72
42 75
42 79
42 89
42 94
42 96
42 98
42 99
42 102
42 105
42 106
42 108
42 111
42 112
42 115
42 116
42 121
42 133
42 137
42 142
42 151
42 159
42 161
43 45
43 48
43 49
43 50
43 51
43 54
43 55
43 56
43 57
43 58
43 64
43 65
43 67
43 69
43 70
43 71
43 72
43 75
43 77
43 78
43 79
43 81
43 87
43 89
43 92
43 94
43 108
43 109
43 111
43 112
43 113
43 114
43 116
43 118
43 125
43 134
43 136
43 137
43 138
43 139
43 145
43 146
43 147
43 151
43 153
43 155
43 160
44 50
44 51
44 56
44 57
44 59
44 60
44 64
44 65
44 67
44 69
44 72
44 74
44 75
44 76
44 84
44 87
44 89
44 91
44 92
44 94
44 97
44 101
44 102
44 105
44 108
44 110
44 112
44 113
44 115
44 116
44 117
44 123
44 125
44 127
44 128
44 129
44 132
44 133
44 135
44 138
44 139
44 141
44 145
44 147
44 149
44 150
44 152
44 153
44 155
44 158
44 161
45 50
45 52
45 55
45 56
45 60
45 63
45 65
45 66
45 67
45 68
45 69
45 70
45 72
45 74
45 76
45 77
45 79
45 82
45 84
45 87
45 89
45 94
45 95
45 97
45 99
45 101
45 109
45 110
45 111
45 112
45 113
45 115
45 116
45 117
45 118
45 125
45 126
45 128
45 130
45 132
45 133
45 134
45 136
45 138
45 140
45 146
45 148
45 149
45 151
45 152
45 154
45 156
45 159
46 49
46 54
46 57
46 59
46 60
46 61
46 65
46 66
46 69
46 72
46 74
46 75
46 80
46 83
46 84
46 89
46 95
46 96
46 97
46 98
46 99
46 102
46 106
46 108
46 115
46 118
46 120
46 129
46 130
46 131
46 134
46 137
46 142
46 144
46 148
46 150
46 151
46 154
46 156
46 160
46 161
47 65
47 68
47 87
47 102
47 108
47 112
47 125
47 134
47 146
48 52
48 58
48 67
48 68
48 71
48 72
48 75
48 85
48 92
48 94
48 98
48 102
48 108
48 112
48 116
48 117
48 118
48 128
48 129
48 133
48 135
48 141
49 50
49 51
49 56
49 59
49 60
49 61
49 63
49 64
49 65
49 67
49 68
49 69
49 70
49 71
49 72
49 74
49 76
49 79
49 80
49 83
49 84
49 86
49 88
49 89
49 90
49 91
49 92
49 93
49 94
49 100
49 101
49 102
49 103
49 104
49 106
49 107
49 108
49 111
49 114
49 116
49 117
49 118
49 119
49 122
49 125
49 126
49 129
49 131
49 133
49 134
49 137
49 138
49 139
49 141
49 143
49 145
49 146
49 147
49 150
49 152
49 153
49 156
49 158
49 159
49 160
49 161
50 51
50 54
50 56
50 58
50 61
50 65
50 70
50 71
50 73
50 74
50 77
50 79
50 82
50 87
50 89
50 94
50 96
50 101
50 116
50 119
50 126
50 127
50 129
50 135
50 136
50 137
50 142
50 143
50 152
50 160
51 52
51 54
51 55
51 56
51 58
51 63
51 64
51 65
51 66
51 67
51 68
51 70
51 73
51 74
51 75
51 76
51 77
51 80
51 83
51 86
51 87
51 88
51 91
51 93
51 94
51 95
51 97
51 99
51 101
51 102
51 103
51 104
51 107
51 108
51 109
51 110
51 111
51 112
51 113
51 114
51 115
51 117
51 123
51 126
51 129
51 131
51 132
51 133
51 134
51 135
51 136
51 137
51 139
51 142
51 144
51 145
51 147
51 148
51 150
51 151
51 153
51 154
51 157
51 159
52 58
52 59
52 62
52 63
52 68
52 70
52 72
52 73
52 75
52 76
52 82
52 85
52 86
52 91
52 99
52 100
52 101
52 104
52 108
52 111
52 112
52 115
52 125
52 133
52 135
52 138
52 139
52 142
52 147
52 152
52 154
52 157
52 159
52 160
53 56
53 58
53 60
53 65
53 69
53 74
53 77
53 78
53 80
53 82
53 83
53 86
53 87
53 89
53 93
53 95
53 97
53 106
53 110
53 112
53 115
53 119
53 128
53 129
53 134
53 139
53 142
53 149
53 161
54 55
54 56
54 57
54 58
54 61
54 63
54 66
54 68
54 70
54 71
54 72
54 73
54 74
54 75
54 76
54 80
54 83
54 84
54 88
54 89
54 90
54 92
54 93
54 94
54 95
54 96
54 97
54 99
54 100
54 101
54 102
54 103
54 106
54 112
54 113
54 114
54 115
54 118
54 124
54 127
54 129
54 131
54 133
54 135
54 136
54 138
54 140
54 141
54 142
54 145
54 146
54 147
54 152
54 154
54 155
54 157
54 158
54 159
54 160
54 161
55 58
55 60
55 61
55 64
55 65
55 67
55 68
55 71
55 72
55 73
55 74
55 79
55 80
55 82
55 85
55 88
55 89
55 91
55 93
55 95
55 98
55 99
55 101
55 103
55 105
55 108
55 110
55 112
55 113
55 114
55 120
55 127
55 129
55 130
55 131
55 135
55 137
55 141
55 142
55 143
55 148
55 149
55 152
55 157
55 158
56 61
56 62
56 64
56 67
56 69
56 70
56 73
56 74
56 79
56 84
56 87
56 92
56 95
56 96
56 97
56 98
56 99
56 101
56 103
56 104
56 105
56 106
56 109
56 111
56 114
56 115
56 117
56 124
56 125
56 126
56 127
56 128
56 129
56 130
56 131
56 133
56 134
56 135
56 136
56 139
56 142
56 143
56 144
56 146
56 147
56 148
56 151
56 152
56 157
56 158
56 159
57 62
57 65
57 66
57 67
57 69
57 70
57 72
57 73
57 74
57 77
57 81
57 84
57 90
57 91
57 93
57 94
57 102
57 107
57 110
57 111
57 112
57 114
57 115
57 129
57 130
57 133
57 137
57 139
57 141
57 142
57 147
57 148
57 152
57 158
58 59
58 61
58 64
58 65
58 70
58 71
58 73
58 74
58 75
58 76
58 79
58 85
58 87
58 89
58 91
58 94
58 96
58 97
58 101
58 102
58 104
58 106
58 107
58 108
58 109
58 111
58 114
58 115
58 116
58 117
58 121
58 128
58 130
58 136
58 137
58 138
58 146
58 147
58 151
58 152
58 153
58 154
58 160
58 161
59 70
59 71
59 72
59 74
59 75
59 81
59 84
59 90
59 92
59 94
59 95
59 99
59 106
59 113
59 116
59 117
59 120
59 129
59 138
59 140
59 141
59 142
59 145
59 152
59 154
59 158
60 67
60 70
60 73
60 79
60 108
60 115
60 136
60 141
60 147
60 149
60 157
60 158
61 65
61 66
61 67
61 73
61 76
61 77
61 80
61 84
61 87
61 92
61 94
61 97
61 100
61 102
61 103
61 105
61 106
61 108
61 111
61 112
61 117
61 118
61 119
61 125
61 127
61 128
61 130
61 136
61 138
61 139
61 142
61 149
61 150
61 151
61 155
61 156
61 157
62 63
62 64
62 65
62 70
62 76
62 78
62 79
62 85
62 86
62 89
62 97
62 98
62 103
62 106
62 107
62 112
62 114
62 115
62 120
62 126
62 137
62 139
62 141
62 142
62 149
62 152
62 157
63 69
63 71
63 73
63 74
63 75
63 77
63 83
63 86
63 90
63 93
63 97
63 102
63 106
63 107
63 108
63 109
63 110
63 112
63 113
63 114
63 115
63 117
63 118
63 119
63 120
63 123
63 127
63 128
63 129
63 130
63 131
63 132
63 133
63 134
63 139
63 141
63 142
63 147
63 149
63 150
63 151
63 153
63 159
64 65
64 68
64 69
64 71
64 72
64 73
64 78
64 79
64 80
64 83
64 84
64 86
64 87
64 89
64 98
64 99
64 100
64 101
64 103
64 106
64 107
64 110
64 111
64 112
64 113
64 115
64 116
64 117
64 118
64 120
64 122
64 125
64 127
64 128
64 130
64 132
64 133
64 134
64 136
64 137
64 140
64 147
64 148
64 149
64 150
64 151
64 152
64 153
64 154
64 156
64 160
65 66
65 67
65 70
65 71
65 72
65 73
65 74
65 76
65 77
65 79
65 80
65 81
65 82
65 84
65 85
65 88
65 89
65 93
65 94
65 97
65 100
65 101
65 102
65 106
65 107
65 108
65 112
65 113
65 114
65 115
65 117
65 118
65 119
65 123
65 126
65 128
65 132
65 134
65 137
65 138
65 141
65 145
65 147
65 150
65 151
65 152
65 153
65 154
65 158
66 79
66 80
66 84
66 89
66 90
66 91
66 93
66 96
66 97
66 98
66 104
66 105
66 106
66 112
66 115
66 118
66 121
66 122
66 124
66 129
66 130
66 131
66 132
66 133
66 134
66 135
66 136
66 137
66 142
66 145
66 148
66 150
66 151
67 68
67 70
67 71
67 72
67 75
67 76
67 77
67 78
67 79
67 82
67 86
67 87
67 88
67 89
67 91
67 93
67 100
67 101
67 102
67 103
67 104
67 105
67 106
67 109
67 111
67 112
67 114
67 115
67 117
67 118
67 120
67 123
67 127
67 128
67 129
67 131
67 135
67 138
67 139
67 142
67 143
67 145
67 146
67 147
67 150
67 152
67 153
67 155
67 157
67 159
67 160
67 161
68 69
68 70
68 71
68 72
68 74
68 76
68 79
68 80
68 82
68 84
68 85
68 86
68 88
68 89
68 94
68 98
68 99
68 102
68 105
68 106
68 108
68 110
68 114
68 116
68 117
68 118
68 121
68 123
68 125
68 127
68 128
68 130
68 132
68 133
68 134
68 136
68 137
68 139
68 142
68 146
68 147
68 148
68 149
68 150
68 151
68 154
68 156
68 158
69 70
69 74
69 75
69 77
69 85
69 89
69 92
69 94
69 95
69 96
69 100
69 101
69 102
69 105
69 106
69 108
69 109
69 112
69 113
69 114
69 115
69 117
69 121
69 124
69 126
69 131
69 132
69 133
69 134
69 137
69 138
69 139
69 142
69 144
69 145
69 146
69 147
69 148
69 149
69 150
69 151
69 154
69 157
69 158
69 160
70 72
70 73
70 77
70 78
70 81
70 84
70 89
70 91
70 96
70 100
70 101
70 102
70 103
70 104
70 106
70 109
70 111
70 112
70 113
70 114
70 115
70 117
70 118
70 119
70 122
70 125
70 129
70 131
70 133
70 134
70 136
70 138
70 139
70 141
70 143
70 145
70 146
70 147
70 149
70 150
70 152
70 153
70 154
70 155
70 157
70 158
70 161
71 75
71 77
71 79
71 83
71 85
71 87
71 88
71 94
71 96
71 98
71 101
71 102
71 104
71 106
71 107
71 108
71 109
71 111
71 114
71 115
71 117
71 121
71 124
71 126
71 127
71 128
71 129
71 131
71 135
71 136
71 138
71 139
71 141
71 142
71 143
71 145
71 146
71 151
71 154
71 157
71 158
71 160
72 73
72 74
72 76
72 77
72 78
72 81
72 82
72 84
72 86
72 87
72 91
72 92
72 95
72 96
72 98
72 101
72 105
72 106
72 108
72 109
72 110
72 112
72 113
72 114
72 116
72 117
72 123
72 125
72 127
72 130
72 131
72 133
72 134
72 135
72 136
72 137
72 138
72 141
72 143
72 144
72 145
72 147
72 153
72 154
73 75
73 77
73 79
73 80
73 89
73 92
73 93
73 97
73 99
73 100
73 102
73 106
73 108
73 114
73 115
73 116
73 117
73 118
73 126
73 127
73 129
73 130
73 133
73 134
73 137
73 138
73 139
73 142
73 147
73 149
73 150
73 153
73 158
73 159
74 75
74 80
74 82
74 84
74 86
74 87
74 88
74 89
74 90
74 93
74 95
74 96
74 97
74 99
74 100
74 101
74 106
74 107
74 108
74 110
74 111
74 113
74 114
74 118
74 119
74 121
74 125
74 129
74 131
74 133
74 135
74 137
74 138
74 139
74 143
74 145
74 147
74 149
74 150
74 151
74 152
74 153
74 155
74 157
74 158
74 160
74 161
75 77
75 79
75 80
75 83
75 84
75 85
75 89
75 91
75 95
75 99
75 106
75 107
75 113
75 114
75 122
75 125
75 128
75 130
75 131
75 133
75 137
75 138
75 142
75 144
75 145
75 146
75 148
75 150
75 152
75 154
75 158
75 160
75 161
76 79
76 86
76 94
76 97
76 102
76 104
76 107
76 109
76 113
76 114
76 117
76 119
76 125
76 126
76 134
76 135
76 137
76 139
76 140
76 142
76 147
76 152
76 153
76 157
76 159
77 82
77 83
77 84
77 85
77 86
77 87
77 89
77 93
77 94
77 97
77 100
77 101
77 105
77 106
77 108
77 111
77 112
77 113
77 125
77 128
77 129
77 132
77 135
77 137
77 142
77 143
77 147
77 149
77 151
77 153
77 157
77 160
77 161
78 101
78 102
78 108
78 115
78 118
78 125
78 131
78 135
78 138
79 82
79 83
79 85
79 86
79 90
79 94
79 95
79 99
79 101
79 103
79 104
79 107
79 108
79 109
79 110
79 111
79 112
79 113
79 114
79 115
79 116
79 117
79 118
79 121
79 124
79 126
79 129
79 130
79 131
79 133
79 134
79 135
79 142
79 144
79 146
79 147
79 153
79 155
79 157
79 158
79 161
80 84
80 95
80 97
80 99
80 101
80 102
80 106
80 107
80 108
80 109
80 111
80 113
80 114
80 115
80 116
80 121
80 122
80 128
80 129
80 131
80 137
80 138
80 145
80 148
80 149
80 151
80 158
80 160
81 86
81 101
81 106
81 107
81 110
81 113
81 117
81 138
81 142
81 146
81 151
81 154
81 156
81 157
81 158
82 84
82 89
82 91
82 92
82 97
82 101
82 102
82 106
82 107
82 108
82 110
82 113
82 115
82 118
82 119
82 120
82 126
82 128
82 130
82 131
82 133
82 140
82 154
82 157
82 160
83 87
83 89
83 98
83 103
83 105
83 106
83 126
83 131
83 133
83 140
83 142
83 151
83 158
83 160
84 88
84 89
84 90
84 97
84 98
84 99
84 102
84 105
84 111
84 113
84 117
84 119
84 122
84 130
84 131
84 133
84 134
84 138
84 142
84 143
84 146
84 147
84 148
84 150
84 158
85 87
85 92
85 93
85 102
85 104
85 106
85 109
85 114
85 116
85 133
85 137
85 141
85 145
85 152
85 154
85 157
85 158
86 93
86 100
86 101
86 102
86 103
86 105
86 108
86 109
86 111
86 113
86 114
86 116
86 117
86 118
86 124
86 131
86 133
86 137
86 138
86 145
86 147
86 148
86 151
86 152
86 153
86 155
86 158
86 160
86 161
87 89
87 95
87 97
87 99
87 103
87 105
87 108
87 111
87 113
87 114
87 118
87 123
87 133
87 134
87 136
87 137
87 139
87 141
87 142
87 147
87 154
87 158
88 89
88 94
88 95
88 99
88 101
88 106
88 109
88 112
88 113
88 114
88 117
88 118
88 126
88 133
88 134
88 137
88 139
88 141
88 146
88 152
88 153
88 155
89 90
89 91
89 92
89 97
89 99
89 101
89 102
89 107
89 108
89 112
89 113
89 116
89 117
89 118
89 129
89 131
89 134
89 135
89 136
89 137
89 138
89 139
89 141
89 142
89 146
89 147
89 148
89 149
89 151
89 154
89 160
90 93
90 94
90 108
90 111
90 129
90 134
90 142
90 147
90 157
90 161
91 95
91 97
91 102
91 103
91 114
91 115
91 117
91 120
91 122
91 124
91 126
91 130
91 131
91 133
91 134
91 137
91 147
91 152
91 154
91 156
91 157
91 160
92 99
92 101
92 108
92 114
92 117
92 118
92 128
92 133
92 135
92 136
92 137
92 138
92 142
92 146
92 147
92 150
92 151
92 154
93 94
93 97
93 98
93 99
93 101
93 102
93 104
93 105
93 106
93 109
93 110
93 111
93 112
93 114
93 115
93 118
93 129
93 130
93 134
93 138
93 139
93 143
93 145
93 151
93 154
93 158
93 160
93 161
94 97
94 101
94 102
94 103
94 104
94 106
94 107
94 108
94 111
94 112
94 113
94 114
94 115
94 117
94 118
94 122
94 129
94 131
94 137
94 138
94 140
94 141
94 144
94 145
94 146
94 147
94 150
94 152
94 153
94 154
94 156
94 157
94 160
94 161
95 97
95 101
95 103
95 106
95 109
95 110
95 113
95 115
95 117
95 128
95 129
95 131
95 142
95 143
95 147
95 151
95 159
96 103
96 108
96 112
96 129
96 142
96 144
96 150
96 157
96 159
97 98
97 99
97 100
97 101
97 102
97 105
97 106
97 108
97 111
97 113
97 114
97 115
97 116
97 118
97 125
97 126
97 131
97 134
97 136
97 138
97 139
97 141
97 142
97 146
97 150
97 151
97 153
97 157
97 158
97 160
97 161
98 102
98 108
98 111
98 112
98 113
98 114
98 116
98 117
98 122
98 128
98 129
98 131
98 139
98 142
98 146
98 147
98 151
98 152
98 153
98 154
98 157
99 100
99 101
99 102
99 105
99 108
99 110
99 112
99 117
99 128
99 129
99 134
99 135
99 137
99 138
99 145
99 150
99 151
99 152
99 156
99 157
99 158
99 161
100 106
100 108
100 110
100 113
100 118
100 121
100 122
100 131
100 133
100 134
100 135
100 137
100 139
100 142
100 143
100 145
100 147
100 150
100 153
101 102
101 104
101 106
101 107
101 108
101 109
101 112
101 113
101 114
101 115
101 116
101 117
101 119
101 125
101 126
101 132
101 133
101 134
101 135
101 139
101 140
101 141
101 142
101 143
101 144
101 149
101 150
101 151
101 152
101 155
101 158
101 159
101 160
102 107
102 109
102 110
102 111
102 112
102 113
102 117
102 120
102 128
102 131
102 132
102 134
102 135
102 138
102 139
102 140
102 142
102 143
102 145
102 146
102 147
102 151
102 152
102 153
102 154
102 155
102 157
102 158
102 160
103 106
103 108
103 109
103 112
103 122
103 125
103 129
103 131
103 133
103 136
103 138
103 139
103 146
103 148
103 149
103 154
103 160
103 161
104 106
104 115
104 118
104 122
104 130
104 133
104 138
104 139
104 141
104 145
104 147
104 150
104 153
104 156
105 106
105 107
105 108
105 109
105 110
105 113
105 117
105 118
105 120
105 123
105 129
105 133
105 139
105 141
105 145
105 150
105 152
105 154
105 157
105 159
105 161
106 108
106 109
106 110
106 113
106 114
106 116
106 117
106 125
106 126
106 133
106 135
106 137
106 138
106 139
106 140
106 143
106 145
106 146
106 147
106 149
106 150
106 152
106 154
106 156
106 157
106 158
106 159
106 160
107 111
107 117
107 124
107 127
107 129
107 130
107 136
107 137
107 138
107 143
107 145
107 147
107 150
107 153
107 154
107 157
107 161
108 109
108 110
108 113
108 114
108 115
108 116
108 117
108 121
108 125
108 126
108 131
108 132
108 133
108 134
108 135
108 136
108 138
108 139
108 142
108 143
108 145
108 148
108 150
108 152
108 153
108 154
108 157
108 158
108 160
108 161
109 113
109 115
109 118
109 119
109 123
109 134
109 136
109 137
109 138
109 141
109 147
109 153
109 154
109 155
109 156
109 158
109 159
109 160
109 161
110 119
110 121
110 125
110 127
110 129
110 131
110 137
110 142
110 143
110 145
110 152
110 154
111 113
111 115
111 118
111 129
111 134
111 135
111 137
111 138
111 139
111 141
111 147
111 151
111 152
111 158
111 161
112 117
112 118
112 126
112 128
112 129
112 131
112 133
112 134
112 136
112 137
112 138
112 139
112 140
112 141
112 142
112 143
112 145
112 146
112 147
112 153
112 154
112 155
112 158
113 114
113 115
113 117
113 118
113 120
113 125
113 128
113 129
113 130
113 131
113 133
113 137
113 138
113 142
113 146
113 149
113 151
113 155
113 158
113 159
114 115
114 117
114 118
114 126
114 127
114 128
114 129
114 130
114 131
114 132
114 134
114 135
114 136
114 137
114 142
114 143
114 146
114 149
114 150
114 154
114 155
114 159
114 160
114 161
115 116
115 117
115 118
115 121
115 126
115 127
115 129
115 131
115 132
115 133
115 135
115 137
115 138
115 140
115 142
115 146
115 147
115 149
115 150
115 152
115 153
115 154
115 155
115 158
115 159
116 117
116 118
116 125
116 128
116 131
116 134
116 135
116 140
116 146
116 147
116 153
116 158
116 161
117 118
117 120
117 129
117 131
117 132
117 133
117 134
117 135
117 137
117 138
117 139
117 141
117 142
117 145
117 148
117 152
117 154
117 155
117 157
117 158
117 159
118 122
118 125
118 127
118 129
118 130
118 131
118 133
118 134
118 136
118 138
118 139
118 142
118 147
118 150
118 151
118 152
118 153
118 154
118 155
118 157
118 158
118 159
119 139
119 143
119 147
120 125
120 133
120 135
120 154
121 133
121 134
121 146
121 147
121 149
121 153
122 126
122 127
122 134
122 138
122 140
122 141
122 143
122 147
122 151
122 154
122 157
122 161
123 130
123 131
123 133
123 149
123 153
123 160
124 125
124 137
124 138
124 145
124 158
125 129
125 134
125 137
125 139
125 141
125 143
125 146
125 149
125 151
125 152
125 153
125 154
125 159
126 129
126 137
126 142
126 144
126 147
126 150
126 154
126 157
126 161
127 128
127 129
127 131
127 133
127 137
127 138
127 148
127 154
127 155
127 157
127 159
127 160
127 161
128 133
128 136
128 137
128 146
128 147
128 149
128 157
129 130
129 131
129 137
129 138
129 139
129 141
129 142
129 145
129 147
129 148
129 152
129 153
129 154
129 158
129 159
130 133
130 135
130 136
130 139
130 141
130 142
130 146
130 147
130 151
130 152
130 155
130 161
131 133
131 134
131 136
131 137
131 138
131 139
131 142
131 143
131 144
131 145
131 150
131 152
131 153
131 154
131 158
131 159
131 161
132 138
132 139
132 149
132 152
132 157
133 134
133 135
133 137
133 138
133 139
133 142
133 143
133 146
133 147
133 148
133 150
133 152
133 153
133 154
133 158
134 136
134 137
134 138
134 139
134 141
134 142
134 147
134 150
134 151
134 154
134 158
134 160
135 136
135 137
135 138
135 139
135 151
135 154
135 155
135 157
135 161
136 137
136 138
136 139
136 146
136 152
136 153
136 154
136 157
137 139
137 140
137 141
137 142
137 149
137 150
137 151
137 154
137 156
137 158
137 160
137 161
138 142
138 143
138 145
138 147
138 149
138 150
138 151
138 152
138 153
138 154
138 155
138 158
139 144
139 145
139 147
139 152
139 153
139 158
139 160
139 161
140 141
140 153
140 154
140 155
140 161
141 142
141 143
141 146
141 149
141 152
141 156
141 157
141 160
141 161
142 143
142 145
142 147
142 152
142 153
142 154
142 157
142 158
142 159
143 144
143 154
143 160
144 146
144 147
144 153
145 147
145 149
145 150
145 151
145 153
145 154
145 158
145 160
145 161
146 147
146 149
146 151
146 152
146 153
146 154
146 158
146 161
147 148
147 149
147 151
147 152
147 153
148 157
148 158
148 161
149 150
149 153
149 157
149 160
150 152
150 156
150 158
150 161
151 152
151 154
151 158
152 154
152 156
152 157
152 158
152 160
152 161
153 154
154 155
154 157
154 158
154 160
154 161
155 158
155 159
157 158
158 159
159 160
