0 6
0 7
0 12
0 15
0 17
0 24
0 27
0 34
0 36
0 37
0 39
0 40
0 46
0 49
0 51
0 54
0 56
0 61
0 63
0 64
0 65
0 69
0 72
0 81
0 86
0 87
0 88
0 89
0 96
0 99
0 101
0 102
0 103
0 105
0 106
0 108
0 137
0 139
0 146
0 147
0 151
0 153
1 4
1 6
1 8
1 10
1 11
1 13
1 26
1 35
1 38
1 39
1 40
1 43
1 49
1 54
1 69
1 70
1 73
1 74
1 75
1 84
1 85
1 86
1 91
1 94
1 103
1 105
1 106
1 109
1 114
1 115
1 123
1 125
1 128
1 129
1 130
1 131
1 133
1 134
1 135
1 137
1 142
1 146
1 147
1 150
1 157
1 160
2 6
2 11
2 13
2 14
2 16
2 21
2 26
2 33
2 40
2 49
2 62
2 71
2 74
2 78
2 88
2 91
2 93
2 95
2 96
2 98
2 105
2 109
2 115
2 116
2 118
2 125
2 126
2 129
2 131
2 133
2 134
2 135
2 138
2 141
2 145
2 146
2 147
2 160
3 4
3 6
3 12
3 16
3 26
3 30
3 31
3 35
3 37
3 43
3 52
3 56
3 61
3 63
3 68
3 69
3 70
3 74
3 77
3 79
3 86
3 88
3 89
3 93
3 97
3 101
3 106
3 108
3 121
3 129
3 130
3 138
3 139
3 142
3 146
3 149
3 150
3 151
3 152
3 153
3 158
4 7
4 9
4 11
4 13
4 14
4 19
4 21
4 22
4 24
4 26
4 28
4 29
4 30
4 31
4 32
4 34
4 35
4 37
4 38
4 40
4 41
4 43
4 44
4 45
4 47
4 48
4 51
4 53
4 54
4 56
4 58
4 61
4 63
4 64
4 65
4 66
4 68
4 72
4 73
4 74
4 79
4 80
4 82
4 84
4 87
4 88
4 90
4 91
4 96
4 97
4 99
4 102
4 104
4 106
4 108
4 110
4 111
4 114
4 115
4 117
4 118
4 120
4 128
4 130
4 131
4 133
4 134
4 135
4 137
4 142
4 143
4 144
4 145
4 146
4 147
4 148
4 150
4 151
4 152
4 154
4 157
5 7
5 10
5 11
5 18
5 19
5 24
5 31
5 37
5 40
5 44
5 49
5 51
5 52
5 64
5 73
5 85
5 94
5 99
5 101
5 106
5 108
5 122
5 142
5 143
5 149
5 151
6 7
6 8
6 10
6 11
6 13
6 14
6 16
6 20
6 21
6 22
6 24
6 27
6 28
6 30
6 31
6 32
6 33
6 34
6 35
6 36
6 40
6 42
6 45
6 46
6 48
6 49
6 51
6 53
6 54
6 55
6 56
6 57
6 58
6 59
6 62
6 63
6 65
6 66
6 67
6 69
6 70
6 74
6 75
6 77
6 85
6 89
6 94
6 95
6 98
6 100
6 101
6 102
6 105
6 106
6 107
6 108
6 109
6 114
6 115
6 116
6 117
6 118
6 121
6 124
6 129
6 134
6 135
6 136
6 137
6 141
6 143
6 145
6 146
6 150
6 153
6 154
6 159
7 8
7 9
7 11
7 14
7 15
7 16
7 20
7 22
7 25
7 26
7 30
7 31
7 32
7 37
7 38
7 40
7 43
7 44
7 45
7 46
7 48
7 50
7 52
7 53
7 54
7 55
7 61
7 63
7 64
7 66
7 67
7 69
7 71
7 72
7 75
7 76
7 80
7 81
7 84
7 85
7 87
7 91
7 92
7 93
7 94
7 95
7 97
7 98
7 99
7 101
7 102
7 103
7 104
7 107
7 108
7 109
7 111
7 113
7 114
7 115
7 117
7 118
7 120
7 121
7 122
7 123
7 126
7 128
7 131
7 132
7 133
7 135
7 137
7 138
7 141
7 142
7 143
7 144
7 145
7 146
7 147
7 149
7 152
7 154
7 157
7 158
7 159
7 161
8 9
8 11
8 14
8 15
8 17
8 19
8 26
8 27
8 32
8 54
8 56
8 61
8 64
8 67
8 89
8 101
8 103
8 104
8 106
8 108
8 110
8 111
8 112
8 114
8 115
8 121
8 125
8 129
8 130
8 133
8 137
8 141
8 143
8 145
8 151
8 153
8 154
9 13
9 19
9 22
9 24
9 25
9 26
9 29
9 30
9 32
9 36
9 40
9 42
9 44
9 45
9 48
9 50
9 51
9 53
9 56
9 61
9 68
9 70
9 73
9 74
9 77
9 78
9 82
9 84
9 88
9 94
9 96
9 99
9 100
9 101
9 102
9 106
9 108
9 112
9 115
9 117
9 125
9 127
9 133
9 134
9 135
9 138
9 139
9 140
9 141
9 147
9 152
9 155
9 157
9 158
9 159
10 13
10 19
10 22
10 23
10 24
10 25
10 31
10 32
10 35
10 36
10 37
10 38
10 40
10 43
10 45
10 49
10 52
10 54
10 63
10 64
10 65
10 66
10 67
10 69
10 72
10 73
10 74
10 77
10 80
10 83
10 84
10 85
10 91
10 92
10 93
10 97
10 101
10 102
10 106
10 107
10 124
10 125
10 129
10 131
10 137
10 142
10 146
10 147
10 152
10 154
10 157
10 161
11 12
11 14
11 15
11 17
11 19
11 24
11 25
11 26
11 28
11 31
11 34
11 35
11 36
11 38
11 40
11 45
11 46
11 48
11 50
11 51
11 52
11 57
11 58
11 61
11 63
11 64
11 66
11 67
11 68
11 70
11 72
11 73
11 74
11 75
11 76
11 79
11 86
11 87
11 89
11 93
11 97
11 106
11 108
11 109
11 116
11 118
11 130
11 133
11 138
11 139
11 142
11 145
11 146
11 148
11 150
11 152
11 153
11 154
11 155
11 156
11 158
11 161
12 15
12 22
12 24
12 26
12 30
12 34
12 40
12 42
12 44
12 48
12 49
12 50
12 51
12 55
12 56
12 58
12 62
12 64
12 68
12 70
12 72
12 74
12 75
12 79
12 83
12 89
12 90
12 92
12 96
12 97
12 98
12 101
12 102
12 105
12 108
12 111
12 113
12 114
12 115
12 117
12 118
12 123
12 129
12 134
12 149
12 152
12 153
12 154
12 159
13 15
13 19
13 21
13 28
13 29
13 32
13 35
13 44
13 47
13 50
13 55
13 56
13 60
13 68
13 69
13 80
13 82
13 83
13 91
13 94
13 99
13 101
13 102
13 106
13 114
13 117
13 119
13 136
13 138
13 139
13 140
13 143
13 151
13 152
13 154
13 161
14 16
14 18
14 19
14 20
14 21
14 24
14 26
14 28
14 29
14 32
14 33
14 34
14 35
14 37
14 39
14 40
14 44
14 46
14 47
14 50
14 51
14 53
14 54
14 56
14 58
14 61
14 63
14 65
14 67
14 68
14 70
14 71
14 72
14 74
14 75
14 79
14 80
14 81
14 82
14 83
14 84
14 85
14 87
14 88
14 90
14 92
14 93
14 94
14 95
14 97
14 98
14 101
14 102
14 104
14 105
14 106
14 109
14 111
14 112
14 113
14 114
14 115
14 116
14 117
14 118
14 120
14 126
14 127
14 129
14 130
14 131
14 133
14 134
14 136
14 137
14 139
14 145
14 147
14 149
14 150
14 152
14 153
14 154
14 155
14 157
14 158
14 159
14 161
15 21
15 25
15 33
15 35
15 36
15 38
15 40
15 41
15 45
15 49
15 53
15 57
15 63
15 68
15 69
15 74
15 79
15 82
15 83
15 87
15 94
15 99
15 104
15 110
15 112
15 115
15 116
15 122
15 123
15 124
15 125
15 126
15 127
15 128
15 131
15 136
15 138
15 141
15 149
15 150
15 152
15 154
15 155
15 161
16 24
16 32
16 45
16 49
16 51
16 63
16 65
16 66
16 70
16 72
16 79
16 89
16 91
16 102
16 104
16 108
16 115
16 125
16 129
16 130
16 137
16 138
16 141
16 146
16 149
16 150
16 152
16 153
16 154
17 25
17 30
17 35
17 43
17 49
17 68
17 69
17 70
17 72
17 73
17 76
17 79
17 85
17 99
17 102
17 105
17 106
17 108
17 127
17 133
17 137
17 138
17 140
17 142
17 145
17 147
17 151
17 152
17 154
18 20
18 21
18 27
18 31
18 32
18 36
18 45
18 46
18 51
18 53
18 58
18 65
18 66
18 67
18 71
18 72
18 73
18 75
18 76
18 77
18 79
18 81
18 83
18 87
18 89
18 93
18 100
18 102
18 105
18 107
18 112
18 113
18 117
18 134
18 138
18 139
18 140
18 142
18 143
18 152
18 154
18 157
18 160
19 20
19 23
19 24
19 26
19 27
19 28
19 29
19 31
19 34
19 35
19 36
19 38
19 39
19 41
19 42
19 43
19 44
19 45
19 46
19 47
19 50
19 51
19 54
19 56
19 57
19 61
19 62
19 63
19 66
19 67
19 68
19 69
19 70
19 71
19 72
19 73
19 74
19 77
19 79
19 82
19 83
19 84
19 85
19 86
19 88
19 89
19 90
19 92
19 93
19 94
19 95
19 98
19 101
19 102
19 106
19 108
19 109
19 110
19 112
19 113
19 114
19 115
19 118
19 122
19 123
19 125
19 126
19 128
19 129
19 130
19 131
19 134
19 135
19 137
19 138
19 139
19 141
19 142
19 143
19 145
19 146
19 147
19 148
19 149
19 150
19 152
19 155
19 157
20 21
20 40
20 50
20 51
20 55
20 74
20 77
20 79
20 87
20 93
20 100
20 106
20 107
20 108
20 114
20 138
20 142
20 146
20 151
20 161
21 22
21 30
21 34
21 37
21 42
21 43
21 44
21 45
21 46
21 48
21 49
21 53
21 55
21 56
21 58
21 61
21 63
21 65
21 66
21 67
21 68
21 69
21 70
21 71
21 77
21 79
21 80
21 83
21 87
21 89
21 90
21 94
21 97
21 100
21 101
21 102
21 104
21 105
21 108
21 109
21 110
21 112
21 113
21 114
21 115
21 116
21 118
21 120
21 121
21 124
21 125
21 128
21 129
21 130
21 131
21 132
21 133
21 134
21 135
21 136
21 138
21 139
21 140
21 142
21 147
21 151
21 152
21 156
21 157
21 158
21 160
21 161
22 26
22 28
22 35
22 36
22 37
22 40
22 41
22 44
22 48
22 55
22 63
22 79
22 91
22 94
22 95
22 102
22 105
22 106
22 108
22 112
22 113
22 114
22 117
22 118
22 123
22 125
22 131
22 133
22 137
22 139
22 145
22 150
22 151
22 152
22 157
22 159
23 24
23 31
23 35
23 40
23 45
23 49
23 51
23 56
23 57
23 61
23 68
23 73
23 74
23 81
23 83
23 84
23 85
23 89
23 90
23 94
23 100
23 106
23 107
23 108
23 109
23 111
23 112
23 117
23 118
23 127
23 128
23 129
23 133
23 135
23 136
23 140
23 143
23 145
23 146
23 151
23 152
23 154
24 25
24 26
24 34
24 40
24 45
24 48
24 49
24 51
24 55
24 59
24 61
24 63
24 64
24 66
24 74
24 76
24 84
24 88
24 89
24 97
24 102
24 103
24 109
24 112
24 115
24 117
24 118
24 125
24 128
24 132
24 135
24 136
24 137
24 139
24 141
24 143
24 144
24 145
24 149
24 150
24 154
24 157
24 158
24 159
25 27
25 31
25 34
25 35
25 38
25 40
25 42
25 43
25 44
25 45
25 46
25 48
25 51
25 53
25 54
25 56
25 58
25 61
25 64
25 67
25 70
25 72
25 73
25 76
25 85
25 89
25 91
25 98
25 101
25 104
25 106
25 107
25 108
25 111
25 115
25 117
25 118
25 119
25 124
25 130
25 133
25 138
25 139
25 142
25 149
25 154
25 155
25 157
25 158
25 161
26 29
26 30
26 32
26 34
26 35
26 36
26 40
26 47
26 48
26 49
26 50
26 51
26 52
26 53
26 54
26 56
26 58
26 59
26 61
26 62
26 63
26 64
26 68
26 69
26 71
26 74
26 75
26 77
26 78
26 79
26 81
26 82
26 83
26 89
26 90
26 91
26 93
26 94
26 100
26 102
26 103
26 105
26 106
26 107
26 108
26 110
26 111
26 112
26 114
26 115
26 116
26 117
26 120
26 123
26 125
26 126
26 127
26 129
26 130
26 132
26 133
26 137
26 142
26 143
26 145
26 146
26 147
26 151
26 155
26 157
26 158
26 159
26 161
27 30
27 38
27 40
27 63
27 64
27 69
27 87
27 93
27 97
27 101
27 105
27 108
27 118
27 122
27 129
27 142
27 148
27 151
27 157
28 32
28 38
28 43
28 44
28 46
28 49
28 56
28 58
28 61
28 65
28 68
28 70
28 72
28 76
28 80
28 84
28 94
28 95
28 101
28 104
28 108
28 109
28 114
28 115
28 116
28 121
28 125
28 128
28 131
28 133
28 138
28 147
28 151
28 154
29 30
29 31
29 32
29 38
29 45
29 48
29 49
29 58
29 62
29 64
29 68
29 71
29 73
29 74
29 77
29 79
29 82
29 84
29 85
29 87
29 89
29 91
29 93
29 97
29 101
29 106
29 108
29 111
29 114
29 118
29 121
29 126
29 131
29 133
29 134
29 135
29 143
29 152
29 154
29 156
30 31
30 33
30 34
30 35
30 39
30 42
30 43
30 46
30 48
30 49
30 55
30 58
30 62
30 63
30 68
30 69
30 70
30 71
30 74
30 75
30 80
30 85
30 88
30 89
30 91
30 92
30 94
30 97
30 98
30 99
30 101
30 104
30 106
30 108
30 115
30 117
30 118
30 120
30 127
30 130
30 134
30 135
30 136
30 138
30 139
30 142
30 146
30 147
30 149
30 150
30 151
30 152
30 153
30 154
30 155
30 158
30 160
30 161
31 33
31 35
31 37
31 43
31 44
31 49
31 50
31 54
31 56
31 57
31 58
31 63
31 65
31 66
31 67
31 68
31 71
31 72
31 73
31 74
31 75
31 77
31 82
31 83
31 85
31 91
31 92
31 97
31 98
31 101
31 102
31 103
31 105
31 106
31 108
31 111
31 113
31 115
31 116
31 117
31 118
31 125
31 129
31 131
31 133
31 134
31 136
31 137
31 138
31 139
31 140
31 142
31 147
31 150
31 151
31 153
31 154
31 156
31 157
31 159
31 161
32 34
32 35
32 37
32 38
32 42
32 44
32 46
32 49
32 51
32 54
32 56
32 57
32 61
32 63
32 66
32 67
32 68
32 70
32 71
32 72
32 73
32 75
32 76
32 80
32 86
32 87
32 89
32 90
32 91
32 92
32 93
32 97
32 99
32 100
32 101
32 104
32 108
32 109
32 110
32 111
32 112
32 113
32 114
32 115
32 118
32 121
32 126
32 129
32 130
32 131
32 138
32 139
32 141
32 142
32 143
32 145
32 146
32 147
32 149
32 150
32 151
32 152
32 153
32 158
32 160
32 161
33 34
33 38
33 40
33 51
33 64
33 79
33 83
33 84
33 86
33 92
33 97
33 102
33 105
33 109
33 115
33 117
33 127
33 142
33 153
34 35
34 36
34 41
34 43
34 52
34 53
34 54
34 58
34 59
34 64
34 65
34 72
34 73
34 75
34 76
34 79
34 80
34 88
34 94
34 96
34 108
34 112
34 115
34 125
34 128
34 129
34 130
34 131
34 137
34 138
34 143
34 147
34 149
34 154
34 158
34 160
35 38
35 43
35 44
35 45
35 46
35 54
35 55
35 56
35 59
35 61
35 63
35 64
35 66
35 67
35 68
35 70
35 72
35 73
35 74
35 75
35 76
35 79
35 82
35 93
35 94
35 98
35 100
35 101
35 105
35 110
35 115
35 117
35 118
35 124
35 125
35 129
35 131
35 133
35 136
35 137
35 139
35 143
35 145
35 148
35 152
35 154
35 158
35 159
35 161
36 37
36 38
36 39
36 40
36 55
36 56
36 60
36 63
36 64
36 65
36 68
36 69
36 74
36 75
36 79
36 86
36 89
36 94
36 97
36 98
36 101
36 102
36 105
36 106
36 109
36 110
36 111
36 112
36 114
36 115
36 116
36 118
36 122
36 125
36 131
36 133
36 134
36 137
36 150
36 151
36 154
36 157
36 159
36 160
36 161
37 40
37 44
37 45
37 48
37 49
37 51
37 54
37 58
37 61
37 62
37 63
37 67
37 68
37 69
37 70
37 73
37 86
37 87
37 89
37 101
37 106
37 113
37 114
37 116
37 129
37 133
37 138
37 139
37 142
37 145
37 146
37 149
37 150
37 154
37 159
38 40
38 46
38 49
38 50
38 51
38 54
38 55
38 59
38 61
38 63
38 64
38 65
38 68
38 70
38 73
38 74
38 75
38 77
38 79
38 82
38 84
38 85
38 86
38 89
38 99
38 101
38 105
38 106
38 109
38 110
38 111
38 112
38 115
38 116
38 117
38 120
38 124
38 125
38 126
38 128
38 131
38 132
38 133
38 135
38 136
38 137
38 138
38 142
38 143
38 147
38 152
38 154
38 157
38 158
38 159
39 40
39 48
39 50
39 51
39 54
39 55
39 57
39 63
39 64
39 68
39 69
39 71
39 72
39 73
39 74
39 75
39 79
39 86
39 93
39 94
39 98
39 105
39 106
39 108
39 110
39 111
39 115
39 117
39 125
39 127
39 131
39 132
39 135
39 137
39 142
39 143
39 148
39 151
39 154
39 156
39 157
39 161
40 43
40 44
40 45
40 47
40 49
40 51
40 52
40 54
40 56
40 64
40 65
40 66
40 67
40 68
40 70
40 73
40 74
40 77
40 79
40 82
40 87
40 92
40 93
40 94
40 96
40 97
40 101
40 104
40 105
40 106
40 107
40 108
40 112
40 113
40 114
40 115
40 116
40 118
40 119
40 120
40 121
40 123
40 125
40 126
40 127
40 129
40 130
40 133
40 134
40 136
40 137
40 138
40 139
40 141
40 142
40 143
40 144
40 145
40 146
40 149
40 150
40 151
40 152
40 154
40 158
40 159
41 43
41 48
41 54
41 58
41 59
41 79
41 87
41 94
41 97
41 101
41 108
41 115
41 124
41 127
41 128
41 133
41 142
41 152
41 154
41 155
42 44
42 45
42 51
42 54
42 55
42 61
42 63
42 64
42 67
42 68
42 72
42 74
42 79
42 80
42 89
42 91
42 95
42 96
42 97
42 99
42 101
42 103
42 105
42 111
42 112
42 113
42 125
42 129
42 131
42 134
42 135
42 136
42 141
42 142
42 147
42 154
42 161
43 44
43 45
43 46
43 48
43 51
43 55
43 57
43 58
43 60
43 64
43 65
43 68
43 70
43 71
43 73
43 75
43 76
43 77
43 81
43 82
43 84
43 91
43 92
43 93
43 102
43 105
43 108
43 110
43 113
43 114
43 115
43 117
43 118
43 121
43 125
43 126
43 128
43 130
43 131
43 133
43 134
43 136
43 139
43 142
43 147
43 149
43 150
43 152
43 153
43 155
43 157
43 158
43 160
44 54
44 56
44 57
44 58
44 63
44 64
44 67
44 68
44 69
44 72
44 73
44 74
44 75
44 76
44 79
44 84
44 92
44 93
44 99
44 100
44 102
44 103
44 104
44 106
44 107
44 111
44 112
44 115
44 117
44 118
44 119
44 120
44 121
44 125
44 129
44 131
44 133
44 134
44 137
44 138
44 139
44 141
44 142
44 146
44 147
44 149
44 152
44 157
44 161
45 49
45 51
45 52
45 55
45 57
45 58
45 59
45 65
45 67
45 69
45 70
45 71
45 73
45 74
45 75
45 82
45 83
45 84
45 85
45 88
45 89
45 99
45 101
45 108
45 114
45 119
45 120
45 124
45 125
45 137
45 138
45 139
45 142
45 145
45 146
45 149
45 150
45 151
45 153
45 154
45 160
46 50
46 51
46 53
46 59
46 63
46 64
46 67
46 68
46 69
46 79
46 84
46 85
46 87
46 92
46 96
46 99
46 101
46 106
46 114
46 121
46 122
46 125
46 128
46 129
46 131
46 134
46 145
46 151
46 152
46 154
46 156
46 158
46 161
47 74
47 101
47 106
47 117
47 125
47 138
47 139
47 143
47 160
48 49
48 54
48 56
48 59
48 67
48 70
48 72
48 85
48 89
48 97
48 100
48 101
48 106
48 108
48 113
48 117
48 118
48 123
48 127
48 128
48 140
48 142
48 146
48 148
48 152
48 153
48 157
49 50
49 52
49 53
49 54
49 56
49 61
49 63
49 65
49 66
49 67
49 68
49 69
49 70
49 71
49 72
49 73
49 74
49 76
49 77
49 78
49 79
49 80
49 84
49 85
49 88
49 91
49 92
49 97
49 101
49 106
49 108
49 109
49 114
49 115
49 117
49 125
49 129
49 131
49 133
49 134
49 135
49 137
49 138
49 142
49 143
49 145
49 146
49 148
49 151
49 152
49 154
49 155
49 159
49 160
50 51
50 53
50 56
50 57
50 58
50 64
50 67
50 69
50 70
50 71
50 73
50 77
50 91
50 97
50 98
50 106
50 108
50 112
50 113
50 117
50 118
50 120
50 124
50 125
50 128
50 134
50 135
50 137
50 138
50 139
50 141
50 145
50 146
50 150
50 151
50 152
50 157
51 56
51 57
51 59
51 61
51 62
51 63
51 64
51 66
51 67
51 70
51 71
51 72
51 73
51 74
51 76
51 80
51 84
51 85
51 89
51 92
51 93
51 94
51 97
51 99
51 100
51 101
51 102
51 103
51 105
51 106
51 112
51 113
51 114
51 115
51 117
51 125
51 126
51 128
51 129
51 130
51 131
51 134
51 135
51 142
51 143
51 145
51 147
51 149
51 150
51 151
51 152
51 153
51 155
51 157
51 160
52 53
52 54
52 58
52 65
52 67
52 68
52 69
52 71
52 74
52 77
52 81
52 86
52 88
52 89
52 92
52 94
52 96
52 101
52 102
52 103
52 106
52 108
52 113
52 116
52 128
52 129
52 130
52 134
52 142
52 143
52 146
52 147
52 150
52 157
52 161
53 56
53 58
53 62
53 65
53 69
53 71
53 74
53 75
53 76
53 79
53 84
53 86
53 88
53 89
53 90
53 99
53 100
53 101
53 106
53 111
53 114
53 115
53 116
53 118
53 119
53 125
53 126
53 129
53 130
53 131
53 132
53 139
53 142
53 146
53 150
54 59
54 61
54 63
54 64
54 65
54 67
54 68
54 70
54 71
54 72
54 75
54 76
54 77
54 79
54 85
54 92
54 94
54 96
54 97
54 98
54 101
54 102
54 104
54 105
54 106
54 109
54 110
54 113
54 115
54 116
54 117
54 118
54 123
54 124
54 125
54 126
54 127
54 128
54 131
54 133
54 134
54 135
54 137
54 138
54 140
54 141
54 146
54 147
54 148
54 149
54 150
54 154
54 156
54 159
55 56
55 58
55 63
55 64
55 67
55 70
55 71
55 72
55 74
55 76
55 79
55 80
55 83
55 85
55 87
55 89
55 92
55 93
55 94
55 100
55 102
55 103
55 105
55 107
55 108
55 109
55 112
55 113
55 114
55 115
55 118
55 123
55 125
55 129
55 133
55 134
55 135
55 136
55 137
55 140
55 143
55 147
55 149
55 151
55 153
55 159
55 160
56 57
56 58
56 59
56 61
56 63
56 66
56 67
56 68
56 69
56 70
56 71
56 72
56 78
56 80
56 82
56 83
56 88
56 89
56 90
56 91
56 94
56 97
56 99
56 101
56 105
56 106
56 107
56 109
56 111
56 112
56 114
56 116
56 117
56 118
56 120
56 122
56 124
56 126
56 128
56 129
56 130
56 131
56 133
56 137
56 138
56 139
56 140
56 142
56 143
56 146
56 147
56 152
56 153
56 154
56 159
56 161
57 59
57 69
57 70
57 75
57 85
57 87
57 89
57 91
57 92
57 94
57 99
57 102
57 104
57 109
57 110
57 111
57 112
57 114
57 118
57 119
57 136
57 137
57 141
58 61
58 68
58 69
58 70
58 71
58 76
58 79
58 85
58 86
58 87
58 88
58 89
58 92
58 93
58 94
58 98
58 99
58 100
58 108
58 109
58 111
58 113
58 115
58 117
58 119
58 124
58 125
58 127
58 128
58 129
58 131
58 135
58 137
58 138
58 143
58 145
58 147
58 148
58 151
58 152
58 153
58 154
58 157
58 158
58 161
59 61
59 67
59 72
59 75
59 79
59 85
59 87
59 88
59 101
59 102
59 105
59 116
59 129
59 133
59 134
59 138
59 139
59 147
59 154
59 156
59 157
59 158
59 160
60 67
60 68
60 71
60 72
60 73
60 74
60 75
60 93
60 105
60 106
60 108
60 118
60 125
60 129
60 130
60 138
60 142
61 64
61 65
61 67
61 68
61 71
61 75
61 79
61 80
61 89
61 93
61 94
61 95
61 105
61 111
61 117
61 124
61 127
61 131
61 134
61 136
61 137
61 139
61 147
61 156
61 157
61 158
61 159
61 161
62 64
62 65
62 66
62 68
62 69
62 70
62 74
62 75
62 82
62 86
62 92
62 94
62 97
62 98
62 100
62 104
62 105
62 107
62 112
62 114
62 116
62 133
62 138
62 143
62 145
62 147
62 154
62 156
63 65
63 67
63 68
63 71
63 72
63 74
63 75
63 77
63 81
63 84
63 89
63 90
63 98
63 101
63 106
63 113
63 115
63 117
63 120
63 124
63 131
63 134
63 135
63 137
63 138
63 139
63 141
63 143
63 145
63 149
63 150
63 151
63 152
63 158
63 160
64 65
64 66
64 67
64 68
64 69
64 70
64 71
64 73
64 76
64 77
64 78
64 79
64 80
64 83
64 84
64 85
64 87
64 88
64 89
64 90
64 91
64 94
64 96
64 99
64 101
64 102
64 103
64 106
64 109
64 111
64 112
64 116
64 117
64 118
64 119
64 125
64 129
64 130
64 131
64 132
64 133
64 136
64 139
64 140
64 142
64 146
64 147
64 149
64 150
64 153
64 155
64 157
64 158
64 160
64 161
65 67
65 68
65 70
65 71
65 72
65 73
65 76
65 77
65 89
65 92
65 97
65 99
65 100
65 101
65 102
65 103
65 104
65 108
65 109
65 111
65 113
65 114
65 115
65 117
65 118
65 126
65 127
65 129
65 130
65 131
65 133
65 134
65 136
65 137
65 138
65 142
65 143
65 147
65 148
65 153
65 154
65 155
65 157
65 161
66 68
66 71
66 72
66 74
66 76
66 78
66 82
66 85
66 86
66 87
66 89
66 90
66 94
66 95
66 99
66 100
66 101
66 103
66 105
66 106
66 108
66 109
66 110
66 112
66 114
66 125
66 127
66 130
66 131
66 133
66 134
66 135
66 137
66 138
66 141
66 142
66 143
66 146
66 148
66 149
66 158
66 160
67 69
67 72
67 75
67 76
67 79
67 84
67 86
67 87
67 88
67 89
67 90
67 92
67 93
67 94
67 95
67 97
67 99
67 102
67 103
67 104
67 105
67 106
67 108
67 109
67 112
67 118
67 122
67 126
67 133
67 134
67 135
67 137
67 138
67 139
67 145
67 146
67 147
67 148
67 152
67 153
67 154
67 155
67 158
67 159
68 69
68 70
68 72
68 73
68 74
68 75
68 76
68 77
68 79
68 80
68 82
68 89
68 92
68 94
68 95
68 96
68 99
68 102
68 105
68 106
68 107
68 108
68 109
68 112
68 113
68 114
68 115
68 119
68 122
68 125
68 127
68 129
68 131
68 133
68 134
68 135
68 139
68 140
68 146
68 150
68 152
68 153
68 154
68 155
68 158
68 159
68 160
69 70
69 72
69 74
69 78
69 79
69 80
69 83
69 84
69 88
69 89
69 91
69 94
69 95
69 96
69 97
69 99
69 102
69 104
69 106
69 111
69 112
69 113
69 114
69 115
69 116
69 117
69 119
69 122
69 123
69 125
69 129
69 131
69 135
69 136
69 137
69 138
69 141
69 142
69 143
69 146
69 149
69 150
69 152
69 154
69 155
69 158
69 159
69 161
70 73
70 75
70 77
70 79
70 80
70 83
70 85
70 86
70 87
70 89
70 92
70 94
70 96
70 97
70 100
70 105
70 106
70 107
70 109
70 111
70 113
70 114
70 115
70 116
70 118
70 123
70 124
70 125
70 126
70 128
70 129
70 130
70 133
70 137
70 138
70 139
70 141
70 142
70 143
70 144
70 145
70 147
70 148
70 149
70 150
70 151
70 152
70 154
70 157
70 158
70 159
71 72
71 73
71 74
71 75
71 77
71 81
71 83
71 84
71 87
71 88
71 89
71 97
71 99
71 102
71 104
71 106
71 107
71 108
71 109
71 114
71 115
71 117
71 118
71 122
71 125
71 126
71 131
71 133
71 137
71 138
71 139
71 148
71 150
71 152
71 153
71 154
71 158
71 159
71 160
72 73
72 74
72 75
72 77
72 79
72 80
72 83
72 87
72 92
72 93
72 94
72 96
72 97
72 99
72 100
72 101
72 103
72 105
72 114
72 115
72 118
72 124
72 125
72 127
72 128
72 130
72 131
72 133
72 134
72 138
72 139
72 143
72 145
72 146
72 148
72 150
72 151
72 152
72 153
72 154
72 155
72 157
72 159
72 161
73 74
73 83
73 84
73 85
73 87
73 91
73 95
73 99
73 101
73 102
73 103
73 108
73 109
73 110
73 112
73 113
73 114
73 115
73 118
73 120
73 121
73 122
73 129
73 131
73 132
73 133
73 134
73 135
73 137
73 138
73 141
73 143
73 147
73 149
73 151
73 153
73 154
73 155
73 157
73 161
74 75
74 79
74 84
74 85
74 87
74 88
74 93
74 94
74 97
74 98
74 102
74 104
74 105
74 106
74 108
74 109
74 110
74 111
74 112
74 114
74 115
74 116
74 117
74 118
74 119
74 120
74 124
74 126
74 128
74 129
74 130
74 131
74 132
74 133
74 137
74 138
74 141
74 143
74 148
74 151
74 152
74 153
74 154
74 155
74 157
74 160
74 161
75 76
75 79
75 80
75 85
75 90
75 92
75 93
75 99
75 101
75 102
75 103
75 105
75 109
75 111
75 112
75 114
75 116
75 117
75 119
75 123
75 125
75 126
75 129
75 131
75 135
75 137
75 138
75 142
75 146
75 149
75 150
75 151
75 153
75 158
76 77
76 79
76 94
76 97
76 99
76 106
76 108
76 109
76 111
76 113
76 115
76 120
76 121
76 123
76 124
76 125
76 126
76 129
76 137
76 138
76 146
76 147
76 150
76 151
76 154
76 155
76 157
76 158
77 81
77 86
77 87
77 88
77 89
77 93
77 97
77 98
77 99
77 101
77 104
77 108
77 115
77 116
77 117
77 121
77 125
77 126
77 127
77 128
77 131
77 135
77 137
77 139
77 142
77 145
77 147
77 149
77 152
77 153
77 154
77 158
78 108
78 110
78 126
78 147
78 157
79 80
79 81
79 82
79 85
79 86
79 87
79 88
79 90
79 91
79 94
79 96
79 97
79 98
79 101
79 102
79 103
79 104
79 105
79 107
79 108
79 110
79 113
79 115
79 116
79 117
79 118
79 129
79 130
79 131
79 132
79 133
79 134
79 135
79 136
79 141
79 142
79 144
79 146
79 147
79 148
79 150
79 154
79 155
79 156
79 157
79 160
79 161
80 83
80 90
80 93
80 94
80 105
80 108
80 109
80 111
80 114
80 117
80 118
80 126
80 130
80 131
80 133
80 145
80 155
80 157
80 159
81 84
81 87
81 93
81 94
81 106
81 118
81 119
81 120
81 137
81 139
81 157
82 83
82 91
82 94
82 97
82 100
82 108
82 109
82 112
82 113
82 114
82 129
82 137
82 138
82 139
82 142
82 149
82 152
82 157
83 84
83 96
83 99
83 103
83 104
83 111
83 118
83 133
83 134
83 137
83 142
83 158
83 159
84 86
84 87
84 88
84 89
84 93
84 97
84 98
84 99
84 101
84 102
84 103
84 104
84 110
84 115
84 118
84 122
84 125
84 129
84 134
84 137
84 139
84 142
84 144
84 146
84 147
84 148
84 151
84 152
84 158
84 161
85 86
85 89
85 93
85 99
85 100
85 106
85 116
85 118
85 119
85 122
85 134
85 136
85 138
85 139
85 140
85 142
85 149
85 150
85 155
85 156
85 159
86 88
86 89
86 94
86 95
86 102
86 105
86 106
86 116
86 117
86 123
86 129
86 130
86 131
86 136
86 137
86 138
86 139
86 147
86 150
86 151
86 152
86 154
86 159
86 160
86 161
87 88
87 90
87 91
87 93
87 95
87 96
87 99
87 100
87 102
87 103
87 106
87 109
87 118
87 126
87 129
87 133
87 134
87 138
87 141
87 142
87 145
87 146
87 147
87 152
87 154
87 156
87 159
88 89
88 94
88 100
88 102
88 105
88 111
88 115
88 125
88 127
88 128
88 129
88 131
88 135
88 138
88 147
88 149
88 153
88 154
88 155
88 158
89 93
89 95
89 97
89 98
89 100
89 101
89 103
89 104
89 105
89 106
89 107
89 108
89 109
89 112
89 113
89 114
89 117
89 118
89 119
89 123
89 124
89 129
89 134
89 135
89 137
89 138
89 139
89 142
89 143
89 146
89 149
89 154
89 155
89 157
89 158
89 159
89 160
90 102
90 104
90 106
90 109
90 115
90 129
90 131
90 133
90 137
90 139
90 141
90 147
90 151
90 153
91 93
91 96
91 98
91 106
91 107
91 110
91 112
91 114
91 115
91 116
91 128
91 133
91 134
91 139
91 141
91 142
91 147
91 148
91 149
91 150
91 151
91 152
91 161
92 93
92 94
92 96
92 99
92 102
92 106
92 107
92 108
92 113
92 114
92 118
92 125
92 128
92 130
92 131
92 135
92 136
92 137
92 138
92 139
92 141
92 142
92 145
92 152
92 158
93 97
93 99
93 103
93 104
93 108
93 109
93 114
93 116
93 130
93 131
93 133
93 134
93 137
93 138
93 139
93 140
93 141
93 145
93 148
93 152
93 153
93 154
93 157
93 158
93 159
94 97
94 98
94 101
94 102
94 104
94 105
94 106
94 113
94 115
94 116
94 117
94 118
94 122
94 127
94 129
94 131
94 132
94 133
94 134
94 135
94 138
94 139
94 140
94 142
94 146
94 147
94 150
94 151
94 152
94 153
94 154
94 155
94 158
94 161
95 97
95 101
95 102
95 105
95 106
95 108
95 112
95 122
95 131
95 132
95 134
95 141
95 154
95 158
95 161
96 98
96 109
96 122
96 149
96 152
96 156
96 157
97 98
97 101
97 102
97 107
97 111
97 113
97 114
97 116
97 122
97 128
97 129
97 131
97 134
97 135
97 136
97 137
97 138
97 142
97 146
97 148
97 152
97 158
97 159
97 161
98 99
98 102
98 103
98 106
98 109
98 113
98 117
98 118
98 124
98 127
98 128
98 131
98 133
98 139
98 147
98 151
98 152
98 154
99 100
99 105
99 107
99 109
99 110
99 115
99 116
99 119
99 122
99 129
99 133
99 134
99 137
99 138
99 139
99 140
99 141
99 157
100 103
100 105
100 107
100 108
100 111
100 112
100 114
100 118
100 128
100 131
100 134
100 137
100 138
100 139
100 142
100 147
100 152
100 153
100 159
101 102
101 103
101 105
101 106
101 107
101 108
101 110
101 111
101 113
101 115
101 116
101 119
101 120
101 122
101 125
101 126
101 128
101 129
101 131
101 137
101 138
101 141
101 142
101 143
101 145
101 146
101 147
101 149
101 150
101 152
101 154
101 156
101 157
101 158
101 161
102 104
102 105
102 108
102 111
102 112
102 113
102 114
102 115
102 116
102 117
102 120
102 121
102 123
102 124
102 125
102 126
102 129
102 130
102 131
102 132
102 133
102 135
102 138
102 139
102 142
102 145
102 146
102 148
102 149
102 151
102 153
102 155
103 113
103 117
103 131
103 133
103 138
103 141
103 142
103 147
103 152
103 154
103 158
104 105
104 109
104 112
104 113
104 118
104 132
104 133
104 134
104 139
104 142
104 143
104 147
104 149
104 151
104 152
104 157
105 106
105 107
105 108
105 109
105 111
105 112
105 113
105 114
105 115
105 117
105 118
105 120
105 128
105 129
105 131
105 135
105 138
105 142
105 147
105 148
105 151
105 152
105 157
105 158
105 159
106 107
106 108
106 109
106 110
106 112
106 115
106 117
106 122
106 125
106 126
106 129
106 131
106 132
106 133
106 134
106 135
106 136
106 137
106 138
106 139
106 140
106 141
106 146
106 148
106 150
106 151
106 152
106 153
106 154
107 109
107 113
107 115
107 116
107 117
107 118
107 122
107 128
107 133
107 134
107 135
107 138
107 139
107 141
107 142
107 145
107 152
107 154
107 155
107 157
107 160
108 109
108 114
108 115
108 117
108 118
108 120
108 126
108 127
108 129
108 131
108 132
108 133
108 134
108 135
108 136
108 137
108 138
108 140
108 141
108 142
108 145
108 150
108 151
108 153
108 157
108 158
108 159
109 110
109 111
109 115
109 116
109 118
109 122
109 125
109 126
109 129
109 131
109 134
109 135
109 136
109 138
109 141
109 142
109 147
109 149
109 151
109 154
109 157
109 158
109 159
110 113
110 121
110 122
110 125
110 129
110 131
110 133
110 135
110 138
110 142
110 149
110 151
110 154
110 158
111 113
111 114
111 116
111 122
111 126
111 131
111 133
111 134
111 135
111 136
111 138
111 142
111 144
111 147
111 148
111 150
111 153
111 156
111 157
111 161
112 114
112 115
112 117
112 118
112 126
112 129
112 131
112 134
112 138
112 139
112 140
112 141
112 146
112 149
112 150
112 151
112 152
112 153
112 154
112 158
112 161
113 114
113 115
113 117
113 118
113 121
113 125
113 126
113 131
113 132
113 134
113 137
113 140
113 141
113 142
113 145
113 147
113 150
113 152
113 153
113 156
113 157
113 158
113 160
113 161
114 115
114 117
114 118
114 122
114 125
114 131
114 132
114 134
114 136
114 137
114 138
114 139
114 141
114 146
114 147
114 148
114 149
114 152
114 153
114 157
114 158
114 159
115 118
115 126
115 130
115 131
115 132
115 133
115 134
115 137
115 138
115 139
115 141
115 142
115 145
115 146
115 147
115 149
115 150
115 151
115 152
115 157
115 158
115 159
115 161
116 117
116 118
116 125
116 131
116 136
116 137
116 142
116 143
116 145
116 146
116 147
116 151
116 152
116 154
116 161
117 118
117 125
117 127
117 131
117 134
117 135
117 137
117 138
117 139
117 141
117 142
117 150
117 151
117 156
117 159
117 161
118 124
118 125
118 128
118 129
118 133
118 135
118 137
118 138
118 141
118 142
118 146
118 147
118 153
118 154
118 156
118 157
118 159
118 160
118 161
119 129
119 130
119 139
119 142
119 147
119 153
119 157
119 159
120 129
120 131
120 133
120 136
120 138
120 142
120 145
120 150
120 152
120 158
120 161
121 129
121 131
121 134
121 135
121 142
121 145
121 147
121 152
121 158
121 160
122 152
123 131
124 128
124 130
124 142
125 129
125 131
125 132
125 133
125 134
125 137
125 138
125 139
125 141
125 143
125 146
125 148
125 149
125 154
126 133
126 142
126 143
126 147
126 148
126 152
126 157
127 129
127 131
127 132
127 133
127 135
127 139
127 142
127 143
127 147
127 150
127 151
127 160
127 161
128 129
128 142
128 143
128 145
128 146
128 151
128 153
128 154
128 160
129 130
129 131
129 133
129 134
129 135
129 137
129 138
129 142
129 145
129 146
129 149
129 150
129 151
129 152
129 154
129 157
129 158
129 159
130 131
130 133
130 135
130 136
130 137
130 139
130 141
130 142
130 144
130 145
130 152
130 154
130 157
131 134
131 137
131 138
131 139
131 140
131 142
131 143
131 144
131 148
131 149
131 151
131 152
131 154
131 157
131 158
131 159
131 160
132 135
132 137
132 145
132 151
132 152
132 160
133 137
133 138
133 140
133 141
133 142
133 143
133 144
133 146
133 147
133 153
133 154
133 155
133 156
133 157
133 158
133 160
134 135
134 136
134 137
134 138
134 139
134 142
134 144
134 146
134 148
134 150
134 151
134 152
134 153
134 154
134 155
134 157
134 158
134 159
134 160
134 161
135 138
135 142
135 143
135 145
135 147
135 152
135 154
135 157
135 158
135 160
135 161
136 138
136 151
136 152
136 154
136 157
136 158
137 138
137 139
137 140
137 141
137 142
137 143
137 147
137 151
137 152
137 154
137 155
137 160
138 139
138 141
138 142
138 143
138 145
138 146
138 147
138 148
138 149
138 150
138 152
138 155
138 157
138 158
138 159
138 161
139 141
139 145
139 146
139 147
139 148
139 150
139 151
139 154
139 156
139 157
139 160
140 142
140 146
140 152
140 157
141 142
141 145
141 146
141 152
141 155
141 157
141 158
141 159
141 161
142 145
142 146
142 150
142 151
142 152
142 153
142 158
142 159
142 160
142 161
143 151
143 158
145 146
145 147
145 151
145 152
145 153
145 154
145 157
145 160
146 147
146 149
146 150
146 151
146 153
146 154
146 156
146 157
146 158
146 160
147 148
147 150
147 151
147 152
147 154
147 157
147 159
147 160
147 161
148 161
149 151
149 154
149 157
149 158
149 161
150 151
150 153
150 156
150 157
150 158
150 159
150 160
151 154
151 155
151 157
151 160
152 153
152 155
152 157
152 159
152 161
153 154
153 158
153 159
154 157
154 158
156 157
158 159
159 160
160 161
