0 4
0 6
0 19
0 25
0 26
0 31
0 34
0 37
0 38
0 40
0 44
0 45
0 51
0 54
0 58
0 61
0 64
0 65
0 69
0 71
0 72
0 75
0 79
0 86
0 88
0 95
0 98
0 101
0 103
0 106
0 110
0 115
0 116
0 117
0 122
0 123
0 126
0 133
0 135
0 137
0 139
0 147
0 151
0 152
0 155
0 158
0 160
1 4
1 6
1 10
1 19
1 24
1 26
1 30
1 32
1 33
1 35
1 36
1 45
1 49
1 51
1 58
1 61
1 64
1 65
1 67
1 68
1 69
1 70
1 71
1 72
1 74
1 82
1 86
1 91
1 93
1 94
1 97
1 98
1 101
1 105
1 106
1 108
1 111
1 115
1 116
1 121
1 128
1 131
1 133
1 138
1 139
1 145
1 149
1 151
1 156
1 157
1 158
1 159
1 161
2 6
2 7
2 11
2 24
2 27
2 37
2 39
2 42
2 45
2 51
2 56
2 57
2 58
2 60
2 61
2 65
2 68
2 73
2 74
2 82
2 97
2 113
2 115
2 117
2 118
2 136
2 142
2 151
2 154
2 160
3 4
3 6
3 8
3 9
3 11
3 12
3 18
3 23
3 25
3 26
3 32
3 34
3 35
3 38
3 45
3 46
3 48
3 51
3 53
3 54
3 59
3 65
3 68
3 69
3 74
3 88
3 91
3 94
3 97
3 102
3 110
3 116
3 118
3 125
3 127
3 129
3 133
3 136
3 137
3 142
3 150
3 152
3 153
3 154
3 157
4 7
4 8
4 9
4 11
4 12
4 14
4 19
4 21
4 24
4 25
4 26
4 28
4 29
4 30
4 31
4 32
4 35
4 37
4 40
4 41
4 43
4 45
4 46
4 48
4 51
4 52
4 53
4 54
4 55
4 56
4 57
4 58
4 60
4 63
4 64
4 65
4 66
4 67
4 68
4 69
4 70
4 71
4 72
4 73
4 74
4 75
4 76
4 78
4 79
4 83
4 87
4 96
4 97
4 98
4 100
4 103
4 105
4 107
4 108
4 109
4 111
4 112
4 113
4 114
4 115
4 116
4 124
4 126
4 127
4 129
4 130
4 131
4 133
4 134
4 135
4 137
4 139
4 140
4 141
4 142
4 147
4 148
4 149
4 151
4 152
4 153
4 154
4 159
4 160
4 161
5 7
5 12
5 14
5 19
5 21
5 38
5 43
5 49
5 51
5 55
5 63
5 64
5 65
5 68
5 79
5 85
5 86
5 89
5 93
5 102
5 106
5 116
5 117
5 123
5 125
5 133
5 141
5 143
5 147
5 152
5 153
5 154
5 157
6 7
6 8
6 10
6 11
6 12
6 14
6 16
6 23
6 27
6 31
6 32
6 35
6 36
6 37
6 38
6 39
6 40
6 44
6 45
6 46
6 48
6 49
6 50
6 51
6 52
6 55
6 56
6 57
6 58
6 64
6 65
6 66
6 67
6 68
6 69
6 70
6 71
6 73
6 74
6 83
6 85
6 86
6 88
6 90
6 94
6 95
6 97
6 101
6 102
6 103
6 105
6 106
6 108
6 109
6 110
6 111
6 112
6 114
6 115
6 117
6 120
6 122
6 128
6 129
6 130
6 131
6 134
6 135
6 136
6 137
6 139
6 142
6 144
6 145
6 147
6 149
6 150
6 151
6 152
6 157
6 158
6 159
6 160
6 161
7 8
7 9
7 11
7 12
7 19
7 20
7 21
7 23
7 25
7 26
7 27
7 31
7 34
7 35
7 36
7 38
7 42
7 44
7 45
7 46
7 48
7 49
7 51
7 53
7 54
7 56
7 57
7 58
7 63
7 64
7 67
7 68
7 69
7 71
7 72
7 74
7 75
7 79
7 81
7 87
7 88
7 89
7 92
7 93
7 94
7 96
7 101
7 102
7 103
7 104
7 105
7 106
7 109
7 110
7 111
7 112
7 114
7 115
7 117
7 122
7 126
7 127
7 128
7 129
7 131
7 133
7 134
7 136
7 137
7 138
7 139
7 140
7 141
7 142
7 146
7 148
7 149
7 150
7 151
7 158
7 159
8 9
8 11
8 14
8 22
8 23
8 26
8 29
8 30
8 31
8 32
8 37
8 38
8 39
8 40
8 57
8 58
8 61
8 64
8 66
8 67
8 68
8 71
8 72
8 74
8 79
8 84
8 87
8 89
8 95
8 102
8 105
8 106
8 107
8 114
8 118
8 133
8 134
8 145
8 146
8 150
8 152
8 153
8 154
8 159
9 13
9 14
9 15
9 19
9 21
9 23
9 25
9 26
9 31
9 32
9 33
9 39
9 42
9 46
9 49
9 51
9 54
9 55
9 58
9 63
9 64
9 65
9 70
9 71
9 72
9 73
9 75
9 77
9 82
9 84
9 85
9 86
9 87
9 89
9 94
9 96
9 97
9 101
9 102
9 109
9 111
9 114
9 116
9 118
9 121
9 124
9 125
9 126
9 128
9 131
9 134
9 135
9 136
9 139
9 141
9 145
9 148
9 149
9 150
9 153
9 154
9 161
10 11
10 12
10 13
10 16
10 18
10 19
10 26
10 31
10 32
10 34
10 35
10 38
10 43
10 50
10 51
10 57
10 63
10 64
10 67
10 68
10 74
10 77
10 79
10 81
10 86
10 89
10 90
10 91
10 93
10 94
10 96
10 97
10 101
10 102
10 104
10 109
10 115
10 116
10 118
10 120
10 122
10 125
10 127
10 129
10 133
10 134
10 138
10 141
10 142
10 143
10 147
10 148
10 149
10 153
10 154
10 157
10 160
10 161
11 12
11 17
11 18
11 21
11 24
11 25
11 26
11 27
11 34
11 37
11 38
11 45
11 49
11 51
11 53
11 56
11 57
11 58
11 59
11 63
11 65
11 66
11 67
11 69
11 71
11 72
11 73
11 77
11 78
11 79
11 88
11 89
11 92
11 93
11 94
11 95
11 97
11 99
11 100
11 106
11 112
11 116
11 118
11 121
11 122
11 124
11 125
11 126
11 131
11 133
11 134
11 135
11 138
11 143
11 150
11 151
11 152
11 155
11 157
11 158
11 159
12 15
12 18
12 19
12 26
12 30
12 31
12 35
12 39
12 40
12 42
12 43
12 48
12 49
12 51
12 56
12 58
12 62
12 67
12 68
12 70
12 71
12 77
12 86
12 87
12 92
12 94
12 99
12 100
12 102
12 105
12 106
12 109
12 110
12 112
12 114
12 115
12 117
12 118
12 129
12 134
12 135
12 136
12 142
12 145
12 148
12 151
12 154
12 160
13 26
13 35
13 37
13 40
13 45
13 46
13 49
13 54
13 57
13 62
13 65
13 66
13 68
13 70
13 72
13 76
13 86
13 92
13 94
13 102
13 107
13 109
13 115
13 118
13 124
13 126
13 133
13 135
13 139
13 140
13 141
13 156
13 160
14 15
14 17
14 19
14 21
14 22
14 23
14 24
14 25
14 26
14 30
14 33
14 34
14 36
14 38
14 40
14 41
14 42
14 43
14 45
14 46
14 49
14 51
14 52
14 54
14 55
14 57
14 60
14 62
14 63
14 64
14 65
14 66
14 67
14 68
14 69
14 72
14 73
14 75
14 77
14 79
14 83
14 90
14 98
14 99
14 100
14 101
14 102
14 103
14 105
14 106
14 107
14 108
14 109
14 112
14 114
14 115
14 116
14 118
14 122
14 128
14 129
14 131
14 133
14 135
14 137
14 138
14 139
14 143
14 144
14 145
14 147
14 149
14 150
14 151
14 153
14 154
14 157
14 161
15 17
15 19
15 37
15 39
15 43
15 44
15 51
15 53
15 54
15 55
15 56
15 57
15 66
15 67
15 70
15 72
15 77
15 79
15 83
15 92
15 94
15 96
15 97
15 98
15 105
15 106
15 107
15 108
15 109
15 112
15 117
15 125
15 131
15 138
15 142
15 145
15 151
15 152
16 18
16 20
16 21
16 30
16 31
16 34
16 39
16 40
16 43
16 44
16 49
16 54
16 56
16 63
16 68
16 77
16 79
16 89
16 92
16 93
16 97
16 102
16 103
16 111
16 114
16 115
16 118
16 121
16 126
16 128
16 129
16 138
16 147
16 157
17 21
17 35
17 36
17 37
17 38
17 45
17 49
17 50
17 54
17 68
17 76
17 91
17 94
17 104
17 110
17 112
17 113
17 114
17 117
17 118
17 129
17 134
17 138
17 139
17 147
17 154
17 159
18 19
18 23
18 24
18 30
18 32
18 33
18 35
18 40
18 43
18 46
18 51
18 52
18 61
18 64
18 67
18 68
18 70
18 71
18 72
18 73
18 77
18 84
18 86
18 91
18 92
18 99
18 100
18 103
18 106
18 108
18 109
18 110
18 112
18 117
18 118
18 122
18 124
18 125
18 128
18 129
18 131
18 134
18 137
18 139
18 142
18 147
18 149
18 151
18 153
18 157
18 160
19 21
19 22
19 24
19 25
19 26
19 30
19 31
19 32
19 33
19 35
19 38
19 40
19 41
19 42
19 43
19 46
19 49
19 51
19 53
19 54
19 55
19 59
19 61
19 64
19 65
19 67
19 68
19 69
19 70
19 71
19 73
19 74
19 75
19 76
19 79
19 85
19 86
19 87
19 90
19 92
19 93
19 98
19 99
19 100
19 101
19 102
19 104
19 105
19 106
19 108
19 109
19 110
19 111
19 112
19 114
19 115
19 118
19 120
19 121
19 125
19 127
19 128
19 130
19 133
19 134
19 136
19 137
19 138
19 139
19 141
19 147
19 148
19 149
19 150
19 151
19 153
19 154
19 155
19 157
19 158
19 160
20 21
20 22
20 28
20 31
20 34
20 53
20 56
20 57
20 67
20 69
20 81
20 83
20 84
20 91
20 95
20 97
20 105
20 107
20 113
20 114
20 117
20 125
20 131
20 132
20 133
20 138
20 143
20 145
20 146
20 150
20 152
21 22
21 23
21 25
21 26
21 30
21 32
21 34
21 36
21 40
21 45
21 46
21 48
21 49
21 50
21 51
21 53
21 54
21 56
21 58
21 61
21 63
21 64
21 65
21 67
21 69
21 70
21 72
21 73
21 75
21 77
21 78
21 80
21 82
21 83
21 88
21 89
21 93
21 97
21 99
21 101
21 102
21 103
21 104
21 106
21 108
21 109
21 111
21 113
21 114
21 117
21 118
21 125
21 126
21 128
21 129
21 136
21 137
21 138
21 141
21 146
21 150
21 151
21 154
21 157
21 158
21 160
21 161
22 24
22 40
22 47
22 54
22 61
22 65
22 69
22 77
22 79
22 83
22 85
22 87
22 91
22 95
22 106
22 116
22 117
22 127
22 134
22 137
22 140
22 141
22 147
22 148
22 154
22 160
23 26
23 29
23 42
23 44
23 45
23 51
23 54
23 58
23 61
23 66
23 68
23 70
23 72
23 79
23 80
23 83
23 87
23 92
23 97
23 103
23 112
23 115
23 118
23 120
23 129
23 137
23 138
23 139
23 143
23 145
23 149
23 153
23 154
23 157
23 158
24 26
24 30
24 32
24 34
24 35
24 37
24 41
24 46
24 49
24 51
24 55
24 56
24 64
24 67
24 69
24 71
24 72
24 74
24 76
24 77
24 79
24 84
24 87
24 88
24 90
24 91
24 93
24 97
24 101
24 102
24 105
24 108
24 109
24 111
24 115
24 116
24 117
24 118
24 125
24 126
24 129
24 134
24 138
24 147
24 151
24 152
24 153
24 154
24 155
24 158
24 161
25 26
25 31
25 32
25 33
25 34
25 39
25 43
25 44
25 45
25 46
25 49
25 54
25 55
25 63
25 64
25 67
25 68
25 69
25 71
25 73
25 74
25 77
25 83
25 84
25 85
25 89
25 91
25 95
25 99
25 105
25 106
25 111
25 113
25 114
25 117
25 118
25 119
25 120
25 126
25 128
25 129
25 130
25 131
25 133
25 135
25 136
25 137
25 139
25 140
25 141
25 147
25 151
25 152
25 153
25 154
25 160
26 27
26 28
26 30
26 32
26 34
26 36
26 37
26 38
26 39
26 43
26 44
26 45
26 46
26 48
26 49
26 50
26 54
26 58
26 59
26 61
26 63
26 64
26 65
26 66
26 67
26 69
26 70
26 72
26 73
26 74
26 75
26 76
26 81
26 83
26 84
26 85
26 93
26 94
26 95
26 97
26 98
26 100
26 102
26 103
26 107
26 108
26 109
26 110
26 112
26 113
26 114
26 117
26 118
26 125
26 126
26 127
26 130
26 133
26 134
26 135
26 136
26 137
26 138
26 139
26 142
26 143
26 146
26 147
26 157
26 158
26 161
27 31
27 38
27 41
27 45
27 58
27 64
27 67
27 73
27 86
27 87
27 93
27 96
27 97
27 104
27 105
27 106
27 114
27 141
27 147
27 152
27 157
27 160
28 30
28 35
28 39
28 50
28 56
28 57
28 63
28 66
28 67
28 70
28 74
28 77
28 82
28 89
28 92
28 102
28 103
28 105
28 117
28 125
28 128
28 134
28 135
28 141
28 151
28 152
28 157
28 159
29 31
29 32
29 34
29 37
29 38
29 40
29 43
29 52
29 55
29 61
29 69
29 70
29 72
29 76
29 84
29 97
29 100
29 101
29 102
29 106
29 109
29 110
29 117
29 125
29 129
29 130
29 145
29 146
29 158
30 31
30 32
30 38
30 42
30 43
30 46
30 50
30 54
30 55
30 59
30 61
30 65
30 68
30 70
30 72
30 74
30 79
30 83
30 86
30 87
30 89
30 91
30 92
30 94
30 97
30 98
30 99
30 100
30 102
30 103
30 105
30 106
30 109
30 111
30 113
30 114
30 116
30 118
30 119
30 126
30 127
30 129
30 131
30 133
30 137
30 138
30 139
30 141
30 142
30 143
30 147
30 148
30 151
30 152
30 153
30 157
30 159
30 160
30 161
31 33
31 34
31 35
31 36
31 39
31 40
31 41
31 42
31 43
31 44
31 45
31 48
31 49
31 50
31 51
31 53
31 54
31 56
31 60
31 61
31 62
31 63
31 64
31 68
31 70
31 72
31 75
31 76
31 77
31 80
31 81
31 83
31 85
31 86
31 87
31 91
31 92
31 94
31 95
31 98
31 102
31 103
31 104
31 106
31 107
31 108
31 111
31 112
31 115
31 126
31 128
31 129
31 131
31 132
31 133
31 134
31 135
31 136
31 137
31 139
31 141
31 142
31 146
31 147
31 149
31 150
31 152
31 153
31 154
31 157
32 33
32 35
32 36
32 37
32 42
32 43
32 44
32 48
32 49
32 55
32 57
32 62
32 63
32 64
32 65
32 67
32 70
32 72
32 73
32 76
32 77
32 79
32 80
32 84
32 85
32 87
32 88
32 89
32 92
32 93
32 101
32 108
32 110
32 113
32 115
32 117
32 122
32 125
32 129
32 131
32 133
32 134
32 136
32 139
32 142
32 146
32 147
32 149
32 151
32 152
32 154
32 158
32 161
33 38
33 51
33 54
33 56
33 57
33 58
33 68
33 70
33 72
33 75
33 80
33 89
33 91
33 94
33 99
33 102
33 103
33 105
33 109
33 118
33 123
33 128
33 129
33 134
33 139
33 141
33 146
33 150
33 152
33 153
33 158
34 37
34 38
34 39
34 40
34 41
34 43
34 44
34 49
34 51
34 52
34 54
34 56
34 59
34 63
34 65
34 66
34 67
34 71
34 72
34 73
34 74
34 75
34 76
34 77
34 86
34 88
34 90
34 94
34 106
34 109
34 111
34 113
34 115
34 116
34 118
34 125
34 129
34 130
34 133
34 141
34 142
34 146
34 147
34 152
34 159
35 36
35 38
35 39
35 40
35 43
35 45
35 48
35 49
35 50
35 54
35 55
35 56
35 58
35 60
35 61
35 62
35 63
35 64
35 65
35 66
35 67
35 68
35 69
35 70
35 74
35 79
35 82
35 84
35 91
35 92
35 93
35 95
35 97
35 98
35 100
35 101
35 102
35 103
35 105
35 106
35 107
35 108
35 109
35 111
35 117
35 118
35 126
35 129
35 131
35 132
35 134
35 138
35 142
35 143
35 145
35 146
35 147
35 149
35 151
35 152
35 153
35 154
35 158
35 160
35 161
36 37
36 38
36 39
36 44
36 49
36 67
36 72
36 77
36 83
36 87
36 89
36 92
36 94
36 96
36 100
36 102
36 105
36 106
36 108
36 109
36 111
36 113
36 115
36 118
36 128
36 129
36 130
36 131
36 133
36 138
36 139
36 142
36 145
36 146
36 147
36 150
36 154
36 156
36 158
37 40
37 44
37 46
37 52
37 54
37 58
37 60
37 61
37 64
37 68
37 69
37 70
37 72
37 75
37 76
37 79
37 87
37 93
37 98
37 106
37 107
37 108
37 109
37 110
37 114
37 115
37 118
37 120
37 122
37 126
37 128
37 131
37 132
37 136
37 138
37 146
37 151
37 152
37 153
37 160
38 42
38 44
38 47
38 49
38 50
38 51
38 53
38 56
38 64
38 65
38 67
38 69
38 71
38 74
38 79
38 80
38 83
38 84
38 85
38 87
38 89
38 91
38 93
38 102
38 104
38 105
38 106
38 107
38 109
38 111
38 113
38 114
38 115
38 116
38 118
38 125
38 126
38 131
38 133
38 134
38 137
38 138
38 143
38 147
38 149
38 153
38 154
38 158
39 40
39 41
39 42
39 43
39 49
39 51
39 56
39 58
39 59
39 65
39 67
39 72
39 73
39 76
39 80
39 81
39 86
39 91
39 93
39 98
39 105
39 110
39 111
39 113
39 116
39 125
39 129
39 131
39 133
39 134
39 138
39 140
39 141
39 142
39 145
39 146
39 151
39 153
39 155
39 157
39 158
39 160
40 44
40 45
40 48
40 49
40 50
40 51
40 53
40 54
40 56
40 59
40 61
40 62
40 64
40 65
40 67
40 68
40 69
40 70
40 72
40 74
40 75
40 76
40 77
40 79
40 85
40 86
40 87
40 89
40 91
40 92
40 93
40 94
40 95
40 97
40 99
40 101
40 103
40 109
40 110
40 112
40 113
40 115
40 117
40 118
40 124
40 125
40 126
40 127
40 129
40 130
40 131
40 132
40 133
40 135
40 137
40 139
40 141
40 142
40 145
40 146
40 148
40 150
40 151
40 152
40 153
40 154
40 158
40 160
40 161
41 49
41 56
41 63
41 65
41 69
41 71
41 72
41 82
41 89
41 94
41 99
41 105
41 109
41 113
41 114
41 115
41 117
41 125
41 129
41 137
41 142
41 143
41 154
41 155
41 158
42 43
42 44
42 49
42 56
42 59
42 61
42 63
42 66
42 68
42 73
42 74
42 75
42 79
42 84
42 86
42 87
42 89
42 94
42 99
42 101
42 102
42 105
42 106
42 129
42 137
42 141
42 145
42 146
42 148
42 149
42 154
42 156
42 157
42 158
42 160
42 161
43 46
43 49
43 51
43 52
43 53
43 54
43 55
43 56
43 58
43 61
43 64
43 68
43 69
43 71
43 72
43 74
43 79
43 80
43 81
43 84
43 86
43 89
43 93
43 96
43 97
43 98
43 99
43 104
43 106
43 109
43 112
43 113
43 115
43 116
43 119
43 121
43 123
43 125
43 127
43 129
43 131
43 138
43 139
43 140
43 141
43 142
43 143
43 146
43 147
43 149
43 152
43 155
43 156
43 157
44 45
44 46
44 48
44 51
44 52
44 53
44 54
44 55
44 57
44 59
44 61
44 64
44 65
44 66
44 67
44 68
44 74
44 75
44 76
44 79
44 82
44 84
44 89
44 91
44 92
44 94
44 95
44 97
44 99
44 101
44 106
44 109
44 113
44 114
44 115
44 117
44 118
44 119
44 129
44 131
44 132
44 136
44 137
44 138
44 142
44 147
44 149
44 153
44 155
44 157
44 158
44 159
45 51
45 54
45 55
45 56
45 59
45 63
45 69
45 71
45 72
45 73
45 75
45 76
45 77
45 80
45 87
45 88
45 97
45 100
45 101
45 106
45 108
45 110
45 117
45 118
45 126
45 128
45 130
45 131
45 133
45 134
45 137
45 138
45 139
45 140
45 141
45 147
45 150
45 151
45 152
45 154
45 158
45 160
46 49
46 51
46 55
46 57
46 59
46 63
46 64
46 65
46 66
46 67
46 68
46 69
46 70
46 71
46 74
46 75
46 79
46 84
46 85
46 89
46 96
46 100
46 101
46 103
46 104
46 105
46 106
46 109
46 112
46 114
46 115
46 126
46 128
46 129
46 133
46 134
46 151
46 152
46 154
46 161
47 51
47 64
47 68
47 70
47 71
47 72
47 82
47 89
47 98
47 102
47 106
47 115
47 118
47 131
47 134
47 136
47 137
47 141
47 142
47 158
48 51
48 63
48 64
48 68
48 69
48 71
48 72
48 73
48 83
48 84
48 88
48 90
48 93
48 95
48 102
48 103
48 109
48 112
48 125
48 129
48 132
48 136
48 141
48 145
48 152
49 51
49 53
49 54
49 56
49 57
49 58
49 61
49 67
49 72
49 83
49 84
49 85
49 86
49 89
49 92
49 93
49 94
49 95
49 97
49 98
49 99
49 102
49 103
49 106
49 107
49 108
49 110
49 112
49 113
49 115
49 116
49 117
49 118
49 123
49 129
49 130
49 131
49 133
49 137
49 138
49 143
49 146
49 148
49 151
49 152
49 154
49 156
49 157
49 158
50 52
50 54
50 58
50 61
50 62
50 64
50 69
50 73
50 76
50 77
50 79
50 80
50 85
50 89
50 94
50 100
50 106
50 113
50 114
50 116
50 117
50 123
50 127
50 129
50 131
50 136
50 137
50 141
50 145
50 147
50 152
50 153
50 154
50 159
50 161
51 54
51 56
51 61
51 62
51 63
51 65
51 66
51 69
51 70
51 71
51 72
51 73
51 75
51 76
51 80
51 82
51 84
51 85
51 86
51 87
51 89
51 91
51 93
51 94
51 95
51 96
51 97
51 99
51 100
51 105
51 106
51 107
51 108
51 109
51 111
51 112
51 115
51 116
51 118
51 119
51 121
51 122
51 125
51 128
51 129
51 130
51 131
51 133
51 135
51 137
51 138
51 140
51 142
51 145
51 146
51 147
51 148
51 149
51 150
51 152
51 153
51 155
51 157
51 160
52 54
52 55
52 59
52 63
52 67
52 68
52 69
52 72
52 73
52 79
52 80
52 88
52 93
52 94
52 95
52 97
52 98
52 102
52 103
52 106
52 108
52 113
52 115
52 126
52 135
52 139
52 145
52 147
52 149
52 150
52 152
52 153
52 158
52 161
53 54
53 56
53 61
53 63
53 66
53 67
53 72
53 74
53 75
53 80
53 85
53 86
53 87
53 89
53 91
53 92
53 94
53 102
53 105
53 107
53 115
53 121
53 125
53 128
53 131
53 133
53 136
53 138
53 142
53 146
53 152
53 153
53 154
53 161
54 56
54 62
54 63
54 64
54 67
54 68
54 69
54 70
54 71
54 72
54 73
54 74
54 75
54 77
54 83
54 87
54 88
54 89
54 93
54 94
54 97
54 98
54 100
54 101
54 103
54 104
54 106
54 108
54 109
54 110
54 113
54 115
54 117
54 121
54 122
54 125
54 128
54 129
54 131
54 132
54 133
54 134
54 135
54 136
54 137
54 139
54 140
54 141
54 142
54 147
54 151
54 152
54 155
54 156
54 157
54 160
55 56
55 58
55 61
55 63
55 64
55 65
55 66
55 67
55 69
55 72
55 74
55 75
55 76
55 78
55 79
55 86
55 89
55 91
55 93
55 96
55 97
55 101
55 102
55 104
55 107
55 110
55 111
55 112
55 114
55 116
55 117
55 120
55 130
55 133
55 135
55 136
55 137
55 138
55 141
55 142
55 145
55 147
55 152
55 156
55 157
55 158
56 58
56 59
56 61
56 63
56 65
56 66
56 68
56 69
56 70
56 74
56 75
56 76
56 79
56 84
56 86
56 87
56 88
56 92
56 93
56 94
56 97
56 103
56 106
56 109
56 112
56 113
56 114
56 115
56 116
56 117
56 123
56 125
56 126
56 127
56 129
56 132
56 133
56 134
56 135
56 136
56 137
56 140
56 141
56 142
56 145
56 146
56 147
56 149
56 150
56 153
56 154
56 157
56 158
57 61
57 63
57 64
57 66
57 67
57 69
57 70
57 75
57 79
57 80
57 81
57 82
57 91
57 95
57 97
57 100
57 101
57 102
57 107
57 108
57 113
57 125
57 134
57 137
57 138
57 140
57 143
57 154
58 60
58 63
58 64
58 65
58 66
58 67
58 69
58 70
58 76
58 77
58 78
58 79
58 80
58 82
58 86
58 87
58 89
58 93
58 98
58 99
58 101
58 102
58 106
58 108
58 110
58 113
58 114
58 115
58 116
58 118
58 125
58 128
58 129
58 131
58 134
58 136
58 137
58 138
58 141
58 142
58 145
58 146
58 148
58 150
58 152
58 153
58 155
58 156
58 160
59 64
59 67
59 71
59 72
59 73
59 79
59 81
59 82
59 94
59 99
59 101
59 102
59 105
59 106
59 111
59 116
59 117
59 118
59 124
59 129
59 133
59 137
59 138
59 141
59 142
59 150
59 151
59 152
59 153
59 154
59 160
59 161
60 65
60 68
60 77
60 84
60 86
60 92
60 104
60 108
60 118
60 129
60 133
60 135
60 136
60 137
60 138
60 142
60 147
60 152
61 64
61 65
61 67
61 69
61 73
61 74
61 76
61 77
61 79
61 80
61 89
61 96
61 107
61 108
61 113
61 115
61 125
61 129
61 137
61 138
61 141
61 145
61 146
61 151
61 158
62 64
62 66
62 76
62 79
62 86
62 91
62 109
62 117
62 118
62 126
62 133
62 134
62 137
62 138
62 146
62 157
63 64
63 65
63 66
63 67
63 71
63 72
63 75
63 76
63 77
63 80
63 82
63 83
63 87
63 89
63 93
63 94
63 95
63 98
63 99
63 102
63 104
63 109
63 111
63 112
63 113
63 114
63 118
63 119
63 121
63 122
63 129
63 130
63 131
63 133
63 134
63 135
63 139
63 142
63 144
63 146
63 147
63 149
63 152
63 153
63 157
63 158
63 159
63 161
64 65
64 66
64 68
64 69
64 71
64 72
64 74
64 75
64 76
64 77
64 79
64 80
64 82
64 84
64 89
64 92
64 94
64 98
64 100
64 101
64 103
64 105
64 106
64 107
64 110
64 111
64 112
64 114
64 116
64 117
64 118
64 119
64 125
64 129
64 131
64 132
64 134
64 135
64 137
64 139
64 140
64 142
64 143
64 146
64 147
64 149
64 150
64 152
64 153
64 154
64 157
64 158
64 159
64 160
64 161
65 66
65 67
65 68
65 69
65 70
65 72
65 73
65 74
65 75
65 79
65 83
65 84
65 85
65 86
65 87
65 88
65 89
65 90
65 93
65 94
65 97
65 101
65 102
65 104
65 107
65 109
65 114
65 115
65 117
65 118
65 119
65 122
65 125
65 133
65 135
65 136
65 139
65 141
65 142
65 145
65 146
65 147
65 150
65 152
65 153
65 154
65 158
65 159
65 161
66 67
66 68
66 70
66 72
66 74
66 75
66 77
66 80
66 85
66 86
66 87
66 92
66 94
66 99
66 102
66 103
66 105
66 106
66 108
66 114
66 115
66 118
66 120
66 122
66 124
66 125
66 126
66 129
66 131
66 137
66 138
66 140
66 143
66 149
66 150
66 152
66 153
66 154
66 155
66 157
66 160
66 161
67 68
67 69
67 70
67 71
67 72
67 73
67 74
67 75
67 76
67 77
67 79
67 82
67 83
67 86
67 89
67 91
67 92
67 95
67 97
67 98
67 101
67 105
67 106
67 107
67 108
67 109
67 111
67 112
67 113
67 114
67 118
67 125
67 128
67 129
67 130
67 131
67 133
67 136
67 137
67 138
67 139
67 141
67 142
67 143
67 145
67 147
67 150
67 151
67 152
67 154
67 157
67 159
67 160
68 70
68 71
68 73
68 75
68 80
68 81
68 83
68 84
68 85
68 87
68 89
68 91
68 92
68 93
68 97
68 101
68 102
68 103
68 105
68 106
68 113
68 114
68 115
68 116
68 117
68 118
68 122
68 127
68 131
68 133
68 134
68 135
68 136
68 137
68 138
68 139
68 142
68 145
68 146
68 147
68 149
68 152
68 154
68 156
68 157
68 158
68 160
69 70
69 71
69 72
69 74
69 76
69 77
69 79
69 81
69 84
69 86
69 87
69 89
69 92
69 93
69 95
69 98
69 101
69 102
69 103
69 106
69 112
69 115
69 117
69 118
69 119
69 120
69 121
69 125
69 126
69 128
69 131
69 133
69 134
69 136
69 139
69 142
69 145
69 147
69 150
69 151
69 152
69 153
69 154
69 158
69 160
69 161
70 72
70 73
70 74
70 75
70 78
70 79
70 84
70 87
70 88
70 90
70 91
70 92
70 94
70 95
70 97
70 101
70 102
70 103
70 104
70 107
70 108
70 109
70 110
70 111
70 113
70 115
70 117
70 118
70 119
70 126
70 129
70 131
70 133
70 134
70 136
70 137
70 138
70 139
70 140
70 141
70 142
70 144
70 145
70 146
70 151
70 152
70 157
70 161
71 72
71 74
71 75
71 76
71 83
71 90
71 92
71 99
71 100
71 101
71 104
71 105
71 106
71 107
71 108
71 114
71 116
71 128
71 129
71 133
71 136
71 137
71 140
71 141
71 143
71 146
71 150
71 151
71 152
71 153
71 154
71 157
71 159
71 160
71 161
72 73
72 75
72 77
72 79
72 82
72 83
72 84
72 85
72 86
72 87
72 88
72 89
72 91
72 93
72 94
72 97
72 98
72 100
72 106
72 109
72 110
72 113
72 114
72 115
72 116
72 117
72 123
72 125
72 126
72 128
72 131
72 133
72 134
72 137
72 138
72 139
72 141
72 142
72 145
72 146
72 147
72 151
72 152
72 153
72 154
72 157
72 160
72 161
73 75
73 77
73 79
73 83
73 84
73 86
73 87
73 89
73 90
73 92
73 94
73 98
73 100
73 101
73 102
73 103
73 107
73 108
73 110
73 112
73 114
73 117
73 120
73 125
73 126
73 127
73 128
73 129
73 131
73 133
73 136
73 137
73 138
73 139
73 144
73 147
73 151
73 152
73 153
73 154
73 159
74 75
74 77
74 78
74 82
74 83
74 84
74 88
74 90
74 91
74 92
74 93
74 95
74 96
74 97
74 101
74 102
74 105
74 106
74 111
74 113
74 115
74 116
74 118
74 123
74 126
74 127
74 131
74 133
74 134
74 135
74 136
74 137
74 138
74 146
74 147
74 149
74 150
74 151
74 154
74 157
74 158
74 159
74 160
74 161
75 79
75 84
75 85
75 86
75 87
75 89
75 94
75 98
75 99
75 103
75 105
75 106
75 107
75 108
75 110
75 113
75 115
75 117
75 121
75 125
75 126
75 129
75 134
75 137
75 142
75 143
75 146
75 149
75 152
75 153
75 154
75 155
75 158
76 77
76 83
76 84
76 86
76 88
76 90
76 91
76 94
76 96
76 97
76 100
76 101
76 102
76 105
76 108
76 113
76 116
76 117
76 125
76 129
76 131
76 133
76 138
76 141
76 154
76 161
77 84
77 89
77 92
77 94
77 96
77 98
77 103
77 105
77 109
77 110
77 111
77 113
77 114
77 115
77 117
77 118
77 122
77 124
77 125
77 130
77 131
77 134
77 135
77 136
77 137
77 138
77 142
77 146
77 147
77 150
77 151
77 155
77 158
77 161
78 93
78 109
78 114
78 115
78 126
78 129
78 136
78 142
78 143
78 150
78 151
79 84
79 86
79 88
79 89
79 91
79 94
79 98
79 99
79 100
79 101
79 102
79 106
79 107
79 108
79 109
79 111
79 112
79 114
79 116
79 118
79 122
79 125
79 126
79 129
79 130
79 131
79 132
79 133
79 134
79 135
79 137
79 138
79 140
79 145
79 151
79 153
79 158
80 87
80 88
80 93
80 95
80 100
80 111
80 114
80 115
80 116
80 127
80 129
80 131
80 132
80 134
80 137
80 139
80 146
80 148
80 151
80 154
80 161
81 89
81 97
81 99
81 101
81 104
81 108
81 114
81 120
81 125
81 138
81 141
81 145
81 153
81 156
81 161
82 83
82 88
82 93
82 95
82 102
82 109
82 110
82 117
82 120
82 122
82 129
82 140
82 145
82 149
82 151
82 153
82 154
82 160
83 88
83 91
83 96
83 97
83 102
83 108
83 111
83 114
83 126
83 129
83 135
83 138
83 139
83 146
83 147
83 152
84 91
84 92
84 93
84 99
84 100
84 101
84 102
84 103
84 106
84 108
84 109
84 111
84 113
84 114
84 115
84 117
84 118
84 124
84 126
84 129
84 131
84 133
84 134
84 137
84 142
84 147
84 149
84 154
84 156
84 158
84 160
85 86
85 91
85 94
85 100
85 101
85 103
85 106
85 108
85 109
85 111
85 115
85 117
85 118
85 122
85 125
85 126
85 128
85 133
85 136
85 146
85 147
85 150
85 151
85 153
85 155
85 156
85 160
86 89
86 102
86 103
86 105
86 106
86 108
86 110
86 111
86 116
86 117
86 119
86 125
86 128
86 131
86 137
86 145
86 146
86 150
86 151
86 153
86 157
86 161
87 90
87 94
87 98
87 104
87 105
87 106
87 110
87 111
87 112
87 114
87 115
87 117
87 118
87 130
87 131
87 133
87 134
87 135
87 136
87 137
87 139
87 140
87 141
87 142
87 146
87 148
87 151
87 152
87 158
87 161
88 95
88 101
88 104
88 105
88 106
88 109
88 113
88 114
88 115
88 117
88 118
88 119
88 129
88 133
88 142
88 146
88 151
88 154
88 156
88 157
88 161
89 91
89 92
89 94
89 97
89 98
89 99
89 100
89 102
89 104
89 109
89 112
89 114
89 115
89 117
89 119
89 125
89 129
89 130
89 131
89 132
89 133
89 135
89 137
89 138
89 140
89 141
89 143
89 145
89 147
89 148
89 149
89 150
89 151
89 153
89 154
89 155
89 156
89 158
89 160
90 94
90 96
90 98
90 99
90 101
90 108
90 112
90 118
90 132
90 137
90 141
90 147
90 153
90 158
91 94
91 100
91 102
91 114
91 115
91 116
91 119
91 122
91 129
91 133
91 134
91 136
91 137
91 141
91 142
91 144
91 145
91 152
91 158
91 161
92 94
92 97
92 99
92 102
92 103
92 115
92 129
92 133
92 134
92 137
92 139
92 141
92 151
92 153
92 155
92 159
92 161
93 99
93 114
93 117
93 129
93 131
93 133
93 142
93 145
93 147
93 151
93 152
93 154
93 155
93 158
94 96
94 97
94 100
94 101
94 103
94 105
94 106
94 108
94 109
94 115
94 116
94 119
94 121
94 125
94 127
94 133
94 136
94 137
94 138
94 140
94 141
94 146
94 153
94 154
94 157
94 159
95 99
95 100
95 102
95 108
95 109
95 111
95 113
95 115
95 117
95 118
95 122
95 131
95 133
95 135
95 137
95 152
95 157
95 160
96 101
96 105
96 106
96 107
96 108
96 109
96 113
96 122
96 125
96 128
96 134
96 136
96 139
96 141
96 142
96 151
96 152
96 158
97 99
97 101
97 102
97 105
97 108
97 109
97 110
97 111
97 112
97 114
97 116
97 118
97 119
97 120
97 130
97 133
97 134
97 136
97 137
97 138
97 139
97 142
97 143
97 144
97 148
97 149
97 152
97 154
97 156
97 157
97 158
98 101
98 102
98 103
98 107
98 108
98 113
98 114
98 115
98 118
98 120
98 121
98 131
98 137
98 145
98 147
98 148
98 150
98 151
98 152
98 154
98 160
99 101
99 103
99 105
99 106
99 112
99 113
99 116
99 118
99 129
99 130
99 131
99 134
99 141
99 149
99 150
99 158
100 101
100 102
100 103
100 106
100 115
100 117
100 118
100 122
100 129
100 136
100 138
100 141
100 142
100 143
100 145
100 146
100 147
100 148
100 154
100 158
100 160
101 102
101 103
101 104
101 105
101 108
101 110
101 112
101 113
101 114
101 116
101 117
101 118
101 122
101 125
101 126
101 128
101 129
101 130
101 132
101 134
101 135
101 136
101 139
101 141
101 146
101 148
101 149
101 150
101 154
101 155
101 159
101 161
102 104
102 105
102 106
102 111
102 112
102 113
102 115
102 117
102 118
102 119
102 120
102 122
102 125
102 126
102 127
102 128
102 129
102 131
102 133
102 135
102 137
102 138
102 139
102 143
102 146
102 147
102 148
102 152
102 157
102 159
102 160
103 105
103 107
103 111
103 119
103 123
103 129
103 133
103 137
103 142
103 146
103 149
103 151
103 154
103 158
103 161
104 105
104 109
104 118
104 124
104 125
104 134
104 138
104 139
104 144
104 147
104 154
104 156
104 161
105 108
105 109
105 112
105 114
105 115
105 119
105 122
105 128
105 129
105 133
105 134
105 136
105 137
105 138
105 139
105 143
105 146
105 147
105 148
105 152
105 157
105 160
106 108
106 110
106 112
106 113
106 114
106 115
106 117
106 118
106 120
106 121
106 124
106 125
106 128
106 129
106 131
106 133
106 135
106 137
106 138
106 139
106 142
106 143
106 145
106 147
106 149
106 150
106 151
106 153
106 155
106 156
106 158
106 161
107 109
107 110
107 114
107 122
107 124
107 125
107 126
107 131
107 138
107 139
107 142
107 145
107 147
107 152
107 155
107 161
108 109
108 111
108 112
108 113
108 114
108 115
108 118
108 119
108 122
108 125
108 126
108 128
108 129
108 131
108 133
108 135
108 136
108 137
108 142
108 145
108 146
108 148
108 150
108 151
108 152
108 154
108 155
108 157
108 159
109 110
109 112
109 113
109 114
109 115
109 117
109 124
109 126
109 127
109 129
109 131
109 133
109 134
109 135
109 142
109 144
109 145
109 151
109 152
109 154
109 155
109 157
109 158
109 161
110 111
110 118
110 119
110 126
110 130
110 136
110 137
110 138
110 147
110 158
111 113
111 114
111 115
111 117
111 122
111 129
111 131
111 134
111 138
111 139
111 141
111 142
111 146
111 147
111 149
111 150
111 153
111 154
111 157
111 158
112 113
112 116
112 117
112 124
112 125
112 127
112 129
112 130
112 133
112 137
112 138
112 139
112 142
112 152
112 153
112 155
112 157
112 158
112 160
113 118
113 121
113 124
113 128
113 129
113 131
113 132
113 133
113 134
113 136
113 137
113 138
113 139
113 141
113 142
113 145
113 151
113 153
113 154
113 156
113 158
113 160
114 115
114 116
114 121
114 122
114 124
114 128
114 129
114 130
114 131
114 133
114 135
114 136
114 137
114 138
114 141
114 142
114 146
114 147
114 148
114 149
114 151
114 152
114 158
114 160
114 161
115 116
115 117
115 118
115 121
115 122
115 125
115 126
115 129
115 131
115 134
115 135
115 136
115 137
115 138
115 139
115 142
115 144
115 145
115 146
115 147
115 148
115 151
115 153
115 154
115 156
115 159
115 160
116 125
116 126
116 133
116 134
116 135
116 136
116 138
116 141
116 142
116 145
116 147
116 149
116 150
116 152
116 159
117 121
117 126
117 128
117 129
117 130
117 133
117 134
117 137
117 138
117 140
117 143
117 146
117 150
117 151
117 152
117 153
117 154
117 155
117 158
117 159
117 160
117 161
118 123
118 124
118 125
118 128
118 129
118 133
118 134
118 135
118 136
118 137
118 138
118 139
118 140
118 141
118 142
118 143
118 144
118 146
118 148
118 149
118 150
118 151
118 152
118 153
118 154
118 155
118 156
118 157
118 158
118 159
118 161
119 123
119 125
119 133
119 154
120 142
120 146
120 152
120 154
120 157
120 158
120 160
120 161
121 125
121 127
121 133
121 155
121 157
122 135
122 158
123 133
123 147
123 154
124 134
124 139
124 142
124 157
125 128
125 129
125 130
125 132
125 133
125 134
125 138
125 139
125 141
125 146
125 150
125 153
125 154
125 156
125 157
125 158
125 159
125 160
125 161
126 127
126 133
126 136
126 137
126 138
126 139
126 142
126 147
126 154
126 155
126 157
127 129
127 133
127 137
127 146
127 147
127 149
127 156
127 158
128 135
128 137
128 140
128 147
128 151
128 153
128 154
128 155
128 158
129 130
129 131
129 133
129 134
129 138
129 139
129 142
129 143
129 146
129 147
129 149
129 150
129 151
129 152
129 153
129 154
129 157
129 158
129 159
130 135
130 136
130 139
130 142
130 143
130 145
130 147
130 152
130 154
130 158
131 133
131 134
131 135
131 137
131 138
131 141
131 145
131 146
131 147
131 148
131 151
131 152
131 154
131 158
131 159
131 160
132 133
132 137
132 142
132 149
132 154
132 155
133 134
133 135
133 136
133 137
133 138
133 139
133 140
133 144
133 145
133 146
133 147
133 148
133 149
133 150
133 153
133 154
133 155
133 157
133 158
133 159
133 161
134 138
134 140
134 141
134 145
134 147
134 150
134 152
134 154
134 155
134 156
134 157
134 158
134 161
135 137
135 139
135 142
135 147
135 149
135 150
135 152
135 155
135 157
135 160
136 141
136 142
136 143
136 152
136 154
136 157
136 159
136 161
137 138
137 139
137 143
137 146
137 147
137 148
137 149
137 152
137 153
137 155
137 156
137 157
137 158
137 159
138 139
138 141
138 142
138 146
138 147
138 152
138 154
138 157
138 158
138 160
138 161
139 145
139 146
139 147
139 151
139 153
139 154
139 157
140 142
140 144
140 154
140 161
141 142
141 144
141 148
141 152
141 156
141 157
141 161
142 143
142 144
142 146
142 147
142 150
142 153
142 154
142 156
142 158
142 160
143 147
143 148
143 149
143 150
143 153
143 158
144 158
144 161
145 147
145 148
145 151
145 152
145 154
145 158
145 159
146 147
146 148
146 153
146 154
146 155
146 157
146 158
147 148
147 149
147 150
147 152
147 154
147 155
147 158
147 160
147 161
148 149
148 153
148 157
148 161
149 152
149 154
149 161
150 151
150 153
150 154
151 152
151 154
151 155
151 156
151 157
151 159
151 161
152 157
152 158
153 154
153 156
153 158
154 157
154 158
155 161
157 159
158 159
158 161
