0 1
0 2
0 7
0 9
0 20
0 21
0 22
0 25
0 27
0 31
0 32
0 35
0 38
0 40
0 43
0 46
0 53
0 54
0 55
0 62
0 64
0 66
0 69
0 76
0 93
0 94
0 95
0 97
0 99
0 101
0 109
0 110
0 113
0 114
0 117
0 124
0 125
0 126
0 128
0 131
0 132
0 136
0 137
0 140
0 143
0 149
0 150
0 160
1 2
1 4
1 6
1 10
1 11
1 24
1 26
1 30
1 34
1 35
1 40
1 45
1 49
1 50
1 54
1 56
1 57
1 59
1 61
1 62
1 63
1 66
1 67
1 68
1 70
1 71
1 73
1 74
1 77
1 83
1 85
1 91
1 94
1 100
1 105
1 109
1 114
1 115
1 118
1 123
1 134
1 137
1 138
1 139
1 152
1 156
1 159
1 160
2 9
2 16
2 19
2 25
2 28
2 29
2 35
2 50
2 54
2 57
2 58
2 61
2 69
2 74
2 80
2 81
2 84
2 87
2 104
2 113
2 114
2 126
2 131
2 134
2 135
2 136
2 138
2 142
2 149
2 152
2 154
2 156
3 4
3 7
3 10
3 11
3 12
3 14
3 22
3 28
3 30
3 32
3 35
3 38
3 40
3 42
3 49
3 50
3 52
3 54
3 68
3 70
3 72
3 86
3 98
3 102
3 108
3 111
3 114
3 115
3 116
3 121
3 122
3 124
3 137
3 140
3 145
3 146
3 147
3 151
3 152
4 5
4 6
4 7
4 9
4 11
4 13
4 15
4 18
4 19
4 21
4 22
4 25
4 26
4 30
4 33
4 35
4 38
4 40
4 44
4 50
4 51
4 53
4 55
4 56
4 57
4 58
4 59
4 61
4 63
4 64
4 65
4 66
4 67
4 69
4 70
4 71
4 72
4 73
4 75
4 76
4 78
4 79
4 83
4 86
4 89
4 90
4 91
4 92
4 93
4 94
4 96
4 97
4 99
4 100
4 101
4 102
4 103
4 105
4 108
4 109
4 111
4 114
4 115
4 116
4 117
4 118
4 124
4 127
4 129
4 131
4 132
4 133
4 134
4 135
4 136
4 137
4 138
4 139
4 141
4 142
4 144
4 145
4 146
4 147
4 148
4 150
4 153
4 155
4 158
4 159
4 161
5 9
5 10
5 19
5 23
5 26
5 32
5 37
5 40
5 44
5 46
5 56
5 58
5 70
5 71
5 72
5 73
5 79
5 84
5 94
5 98
5 111
5 114
5 115
5 130
5 131
5 132
5 133
5 145
5 150
5 159
5 160
5 161
6 7
6 8
6 12
6 13
6 14
6 15
6 16
6 18
6 19
6 20
6 21
6 22
6 23
6 26
6 30
6 31
6 35
6 37
6 38
6 39
6 40
6 43
6 50
6 54
6 56
6 58
6 59
6 61
6 62
6 63
6 67
6 68
6 69
6 70
6 71
6 72
6 73
6 76
6 80
6 81
6 87
6 89
6 90
6 92
6 93
6 94
6 99
6 101
6 102
6 105
6 106
6 108
6 114
6 115
6 117
6 119
6 120
6 122
6 124
6 127
6 128
6 129
6 130
6 131
6 133
6 135
6 138
6 142
6 144
6 146
6 147
6 151
6 154
6 155
6 159
6 161
7 9
7 11
7 12
7 14
7 15
7 19
7 21
7 22
7 23
7 26
7 30
7 31
7 32
7 35
7 36
7 37
7 38
7 40
7 41
7 42
7 43
7 44
7 49
7 52
7 53
7 54
7 55
7 56
7 61
7 62
7 64
7 66
7 67
7 68
7 69
7 70
7 71
7 72
7 73
7 74
7 75
7 76
7 77
7 80
7 84
7 85
7 88
7 89
7 91
7 92
7 94
7 95
7 97
7 101
7 102
7 105
7 107
7 108
7 109
7 111
7 113
7 114
7 115
7 117
7 118
7 119
7 120
7 125
7 126
7 127
7 129
7 130
7 131
7 133
7 136
7 138
7 140
7 141
7 142
7 143
7 147
7 151
7 153
7 154
7 157
7 158
7 159
7 161
8 13
8 25
8 30
8 36
8 42
8 46
8 51
8 52
8 56
8 63
8 65
8 75
8 87
8 88
8 90
8 91
8 93
8 95
8 96
8 101
8 103
8 106
8 109
8 111
8 118
8 127
8 131
8 135
8 138
8 141
8 145
8 146
8 151
8 158
8 161
9 14
9 18
9 21
9 24
9 28
9 29
9 30
9 31
9 32
9 34
9 36
9 38
9 39
9 40
9 42
9 43
9 45
9 46
9 49
9 51
9 54
9 55
9 56
9 59
9 65
9 66
9 67
9 68
9 74
9 75
9 79
9 80
9 83
9 84
9 86
9 91
9 92
9 93
9 94
9 99
9 101
9 102
9 105
9 108
9 109
9 112
9 114
9 115
9 117
9 118
9 122
9 125
9 129
9 131
9 133
9 134
9 137
9 142
9 147
9 148
9 151
9 153
9 159
10 14
10 18
10 19
10 21
10 25
10 26
10 32
10 38
10 39
10 40
10 44
10 46
10 48
10 49
10 50
10 51
10 52
10 53
10 54
10 56
10 58
10 63
10 64
10 65
10 70
10 71
10 73
10 78
10 79
10 80
10 87
10 89
10 99
10 102
10 105
10 108
10 113
10 114
10 115
10 117
10 118
10 125
10 126
10 127
10 128
10 130
10 131
10 133
10 135
10 138
10 141
10 158
10 161
11 14
11 22
11 24
11 26
11 30
11 32
11 34
11 36
11 38
11 40
11 43
11 45
11 48
11 49
11 51
11 53
11 54
11 56
11 58
11 64
11 65
11 67
11 69
11 70
11 71
11 72
11 73
11 74
11 75
11 80
11 82
11 85
11 86
11 87
11 89
11 91
11 92
11 100
11 101
11 102
11 106
11 107
11 108
11 109
11 112
11 115
11 117
11 118
11 120
11 124
11 125
11 128
11 131
11 134
11 137
11 138
11 139
11 142
11 143
11 148
11 149
11 153
11 154
11 157
11 160
12 16
12 18
12 19
12 20
12 21
12 25
12 29
12 32
12 42
12 43
12 49
12 51
12 53
12 64
12 65
12 66
12 68
12 70
12 71
12 72
12 73
12 75
12 77
12 93
12 94
12 97
12 99
12 100
12 105
12 106
12 111
12 112
12 114
12 118
12 126
12 133
12 134
12 136
12 145
12 148
12 149
12 150
12 154
12 157
12 160
13 14
13 16
13 23
13 27
13 30
13 34
13 37
13 44
13 49
13 51
13 54
13 58
13 64
13 66
13 68
13 71
13 74
13 75
13 77
13 85
13 86
13 88
13 90
13 91
13 97
13 99
13 101
13 106
13 113
13 116
13 120
13 124
13 131
13 135
13 136
13 137
13 139
13 141
13 142
13 157
13 159
14 21
14 22
14 24
14 25
14 28
14 29
14 30
14 32
14 34
14 35
14 37
14 41
14 42
14 43
14 44
14 47
14 51
14 52
14 53
14 54
14 55
14 58
14 59
14 60
14 61
14 63
14 64
14 65
14 67
14 70
14 71
14 72
14 73
14 75
14 78
14 79
14 80
14 82
14 83
14 84
14 89
14 91
14 93
14 97
14 98
14 102
14 103
14 104
14 106
14 108
14 109
14 110
14 111
14 113
14 116
14 117
14 119
14 124
14 125
14 126
14 130
14 131
14 133
14 134
14 136
14 138
14 139
14 141
14 142
14 149
14 150
14 151
14 152
14 156
14 157
14 158
14 159
14 160
14 161
15 19
15 26
15 30
15 32
15 35
15 38
15 40
15 45
15 51
15 53
15 54
15 57
15 58
15 62
15 64
15 65
15 74
15 76
15 77
15 79
15 81
15 82
15 86
15 87
15 89
15 92
15 98
15 106
15 108
15 114
15 117
15 118
15 122
15 128
15 129
15 131
15 132
15 133
15 135
15 137
15 139
15 142
15 144
15 151
15 155
16 17
16 24
16 31
16 32
16 33
16 34
16 36
16 38
16 39
16 42
16 44
16 52
16 54
16 58
16 63
16 64
16 66
16 67
16 68
16 69
16 89
16 106
16 111
16 112
16 113
16 114
16 115
16 120
16 133
16 142
16 150
16 153
17 31
17 32
17 35
17 43
17 58
17 67
17 72
17 87
17 97
17 102
17 107
17 108
17 109
17 125
17 137
17 138
17 154
17 156
18 23
18 25
18 26
18 40
18 43
18 47
18 48
18 53
18 54
18 55
18 57
18 58
18 61
18 63
18 69
18 71
18 80
18 85
18 87
18 89
18 94
18 100
18 101
18 102
18 106
18 108
18 113
18 117
18 118
18 125
18 128
18 129
18 130
18 135
18 137
18 139
18 141
18 145
18 146
18 152
18 153
18 155
18 158
19 22
19 26
19 30
19 32
19 33
19 35
19 37
19 39
19 40
19 41
19 43
19 44
19 45
19 46
19 47
19 49
19 53
19 54
19 57
19 61
19 63
19 64
19 65
19 69
19 70
19 71
19 72
19 75
19 76
19 77
19 78
19 79
19 83
19 87
19 88
19 89
19 90
19 92
19 95
19 97
19 99
19 100
19 101
19 102
19 106
19 109
19 114
19 115
19 116
19 117
19 118
19 125
19 127
19 128
19 129
19 130
19 131
19 133
19 134
19 137
19 138
19 139
19 141
19 142
19 143
19 145
19 147
19 149
19 151
19 152
19 153
19 154
19 156
19 157
19 158
19 160
20 25
20 31
20 36
20 43
20 44
20 46
20 49
20 55
20 65
20 67
20 70
20 72
20 77
20 80
20 87
20 89
20 90
20 98
20 100
20 101
20 106
20 112
20 114
20 131
20 134
20 137
20 138
20 139
20 147
20 152
20 157
20 161
21 22
21 25
21 26
21 27
21 30
21 31
21 32
21 34
21 39
21 40
21 45
21 49
21 51
21 53
21 54
21 55
21 56
21 57
21 58
21 67
21 68
21 69
21 70
21 71
21 72
21 74
21 76
21 77
21 79
21 82
21 83
21 84
21 86
21 89
21 91
21 92
21 94
21 101
21 102
21 103
21 104
21 106
21 107
21 108
21 111
21 112
21 113
21 115
21 116
21 118
21 119
21 132
21 134
21 135
21 137
21 138
21 142
21 145
21 147
21 148
21 153
21 157
21 158
21 159
21 160
21 161
22 24
22 26
22 36
22 40
22 42
22 50
22 53
22 54
22 55
22 56
22 58
22 61
22 64
22 68
22 72
22 74
22 76
22 77
22 78
22 80
22 88
22 89
22 91
22 92
22 94
22 95
22 97
22 99
22 101
22 102
22 103
22 105
22 106
22 108
22 109
22 113
22 114
22 115
22 130
22 131
22 133
22 134
22 135
22 138
22 142
22 152
22 153
22 154
23 34
23 41
23 44
23 49
23 50
23 56
23 63
23 68
23 70
23 71
23 73
23 74
23 77
23 79
23 87
23 94
23 104
23 107
23 108
23 109
23 110
23 112
23 113
23 115
23 117
23 125
23 129
23 131
23 133
23 134
23 147
23 151
23 158
23 159
24 27
24 28
24 31
24 35
24 38
24 40
24 43
24 46
24 48
24 49
24 55
24 57
24 64
24 66
24 72
24 74
24 75
24 79
24 84
24 92
24 99
24 105
24 107
24 108
24 109
24 112
24 114
24 115
24 116
24 117
24 122
24 126
24 127
24 130
24 131
24 137
24 138
24 140
24 150
24 151
24 157
24 160
24 161
25 26
25 28
25 31
25 32
25 34
25 38
25 39
25 40
25 50
25 52
25 54
25 57
25 58
25 66
25 68
25 71
25 77
25 79
25 80
25 83
25 84
25 89
25 92
25 93
25 97
25 98
25 99
25 102
25 106
25 109
25 112
25 115
25 117
25 126
25 127
25 130
25 131
25 133
25 134
25 137
25 139
25 140
25 141
25 142
25 147
25 148
25 149
25 151
25 153
25 157
25 158
25 159
26 31
26 32
26 36
26 39
26 43
26 44
26 46
26 49
26 50
26 51
26 54
26 55
26 56
26 58
26 59
26 61
26 63
26 65
26 66
26 68
26 71
26 72
26 73
26 74
26 75
26 78
26 85
26 89
26 91
26 92
26 93
26 94
26 100
26 101
26 102
26 103
26 107
26 108
26 109
26 110
26 112
26 113
26 114
26 115
26 117
26 118
26 125
26 127
26 129
26 131
26 137
26 138
26 139
26 141
26 142
26 145
26 146
26 147
26 148
26 150
26 151
26 153
26 155
26 157
26 158
26 161
27 28
27 31
27 43
27 45
27 54
27 70
27 80
27 97
27 98
27 102
27 112
27 115
27 117
27 131
27 147
27 153
27 154
28 32
28 35
28 36
28 39
28 40
28 44
28 52
28 56
28 63
28 65
28 66
28 68
28 72
28 73
28 76
28 77
28 79
28 80
28 86
28 91
28 92
28 93
28 95
28 106
28 112
28 117
28 118
28 121
28 122
28 123
28 125
28 128
28 129
28 133
28 137
28 138
28 139
28 146
28 150
28 154
28 159
29 30
29 38
29 40
29 44
29 49
29 51
29 56
29 62
29 71
29 72
29 76
29 79
29 81
29 82
29 88
29 91
29 94
29 100
29 101
29 102
29 103
29 114
29 119
29 130
29 134
29 141
29 149
29 150
29 152
29 154
29 156
30 31
30 32
30 33
30 36
30 38
30 45
30 47
30 49
30 51
30 52
30 54
30 55
30 57
30 62
30 66
30 69
30 70
30 71
30 72
30 74
30 77
30 80
30 83
30 84
30 87
30 89
30 94
30 95
30 97
30 98
30 99
30 101
30 103
30 104
30 106
30 107
30 111
30 112
30 113
30 115
30 116
30 118
30 120
30 125
30 126
30 127
30 128
30 129
30 133
30 135
30 137
30 138
30 139
30 142
30 146
30 147
30 148
30 149
30 150
30 158
30 161
31 32
31 34
31 36
31 37
31 38
31 39
31 43
31 44
31 48
31 49
31 51
31 57
31 60
31 63
31 67
31 68
31 69
31 70
31 71
31 72
31 73
31 75
31 76
31 79
31 83
31 87
31 88
31 89
31 91
31 93
31 94
31 97
31 99
31 102
31 103
31 105
31 110
31 113
31 114
31 118
31 121
31 125
31 126
31 127
31 129
31 130
31 131
31 135
31 136
31 137
31 138
31 139
31 141
31 142
31 146
31 149
31 150
31 151
31 152
31 159
32 33
32 41
32 44
32 45
32 46
32 50
32 51
32 52
32 53
32 56
32 57
32 58
32 59
32 60
32 61
32 63
32 64
32 65
32 69
32 72
32 73
32 77
32 79
32 83
32 84
32 85
32 86
32 87
32 89
32 93
32 97
32 99
32 101
32 102
32 103
32 104
32 106
32 107
32 109
32 111
32 112
32 113
32 114
32 115
32 117
32 118
32 119
32 121
32 125
32 126
32 129
32 130
32 133
32 134
32 137
32 138
32 139
32 141
32 145
32 146
32 147
32 150
32 152
32 153
32 154
32 155
32 157
32 158
32 159
32 160
32 161
33 36
33 39
33 40
33 44
33 45
33 51
33 54
33 65
33 67
33 68
33 72
33 73
33 79
33 82
33 94
33 102
33 106
33 118
33 131
33 133
33 134
33 137
33 143
33 147
34 39
34 44
34 49
34 51
34 52
34 53
34 56
34 59
34 63
34 67
34 74
34 77
34 79
34 84
34 86
34 91
34 93
34 94
34 97
34 99
34 108
34 113
34 134
34 137
34 138
34 139
34 144
34 151
34 152
34 153
34 154
34 155
34 161
35 36
35 38
35 39
35 40
35 49
35 51
35 52
35 54
35 56
35 58
35 60
35 61
35 66
35 67
35 68
35 70
35 73
35 80
35 84
35 87
35 88
35 99
35 101
35 106
35 107
35 108
35 113
35 114
35 115
35 118
35 119
35 120
35 121
35 123
35 126
35 129
35 131
35 134
35 137
35 139
35 142
35 146
35 149
35 151
35 157
35 158
36 39
36 44
36 49
36 54
36 55
36 56
36 58
36 68
36 69
36 70
36 73
36 83
36 85
36 89
36 94
36 97
36 101
36 102
36 105
36 106
36 109
36 113
36 115
36 116
36 118
36 129
36 130
36 131
36 133
36 136
36 141
36 142
36 143
36 145
36 146
36 147
36 148
36 150
36 151
36 152
36 153
36 154
36 157
37 43
37 46
37 49
37 54
37 55
37 58
37 60
37 66
37 69
37 70
37 77
37 80
37 84
37 90
37 102
37 106
37 113
37 115
37 117
37 118
37 121
37 123
37 128
37 129
37 134
37 138
37 142
37 145
37 146
37 152
37 157
38 40
38 41
38 42
38 43
38 45
38 49
38 51
38 58
38 59
38 60
38 62
38 63
38 66
38 67
38 75
38 85
38 86
38 87
38 90
38 93
38 94
38 95
38 97
38 100
38 105
38 106
38 107
38 108
38 110
38 112
38 114
38 115
38 116
38 118
38 123
38 125
38 126
38 128
38 131
38 136
38 145
38 147
38 150
38 151
38 153
38 154
38 157
38 158
38 161
39 43
39 44
39 54
39 56
39 58
39 59
39 66
39 68
39 71
39 72
39 73
39 75
39 77
39 88
39 90
39 91
39 92
39 95
39 97
39 99
39 100
39 101
39 102
39 109
39 112
39 115
39 116
39 119
39 122
39 128
39 129
39 131
39 132
39 133
39 136
39 137
39 138
39 142
39 145
39 151
39 152
39 154
39 159
39 161
40 43
40 44
40 45
40 46
40 48
40 50
40 52
40 53
40 54
40 55
40 57
40 58
40 59
40 61
40 64
40 65
40 66
40 67
40 68
40 69
40 70
40 71
40 72
40 73
40 75
40 78
40 80
40 82
40 84
40 85
40 87
40 88
40 89
40 90
40 91
40 92
40 95
40 96
40 98
40 100
40 101
40 102
40 103
40 106
40 107
40 108
40 111
40 113
40 117
40 118
40 122
40 125
40 126
40 127
40 128
40 129
40 130
40 131
40 132
40 135
40 136
40 137
40 138
40 139
40 140
40 142
40 147
40 149
40 150
40 152
40 153
40 154
40 155
40 156
40 157
40 160
40 161
41 42
41 49
41 64
41 67
41 70
41 72
41 79
41 80
41 87
41 89
41 93
41 105
41 106
41 107
41 110
41 111
41 113
41 124
41 129
41 131
41 134
41 135
41 138
42 43
42 46
42 49
42 53
42 54
42 61
42 65
42 68
42 72
42 76
42 77
42 80
42 81
42 89
42 91
42 94
42 106
42 109
42 113
42 114
42 115
42 116
42 118
42 122
42 126
42 128
42 129
42 131
42 132
42 133
42 134
42 135
42 138
42 142
42 146
42 150
42 154
42 157
42 158
42 160
43 44
43 45
43 47
43 49
43 50
43 51
43 53
43 54
43 58
43 64
43 65
43 70
43 72
43 73
43 75
43 77
43 79
43 83
43 86
43 87
43 89
43 94
43 96
43 99
43 100
43 102
43 104
43 105
43 106
43 107
43 108
43 113
43 114
43 120
43 127
43 128
43 129
43 131
43 132
43 133
43 135
43 137
43 138
43 139
43 142
43 145
43 147
43 150
43 151
43 153
43 158
43 159
44 49
44 50
44 51
44 52
44 54
44 56
44 60
44 64
44 65
44 67
44 69
44 74
44 75
44 76
44 79
44 80
44 82
44 90
44 92
44 94
44 95
44 99
44 101
44 102
44 105
44 106
44 107
44 108
44 110
44 113
44 114
44 115
44 117
44 118
44 125
44 129
44 134
44 138
44 140
44 141
44 142
44 144
44 146
44 147
44 148
44 149
44 151
44 152
44 153
44 154
44 157
44 158
44 160
45 46
45 49
45 54
45 55
45 58
45 59
45 61
45 63
45 66
45 67
45 70
45 71
45 72
45 74
45 75
45 79
45 82
45 85
45 86
45 87
45 88
45 89
45 90
45 91
45 97
45 99
45 101
45 105
45 108
45 109
45 111
45 114
45 123
45 125
45 129
45 133
45 134
45 135
45 136
45 137
45 139
45 140
45 147
45 148
45 149
45 151
45 152
45 155
45 158
45 161
46 63
46 64
46 68
46 70
46 73
46 74
46 76
46 89
46 94
46 96
46 97
46 99
46 101
46 102
46 104
46 105
46 106
46 107
46 110
46 111
46 112
46 113
46 116
46 125
46 129
46 134
46 135
46 137
46 142
46 146
46 147
46 148
46 149
46 150
46 152
46 154
46 155
46 156
46 157
46 160
47 51
47 53
47 55
47 58
47 65
47 73
47 74
47 76
47 83
47 84
47 85
47 108
47 112
47 119
47 126
47 142
47 158
48 49
48 51
48 63
48 68
48 70
48 72
48 73
48 77
48 79
48 80
48 87
48 89
48 99
48 109
48 113
48 115
48 118
48 125
48 129
48 130
48 131
48 133
48 136
48 138
48 139
48 142
48 145
48 146
48 149
48 154
48 157
48 161
49 50
49 51
49 53
49 54
49 56
49 59
49 64
49 65
49 66
49 67
49 73
49 74
49 77
49 79
49 84
49 88
49 89
49 92
49 93
49 94
49 95
49 96
49 97
49 98
49 100
49 101
49 102
49 103
49 105
49 106
49 107
49 110
49 116
49 118
49 121
49 122
49 129
49 131
49 132
49 134
49 137
49 138
49 139
49 140
49 144
49 145
49 146
49 147
49 148
49 150
49 154
49 156
49 157
49 158
49 160
50 51
50 54
50 55
50 56
50 57
50 60
50 63
50 68
50 69
50 72
50 73
50 74
50 77
50 84
50 88
50 89
50 93
50 95
50 97
50 100
50 102
50 106
50 107
50 113
50 116
50 125
50 126
50 127
50 129
50 133
50 134
50 135
50 137
50 138
50 141
50 143
50 145
50 146
50 147
50 158
50 159
50 160
51 55
51 58
51 60
51 61
51 63
51 65
51 67
51 70
51 72
51 73
51 74
51 75
51 77
51 79
51 81
51 84
51 86
51 89
51 91
51 97
51 98
51 99
51 100
51 101
51 106
51 108
51 109
51 110
51 112
51 113
51 114
51 115
51 117
51 125
51 126
51 127
51 130
51 131
51 134
51 135
51 138
51 139
51 141
51 142
51 143
51 145
51 146
51 147
51 150
51 152
51 153
51 157
51 160
51 161
52 53
52 59
52 64
52 65
52 66
52 67
52 70
52 73
52 79
52 81
52 86
52 89
52 94
52 99
52 102
52 105
52 109
52 110
52 113
52 117
52 122
52 125
52 128
52 131
52 132
52 137
52 142
52 150
52 154
52 155
52 158
52 160
53 54
53 56
53 60
53 61
53 62
53 64
53 67
53 69
53 70
53 73
53 76
53 80
53 84
53 90
53 99
53 102
53 106
53 107
53 108
53 115
53 117
53 122
53 138
53 141
53 142
53 143
53 145
53 147
53 149
53 153
53 154
53 155
54 55
54 56
54 57
54 59
54 62
54 63
54 64
54 65
54 66
54 67
54 68
54 69
54 70
54 71
54 73
54 74
54 75
54 77
54 78
54 79
54 80
54 81
54 82
54 83
54 88
54 93
54 94
54 97
54 98
54 99
54 101
54 102
54 105
54 106
54 107
54 108
54 111
54 112
54 113
54 115
54 116
54 120
54 125
54 128
54 130
54 132
54 133
54 137
54 138
54 141
54 142
54 145
54 147
54 149
54 152
54 153
54 154
54 157
54 159
55 56
55 63
55 64
55 66
55 67
55 68
55 69
55 70
55 72
55 74
55 76
55 79
55 80
55 87
55 92
55 93
55 94
55 95
55 97
55 98
55 102
55 103
55 109
55 112
55 113
55 117
55 119
55 129
55 133
55 134
55 136
55 137
55 139
55 145
55 149
55 151
55 152
55 155
55 157
55 160
56 61
56 62
56 63
56 64
56 65
56 68
56 69
56 70
56 71
56 72
56 73
56 74
56 79
56 80
56 82
56 83
56 84
56 86
56 88
56 91
56 97
56 100
56 102
56 105
56 106
56 107
56 108
56 109
56 110
56 114
56 115
56 116
56 117
56 121
56 125
56 126
56 128
56 131
56 133
56 134
56 137
56 138
56 139
56 142
56 145
56 146
56 147
56 148
56 149
56 150
56 152
56 153
56 154
56 161
57 58
57 69
57 70
57 72
57 73
57 74
57 75
57 76
57 84
57 87
57 90
57 94
57 99
57 101
57 107
57 115
57 118
57 121
57 128
57 129
57 131
57 134
57 137
57 138
57 146
57 151
57 153
57 154
57 161
58 60
58 61
58 62
58 63
58 64
58 65
58 66
58 67
58 68
58 70
58 71
58 72
58 73
58 74
58 76
58 79
58 82
58 83
58 86
58 88
58 92
58 94
58 96
58 99
58 100
58 101
58 103
58 106
58 107
58 108
58 114
58 115
58 117
58 118
58 119
58 125
58 127
58 130
58 131
58 134
58 136
58 138
58 142
58 145
58 146
58 151
58 155
58 157
58 158
58 161
59 64
59 65
59 67
59 68
59 69
59 70
59 72
59 73
59 77
59 79
59 80
59 84
59 86
59 87
59 94
59 100
59 102
59 107
59 112
59 115
59 118
59 126
59 129
59 130
59 133
59 134
59 138
59 139
59 146
59 160
60 79
60 84
60 91
60 102
60 103
60 106
60 109
60 115
60 125
60 128
60 129
60 137
60 158
61 70
61 71
61 72
61 74
61 83
61 85
61 86
61 88
61 89
61 92
61 97
61 101
61 102
61 106
61 107
61 109
61 113
61 114
61 118
61 131
61 133
61 134
61 135
61 136
61 139
61 141
61 142
61 146
61 154
61 155
61 157
61 161
62 64
62 65
62 71
62 76
62 85
62 90
62 92
62 103
62 106
62 108
62 109
62 114
62 115
62 119
62 138
62 139
62 145
62 146
62 147
62 154
62 156
62 157
63 64
63 65
63 69
63 71
63 72
63 73
63 74
63 77
63 79
63 80
63 81
63 82
63 84
63 86
63 87
63 89
63 95
63 97
63 99
63 102
63 106
63 107
63 111
63 113
63 115
63 118
63 120
63 122
63 125
63 128
63 135
63 136
63 137
63 141
63 143
63 146
63 147
63 150
63 154
63 160
63 161
64 65
64 66
64 67
64 68
64 69
64 70
64 73
64 74
64 75
64 79
64 80
64 82
64 83
64 84
64 87
64 88
64 89
64 90
64 93
64 94
64 97
64 99
64 102
64 105
64 106
64 109
64 111
64 113
64 114
64 115
64 117
64 118
64 126
64 129
64 130
64 131
64 132
64 133
64 134
64 137
64 138
64 142
64 145
64 146
64 147
64 152
64 154
64 155
64 157
64 158
65 67
65 68
65 69
65 71
65 73
65 75
65 76
65 77
65 79
65 80
65 81
65 82
65 84
65 85
65 86
65 89
65 90
65 93
65 94
65 98
65 102
65 105
65 106
65 109
65 111
65 112
65 113
65 115
65 117
65 118
65 119
65 122
65 123
65 125
65 128
65 129
65 130
65 131
65 133
65 134
65 135
65 136
65 137
65 138
65 139
65 141
65 143
65 145
65 147
65 149
65 150
65 152
65 154
65 155
65 157
65 158
66 67
66 68
66 70
66 72
66 73
66 84
66 88
66 91
66 92
66 93
66 94
66 98
66 103
66 106
66 112
66 113
66 114
66 118
66 123
66 130
66 131
66 134
66 136
66 137
66 138
66 139
66 141
66 142
66 147
66 149
66 154
66 155
66 157
66 159
66 161
67 71
67 72
67 73
67 74
67 75
67 78
67 79
67 80
67 82
67 91
67 93
67 97
67 98
67 101
67 102
67 103
67 104
67 105
67 108
67 109
67 111
67 113
67 114
67 115
67 118
67 121
67 125
67 126
67 128
67 129
67 131
67 133
67 135
67 138
67 140
67 141
67 143
67 145
67 146
67 147
67 148
67 149
67 150
67 152
67 153
67 154
67 157
67 158
67 160
67 161
68 69
68 70
68 72
68 74
68 76
68 77
68 79
68 80
68 85
68 86
68 89
68 91
68 92
68 95
68 96
68 98
68 100
68 101
68 104
68 106
68 107
68 111
68 112
68 113
68 114
68 115
68 116
68 117
68 118
68 121
68 128
68 129
68 130
68 133
68 134
68 136
68 137
68 138
68 139
68 140
68 142
68 145
68 149
68 151
68 152
68 153
68 154
68 159
68 161
69 70
69 71
69 72
69 73
69 74
69 75
69 79
69 84
69 86
69 89
69 91
69 93
69 94
69 99
69 100
69 101
69 103
69 105
69 106
69 108
69 109
69 111
69 112
69 114
69 115
69 116
69 117
69 118
69 119
69 120
69 122
69 123
69 125
69 127
69 128
69 129
69 133
69 134
69 136
69 137
69 139
69 141
69 142
69 143
69 147
69 148
69 151
69 152
69 153
69 154
69 156
69 157
69 158
69 159
70 73
70 74
70 76
70 77
70 81
70 82
70 84
70 89
70 90
70 93
70 94
70 95
70 97
70 98
70 99
70 100
70 101
70 102
70 106
70 110
70 112
70 113
70 118
70 119
70 126
70 127
70 130
70 131
70 135
70 136
70 137
70 140
70 141
70 142
70 145
70 146
70 152
70 153
70 157
70 161
71 72
71 74
71 75
71 76
71 79
71 83
71 84
71 87
71 89
71 91
71 92
71 93
71 94
71 96
71 97
71 98
71 103
71 104
71 105
71 106
71 110
71 112
71 115
71 116
71 119
71 121
71 122
71 124
71 125
71 129
71 132
71 134
71 137
71 138
71 139
71 142
71 146
71 147
71 149
71 150
71 151
71 152
71 154
71 155
71 157
71 160
71 161
72 73
72 74
72 77
72 79
72 80
72 81
72 82
72 85
72 86
72 90
72 94
72 95
72 96
72 99
72 100
72 101
72 102
72 103
72 104
72 107
72 109
72 111
72 112
72 113
72 114
72 117
72 118
72 122
72 125
72 126
72 129
72 130
72 131
72 134
72 137
72 138
72 143
72 145
72 146
72 147
72 149
72 150
72 152
72 153
72 154
72 158
72 160
73 77
73 78
73 89
73 91
73 92
73 94
73 97
73 98
73 100
73 101
73 103
73 104
73 105
73 108
73 109
73 110
73 111
73 112
73 113
73 114
73 115
73 118
73 119
73 126
73 133
73 134
73 135
73 137
73 138
73 139
73 141
73 142
73 143
73 145
73 146
73 148
73 149
73 150
73 151
73 152
73 153
73 154
73 157
73 160
73 161
74 76
74 79
74 84
74 89
74 90
74 91
74 92
74 95
74 97
74 101
74 102
74 105
74 106
74 107
74 108
74 110
74 113
74 114
74 115
74 117
74 118
74 119
74 125
74 128
74 129
74 130
74 131
74 134
74 135
74 136
74 137
74 138
74 140
74 146
74 147
74 149
74 150
74 152
74 154
74 156
74 157
74 158
74 159
74 161
75 79
75 80
75 85
75 89
75 94
75 97
75 107
75 109
75 113
75 115
75 117
75 118
75 120
75 125
75 129
75 135
75 142
75 143
75 145
75 147
75 152
75 153
75 154
75 158
75 160
75 161
76 79
76 89
76 97
76 99
76 102
76 104
76 105
76 108
76 110
76 114
76 115
76 117
76 124
76 143
76 146
76 147
76 152
76 153
76 154
76 158
76 160
77 88
77 89
77 91
77 92
77 93
77 95
77 97
77 99
77 100
77 101
77 102
77 103
77 105
77 107
77 108
77 115
77 116
77 121
77 125
77 128
77 129
77 130
77 131
77 133
77 139
77 141
77 142
77 143
77 145
77 147
77 151
77 152
77 153
77 154
77 157
77 159
78 103
78 109
78 112
78 116
78 152
79 83
79 84
79 85
79 86
79 88
79 90
79 91
79 92
79 94
79 99
79 101
79 104
79 105
79 106
79 108
79 111
79 112
79 114
79 115
79 118
79 120
79 121
79 123
79 124
79 126
79 128
79 129
79 130
79 133
79 136
79 138
79 141
79 142
79 144
79 145
79 146
79 147
79 148
79 149
79 150
79 151
79 154
79 157
79 159
79 160
80 83
80 85
80 86
80 87
80 88
80 99
80 100
80 107
80 109
80 114
80 115
80 116
80 118
80 125
80 133
80 137
80 140
80 142
80 143
80 147
80 149
80 152
80 158
81 90
81 97
81 109
81 112
81 114
81 117
81 118
81 125
81 135
81 141
81 143
81 146
81 154
81 156
81 157
81 158
81 161
82 93
82 94
82 96
82 100
82 103
82 105
82 107
82 109
82 115
82 117
82 118
82 130
82 131
82 133
82 134
82 137
82 139
82 140
82 147
82 148
82 151
82 153
82 158
82 159
82 160
83 84
83 85
83 92
83 105
83 112
83 117
83 119
83 126
83 129
83 133
83 137
83 138
83 145
83 151
83 153
83 155
83 158
84 85
84 87
84 89
84 92
84 94
84 95
84 102
84 106
84 107
84 109
84 111
84 112
84 116
84 118
84 129
84 130
84 131
84 133
84 134
84 135
84 136
84 138
84 139
84 142
84 153
84 155
84 157
84 158
85 87
85 100
85 102
85 104
85 108
85 113
85 114
85 119
85 128
85 130
85 142
85 145
85 147
85 150
85 151
85 154
85 155
85 157
86 89
86 97
86 101
86 103
86 105
86 108
86 111
86 113
86 114
86 115
86 117
86 128
86 129
86 130
86 131
86 133
86 138
86 141
86 146
86 151
86 154
86 157
86 158
87 89
87 90
87 92
87 95
87 97
87 99
87 100
87 102
87 106
87 107
87 112
87 113
87 114
87 115
87 119
87 125
87 132
87 138
87 139
87 140
87 143
87 145
87 146
87 147
87 150
87 152
87 154
87 157
87 160
88 90
88 91
88 95
88 97
88 101
88 103
88 105
88 106
88 107
88 113
88 114
88 115
88 129
88 135
88 136
88 139
88 141
88 142
88 145
88 149
88 151
88 152
88 153
88 156
88 157
88 158
88 159
89 94
89 99
89 100
89 101
89 103
89 106
89 108
89 109
89 113
89 114
89 115
89 116
89 118
89 120
89 123
89 125
89 126
89 128
89 129
89 131
89 133
89 135
89 136
89 137
89 138
89 143
89 144
89 145
89 147
89 148
89 151
89 152
89 154
89 155
89 156
89 157
89 158
89 159
90 94
90 96
90 100
90 102
90 117
90 133
90 145
90 146
90 150
90 152
90 161
91 93
91 101
91 112
91 113
91 114
91 116
91 118
91 119
91 122
91 128
91 130
91 131
91 132
91 134
91 135
91 138
91 141
91 149
91 151
91 154
91 156
91 157
91 160
92 94
92 100
92 106
92 111
92 112
92 114
92 117
92 118
92 119
92 126
92 129
92 136
92 142
92 147
92 150
92 154
92 157
92 161
93 94
93 97
93 99
93 101
93 102
93 103
93 105
93 106
93 108
93 109
93 112
93 117
93 120
93 122
93 127
93 128
93 129
93 130
93 131
93 133
93 134
93 137
93 139
93 142
93 147
93 148
93 149
93 158
93 159
94 97
94 99
94 100
94 103
94 105
94 106
94 107
94 109
94 111
94 113
94 115
94 117
94 118
94 119
94 120
94 122
94 124
94 131
94 133
94 137
94 142
94 151
94 152
94 153
94 154
94 158
95 100
95 105
95 113
95 114
95 118
95 126
95 128
95 129
95 135
95 140
95 142
95 144
95 148
95 151
95 152
95 153
95 154
96 102
96 105
96 106
96 113
96 117
96 118
96 125
96 129
96 131
96 137
96 139
96 142
96 145
96 150
96 152
96 160
97 99
97 100
97 104
97 105
97 109
97 111
97 113
97 114
97 116
97 117
97 118
97 122
97 125
97 128
97 134
97 137
97 138
97 139
97 141
97 146
97 147
97 150
97 154
97 155
97 157
97 158
97 159
97 160
97 161
98 99
98 101
98 106
98 108
98 110
98 113
98 117
98 119
98 122
98 129
98 131
98 134
98 136
98 137
98 138
98 142
98 147
98 156
98 157
98 160
99 100
99 101
99 108
99 116
99 117
99 121
99 126
99 129
99 133
99 139
99 143
99 145
99 147
99 150
99 151
99 157
99 158
100 101
100 105
100 108
100 111
100 113
100 120
100 121
100 127
100 129
100 131
100 132
100 134
100 135
100 136
100 137
100 142
100 150
100 151
100 152
100 153
100 157
101 102
101 105
101 106
101 107
101 109
101 110
101 112
101 113
101 114
101 115
101 116
101 118
101 125
101 129
101 130
101 131
101 133
101 134
101 137
101 138
101 142
101 143
101 145
101 147
101 148
101 151
101 152
101 154
101 156
101 157
101 158
101 159
101 160
101 161
102 103
102 104
102 105
102 106
102 107
102 108
102 109
102 113
102 115
102 117
102 118
102 119
102 121
102 126
102 128
102 130
102 131
102 133
102 134
102 135
102 136
102 137
102 138
102 139
102 142
102 149
102 151
102 152
102 154
102 157
102 158
102 161
103 104
103 106
103 107
103 115
103 129
103 131
103 133
103 134
103 138
103 139
103 142
103 145
103 151
103 152
103 153
103 154
103 158
104 105
104 109
104 110
104 115
104 118
104 128
104 136
104 140
104 142
104 147
104 152
104 157
104 159
105 108
105 109
105 110
105 113
105 115
105 117
105 118
105 129
105 141
105 143
105 145
105 146
105 147
105 148
105 150
105 152
105 156
105 160
105 161
106 107
106 110
106 115
106 116
106 117
106 118
106 124
106 125
106 129
106 130
106 131
106 133
106 134
106 135
106 137
106 138
106 139
106 140
106 141
106 142
106 146
106 147
106 148
106 151
106 152
106 154
106 155
106 158
106 159
106 161
107 109
107 110
107 111
107 114
107 115
107 117
107 118
107 129
107 133
107 134
107 136
107 138
107 140
107 147
107 151
107 153
108 112
108 113
108 114
108 116
108 117
108 118
108 119
108 126
108 127
108 130
108 131
108 133
108 138
108 142
108 143
108 146
108 147
108 149
108 150
108 160
109 111
109 112
109 114
109 125
109 128
109 134
109 135
109 137
109 140
109 141
109 145
109 146
109 147
109 149
109 154
110 115
110 118
110 123
110 127
110 130
110 135
110 147
110 151
110 155
110 160
111 114
111 115
111 123
111 127
111 133
111 134
111 137
111 145
111 148
111 151
111 152
111 154
111 158
111 160
111 161
112 113
112 115
112 117
112 118
112 121
112 127
112 128
112 131
112 132
112 133
112 136
112 137
112 138
112 146
112 148
112 150
112 152
112 154
112 156
112 159
112 161
113 114
113 115
113 117
113 122
113 127
113 129
113 131
113 133
113 137
113 139
113 141
113 144
113 145
113 146
113 147
113 151
113 154
113 157
114 115
114 116
114 118
114 125
114 129
114 131
114 134
114 135
114 136
114 137
114 139
114 142
114 145
114 147
114 150
114 151
114 152
114 153
114 154
114 155
114 159
114 160
115 118
115 120
115 122
115 128
115 129
115 131
115 134
115 135
115 136
115 137
115 138
115 139
115 140
115 141
115 142
115 145
115 146
115 147
115 148
115 149
115 150
115 152
115 153
115 154
115 155
115 157
115 158
115 161
116 124
116 129
116 130
116 136
116 137
116 138
116 139
116 142
116 152
116 153
116 154
116 160
117 118
117 119
117 121
117 129
117 130
117 131
117 134
117 135
117 137
117 141
117 142
117 143
117 146
117 147
117 148
117 149
117 151
117 152
117 153
117 155
117 157
117 158
117 159
117 161
118 121
118 124
118 129
118 132
118 134
118 135
118 137
118 138
118 139
118 140
118 141
118 146
118 147
118 148
118 151
118 152
118 153
118 154
118 157
118 158
118 161
119 124
119 131
119 138
119 141
119 142
119 143
119 146
119 151
119 157
119 158
119 160
120 121
120 127
120 129
120 133
120 146
121 131
121 138
121 149
121 152
121 158
121 161
122 134
122 136
122 138
122 142
122 150
122 160
123 130
124 125
124 130
124 143
124 160
125 128
125 131
125 133
125 134
125 137
125 138
125 139
125 140
125 142
125 145
125 148
125 152
125 154
125 155
125 161
126 130
126 131
126 136
126 137
126 138
126 139
126 140
126 141
126 142
126 149
126 154
126 157
126 160
126 161
127 130
127 133
127 134
127 137
127 138
127 140
128 132
128 135
128 151
128 152
128 157
129 131
129 135
129 136
129 137
129 138
129 139
129 140
129 145
129 147
129 148
129 151
129 152
129 153
129 154
129 155
129 157
129 158
129 159
129 160
130 131
130 133
130 135
130 136
130 137
130 139
130 149
130 152
130 160
131 132
131 133
131 134
131 137
131 138
131 139
131 143
131 146
131 147
131 148
131 151
131 152
131 154
131 158
131 159
131 160
132 133
132 134
132 136
132 142
132 152
132 153
132 154
132 160
132 161
133 136
133 137
133 138
133 139
133 142
133 143
133 146
133 147
133 149
133 151
133 153
133 156
133 157
133 158
133 159
133 161
134 138
134 139
134 142
134 143
134 145
134 146
134 147
134 149
134 152
134 153
134 154
134 159
134 160
135 137
135 141
135 142
135 147
135 152
135 158
135 161
136 139
136 146
136 148
136 152
136 157
136 158
136 161
137 138
137 139
137 141
137 142
137 147
137 150
137 151
137 153
137 154
137 157
138 140
138 143
138 146
138 149
138 152
138 153
138 154
138 155
138 157
138 158
138 159
138 160
138 161
139 142
139 145
139 151
139 152
139 154
139 155
139 156
139 158
139 161
140 154
140 160
141 142
141 147
141 149
141 152
141 153
141 154
141 155
141 158
142 143
142 146
142 147
142 149
142 150
142 152
142 154
142 157
142 159
142 160
142 161
143 145
143 146
143 153
143 154
143 158
143 160
144 158
145 148
145 151
145 152
145 157
145 158
145 160
145 161
146 151
146 152
146 154
146 158
146 159
146 160
147 153
147 154
147 159
148 151
148 154
148 159
148 160
149 152
149 153
149 154
149 158
150 152
150 153
150 157
150 160
151 152
151 158
151 160
151 161
152 153
152 160
153 157
153 160
153 161
154 157
154 159
154 160
154 161
155 157
155 161
157 159
157 161
158 159
160 161
