0 4
0 6
0 7
0 11
0 14
0 15
0 25
0 31
0 32
0 34
0 36
0 39
0 45
0 46
0 48
0 49
0 51
0 63
0 64
0 65
0 70
0 71
0 72
0 79
0 89
0 93
0 94
0 98
0 102
0 103
0 105
0 106
0 108
0 112
0 114
0 115
0 118
0 121
0 128
0 129
0 131
0 133
0 135
0 141
0 143
0 145
0 151
0 153
0 154
0 155
0 157
0 159
1 6
1 8
1 12
1 15
1 17
1 18
1 22
1 31
1 35
1 36
1 43
1 44
1 50
1 54
1 58
1 64
1 65
1 67
1 69
1 71
1 80
1 85
1 87
1 89
1 91
1 94
1 95
1 99
1 100
1 102
1 104
1 109
1 115
1 117
1 119
1 125
1 129
1 132
1 133
1 134
1 135
1 137
1 139
1 141
1 145
1 148
1 149
1 154
1 155
2 10
2 15
2 27
2 31
2 34
2 36
2 37
2 39
2 49
2 50
2 53
2 57
2 58
2 67
2 69
2 71
2 75
2 77
2 81
2 85
2 87
2 91
2 94
2 109
2 122
2 128
2 129
2 133
2 139
2 142
2 146
2 151
3 4
3 6
3 7
3 14
3 19
3 25
3 26
3 28
3 32
3 34
3 38
3 40
3 42
3 48
3 50
3 54
3 64
3 65
3 66
3 67
3 68
3 70
3 74
3 77
3 97
3 98
3 101
3 110
3 111
3 113
3 114
3 117
3 120
3 126
3 128
3 129
3 131
3 133
3 134
3 146
3 154
3 156
3 159
3 160
4 6
4 8
4 9
4 14
4 19
4 22
4 23
4 24
4 25
4 26
4 28
4 30
4 31
4 32
4 34
4 35
4 37
4 38
4 39
4 43
4 44
4 45
4 46
4 47
4 48
4 49
4 51
4 55
4 56
4 58
4 62
4 63
4 64
4 65
4 66
4 67
4 68
4 69
4 70
4 73
4 75
4 78
4 84
4 88
4 89
4 90
4 92
4 93
4 94
4 95
4 97
4 99
4 101
4 102
4 103
4 104
4 106
4 108
4 109
4 111
4 112
4 114
4 115
4 116
4 117
4 118
4 119
4 125
4 126
4 129
4 130
4 132
4 133
4 136
4 137
4 139
4 141
4 142
4 143
4 147
4 149
4 150
4 153
4 154
4 157
4 160
4 161
5 7
5 15
5 20
5 22
5 51
5 55
5 58
5 60
5 64
5 66
5 71
5 75
5 76
5 81
5 85
5 92
5 94
5 97
5 99
5 101
5 107
5 109
5 118
5 126
5 130
5 137
5 138
5 151
5 152
5 158
5 161
6 7
6 8
6 9
6 11
6 12
6 14
6 15
6 18
6 21
6 23
6 26
6 30
6 31
6 34
6 36
6 39
6 40
6 42
6 43
6 44
6 45
6 46
6 48
6 49
6 50
6 51
6 52
6 53
6 54
6 57
6 58
6 59
6 64
6 66
6 67
6 69
6 70
6 71
6 72
6 73
6 74
6 77
6 79
6 80
6 82
6 84
6 88
6 89
6 91
6 93
6 97
6 98
6 99
6 102
6 103
6 104
6 105
6 107
6 108
6 110
6 114
6 115
6 117
6 120
6 124
6 126
6 128
6 129
6 130
6 133
6 135
6 137
6 138
6 141
6 142
6 145
6 147
6 149
6 150
6 153
6 154
6 157
6 160
6 161
7 8
7 9
7 10
7 11
7 13
7 14
7 16
7 18
7 19
7 20
7 21
7 25
7 26
7 30
7 31
7 37
7 38
7 40
7 41
7 45
7 47
7 48
7 49
7 54
7 55
7 58
7 59
7 61
7 62
7 63
7 64
7 65
7 67
7 69
7 70
7 71
7 72
7 74
7 75
7 76
7 79
7 80
7 86
7 87
7 89
7 91
7 92
7 93
7 94
7 97
7 98
7 105
7 106
7 107
7 110
7 113
7 114
7 115
7 116
7 117
7 118
7 119
7 124
7 125
7 127
7 128
7 129
7 130
7 131
7 132
7 137
7 139
7 142
7 146
7 147
7 148
7 150
7 152
7 153
7 154
7 156
7 157
7 158
7 159
7 160
7 161
8 11
8 14
8 15
8 22
8 25
8 26
8 34
8 44
8 46
8 51
8 62
8 64
8 68
8 72
8 78
8 89
8 97
8 100
8 101
8 102
8 105
8 106
8 107
8 115
8 117
8 125
8 129
8 133
8 134
8 135
8 137
8 141
8 146
8 150
8 151
8 153
8 154
8 155
8 161
9 10
9 12
9 19
9 20
9 24
9 25
9 26
9 31
9 32
9 35
9 36
9 38
9 45
9 49
9 55
9 57
9 61
9 64
9 65
9 66
9 68
9 69
9 71
9 72
9 73
9 74
9 75
9 77
9 79
9 80
9 84
9 86
9 89
9 92
9 94
9 97
9 99
9 101
9 103
9 105
9 106
9 109
9 110
9 111
9 112
9 113
9 114
9 117
9 118
9 126
9 128
9 129
9 130
9 131
9 132
9 133
9 134
9 135
9 137
9 138
9 139
9 141
9 142
9 143
9 146
9 147
9 148
9 149
9 152
9 158
9 159
9 160
10 14
10 18
10 19
10 24
10 25
10 26
10 28
10 29
10 32
10 40
10 42
10 44
10 47
10 49
10 51
10 52
10 54
10 66
10 69
10 71
10 74
10 75
10 76
10 78
10 79
10 80
10 84
10 89
10 90
10 92
10 94
10 96
10 97
10 104
10 106
10 107
10 113
10 114
10 117
10 127
10 131
10 133
10 142
10 146
10 155
10 157
10 160
11 12
11 13
11 15
11 17
11 18
11 20
11 22
11 23
11 24
11 25
11 26
11 29
11 30
11 36
11 38
11 43
11 44
11 47
11 49
11 50
11 51
11 53
11 56
11 58
11 63
11 64
11 66
11 68
11 69
11 70
11 71
11 72
11 73
11 77
11 83
11 85
11 86
11 89
11 94
11 98
11 100
11 101
11 104
11 106
11 108
11 109
11 113
11 114
11 115
11 116
11 117
11 119
11 124
11 125
11 129
11 130
11 133
11 134
11 138
11 139
11 140
11 141
11 142
11 143
11 144
11 145
11 147
11 150
11 151
11 152
11 158
12 17
12 18
12 26
12 30
12 31
12 32
12 35
12 36
12 38
12 40
12 41
12 48
12 49
12 52
12 54
12 58
12 59
12 65
12 67
12 68
12 72
12 74
12 75
12 84
12 85
12 87
12 89
12 96
12 97
12 106
12 108
12 110
12 113
12 117
12 121
12 124
12 125
12 126
12 127
12 129
12 130
12 131
12 132
12 137
12 138
12 147
12 149
12 153
12 154
13 21
13 26
13 27
13 36
13 40
13 43
13 44
13 45
13 49
13 51
13 56
13 58
13 59
13 63
13 66
13 68
13 70
13 71
13 72
13 77
13 78
13 81
13 86
13 87
13 89
13 101
13 111
13 113
13 114
13 116
13 125
13 127
13 129
13 137
13 139
13 140
13 142
13 147
13 151
13 156
13 157
13 161
14 15
14 17
14 20
14 21
14 31
14 32
14 34
14 35
14 36
14 38
14 39
14 44
14 45
14 48
14 49
14 50
14 51
14 54
14 55
14 56
14 57
14 59
14 63
14 65
14 66
14 67
14 68
14 69
14 70
14 73
14 74
14 75
14 77
14 79
14 80
14 81
14 84
14 88
14 91
14 92
14 94
14 95
14 97
14 98
14 99
14 101
14 102
14 104
14 108
14 109
14 113
14 114
14 126
14 129
14 130
14 133
14 134
14 137
14 138
14 139
14 142
14 144
14 145
14 146
14 148
14 152
14 153
14 154
14 161
15 18
15 19
15 25
15 32
15 34
15 36
15 38
15 39
15 42
15 45
15 46
15 49
15 50
15 54
15 55
15 58
15 62
15 65
15 66
15 67
15 68
15 69
15 71
15 74
15 75
15 79
15 86
15 89
15 92
15 94
15 96
15 97
15 101
15 103
15 107
15 111
15 114
15 116
15 122
15 129
15 131
15 135
15 137
15 141
15 152
15 154
15 161
16 18
16 31
16 35
16 38
16 42
16 43
16 52
16 58
16 59
16 62
16 67
16 68
16 69
16 72
16 84
16 95
16 100
16 102
16 108
16 109
16 111
16 112
16 115
16 126
16 130
16 132
16 135
16 137
16 141
16 142
16 145
16 147
16 154
16 159
17 21
17 23
17 28
17 32
17 39
17 65
17 70
17 72
17 74
17 84
17 85
17 93
17 97
17 106
17 118
17 129
17 133
17 135
17 137
17 150
17 153
17 157
18 26
18 29
18 30
18 35
18 36
18 40
18 43
18 44
18 51
18 55
18 58
18 64
18 67
18 68
18 69
18 71
18 72
18 73
18 79
18 82
18 84
18 87
18 93
18 94
18 97
18 99
18 102
18 106
18 107
18 114
18 115
18 126
18 129
18 130
18 136
18 137
18 138
18 142
18 143
18 152
18 153
18 157
18 160
19 21
19 26
19 30
19 31
19 32
19 33
19 34
19 38
19 40
19 44
19 48
19 49
19 52
19 53
19 54
19 56
19 57
19 61
19 62
19 64
19 65
19 66
19 68
19 69
19 70
19 72
19 73
19 74
19 77
19 78
19 79
19 85
19 86
19 89
19 95
19 96
19 97
19 98
19 99
19 100
19 102
19 106
19 110
19 111
19 112
19 113
19 114
19 116
19 117
19 118
19 119
19 120
19 125
19 129
19 131
19 135
19 138
19 142
19 143
19 145
19 146
19 147
19 148
19 151
19 152
19 154
19 155
19 157
19 158
19 161
20 26
20 31
20 35
20 36
20 43
20 44
20 46
20 48
20 49
20 52
20 53
20 55
20 61
20 64
20 70
20 72
20 75
20 77
20 90
20 105
20 131
20 135
20 139
20 154
20 157
20 160
21 26
21 28
21 30
21 32
21 33
21 35
21 36
21 38
21 39
21 40
21 41
21 43
21 44
21 49
21 51
21 54
21 56
21 59
21 60
21 61
21 64
21 66
21 67
21 68
21 70
21 71
21 73
21 74
21 75
21 80
21 81
21 85
21 88
21 90
21 91
21 94
21 95
21 96
21 102
21 107
21 113
21 114
21 115
21 116
21 124
21 125
21 126
21 131
21 133
21 134
21 137
21 138
21 140
21 142
21 145
21 146
21 147
21 151
21 153
21 154
21 155
21 157
21 158
21 161
22 26
22 31
22 42
22 45
22 46
22 50
22 51
22 54
22 56
22 58
22 65
22 67
22 71
22 79
22 89
22 93
22 105
22 111
22 118
22 131
22 133
22 134
22 135
22 142
22 147
22 150
22 155
22 156
22 158
23 24
23 26
23 30
23 31
23 35
23 40
23 43
23 48
23 55
23 59
23 60
23 61
23 64
23 65
23 67
23 70
23 71
23 72
23 73
23 80
23 83
23 85
23 89
23 94
23 95
23 96
23 101
23 103
23 105
23 106
23 112
23 116
23 118
23 129
23 131
23 133
23 135
23 137
23 138
23 151
23 152
24 28
24 36
24 38
24 41
24 42
24 43
24 44
24 46
24 50
24 51
24 53
24 56
24 58
24 64
24 65
24 66
24 67
24 68
24 69
24 71
24 74
24 76
24 78
24 79
24 83
24 87
24 94
24 96
24 100
24 102
24 103
24 106
24 107
24 113
24 118
24 128
24 137
24 147
24 151
24 152
24 160
24 161
25 26
25 29
25 30
25 31
25 33
25 40
25 44
25 49
25 51
25 54
25 61
25 64
25 65
25 68
25 69
25 70
25 74
25 76
25 79
25 81
25 87
25 93
25 99
25 100
25 101
25 102
25 108
25 109
25 113
25 114
25 116
25 117
25 118
25 119
25 122
25 123
25 124
25 125
25 130
25 133
25 138
25 142
25 147
25 149
25 150
25 152
25 154
25 161
26 27
26 31
26 32
26 35
26 36
26 38
26 39
26 40
26 41
26 43
26 44
26 45
26 46
26 49
26 51
26 52
26 53
26 54
26 57
26 62
26 63
26 65
26 66
26 69
26 70
26 72
26 73
26 74
26 75
26 76
26 77
26 83
26 87
26 93
26 95
26 96
26 97
26 98
26 99
26 100
26 101
26 102
26 103
26 106
26 107
26 109
26 111
26 113
26 114
26 116
26 117
26 124
26 125
26 126
26 129
26 131
26 132
26 134
26 135
26 137
26 139
26 142
26 143
26 146
26 147
26 152
26 153
26 154
26 157
26 158
26 161
27 32
27 40
27 44
27 47
27 49
27 53
27 55
27 70
27 84
27 86
27 97
27 102
27 111
27 133
27 134
27 136
27 146
27 147
27 157
27 159
27 161
28 31
28 32
28 36
28 38
28 42
28 43
28 46
28 51
28 61
28 66
28 68
28 70
28 71
28 73
28 76
28 77
28 79
28 87
28 89
28 93
28 98
28 101
28 102
28 103
28 106
28 112
28 113
28 115
28 117
28 118
28 132
28 134
28 138
28 141
28 142
28 145
28 147
28 158
28 159
29 30
29 33
29 39
29 40
29 44
29 56
29 72
29 74
29 86
29 89
29 107
29 109
29 112
29 113
29 114
29 115
29 125
29 133
29 137
29 138
29 142
29 147
29 160
30 31
30 32
30 34
30 35
30 38
30 39
30 40
30 42
30 43
30 46
30 48
30 49
30 50
30 51
30 54
30 55
30 60
30 61
30 64
30 65
30 68
30 70
30 71
30 72
30 76
30 77
30 82
30 83
30 89
30 93
30 94
30 97
30 99
30 100
30 102
30 103
30 107
30 109
30 111
30 113
30 115
30 118
30 126
30 129
30 130
30 131
30 133
30 134
30 137
30 139
30 141
30 146
30 147
30 149
30 151
30 152
30 157
30 159
31 32
31 33
31 35
31 37
31 38
31 39
31 40
31 44
31 46
31 48
31 55
31 58
31 60
31 61
31 63
31 64
31 65
31 66
31 67
31 68
31 69
31 70
31 71
31 73
31 75
31 77
31 79
31 81
31 82
31 84
31 86
31 87
31 88
31 89
31 90
31 91
31 94
31 97
31 99
31 101
31 104
31 106
31 108
31 109
31 110
31 111
31 114
31 115
31 118
31 122
31 125
31 128
31 130
31 137
31 138
31 143
31 148
31 152
31 153
31 154
31 155
31 156
31 157
31 158
31 160
32 34
32 37
32 40
32 45
32 46
32 49
32 50
32 53
32 54
32 56
32 58
32 62
32 64
32 65
32 67
32 68
32 73
32 75
32 79
32 80
32 84
32 91
32 94
32 99
32 100
32 106
32 111
32 113
32 115
32 116
32 117
32 123
32 125
32 126
32 127
32 129
32 130
32 131
32 132
32 133
32 134
32 135
32 136
32 137
32 138
32 139
32 140
32 141
32 147
32 150
32 151
32 153
32 154
32 157
32 158
32 161
33 39
33 43
33 46
33 49
33 64
33 65
33 69
33 74
33 75
33 79
33 96
33 97
33 101
33 106
33 108
33 111
33 113
33 115
33 117
33 118
33 129
33 134
33 136
33 139
33 140
33 142
33 145
33 148
33 150
33 152
33 158
34 35
34 44
34 46
34 49
34 50
34 51
34 56
34 57
34 62
34 65
34 68
34 69
34 70
34 72
34 74
34 75
34 76
34 77
34 79
34 80
34 84
34 85
34 91
34 92
34 93
34 97
34 99
34 101
34 102
34 107
34 115
34 123
34 129
34 130
34 131
34 132
34 133
34 137
34 145
34 147
34 152
34 160
34 161
35 37
35 38
35 40
35 44
35 45
35 47
35 48
35 53
35 56
35 58
35 60
35 63
35 65
35 66
35 67
35 69
35 71
35 72
35 74
35 79
35 81
35 83
35 87
35 89
35 91
35 93
35 96
35 101
35 105
35 106
35 109
35 111
35 116
35 125
35 127
35 131
35 133
35 135
35 136
35 138
35 139
35 142
35 143
35 144
35 151
35 154
35 155
35 157
35 158
35 160
36 44
36 45
36 49
36 50
36 54
36 56
36 57
36 58
36 64
36 66
36 67
36 68
36 69
36 70
36 72
36 73
36 75
36 79
36 82
36 84
36 86
36 87
36 88
36 92
36 94
36 101
36 104
36 105
36 109
36 110
36 112
36 115
36 116
36 124
36 125
36 133
36 136
36 141
36 147
36 148
36 154
36 156
36 158
36 161
37 38
37 41
37 45
37 47
37 49
37 50
37 51
37 54
37 56
37 57
37 64
37 65
37 67
37 68
37 73
37 74
37 75
37 79
37 80
37 86
37 89
37 91
37 93
37 97
37 100
37 101
37 103
37 106
37 107
37 112
37 113
37 114
37 121
37 125
37 126
37 128
37 129
37 134
37 136
37 138
37 154
37 158
37 159
38 39
38 40
38 41
38 43
38 45
38 48
38 49
38 50
38 51
38 52
38 54
38 55
38 57
38 59
38 62
38 64
38 65
38 66
38 67
38 68
38 69
38 70
38 72
38 74
38 75
38 81
38 84
38 86
38 91
38 93
38 97
38 98
38 99
38 100
38 103
38 105
38 106
38 111
38 112
38 113
38 117
38 118
38 119
38 125
38 127
38 128
38 131
38 132
38 135
38 137
38 138
38 139
38 142
38 145
38 152
38 154
38 155
38 158
38 161
39 42
39 45
39 46
39 49
39 51
39 52
39 54
39 61
39 64
39 65
39 66
39 67
39 70
39 71
39 72
39 73
39 76
39 84
39 93
39 94
39 95
39 100
39 103
39 105
39 107
39 108
39 109
39 113
39 126
39 128
39 132
39 133
39 135
39 136
39 142
39 146
39 157
39 160
40 44
40 48
40 49
40 50
40 51
40 52
40 53
40 54
40 55
40 57
40 58
40 63
40 64
40 65
40 66
40 67
40 68
40 69
40 70
40 71
40 74
40 75
40 76
40 77
40 80
40 85
40 86
40 87
40 91
40 97
40 98
40 100
40 101
40 102
40 104
40 108
40 109
40 110
40 111
40 114
40 115
40 117
40 121
40 125
40 126
40 127
40 129
40 131
40 132
40 133
40 134
40 135
40 137
40 139
40 141
40 142
40 145
40 146
40 147
40 149
40 150
40 152
40 153
40 154
40 156
40 157
40 161
41 44
41 48
41 51
41 52
41 63
41 64
41 67
41 69
41 79
41 86
41 102
41 108
41 118
41 134
41 138
41 139
41 147
41 161
42 43
42 44
42 45
42 53
42 54
42 55
42 60
42 61
42 64
42 66
42 67
42 68
42 69
42 73
42 74
42 79
42 80
42 82
42 84
42 85
42 96
42 98
42 99
42 100
42 108
42 109
42 112
42 116
42 117
42 131
42 138
42 146
42 149
42 160
43 48
43 49
43 50
43 53
43 56
43 58
43 61
43 64
43 65
43 67
43 68
43 69
43 71
43 72
43 75
43 79
43 84
43 87
43 88
43 89
43 96
43 97
43 99
43 106
43 111
43 112
43 113
43 116
43 118
43 122
43 128
43 131
43 139
43 143
43 146
43 149
43 158
43 160
44 49
44 52
44 53
44 56
44 57
44 61
44 64
44 67
44 68
44 69
44 70
44 71
44 72
44 74
44 79
44 80
44 81
44 83
44 84
44 85
44 86
44 88
44 89
44 91
44 94
44 97
44 99
44 101
44 102
44 103
44 106
44 107
44 112
44 114
44 115
44 117
44 121
44 126
44 128
44 129
44 133
44 134
44 135
44 138
44 142
44 143
44 145
44 146
44 147
44 148
44 149
44 151
44 152
44 154
44 157
44 158
44 159
44 161
45 49
45 53
45 56
45 57
45 63
45 64
45 65
45 66
45 67
45 68
45 69
45 70
45 71
45 72
45 73
45 76
45 77
45 79
45 88
45 93
45 95
45 98
45 99
45 100
45 102
45 103
45 106
45 108
45 109
45 112
45 113
45 115
45 117
45 120
45 129
45 130
45 131
45 136
45 138
45 142
45 143
45 145
45 146
45 147
45 149
45 150
45 151
45 152
45 155
45 158
45 159
45 161
46 48
46 50
46 51
46 55
46 56
46 57
46 58
46 59
46 61
46 62
46 63
46 64
46 66
46 68
46 70
46 72
46 75
46 77
46 79
46 84
46 93
46 96
46 106
46 108
46 111
46 113
46 116
46 119
46 120
46 128
46 129
46 133
46 135
46 137
46 139
46 142
46 147
46 150
46 153
46 156
46 159
46 161
47 58
47 62
47 64
47 66
47 67
47 77
47 84
47 89
47 92
47 94
47 100
47 105
47 106
47 108
47 112
47 122
47 128
47 131
47 138
47 147
47 152
47 158
47 161
48 51
48 54
48 55
48 63
48 65
48 67
48 72
48 86
48 87
48 89
48 92
48 97
48 106
48 107
48 108
48 114
48 115
48 116
48 125
48 126
48 128
48 129
48 130
48 133
48 136
48 147
48 149
48 157
48 158
48 161
49 51
49 54
49 55
49 57
49 58
49 62
49 64
49 67
49 70
49 71
49 72
49 74
49 75
49 76
49 79
49 82
49 84
49 92
49 93
49 94
49 96
49 97
49 102
49 104
49 107
49 108
49 109
49 110
49 113
49 115
49 116
49 117
49 120
49 121
49 122
49 126
49 127
49 128
49 130
49 133
49 134
49 135
49 136
49 137
49 138
49 141
49 142
49 143
49 148
49 151
49 152
49 153
49 154
49 155
49 157
49 158
49 159
49 160
49 161
50 51
50 55
50 58
50 59
50 63
50 65
50 67
50 68
50 69
50 70
50 74
50 75
50 78
50 79
50 89
50 93
50 98
50 99
50 104
50 107
50 109
50 111
50 112
50 114
50 115
50 116
50 117
50 118
50 123
50 126
50 127
50 131
50 132
50 133
50 137
50 140
50 142
50 146
50 152
50 153
50 157
50 158
50 161
51 52
51 53
51 54
51 56
51 58
51 60
51 68
51 73
51 74
51 77
51 78
51 81
51 83
51 85
51 86
51 87
51 88
51 89
51 90
51 91
51 92
51 93
51 94
51 97
51 98
51 100
51 101
51 105
51 106
51 108
51 110
51 111
51 112
51 113
51 114
51 118
51 120
51 124
51 128
51 129
51 131
51 134
51 136
51 138
51 139
51 141
51 142
51 143
51 145
51 146
51 147
51 149
51 151
51 152
51 153
51 155
51 157
51 160
51 161
52 56
52 63
52 66
52 68
52 69
52 70
52 71
52 72
52 74
52 77
52 89
52 92
52 97
52 100
52 101
52 102
52 103
52 104
52 108
52 109
52 111
52 118
52 121
52 126
52 132
52 137
52 151
52 152
53 64
53 67
53 70
53 71
53 76
53 79
53 102
53 107
53 109
53 118
53 129
53 131
53 133
53 135
53 137
53 138
53 141
53 142
53 143
53 150
53 157
53 160
54 55
54 57
54 59
54 61
54 62
54 64
54 67
54 69
54 70
54 71
54 72
54 74
54 75
54 76
54 78
54 79
54 83
54 84
54 85
54 86
54 87
54 92
54 93
54 94
54 97
54 99
54 100
54 102
54 103
54 108
54 111
54 112
54 113
54 118
54 120
54 122
54 125
54 126
54 128
54 129
54 130
54 131
54 133
54 134
54 135
54 138
54 141
54 142
54 143
54 146
54 149
54 152
54 161
55 58
55 59
55 72
55 73
55 74
55 75
55 79
55 80
55 82
55 83
55 84
55 87
55 89
55 91
55 93
55 97
55 98
55 101
55 105
55 108
55 109
55 112
55 114
55 115
55 117
55 118
55 125
55 130
55 131
55 132
55 135
55 138
55 141
55 142
55 143
55 145
55 146
55 147
55 150
55 151
55 154
55 158
56 59
56 67
56 73
56 74
56 79
56 83
56 85
56 88
56 91
56 93
56 94
56 97
56 99
56 101
56 102
56 104
56 106
56 107
56 108
56 112
56 113
56 114
56 115
56 118
56 122
56 125
56 129
56 131
56 132
56 133
56 134
56 136
56 138
56 143
56 145
56 146
56 150
56 152
56 154
56 155
56 158
56 159
56 160
56 161
57 58
57 64
57 65
57 69
57 70
57 72
57 73
57 79
57 80
57 94
57 97
57 98
57 101
57 106
57 108
57 114
57 115
57 118
57 125
57 129
57 131
57 133
57 135
57 137
57 138
57 145
57 147
57 150
57 151
57 153
57 154
57 161
58 63
58 64
58 65
58 66
58 67
58 69
58 70
58 71
58 73
58 74
58 76
58 78
58 79
58 84
58 85
58 87
58 90
58 95
58 97
58 98
58 106
58 107
58 109
58 110
58 112
58 113
58 114
58 115
58 117
58 118
58 119
58 126
58 133
58 134
58 137
58 138
58 139
58 146
58 147
58 150
58 152
58 154
58 158
58 159
59 61
59 63
59 64
59 72
59 82
59 95
59 100
59 102
59 103
59 106
59 110
59 111
59 115
59 118
59 125
59 129
59 131
59 136
59 139
59 140
59 146
59 154
59 155
59 158
60 61
60 65
60 68
60 69
60 88
60 89
60 104
60 106
60 111
60 112
60 130
60 134
60 138
60 139
60 142
60 147
60 151
60 155
61 63
61 65
61 66
61 70
61 75
61 87
61 94
61 100
61 103
61 104
61 106
61 108
61 109
61 111
61 112
61 113
61 115
61 118
61 123
61 124
61 126
61 128
61 133
61 137
61 141
61 142
61 148
61 150
61 153
62 64
62 65
62 70
62 71
62 72
62 89
62 94
62 96
62 97
62 98
62 99
62 112
62 118
62 122
62 126
62 133
62 138
62 142
62 145
62 146
62 149
62 151
63 64
63 65
63 66
63 67
63 69
63 70
63 73
63 77
63 79
63 80
63 86
63 89
63 90
63 93
63 94
63 96
63 100
63 101
63 102
63 103
63 106
63 109
63 111
63 114
63 116
63 118
63 120
63 124
63 125
63 129
63 130
63 131
63 133
63 134
63 135
63 138
63 140
63 147
63 152
63 156
63 157
63 159
64 65
64 66
64 67
64 68
64 69
64 70
64 71
64 72
64 73
64 75
64 77
64 78
64 79
64 83
64 88
64 91
64 94
64 97
64 104
64 106
64 107
64 108
64 109
64 110
64 113
64 114
64 115
64 117
64 118
64 121
64 123
64 125
64 126
64 128
64 129
64 131
64 133
64 134
64 135
64 137
64 138
64 139
64 142
64 143
64 146
64 150
64 152
64 153
64 154
64 155
64 157
64 158
64 161
65 67
65 69
65 70
65 71
65 72
65 73
65 74
65 77
65 79
65 82
65 85
65 87
65 89
65 94
65 96
65 97
65 98
65 100
65 101
65 102
65 104
65 106
65 107
65 109
65 111
65 112
65 114
65 115
65 116
65 117
65 118
65 125
65 129
65 130
65 131
65 133
65 137
65 138
65 140
65 141
65 144
65 145
65 149
65 152
65 153
65 157
66 69
66 70
66 71
66 72
66 77
66 79
66 84
66 85
66 87
66 88
66 92
66 93
66 96
66 97
66 101
66 103
66 105
66 106
66 108
66 111
66 115
66 118
66 122
66 123
66 125
66 136
66 137
66 138
66 139
66 142
66 147
66 150
66 151
66 152
66 157
66 160
66 161
67 69
67 70
67 71
67 72
67 74
67 76
67 77
67 82
67 83
67 85
67 87
67 88
67 89
67 91
67 92
67 94
67 101
67 104
67 106
67 108
67 109
67 110
67 111
67 112
67 113
67 115
67 116
67 117
67 118
67 120
67 122
67 124
67 125
67 128
67 133
67 137
67 138
67 141
67 142
67 145
67 146
67 147
67 149
67 151
67 152
67 153
67 154
67 155
67 159
67 160
68 72
68 73
68 75
68 76
68 80
68 82
68 84
68 86
68 88
68 89
68 92
68 93
68 96
68 97
68 100
68 101
68 102
68 104
68 105
68 108
68 109
68 112
68 113
68 115
68 116
68 117
68 118
68 121
68 125
68 126
68 127
68 128
68 135
68 137
68 138
68 140
68 142
68 147
68 149
68 151
68 152
68 153
68 154
69 70
69 71
69 74
69 77
69 79
69 80
69 82
69 86
69 89
69 91
69 92
69 94
69 95
69 97
69 101
69 102
69 106
69 108
69 109
69 110
69 113
69 114
69 117
69 118
69 125
69 126
69 128
69 129
69 131
69 132
69 133
69 134
69 135
69 136
69 137
69 138
69 139
69 142
69 145
69 147
69 149
69 152
69 153
69 154
69 156
69 158
69 159
70 71
70 72
70 76
70 79
70 80
70 81
70 82
70 84
70 85
70 89
70 93
70 94
70 96
70 97
70 98
70 101
70 102
70 106
70 108
70 109
70 112
70 113
70 114
70 115
70 116
70 119
70 120
70 124
70 125
70 129
70 130
70 131
70 134
70 135
70 136
70 137
70 141
70 142
70 143
70 145
70 146
70 147
70 149
70 150
70 151
70 155
71 72
71 73
71 78
71 79
71 80
71 81
71 82
71 83
71 87
71 89
71 91
71 95
71 99
71 100
71 104
71 106
71 109
71 110
71 111
71 112
71 114
71 116
71 117
71 118
71 123
71 125
71 128
71 129
71 133
71 138
71 139
71 140
71 141
71 144
71 146
71 150
71 151
71 152
71 153
71 158
71 160
72 73
72 74
72 75
72 76
72 77
72 79
72 81
72 83
72 85
72 86
72 89
72 91
72 92
72 95
72 97
72 101
72 103
72 106
72 110
72 111
72 113
72 114
72 115
72 117
72 118
72 119
72 124
72 125
72 126
72 129
72 131
72 133
72 134
72 137
72 138
72 139
72 142
72 143
72 146
72 147
72 148
72 150
72 151
72 152
72 156
72 157
72 158
72 160
73 74
73 75
73 76
73 77
73 81
73 85
73 89
73 92
73 93
73 94
73 99
73 101
73 102
73 103
73 107
73 108
73 109
73 111
73 113
73 115
73 117
73 118
73 123
73 126
73 129
73 131
73 132
73 136
73 138
73 141
73 144
73 145
73 147
73 154
73 155
73 157
73 158
73 159
73 161
74 75
74 76
74 81
74 83
74 89
74 90
74 92
74 93
74 97
74 98
74 101
74 102
74 106
74 107
74 109
74 112
74 113
74 114
74 115
74 116
74 124
74 125
74 126
74 129
74 130
74 131
74 135
74 137
74 138
74 142
74 143
74 146
74 152
74 153
74 154
74 155
74 157
74 159
74 160
74 161
75 79
75 80
75 81
75 89
75 93
75 99
75 101
75 105
75 108
75 112
75 113
75 119
75 122
75 125
75 129
75 130
75 131
75 133
75 136
75 137
75 138
75 143
75 146
75 147
75 149
75 150
75 154
75 161
76 77
76 84
76 86
76 89
76 101
76 104
76 105
76 106
76 107
76 108
76 110
76 113
76 116
76 126
76 128
76 129
76 137
76 141
76 152
76 154
76 160
77 79
77 80
77 82
77 85
77 87
77 88
77 89
77 91
77 92
77 93
77 94
77 101
77 102
77 104
77 105
77 106
77 107
77 108
77 110
77 113
77 115
77 119
77 127
77 129
77 132
77 134
77 137
77 141
77 142
77 143
77 149
77 152
77 154
77 158
77 160
78 101
78 104
78 106
78 129
78 131
78 137
78 142
79 82
79 83
79 84
79 86
79 89
79 97
79 99
79 102
79 103
79 104
79 106
79 107
79 111
79 112
79 113
79 114
79 115
79 118
79 121
79 122
79 125
79 128
79 130
79 133
79 134
79 135
79 136
79 137
79 138
79 145
79 147
79 148
79 151
79 152
79 153
79 154
79 156
79 157
79 160
79 161
80 87
80 89
80 91
80 97
80 102
80 103
80 106
80 109
80 110
80 112
80 131
80 134
80 137
80 138
80 139
80 147
80 149
80 150
80 153
80 156
80 158
80 160
80 161
81 89
81 101
81 104
81 106
81 110
81 112
81 115
81 117
81 118
81 125
81 127
81 128
81 129
81 138
81 142
82 83
82 86
82 89
82 91
82 93
82 94
82 101
82 106
82 109
82 112
82 116
82 117
82 120
82 125
82 126
82 129
82 131
82 133
82 134
82 138
82 139
82 152
82 153
82 157
82 158
82 161
83 91
83 94
83 95
83 101
83 104
83 105
83 108
83 110
83 111
83 112
83 113
83 114
83 115
83 117
83 120
83 125
83 129
83 134
83 135
83 138
83 145
83 158
83 160
84 86
84 87
84 97
84 102
84 103
84 106
84 110
84 112
84 114
84 118
84 125
84 128
84 129
84 131
84 133
84 138
84 139
84 141
84 145
84 149
84 152
84 153
84 159
84 161
85 87
85 89
85 91
85 94
85 97
85 98
85 105
85 107
85 117
85 119
85 126
85 130
85 132
85 133
85 137
85 138
85 139
85 142
85 146
85 147
85 148
85 149
85 150
85 152
85 157
85 158
85 161
86 87
86 91
86 93
86 96
86 99
86 107
86 109
86 112
86 113
86 118
86 122
86 125
86 134
86 137
86 138
86 139
86 140
86 141
86 145
86 146
86 149
86 151
86 152
86 154
86 157
86 158
86 161
87 89
87 94
87 97
87 98
87 101
87 103
87 105
87 107
87 108
87 112
87 114
87 115
87 116
87 117
87 118
87 121
87 126
87 129
87 136
87 139
87 142
87 146
87 149
87 152
87 154
88 90
88 93
88 94
88 100
88 101
88 109
88 111
88 117
88 120
88 126
88 128
88 134
88 136
88 138
88 142
88 152
88 158
89 90
89 93
89 97
89 98
89 99
89 102
89 105
89 109
89 111
89 113
89 114
89 118
89 119
89 125
89 126
89 127
89 129
89 132
89 133
89 134
89 135
89 137
89 138
89 140
89 141
89 143
89 145
89 146
89 147
89 148
89 149
89 151
89 152
89 154
89 155
89 158
89 161
90 93
90 95
90 115
90 116
90 124
90 125
90 137
90 141
90 147
90 152
90 161
91 96
91 97
91 98
91 101
91 109
91 118
91 122
91 133
91 137
91 141
91 142
91 150
91 154
91 159
92 97
92 101
92 106
92 107
92 109
92 114
92 115
92 118
92 133
92 134
92 136
92 139
92 140
92 141
92 142
92 143
92 152
92 154
92 155
92 158
93 101
93 105
93 107
93 108
93 112
93 113
93 114
93 115
93 117
93 121
93 129
93 130
93 131
93 133
93 134
93 137
93 138
93 139
93 142
93 145
93 153
93 156
93 159
94 95
94 96
94 98
94 101
94 102
94 104
94 105
94 106
94 107
94 108
94 111
94 112
94 113
94 114
94 117
94 118
94 119
94 122
94 127
94 128
94 132
94 133
94 134
94 139
94 141
94 142
94 145
94 148
94 150
94 151
94 152
94 153
94 154
94 155
94 158
94 159
94 160
95 97
95 103
95 106
95 107
95 109
95 116
95 117
95 119
95 122
95 124
95 128
95 129
95 131
95 135
95 139
95 151
95 154
95 157
95 159
95 161
96 101
96 102
96 105
96 111
96 125
96 126
96 139
96 142
97 98
97 99
97 103
97 104
97 106
97 107
97 109
97 110
97 113
97 114
97 116
97 117
97 126
97 127
97 128
97 129
97 131
97 133
97 134
97 136
97 139
97 146
97 148
97 149
97 150
97 152
97 154
97 155
97 157
97 158
97 160
98 105
98 106
98 107
98 117
98 131
98 133
98 134
98 135
98 145
98 150
98 152
99 100
99 105
99 106
99 107
99 109
99 110
99 111
99 115
99 117
99 118
99 119
99 125
99 127
99 129
99 132
99 133
99 135
99 137
99 138
99 139
99 152
99 153
99 154
100 106
100 108
100 113
100 114
100 117
100 122
100 127
100 130
100 131
100 134
100 137
100 141
100 142
100 149
100 150
100 151
100 153
100 154
100 155
100 158
100 159
101 102
101 103
101 104
101 106
101 109
101 110
101 112
101 114
101 115
101 116
101 117
101 121
101 125
101 128
101 129
101 131
101 132
101 133
101 134
101 138
101 139
101 140
101 141
101 142
101 144
101 146
101 151
101 153
101 155
101 157
101 160
102 106
102 107
102 108
102 109
102 110
102 112
102 113
102 114
102 117
102 118
102 119
102 124
102 127
102 128
102 129
102 133
102 138
102 142
102 143
102 145
102 146
102 148
102 149
102 150
102 154
102 157
102 158
102 159
102 161
103 104
103 112
103 114
103 116
103 125
103 128
103 130
103 133
103 137
103 138
103 139
103 146
103 153
103 161
104 107
104 109
104 118
104 121
104 128
104 129
104 136
104 138
104 141
104 143
104 147
104 150
104 157
105 106
105 112
105 115
105 117
105 118
105 122
105 129
105 131
105 132
105 133
105 137
105 141
105 143
105 145
105 147
105 150
105 151
105 153
105 159
105 160
106 107
106 108
106 109
106 110
106 111
106 112
106 113
106 114
106 115
106 116
106 117
106 118
106 119
106 125
106 126
106 129
106 131
106 135
106 136
106 139
106 140
106 141
106 142
106 146
106 147
106 148
106 151
106 152
106 153
106 154
106 155
106 157
106 159
106 160
106 161
107 108
107 109
107 112
107 117
107 118
107 124
107 129
107 132
107 136
107 137
107 142
107 151
107 154
107 161
108 109
108 111
108 114
108 115
108 116
108 119
108 121
108 128
108 129
108 130
108 131
108 133
108 135
108 137
108 138
108 139
108 141
108 142
108 145
108 146
108 147
108 149
108 150
108 153
108 154
108 155
108 156
108 158
108 159
108 160
109 111
109 112
109 113
109 115
109 117
109 118
109 121
109 122
109 124
109 125
109 126
109 127
109 129
109 131
109 133
109 134
109 138
109 142
109 143
109 151
109 152
109 154
109 155
109 157
109 158
109 159
109 161
110 111
110 125
110 129
110 135
110 142
110 155
110 157
111 112
111 113
111 115
111 116
111 117
111 120
111 122
111 125
111 126
111 130
111 131
111 133
111 136
111 139
111 146
111 147
111 149
111 150
111 152
111 153
111 154
111 158
111 159
112 113
112 115
112 116
112 125
112 127
112 129
112 132
112 136
112 137
112 142
112 143
112 145
112 147
112 149
112 151
112 153
112 158
113 114
113 115
113 116
113 118
113 119
113 122
113 125
113 127
113 129
113 131
113 132
113 134
113 138
113 141
113 142
113 143
113 145
113 147
113 149
113 152
113 154
113 157
113 158
113 159
113 160
113 161
114 116
114 117
114 125
114 126
114 130
114 133
114 134
114 137
114 138
114 139
114 141
114 142
114 147
114 148
114 149
114 151
114 152
114 154
114 157
114 159
114 160
114 161
115 116
115 117
115 118
115 122
115 128
115 129
115 130
115 131
115 133
115 134
115 135
115 136
115 137
115 139
115 140
115 142
115 143
115 145
115 146
115 150
115 151
115 152
115 153
115 158
115 159
116 125
116 131
116 141
116 145
116 151
116 152
116 153
116 154
116 155
116 161
117 119
117 125
117 126
117 130
117 131
117 132
117 133
117 134
117 138
117 139
117 141
117 143
117 146
117 147
117 150
117 152
117 153
117 158
117 160
118 125
118 128
118 130
118 131
118 132
118 133
118 134
118 137
118 138
118 142
118 145
118 147
118 149
118 152
118 158
118 159
118 160
118 161
119 121
119 125
119 128
119 146
119 147
119 149
119 150
119 154
119 158
120 126
120 137
120 151
120 152
121 133
121 134
121 137
121 139
121 142
121 146
121 147
121 149
121 159
122 125
122 131
122 133
122 134
122 137
122 138
122 141
122 142
122 146
122 147
122 152
122 159
122 161
123 125
123 133
124 129
124 133
124 134
124 140
124 142
124 151
124 154
125 126
125 127
125 128
125 133
125 134
125 137
125 138
125 139
125 141
125 142
125 143
125 147
125 150
125 151
125 156
125 157
125 158
125 160
126 130
126 131
126 133
126 136
126 139
126 141
126 143
126 144
126 145
126 148
126 149
126 153
126 156
127 129
127 130
127 139
127 140
127 142
127 143
127 146
127 151
127 158
127 160
127 161
128 131
128 135
128 136
128 137
128 138
128 148
128 149
128 151
128 152
128 154
128 155
128 156
128 158
129 131
129 132
129 134
129 135
129 137
129 140
129 141
129 142
129 147
129 148
129 150
129 151
129 153
129 154
129 156
129 157
129 158
129 160
129 161
130 131
130 136
130 138
130 141
130 142
130 143
130 151
130 153
130 154
131 133
131 134
131 137
131 138
131 141
131 145
131 147
131 148
131 149
131 151
131 153
131 154
131 158
131 161
132 133
132 139
132 147
132 158
132 159
133 134
133 135
133 137
133 138
133 139
133 142
133 143
133 145
133 146
133 147
133 148
133 149
133 150
133 151
133 152
133 153
133 154
133 157
133 158
134 137
134 138
134 139
134 141
134 145
134 147
134 149
134 150
134 154
134 157
134 158
134 160
134 161
135 137
135 139
135 142
135 149
135 152
135 153
135 154
135 158
135 160
135 161
136 137
136 140
136 143
136 145
136 146
136 151
136 152
136 153
136 158
136 159
136 160
136 161
137 138
137 139
137 140
137 142
137 145
137 146
137 147
137 148
137 149
137 150
137 152
137 157
137 158
137 159
137 160
138 139
138 140
138 141
138 145
138 146
138 147
138 148
138 149
138 151
138 152
138 155
138 159
138 161
139 142
139 143
139 145
139 146
139 148
139 150
139 153
139 159
139 160
139 161
140 142
140 145
140 154
140 157
141 143
141 145
141 148
141 151
141 154
141 156
141 158
141 159
141 160
142 145
142 149
142 150
142 151
142 152
142 154
142 155
142 158
142 160
142 161
143 144
143 146
143 150
143 152
143 155
143 158
143 161
144 147
144 149
145 147
145 150
145 158
145 161
146 147
146 148
146 154
146 158
146 159
147 150
147 152
147 154
147 157
147 158
147 161
148 151
148 152
148 154
148 158
148 159
149 151
149 153
149 156
149 158
150 151
150 154
150 158
150 161
151 152
151 158
152 154
152 155
152 158
152 159
152 161
153 154
153 155
153 158
153 161
154 157
154 158
154 159
154 161
157 158
157 159
158 161
