0 5
0 13
0 21
0 27
0 30
0 31
0 32
0 35
0 40
0 44
0 46
0 50
0 51
0 53
0 54
0 58
0 62
0 63
0 65
0 66
0 67
0 70
0 71
0 73
0 74
0 75
0 79
0 81
0 86
0 87
0 88
0 97
0 102
0 105
0 106
0 110
0 113
0 114
0 115
0 118
0 122
0 125
0 126
0 128
0 129
0 130
0 132
0 134
0 135
0 142
0 143
0 147
0 153
0 154
0 157
1 2
1 4
1 11
1 13
1 17
1 19
1 21
1 23
1 25
1 32
1 35
1 43
1 45
1 50
1 53
1 57
1 64
1 66
1 67
1 69
1 74
1 77
1 79
1 81
1 82
1 87
1 93
1 99
1 100
1 101
1 103
1 109
1 114
1 115
1 119
1 122
1 129
1 132
1 141
1 142
1 146
1 147
1 150
1 153
1 157
1 158
2 14
2 20
2 32
2 34
2 40
2 44
2 50
2 54
2 55
2 57
2 70
2 84
2 108
2 109
2 111
2 114
2 116
2 139
2 142
2 148
2 151
2 154
3 4
3 6
3 11
3 13
3 18
3 24
3 30
3 35
3 39
3 41
3 43
3 44
3 45
3 47
3 51
3 55
3 61
3 64
3 67
3 68
3 73
3 80
3 84
3 86
3 94
3 102
3 108
3 111
3 113
3 114
3 118
3 123
3 125
3 129
3 130
3 135
3 136
3 137
3 142
3 145
3 147
3 149
3 158
3 161
4 6
4 10
4 12
4 14
4 15
4 18
4 20
4 21
4 24
4 26
4 29
4 30
4 32
4 33
4 35
4 38
4 39
4 43
4 49
4 50
4 51
4 52
4 53
4 54
4 55
4 56
4 57
4 60
4 61
4 63
4 66
4 67
4 68
4 69
4 70
4 71
4 73
4 74
4 77
4 79
4 80
4 83
4 84
4 85
4 86
4 87
4 89
4 92
4 94
4 96
4 97
4 99
4 100
4 102
4 103
4 104
4 106
4 110
4 111
4 112
4 113
4 114
4 115
4 118
4 121
4 124
4 125
4 127
4 128
4 129
4 130
4 131
4 132
4 135
4 136
4 137
4 140
4 142
4 145
4 148
4 149
4 150
4 151
4 154
4 158
4 159
4 160
4 161
5 15
5 17
5 19
5 20
5 31
5 33
5 39
5 45
5 48
5 51
5 54
5 65
5 66
5 79
5 84
5 88
5 91
5 95
5 103
5 108
5 113
5 114
5 115
5 131
5 136
5 137
5 138
5 141
5 149
5 152
5 155
6 7
6 9
6 10
6 11
6 12
6 13
6 14
6 15
6 21
6 22
6 23
6 26
6 29
6 30
6 31
6 35
6 36
6 37
6 38
6 39
6 40
6 42
6 43
6 45
6 46
6 49
6 50
6 51
6 52
6 54
6 56
6 57
6 58
6 62
6 63
6 66
6 67
6 70
6 72
6 75
6 76
6 77
6 79
6 82
6 84
6 87
6 89
6 90
6 91
6 97
6 98
6 100
6 101
6 106
6 111
6 112
6 113
6 114
6 117
6 118
6 125
6 129
6 131
6 132
6 134
6 136
6 138
6 142
6 143
6 146
6 147
6 149
6 150
6 152
6 154
6 155
6 156
6 157
6 158
7 9
7 10
7 11
7 13
7 14
7 15
7 18
7 19
7 20
7 27
7 28
7 29
7 31
7 33
7 34
7 37
7 38
7 39
7 40
7 42
7 43
7 44
7 46
7 49
7 50
7 51
7 53
7 54
7 55
7 56
7 57
7 61
7 63
7 64
7 66
7 67
7 69
7 70
7 72
7 73
7 76
7 77
7 79
7 81
7 83
7 84
7 85
7 86
7 88
7 89
7 91
7 92
7 93
7 94
7 97
7 99
7 101
7 103
7 105
7 108
7 109
7 110
7 111
7 112
7 113
7 114
7 116
7 117
7 118
7 121
7 122
7 123
7 124
7 127
7 128
7 129
7 130
7 133
7 137
7 139
7 145
7 146
7 151
7 153
7 154
7 157
7 158
7 160
8 12
8 14
8 35
8 43
8 44
8 45
8 49
8 51
8 56
8 58
8 65
8 67
8 69
8 72
8 75
8 77
8 79
8 83
8 84
8 86
8 93
8 99
8 101
8 103
8 109
8 114
8 117
8 118
8 129
8 132
8 134
8 138
8 146
8 152
8 154
8 160
9 10
9 23
9 24
9 25
9 26
9 30
9 31
9 32
9 33
9 34
9 36
9 44
9 45
9 48
9 51
9 57
9 59
9 64
9 66
9 67
9 68
9 69
9 71
9 72
9 86
9 90
9 97
9 98
9 101
9 102
9 106
9 108
9 115
9 116
9 117
9 118
9 129
9 132
9 134
9 137
9 138
9 139
9 141
9 142
9 143
9 150
9 151
9 153
9 154
9 155
9 160
10 14
10 18
10 19
10 21
10 22
10 25
10 26
10 27
10 28
10 29
10 30
10 32
10 33
10 34
10 37
10 38
10 43
10 45
10 46
10 47
10 48
10 51
10 52
10 54
10 56
10 59
10 65
10 66
10 67
10 70
10 72
10 75
10 77
10 79
10 84
10 85
10 86
10 90
10 94
10 96
10 100
10 102
10 108
10 116
10 117
10 126
10 129
10 133
10 135
10 138
10 140
10 141
10 142
10 147
10 149
10 154
10 157
10 160
11 12
11 16
11 19
11 21
11 22
11 24
11 25
11 28
11 31
11 32
11 35
11 36
11 38
11 44
11 45
11 51
11 54
11 55
11 56
11 63
11 65
11 66
11 67
11 68
11 69
11 71
11 72
11 75
11 76
11 80
11 83
11 94
11 95
11 97
11 98
11 99
11 101
11 102
11 103
11 108
11 109
11 111
11 112
11 113
11 114
11 115
11 117
11 118
11 122
11 125
11 129
11 130
11 133
11 134
11 135
11 137
11 138
11 139
11 142
11 149
11 150
11 151
11 152
11 153
11 154
11 158
11 161
12 17
12 18
12 19
12 21
12 26
12 33
12 40
12 43
12 44
12 46
12 47
12 50
12 54
12 56
12 63
12 64
12 67
12 69
12 70
12 71
12 72
12 73
12 74
12 79
12 85
12 89
12 94
12 101
12 106
12 109
12 113
12 121
12 125
12 129
12 130
12 131
12 133
12 134
12 139
12 146
12 150
12 152
12 158
13 30
13 39
13 40
13 45
13 50
13 54
13 58
13 63
13 64
13 66
13 69
13 70
13 72
13 77
13 81
13 109
13 111
13 112
13 115
13 117
13 119
13 125
13 126
13 133
13 134
13 135
13 139
13 154
13 156
13 158
13 159
13 160
13 161
14 15
14 18
14 19
14 21
14 24
14 25
14 26
14 27
14 29
14 31
14 32
14 33
14 36
14 38
14 39
14 40
14 41
14 42
14 43
14 44
14 46
14 49
14 50
14 51
14 54
14 56
14 59
14 62
14 63
14 66
14 67
14 68
14 69
14 70
14 71
14 72
14 73
14 75
14 77
14 78
14 79
14 81
14 84
14 85
14 87
14 89
14 91
14 97
14 99
14 100
14 101
14 102
14 103
14 105
14 106
14 108
14 109
14 111
14 112
14 114
14 115
14 116
14 117
14 118
14 119
14 121
14 123
14 125
14 126
14 128
14 129
14 130
14 131
14 132
14 133
14 134
14 135
14 136
14 137
14 139
14 140
14 141
14 145
14 146
14 147
14 149
14 150
14 151
14 152
14 153
14 154
14 158
15 19
15 26
15 29
15 31
15 32
15 38
15 39
15 40
15 43
15 45
15 52
15 53
15 64
15 65
15 67
15 70
15 72
15 77
15 85
15 89
15 90
15 98
15 101
15 110
15 111
15 114
15 115
15 118
15 122
15 126
15 129
15 130
15 132
15 133
15 134
15 137
15 139
15 142
15 145
15 148
15 150
15 152
15 155
15 157
15 159
16 26
16 30
16 32
16 35
16 36
16 39
16 40
16 42
16 45
16 49
16 66
16 67
16 68
16 70
16 74
16 76
16 83
16 89
16 97
16 102
16 113
16 114
16 115
16 117
16 125
16 134
16 135
16 141
16 142
16 146
16 147
16 149
16 150
16 151
16 152
16 154
17 19
17 36
17 42
17 51
17 62
17 64
17 65
17 73
17 79
17 85
17 88
17 89
17 94
17 102
17 110
17 111
17 113
17 114
17 116
17 120
17 125
17 133
17 134
17 138
17 154
18 20
18 24
18 26
18 32
18 38
18 42
18 46
18 49
18 61
18 63
18 65
18 72
18 74
18 76
18 77
18 80
18 89
18 91
18 92
18 97
18 98
18 103
18 106
18 113
18 114
18 115
18 118
18 130
18 131
18 132
18 134
18 143
18 145
18 148
18 150
18 152
18 153
18 154
18 157
18 161
19 21
19 22
19 23
19 25
19 26
19 28
19 31
19 32
19 34
19 35
19 36
19 38
19 40
19 41
19 45
19 46
19 48
19 49
19 50
19 53
19 63
19 65
19 66
19 67
19 68
19 69
19 70
19 71
19 73
19 74
19 75
19 79
19 81
19 82
19 85
19 86
19 88
19 89
19 91
19 92
19 93
19 95
19 96
19 97
19 101
19 102
19 104
19 105
19 106
19 107
19 108
19 110
19 112
19 113
19 118
19 124
19 126
19 128
19 129
19 130
19 133
19 134
19 135
19 137
19 138
19 139
19 140
19 142
19 143
19 148
19 150
19 154
19 158
19 159
20 21
20 26
20 29
20 32
20 34
20 38
20 43
20 44
20 45
20 51
20 54
20 61
20 66
20 68
20 71
20 76
20 81
20 83
20 87
20 89
20 90
20 92
20 105
20 106
20 113
20 118
20 119
20 130
20 131
20 137
20 141
20 142
20 147
20 148
20 149
20 150
20 154
20 155
21 26
21 28
21 30
21 31
21 32
21 37
21 38
21 39
21 40
21 43
21 46
21 47
21 51
21 53
21 55
21 56
21 57
21 60
21 61
21 63
21 64
21 67
21 68
21 69
21 70
21 72
21 74
21 75
21 76
21 77
21 79
21 80
21 81
21 84
21 86
21 87
21 88
21 90
21 91
21 94
21 96
21 97
21 98
21 102
21 103
21 105
21 108
21 109
21 111
21 113
21 115
21 116
21 118
21 122
21 124
21 126
21 129
21 130
21 134
21 135
21 139
21 140
21 141
21 146
21 148
21 152
21 153
21 154
21 155
21 157
21 158
22 28
22 29
22 31
22 46
22 51
22 56
22 57
22 58
22 68
22 72
22 73
22 76
22 77
22 79
22 84
22 87
22 90
22 94
22 97
22 102
22 105
22 106
22 112
22 113
22 114
22 122
22 133
22 135
22 136
22 141
22 142
22 149
22 159
23 32
23 38
23 42
23 46
23 49
23 51
23 54
23 57
23 59
23 63
23 64
23 67
23 69
23 74
23 84
23 89
23 96
23 98
23 99
23 102
23 108
23 109
23 111
23 115
23 118
23 119
23 126
23 132
23 136
23 141
23 142
23 146
23 148
23 152
23 154
23 158
24 30
24 35
24 38
24 44
24 46
24 49
24 51
24 53
24 54
24 61
24 63
24 66
24 67
24 69
24 71
24 72
24 76
24 77
24 79
24 82
24 97
24 98
24 99
24 101
24 102
24 108
24 109
24 112
24 113
24 114
24 115
24 117
24 118
24 122
24 126
24 127
24 128
24 129
24 131
24 137
24 138
24 139
24 141
24 142
24 143
24 145
24 146
24 154
24 155
24 157
25 26
25 29
25 30
25 31
25 32
25 35
25 38
25 39
25 40
25 45
25 54
25 56
25 57
25 59
25 60
25 63
25 64
25 65
25 68
25 70
25 72
25 74
25 79
25 80
25 85
25 87
25 93
25 94
25 97
25 101
25 105
25 107
25 108
25 109
25 111
25 112
25 113
25 114
25 118
25 119
25 124
25 131
25 134
25 136
25 138
25 139
25 141
25 142
25 146
25 147
25 149
25 151
25 152
25 154
25 155
25 157
25 158
26 31
26 33
26 35
26 36
26 38
26 39
26 40
26 43
26 44
26 45
26 48
26 49
26 52
26 53
26 54
26 55
26 58
26 59
26 61
26 63
26 65
26 66
26 67
26 69
26 71
26 72
26 74
26 75
26 77
26 78
26 83
26 84
26 86
26 87
26 89
26 91
26 93
26 95
26 97
26 102
26 104
26 105
26 106
26 107
26 108
26 109
26 110
26 111
26 112
26 113
26 114
26 115
26 118
26 123
26 125
26 126
26 129
26 131
26 135
26 137
26 138
26 145
26 146
26 147
26 149
26 150
26 152
26 154
26 155
26 157
26 158
26 159
26 160
26 161
27 34
27 53
27 54
27 59
27 70
27 73
27 79
27 89
27 90
27 101
27 102
27 106
27 114
27 135
27 137
27 141
27 148
27 155
28 29
28 31
28 35
28 37
28 38
28 39
28 43
28 45
28 46
28 49
28 53
28 54
28 55
28 63
28 70
28 74
28 81
28 86
28 89
28 90
28 94
28 95
28 99
28 102
28 113
28 114
28 117
28 118
28 120
28 125
28 127
28 134
28 137
28 145
28 146
28 150
28 152
28 157
29 31
29 34
29 35
29 44
29 46
29 61
29 62
29 64
29 66
29 70
29 77
29 85
29 99
29 101
29 106
29 112
29 118
29 119
29 124
29 133
29 134
29 139
29 147
29 153
29 160
30 35
30 36
30 39
30 40
30 45
30 49
30 50
30 54
30 56
30 57
30 60
30 61
30 64
30 65
30 66
30 67
30 70
30 71
30 72
30 73
30 74
30 76
30 79
30 80
30 84
30 85
30 86
30 89
30 92
30 93
30 94
30 97
30 100
30 102
30 103
30 106
30 108
30 109
30 112
30 113
30 115
30 117
30 118
30 123
30 125
30 127
30 129
30 131
30 133
30 134
30 136
30 138
30 141
30 145
30 147
30 148
30 149
30 153
30 154
30 157
30 158
30 159
30 160
31 32
31 36
31 39
31 45
31 49
31 50
31 51
31 52
31 53
31 54
31 56
31 58
31 60
31 64
31 65
31 66
31 67
31 68
31 72
31 73
31 74
31 77
31 83
31 84
31 86
31 87
31 88
31 89
31 90
31 91
31 94
31 95
31 98
31 101
31 102
31 103
31 104
31 106
31 107
31 108
31 110
31 111
31 112
31 113
31 114
31 115
31 117
31 118
31 123
31 125
31 128
31 130
31 133
31 134
31 136
31 138
31 143
31 144
31 145
31 147
31 149
31 152
31 153
31 154
31 157
31 158
31 159
31 161
32 35
32 36
32 37
32 41
32 43
32 48
32 49
32 50
32 51
32 54
32 55
32 61
32 63
32 66
32 68
32 69
32 70
32 72
32 74
32 79
32 81
32 82
32 83
32 84
32 85
32 89
32 91
32 92
32 94
32 95
32 98
32 99
32 105
32 106
32 108
32 109
32 113
32 114
32 116
32 121
32 125
32 128
32 129
32 133
32 136
32 139
32 142
32 143
32 147
32 150
32 151
32 152
32 153
32 154
32 155
32 158
32 159
32 160
32 161
33 52
33 56
33 57
33 61
33 70
33 73
33 79
33 84
33 89
33 102
33 106
33 108
33 111
33 124
33 129
33 130
33 131
33 142
33 147
33 154
34 36
34 45
34 49
34 58
34 61
34 65
34 66
34 67
34 70
34 74
34 83
34 87
34 90
34 92
34 94
34 106
34 109
34 110
34 114
34 117
34 119
34 120
34 126
34 127
34 129
34 138
34 141
34 142
34 145
34 146
34 151
34 152
34 155
34 157
35 38
35 40
35 43
35 50
35 55
35 58
35 63
35 64
35 65
35 67
35 68
35 69
35 70
35 72
35 74
35 75
35 79
35 83
35 84
35 85
35 86
35 91
35 94
35 98
35 99
35 101
35 105
35 106
35 111
35 113
35 115
35 116
35 117
35 118
35 125
35 132
35 133
35 135
35 136
35 137
35 138
35 139
35 147
35 149
35 151
35 152
35 154
35 157
35 160
35 161
36 46
36 47
36 50
36 52
36 55
36 63
36 64
36 65
36 67
36 68
36 75
36 77
36 79
36 87
36 91
36 93
36 94
36 97
36 100
36 102
36 108
36 113
36 114
36 115
36 116
36 117
36 118
36 129
36 134
36 137
36 139
36 140
36 145
36 146
36 147
36 151
36 152
36 153
36 156
37 39
37 46
37 47
37 49
37 51
37 53
37 54
37 55
37 56
37 59
37 60
37 81
37 85
37 86
37 90
37 91
37 94
37 97
37 99
37 100
37 105
37 106
37 110
37 111
37 112
37 114
37 115
37 116
37 118
37 122
37 125
37 127
37 129
37 131
37 136
37 137
37 138
37 139
37 141
37 143
37 150
37 153
37 155
37 160
38 39
38 45
38 46
38 48
38 49
38 50
38 51
38 52
38 54
38 56
38 58
38 63
38 64
38 65
38 73
38 74
38 77
38 79
38 80
38 81
38 83
38 85
38 88
38 90
38 92
38 93
38 94
38 95
38 97
38 100
38 101
38 103
38 105
38 106
38 108
38 113
38 114
38 115
38 116
38 117
38 118
38 119
38 125
38 128
38 129
38 133
38 134
38 135
38 136
38 138
38 142
38 144
38 148
38 150
38 151
38 152
38 157
38 158
38 160
39 41
39 44
39 45
39 46
39 50
39 51
39 54
39 55
39 66
39 67
39 68
39 71
39 72
39 75
39 76
39 87
39 92
39 93
39 94
39 95
39 96
39 97
39 101
39 102
39 105
39 108
39 111
39 116
39 126
39 132
39 133
39 134
39 135
39 136
39 137
39 138
39 141
39 146
39 150
39 152
39 153
39 154
40 42
40 43
40 44
40 45
40 46
40 47
40 48
40 49
40 50
40 51
40 52
40 54
40 55
40 56
40 60
40 61
40 62
40 65
40 66
40 69
40 70
40 71
40 72
40 74
40 75
40 76
40 79
40 80
40 81
40 83
40 84
40 85
40 86
40 88
40 89
40 94
40 96
40 97
40 98
40 101
40 105
40 106
40 108
40 109
40 111
40 114
40 115
40 117
40 118
40 119
40 124
40 125
40 129
40 133
40 135
40 136
40 137
40 139
40 141
40 149
40 150
40 152
40 153
40 154
40 156
40 157
40 158
40 159
40 160
41 42
41 45
41 56
41 63
41 65
41 72
41 77
41 91
41 101
41 104
41 108
41 113
41 118
41 136
41 138
41 139
41 151
41 152
41 153
41 154
41 157
42 48
42 51
42 54
42 55
42 56
42 62
42 65
42 66
42 67
42 70
42 71
42 72
42 74
42 75
42 77
42 79
42 83
42 86
42 88
42 89
42 90
42 91
42 94
42 95
42 97
42 98
42 99
42 102
42 112
42 114
42 115
42 116
42 117
42 119
42 129
42 133
42 134
42 137
42 153
42 158
42 160
43 48
43 49
43 51
43 53
43 54
43 57
43 58
43 61
43 64
43 66
43 68
43 69
43 72
43 75
43 79
43 86
43 88
43 91
43 98
43 100
43 102
43 108
43 116
43 118
43 125
43 127
43 128
43 134
43 135
43 136
43 137
43 138
43 147
43 153
43 158
43 159
44 45
44 46
44 56
44 57
44 63
44 64
44 65
44 68
44 70
44 72
44 77
44 78
44 79
44 80
44 81
44 87
44 92
44 94
44 96
44 97
44 99
44 100
44 102
44 104
44 105
44 108
44 111
44 112
44 113
44 114
44 115
44 128
44 129
44 130
44 132
44 133
44 138
44 139
44 140
44 142
44 145
44 148
44 150
44 152
44 155
44 157
44 158
44 161
45 46
45 50
45 51
45 56
45 57
45 58
45 62
45 63
45 64
45 65
45 67
45 69
45 70
45 71
45 72
45 75
45 79
45 80
45 82
45 83
45 84
45 85
45 86
45 88
45 89
45 91
45 94
45 95
45 97
45 99
45 102
45 103
45 106
45 107
45 108
45 109
45 112
45 115
45 125
45 126
45 128
45 129
45 131
45 133
45 135
45 137
45 138
45 139
45 140
45 142
45 143
45 144
45 146
45 147
45 151
45 152
45 154
45 155
45 158
45 161
46 47
46 49
46 58
46 64
46 65
46 67
46 68
46 69
46 72
46 75
46 84
46 85
46 87
46 89
46 94
46 97
46 101
46 102
46 103
46 109
46 113
46 114
46 115
46 116
46 118
46 119
46 122
46 126
46 130
46 132
46 136
46 137
46 141
46 145
46 147
46 152
46 155
46 157
47 67
47 68
47 89
47 115
47 149
48 64
48 65
48 72
48 73
48 84
48 94
48 95
48 108
48 109
48 117
48 122
48 125
48 130
48 131
48 133
48 137
48 146
48 147
48 148
48 158
48 160
49 51
49 52
49 54
49 55
49 56
49 58
49 63
49 64
49 65
49 66
49 73
49 75
49 77
49 78
49 79
49 80
49 81
49 82
49 83
49 84
49 85
49 89
49 90
49 91
49 95
49 97
49 98
49 101
49 102
49 103
49 104
49 111
49 113
49 115
49 117
49 125
49 129
49 130
49 133
49 137
49 138
49 140
49 141
49 146
49 150
49 151
49 152
49 153
49 156
49 157
49 158
49 160
49 161
50 52
50 53
50 55
50 65
50 69
50 71
50 72
50 73
50 75
50 76
50 77
50 79
50 87
50 91
50 92
50 94
50 95
50 97
50 101
50 102
50 103
50 105
50 106
50 111
50 113
50 114
50 116
50 117
50 118
50 127
50 129
50 130
50 133
50 135
50 138
50 139
50 140
50 143
50 157
50 158
51 52
51 54
51 56
51 58
51 62
51 64
51 65
51 67
51 68
51 69
51 70
51 71
51 72
51 73
51 74
51 78
51 79
51 80
51 84
51 88
51 89
51 92
51 96
51 97
51 101
51 102
51 104
51 105
51 106
51 107
51 109
51 113
51 114
51 115
51 117
51 118
51 120
51 126
51 128
51 129
51 131
51 133
51 134
51 137
51 138
51 139
51 141
51 142
51 144
51 145
51 147
51 148
51 149
51 150
51 152
51 158
51 160
51 161
52 55
52 56
52 61
52 63
52 66
52 67
52 68
52 69
52 71
52 72
52 77
52 84
52 91
52 93
52 94
52 97
52 100
52 101
52 106
52 108
52 109
52 112
52 113
52 114
52 115
52 117
52 118
52 125
52 127
52 129
52 130
52 134
52 135
52 136
52 138
52 139
52 144
52 146
52 149
52 151
52 153
52 154
53 59
53 66
53 70
53 71
53 74
53 75
53 79
53 84
53 89
53 93
53 94
53 96
53 99
53 108
53 113
53 117
53 126
53 133
53 139
53 142
53 145
53 148
53 150
53 153
53 159
54 55
54 56
54 58
54 59
54 60
54 62
54 63
54 64
54 65
54 66
54 67
54 68
54 69
54 71
54 72
54 73
54 74
54 80
54 84
54 87
54 91
54 92
54 93
54 94
54 96
54 98
54 100
54 101
54 102
54 106
54 107
54 108
54 109
54 111
54 113
54 115
54 116
54 117
54 118
54 119
54 120
54 121
54 122
54 126
54 128
54 129
54 135
54 136
54 137
54 139
54 142
54 143
54 145
54 146
54 148
54 151
54 154
54 155
54 157
54 158
54 159
54 161
55 56
55 59
55 62
55 64
55 65
55 66
55 68
55 69
55 70
55 79
55 80
55 86
55 87
55 96
55 99
55 102
55 104
55 105
55 107
55 112
55 114
55 115
55 116
55 117
55 118
55 121
55 122
55 126
55 129
55 131
55 133
55 134
55 135
55 136
55 138
55 141
55 145
55 147
55 148
55 150
55 151
55 153
55 154
55 155
55 156
55 157
55 161
56 59
56 61
56 62
56 63
56 67
56 68
56 70
56 72
56 73
56 74
56 76
56 77
56 79
56 84
56 85
56 86
56 89
56 94
56 99
56 100
56 101
56 108
56 109
56 112
56 113
56 114
56 115
56 116
56 117
56 125
56 128
56 129
56 133
56 134
56 135
56 136
56 137
56 139
56 140
56 142
56 143
56 145
56 146
56 149
56 150
56 152
56 155
56 157
56 159
56 160
56 161
57 67
57 68
57 73
57 74
57 75
57 77
57 79
57 88
57 95
57 107
57 108
57 110
57 112
57 113
57 114
57 115
57 118
57 130
57 133
57 134
57 135
57 139
57 141
57 142
57 144
57 153
57 157
58 65
58 67
58 68
58 69
58 70
58 71
58 72
58 73
58 75
58 77
58 79
58 83
58 85
58 88
58 89
58 92
58 94
58 98
58 99
58 101
58 102
58 108
58 111
58 113
58 114
58 116
58 117
58 118
58 123
58 126
58 131
58 132
58 138
58 139
58 143
58 145
58 147
58 148
58 154
58 159
59 65
59 71
59 74
59 76
59 80
59 83
59 86
59 87
59 95
59 103
59 108
59 111
59 114
59 117
59 131
59 134
59 135
59 136
59 141
59 143
59 149
59 154
59 157
59 158
59 160
60 63
60 66
60 67
60 68
60 74
60 77
60 78
60 101
60 112
60 114
60 129
60 133
60 134
60 141
60 158
61 64
61 65
61 67
61 68
61 69
61 70
61 72
61 79
61 81
61 88
61 89
61 92
61 93
61 94
61 97
61 98
61 101
61 103
61 105
61 106
61 107
61 108
61 109
61 110
61 115
61 117
61 118
61 125
61 129
61 130
61 131
61 137
61 139
61 142
61 148
61 149
61 150
61 154
61 160
61 161
62 67
62 70
62 79
62 84
62 85
62 86
62 92
62 93
62 94
62 101
62 107
62 113
62 114
62 115
62 118
62 125
62 131
62 133
62 134
62 142
62 147
62 154
63 64
63 65
63 69
63 70
63 72
63 73
63 74
63 75
63 77
63 79
63 83
63 84
63 85
63 91
63 92
63 94
63 102
63 103
63 105
63 106
63 107
63 108
63 109
63 111
63 114
63 117
63 125
63 127
63 128
63 129
63 131
63 133
63 139
63 140
63 141
63 146
63 149
63 153
63 154
63 158
63 161
64 67
64 68
64 69
64 70
64 71
64 73
64 75
64 77
64 79
64 82
64 83
64 87
64 89
64 92
64 94
64 97
64 98
64 99
64 100
64 105
64 106
64 107
64 108
64 109
64 111
64 112
64 114
64 115
64 117
64 118
64 122
64 125
64 126
64 128
64 129
64 132
64 133
64 134
64 135
64 138
64 139
64 141
64 143
64 144
64 146
64 147
64 148
64 149
64 150
64 151
64 152
64 153
64 154
64 157
64 158
64 161
65 67
65 68
65 69
65 70
65 74
65 76
65 78
65 82
65 83
65 89
65 91
65 92
65 93
65 97
65 99
65 100
65 101
65 106
65 107
65 108
65 111
65 112
65 113
65 114
65 115
65 117
65 119
65 128
65 129
65 130
65 131
65 133
65 134
65 135
65 137
65 138
65 142
65 143
65 145
65 150
65 151
65 152
65 157
65 158
66 68
66 69
66 70
66 72
66 73
66 74
66 77
66 79
66 86
66 93
66 97
66 99
66 102
66 103
66 106
66 108
66 111
66 112
66 114
66 115
66 116
66 128
66 133
66 134
66 138
66 142
66 143
66 148
66 149
66 150
66 151
66 153
66 154
66 155
66 157
66 160
66 161
67 68
67 69
67 70
67 71
67 74
67 75
67 76
67 77
67 79
67 80
67 83
67 85
67 86
67 87
67 90
67 91
67 92
67 94
67 96
67 99
67 100
67 101
67 102
67 103
67 106
67 107
67 108
67 111
67 112
67 113
67 114
67 115
67 116
67 117
67 118
67 121
67 124
67 125
67 129
67 131
67 133
67 134
67 135
67 136
67 138
67 139
67 141
67 142
67 143
67 145
67 146
67 147
67 148
67 149
67 150
67 153
67 154
67 157
67 159
67 161
68 69
68 70
68 71
68 72
68 73
68 74
68 75
68 79
68 81
68 84
68 86
68 89
68 90
68 91
68 92
68 94
68 95
68 96
68 97
68 101
68 102
68 105
68 109
68 114
68 115
68 116
68 117
68 118
68 121
68 122
68 123
68 125
68 129
68 130
68 132
68 133
68 134
68 135
68 139
68 142
68 149
68 151
68 153
68 154
68 155
68 156
68 157
68 159
68 161
69 72
69 75
69 79
69 83
69 85
69 89
69 91
69 92
69 93
69 94
69 97
69 102
69 105
69 107
69 110
69 112
69 113
69 115
69 118
69 120
69 121
69 123
69 125
69 128
69 131
69 133
69 134
69 135
69 138
69 139
69 141
69 142
69 144
69 145
69 147
69 149
69 150
69 152
69 159
70 72
70 74
70 79
70 80
70 83
70 84
70 85
70 86
70 90
70 91
70 92
70 93
70 94
70 97
70 98
70 99
70 102
70 103
70 105
70 106
70 108
70 111
70 115
70 117
70 120
70 123
70 124
70 130
70 131
70 134
70 136
70 137
70 138
70 139
70 141
70 142
70 143
70 146
70 147
70 149
70 150
70 151
70 152
70 153
70 157
70 159
70 161
71 72
71 73
71 74
71 76
71 79
71 86
71 93
71 98
71 99
71 101
71 102
71 104
71 106
71 107
71 108
71 109
71 113
71 114
71 115
71 116
71 117
71 122
71 124
71 133
71 134
71 135
71 137
71 138
71 139
71 145
71 147
71 152
71 153
71 157
71 158
71 159
71 161
72 73
72 74
72 75
72 77
72 78
72 79
72 82
72 86
72 94
72 97
72 98
72 99
72 100
72 101
72 104
72 109
72 111
72 112
72 113
72 117
72 118
72 122
72 125
72 126
72 128
72 129
72 130
72 132
72 133
72 134
72 135
72 136
72 138
72 139
72 143
72 145
72 146
72 147
72 152
72 153
72 154
72 157
72 159
72 161
73 75
73 79
73 84
73 87
73 92
73 93
73 94
73 96
73 98
73 99
73 101
73 102
73 103
73 105
73 106
73 107
73 109
73 111
73 113
73 115
73 117
73 121
73 128
73 129
73 130
73 131
73 132
73 133
73 134
73 137
73 141
73 143
73 145
73 146
73 147
73 148
73 149
73 150
73 151
73 153
73 156
73 158
73 159
74 75
74 76
74 77
74 80
74 84
74 88
74 89
74 91
74 94
74 96
74 97
74 98
74 101
74 103
74 105
74 106
74 108
74 111
74 112
74 113
74 114
74 115
74 118
74 123
74 129
74 130
74 131
74 133
74 134
74 135
74 138
74 139
74 140
74 142
74 145
74 147
74 150
74 151
74 152
74 153
74 154
74 155
74 157
74 158
74 160
75 76
75 77
75 84
75 85
75 91
75 92
75 97
75 104
75 108
75 110
75 111
75 113
75 117
75 118
75 127
75 128
75 130
75 131
75 133
75 134
75 137
75 138
75 139
75 141
75 142
75 143
75 147
75 148
75 152
75 154
76 79
76 86
76 89
76 92
76 97
76 98
76 99
76 100
76 102
76 105
76 109
76 115
76 117
76 129
76 133
76 134
76 138
76 140
76 143
76 147
76 149
76 154
76 157
76 160
76 161
77 79
77 80
77 84
77 86
77 88
77 89
77 91
77 93
77 94
77 95
77 99
77 101
77 102
77 103
77 105
77 106
77 114
77 115
77 116
77 117
77 125
77 126
77 127
77 128
77 129
77 130
77 133
77 134
77 137
77 139
77 140
77 141
77 147
77 150
77 152
77 154
77 157
77 158
77 160
78 85
78 89
78 110
78 114
78 118
79 82
79 83
79 84
79 86
79 89
79 91
79 92
79 98
79 100
79 101
79 102
79 104
79 106
79 107
79 108
79 110
79 112
79 113
79 114
79 116
79 117
79 118
79 124
79 127
79 129
79 131
79 133
79 135
79 136
79 137
79 138
79 139
79 140
79 141
79 142
79 143
79 144
79 145
79 146
79 147
79 150
79 152
79 153
79 156
79 157
79 158
79 159
79 161
80 87
80 96
80 98
80 102
80 104
80 108
80 111
80 115
80 116
80 117
80 119
80 121
80 126
80 129
80 133
80 138
80 139
80 142
80 149
81 84
81 92
81 103
81 105
81 114
81 117
81 120
81 121
81 138
81 139
81 141
81 145
81 147
81 149
81 150
81 152
81 160
82 86
82 106
82 107
82 108
82 109
82 115
82 118
82 119
82 120
82 125
82 129
82 132
82 135
82 141
82 142
82 143
82 146
82 147
82 149
82 154
82 155
83 87
83 88
83 94
83 101
83 103
83 110
83 113
83 114
83 118
83 125
83 131
83 134
83 137
83 140
83 142
83 147
83 151
83 152
83 157
83 159
84 86
84 87
84 89
84 92
84 93
84 94
84 97
84 98
84 99
84 102
84 103
84 105
84 106
84 107
84 109
84 113
84 114
84 125
84 127
84 129
84 130
84 131
84 135
84 138
84 139
84 142
84 146
84 149
84 153
84 154
84 157
85 87
85 91
85 92
85 94
85 99
85 104
85 106
85 108
85 115
85 123
85 127
85 128
85 131
85 143
85 145
85 149
85 157
86 87
86 89
86 91
86 93
86 94
86 96
86 97
86 100
86 102
86 106
86 109
86 110
86 111
86 112
86 118
86 121
86 126
86 129
86 134
86 135
86 137
86 141
86 145
86 146
86 150
86 151
86 153
86 154
86 155
86 157
87 100
87 101
87 104
87 106
87 111
87 113
87 124
87 125
87 129
87 131
87 133
87 134
87 135
87 137
87 138
87 139
87 141
87 142
87 146
87 147
87 150
87 151
87 152
87 153
87 154
87 157
87 160
88 89
88 92
88 93
88 97
88 99
88 102
88 103
88 105
88 106
88 111
88 112
88 113
88 114
88 131
88 136
88 141
88 149
88 151
88 152
88 154
88 157
88 158
88 161
89 91
89 92
89 93
89 97
89 98
89 99
89 101
89 102
89 104
89 105
89 107
89 108
89 109
89 111
89 112
89 113
89 115
89 116
89 117
89 118
89 125
89 126
89 128
89 131
89 134
89 135
89 137
89 138
89 139
89 140
89 141
89 143
89 145
89 147
89 149
89 150
89 152
89 155
89 156
89 157
89 158
90 94
90 99
90 101
90 103
90 110
90 117
90 118
90 119
90 125
90 133
90 137
90 139
90 141
90 159
91 94
91 98
91 102
91 105
91 106
91 107
91 108
91 110
91 116
91 117
91 118
91 125
91 126
91 127
91 130
91 131
91 138
91 139
91 145
91 147
91 148
91 153
92 93
92 94
92 102
92 105
92 107
92 108
92 115
92 116
92 121
92 131
92 133
92 136
92 137
92 142
92 146
92 148
92 153
92 154
92 157
92 158
93 98
93 102
93 105
93 106
93 108
93 109
93 111
93 112
93 125
93 126
93 127
93 128
93 129
93 131
93 133
93 137
93 138
93 140
93 150
93 152
93 154
93 157
93 158
94 97
94 98
94 100
94 102
94 103
94 106
94 108
94 109
94 110
94 111
94 112
94 113
94 114
94 115
94 117
94 118
94 121
94 122
94 126
94 127
94 129
94 133
94 136
94 137
94 138
94 139
94 140
94 141
94 142
94 146
94 147
94 148
94 152
94 154
94 155
94 156
94 158
94 160
94 161
95 97
95 101
95 102
95 103
95 106
95 108
95 109
95 112
95 115
95 117
95 118
95 123
95 125
95 132
95 133
95 137
95 138
95 152
95 153
95 155
95 161
96 97
96 99
96 100
96 102
96 103
96 108
96 113
96 117
96 121
96 128
96 135
96 147
97 101
97 104
97 105
97 107
97 111
97 113
97 114
97 115
97 117
97 121
97 122
97 125
97 127
97 128
97 130
97 131
97 133
97 136
97 137
97 138
97 140
97 145
97 146
97 149
97 151
97 152
97 154
97 155
97 156
97 157
97 158
97 159
97 160
98 99
98 101
98 107
98 112
98 113
98 125
98 133
98 135
98 146
98 147
98 149
98 151
98 154
98 157
99 100
99 101
99 105
99 108
99 109
99 112
99 117
99 118
99 126
99 128
99 130
99 133
99 134
99 137
99 138
99 145
99 147
99 151
99 152
99 154
100 101
100 105
100 107
100 109
100 113
100 115
100 118
100 120
100 123
100 126
100 131
100 134
100 137
100 138
100 142
100 146
100 147
100 155
100 158
101 103
101 104
101 105
101 106
101 108
101 109
101 110
101 111
101 112
101 113
101 114
101 116
101 118
101 125
101 126
101 127
101 129
101 135
101 137
101 139
101 140
101 141
101 142
101 146
101 147
101 151
101 152
101 153
101 154
101 157
101 158
102 103
102 105
102 106
102 107
102 108
102 109
102 111
102 116
102 117
102 118
102 119
102 121
102 124
102 126
102 129
102 130
102 131
102 136
102 137
102 140
102 141
102 142
102 145
102 147
102 151
102 152
102 154
102 155
102 158
102 160
103 106
103 109
103 110
103 113
103 114
103 116
103 117
103 118
103 123
103 126
103 127
103 129
103 133
103 136
103 138
103 142
103 145
103 151
103 158
103 159
103 161
104 105
104 106
104 111
104 131
104 135
104 143
104 147
104 150
105 106
105 108
105 112
105 113
105 115
105 116
105 117
105 121
105 123
105 125
105 128
105 130
105 131
105 132
105 137
105 138
105 140
105 142
105 146
105 147
105 152
105 153
105 157
105 158
105 160
105 161
106 108
106 109
106 110
106 113
106 115
106 117
106 119
106 122
106 123
106 125
106 127
106 129
106 133
106 135
106 136
106 138
106 139
106 142
106 146
106 148
106 149
106 151
106 152
106 154
106 156
106 157
106 159
106 160
107 109
107 112
107 113
107 114
107 115
107 127
107 129
107 131
107 133
107 134
107 137
107 138
107 139
107 145
107 146
107 151
107 152
107 154
107 156
107 158
107 160
107 161
108 109
108 110
108 111
108 112
108 113
108 114
108 115
108 116
108 118
108 120
108 126
108 127
108 129
108 131
108 133
108 135
108 137
108 145
108 146
108 149
108 151
108 152
108 153
108 154
108 156
108 157
108 158
108 159
108 160
109 111
109 113
109 116
109 117
109 119
109 122
109 126
109 128
109 129
109 131
109 134
109 135
109 137
109 138
109 139
109 142
109 143
109 145
109 146
109 147
109 148
109 149
109 152
109 154
109 155
109 158
110 116
110 131
110 134
110 139
110 142
110 146
110 147
110 151
110 161
111 114
111 115
111 116
111 118
111 122
111 128
111 129
111 134
111 135
111 138
111 139
111 141
111 145
111 147
111 154
111 158
112 113
112 114
112 118
112 119
112 123
112 134
112 138
112 139
112 141
112 142
112 143
112 145
112 147
112 151
112 152
112 154
112 158
113 115
113 124
113 125
113 128
113 129
113 130
113 134
113 135
113 136
113 137
113 138
113 140
113 142
113 145
113 148
113 149
113 152
113 154
113 159
114 116
114 120
114 121
114 125
114 128
114 129
114 131
114 133
114 135
114 138
114 139
114 142
114 143
114 144
114 145
114 146
114 151
114 153
114 154
114 155
114 158
114 160
115 118
115 122
115 125
115 126
115 128
115 132
115 133
115 134
115 136
115 137
115 139
115 140
115 141
115 142
115 145
115 147
115 149
115 150
115 151
115 152
115 156
115 157
115 158
115 161
116 117
116 118
116 125
116 126
116 133
116 134
116 137
116 138
116 141
116 142
116 151
116 152
116 158
116 161
117 118
117 124
117 125
117 128
117 129
117 134
117 135
117 137
117 140
117 142
117 145
117 147
117 148
117 152
117 153
117 154
117 157
117 158
117 161
118 124
118 125
118 126
118 127
118 134
118 137
118 139
118 141
118 142
118 145
118 146
118 147
118 149
118 150
118 153
118 154
118 155
118 156
118 157
118 159
118 160
118 161
119 129
119 132
119 133
119 138
119 147
119 157
120 129
120 131
120 132
120 137
120 149
120 157
120 161
121 129
121 134
121 135
121 137
121 142
121 143
121 160
122 126
122 133
122 144
122 148
122 149
122 154
122 159
122 160
123 125
123 129
123 132
123 147
123 160
124 130
124 133
124 137
124 140
124 142
124 153
124 154
125 126
125 127
125 129
125 133
125 134
125 136
125 138
125 140
125 141
125 147
125 148
125 150
125 151
125 152
125 153
125 154
125 156
125 157
125 159
125 161
126 127
126 129
126 130
126 134
126 136
126 137
126 142
126 146
126 148
126 152
126 153
126 154
126 157
126 158
126 161
127 133
127 134
127 138
127 142
127 145
127 158
127 161
128 129
128 133
128 134
128 136
128 137
128 139
128 142
128 145
128 146
128 150
128 153
128 154
128 160
129 130
129 131
129 133
129 135
129 136
129 138
129 139
129 140
129 142
129 147
129 149
129 150
129 151
129 152
129 154
129 155
129 158
129 159
129 160
129 161
130 131
130 135
130 137
130 138
130 139
130 142
130 145
130 148
130 149
130 152
130 153
130 154
130 158
131 140
131 141
131 145
131 146
131 152
131 153
131 154
131 156
131 157
131 158
131 160
131 161
132 133
132 138
132 151
132 152
132 154
132 160
132 161
133 137
133 139
133 140
133 142
133 143
133 145
133 146
133 148
133 153
133 154
133 157
133 159
134 135
134 137
134 138
134 139
134 142
134 143
134 145
134 146
134 147
134 150
134 151
134 152
134 153
134 158
134 159
135 142
135 145
135 147
135 149
135 156
135 159
136 138
136 139
136 142
136 143
136 146
136 151
136 152
136 154
136 157
136 158
137 138
137 139
137 141
137 142
137 143
137 146
137 147
137 149
137 150
137 152
137 153
137 154
137 157
137 158
137 159
137 161
138 139
138 141
138 143
138 146
138 147
138 151
138 155
138 157
138 158
138 159
138 160
138 161
139 140
139 141
139 145
139 147
139 149
139 151
139 152
139 154
139 158
139 161
140 151
140 152
140 155
140 159
141 142
141 145
141 146
141 151
141 152
141 153
141 156
141 157
141 158
141 159
142 143
142 147
142 148
142 149
142 152
142 154
142 156
142 157
142 158
142 159
142 161
143 154
144 151
144 157
144 158
145 149
145 152
145 153
145 155
145 157
145 158
145 159
145 161
146 147
146 149
146 152
146 161
147 149
147 150
147 152
147 153
147 157
147 158
147 160
148 150
148 151
148 157
148 159
148 161
149 154
149 157
149 159
149 160
149 161
150 151
150 152
150 154
150 157
150 160
151 152
151 157
151 160
151 161
152 154
152 155
152 157
152 158
152 159
152 160
153 155
154 159
154 160
155 157
155 158
157 158
159 161
