0 3
0 4
0 6
0 13
0 14
0 16
0 24
0 25
0 27
0 31
0 42
0 44
0 47
0 52
0 54
0 56
0 59
0 61
0 64
0 68
0 70
0 73
0 75
0 77
0 79
0 86
0 89
0 90
0 91
0 92
0 93
0 94
0 95
0 101
0 102
0 105
0 107
0 108
0 110
0 117
0 118
0 134
0 141
0 143
0 146
0 147
0 152
0 153
0 154
0 161
1 6
1 7
1 8
1 10
1 13
1 19
1 21
1 22
1 30
1 31
1 33
1 43
1 44
1 45
1 47
1 49
1 50
1 55
1 56
1 58
1 60
1 61
1 68
1 71
1 94
1 106
1 107
1 108
1 109
1 111
1 114
1 115
1 116
1 118
1 119
1 120
1 128
1 129
1 131
1 133
1 137
1 141
1 142
1 145
1 146
1 148
1 152
1 155
2 6
2 25
2 35
2 42
2 44
2 51
2 52
2 56
2 62
2 63
2 67
2 72
2 79
2 80
2 86
2 89
2 94
2 106
2 112
2 115
2 117
2 130
2 142
2 147
2 149
2 157
3 10
3 11
3 15
3 20
3 26
3 28
3 32
3 34
3 35
3 37
3 39
3 44
3 54
3 60
3 61
3 64
3 67
3 71
3 73
3 74
3 89
3 90
3 91
3 93
3 94
3 96
3 97
3 101
3 103
3 105
3 106
3 112
3 113
3 114
3 116
3 117
3 120
3 130
3 131
3 133
3 137
3 142
3 150
3 160
4 6
4 7
4 8
4 11
4 12
4 14
4 15
4 16
4 19
4 20
4 21
4 22
4 23
4 28
4 29
4 30
4 33
4 36
4 38
4 39
4 43
4 44
4 45
4 47
4 48
4 50
4 54
4 56
4 57
4 58
4 64
4 65
4 66
4 71
4 72
4 73
4 74
4 76
4 79
4 81
4 83
4 84
4 86
4 88
4 91
4 92
4 93
4 94
4 95
4 97
4 101
4 106
4 108
4 109
4 111
4 112
4 113
4 115
4 117
4 120
4 122
4 126
4 129
4 130
4 131
4 133
4 134
4 137
4 138
4 141
4 142
4 144
4 145
4 146
4 147
4 148
4 149
4 150
4 151
4 152
4 156
4 157
4 161
5 6
5 10
5 24
5 25
5 31
5 32
5 34
5 35
5 36
5 39
5 40
5 43
5 44
5 45
5 54
5 56
5 61
5 62
5 64
5 75
5 87
5 88
5 112
5 118
5 133
5 136
5 143
5 151
5 152
5 158
6 7
6 8
6 9
6 10
6 12
6 13
6 14
6 15
6 18
6 25
6 29
6 30
6 31
6 32
6 33
6 34
6 35
6 36
6 37
6 38
6 39
6 42
6 46
6 48
6 49
6 50
6 51
6 55
6 56
6 59
6 60
6 63
6 64
6 65
6 66
6 67
6 70
6 72
6 75
6 77
6 79
6 81
6 82
6 84
6 85
6 86
6 89
6 91
6 92
6 94
6 95
6 96
6 97
6 98
6 100
6 101
6 102
6 103
6 105
6 108
6 109
6 110
6 111
6 113
6 115
6 117
6 118
6 121
6 124
6 125
6 129
6 134
6 137
6 138
6 140
6 141
6 142
6 145
6 146
6 147
6 151
6 152
6 153
6 157
6 158
6 160
6 161
7 8
7 10
7 12
7 14
7 19
7 21
7 22
7 24
7 25
7 28
7 31
7 38
7 39
7 40
7 45
7 46
7 49
7 50
7 53
7 54
7 56
7 57
7 58
7 65
7 66
7 68
7 69
7 70
7 71
7 72
7 74
7 78
7 79
7 80
7 84
7 85
7 92
7 93
7 94
7 95
7 97
7 101
7 103
7 104
7 106
7 110
7 111
7 112
7 113
7 114
7 115
7 118
7 119
7 124
7 126
7 129
7 130
7 136
7 137
7 138
7 139
7 140
7 141
7 142
7 143
7 146
7 147
7 150
7 152
7 153
7 154
7 157
7 158
7 159
7 160
8 10
8 11
8 14
8 18
8 19
8 21
8 31
8 32
8 35
8 40
8 41
8 43
8 46
8 47
8 48
8 49
8 55
8 56
8 62
8 65
8 66
8 67
8 70
8 72
8 74
8 85
8 87
8 89
8 94
8 96
8 101
8 104
8 111
8 114
8 131
8 134
8 137
8 142
8 149
8 153
8 154
9 10
9 14
9 17
9 19
9 22
9 25
9 30
9 34
9 35
9 36
9 37
9 38
9 40
9 43
9 45
9 49
9 51
9 52
9 54
9 58
9 60
9 61
9 63
9 65
9 67
9 69
9 70
9 72
9 73
9 74
9 75
9 77
9 79
9 84
9 89
9 90
9 91
9 94
9 95
9 97
9 98
9 100
9 101
9 108
9 110
9 111
9 112
9 114
9 122
9 124
9 125
9 126
9 128
9 131
9 137
9 145
9 146
9 147
9 153
9 156
9 158
10 15
10 16
10 17
10 21
10 22
10 24
10 25
10 29
10 30
10 31
10 32
10 34
10 38
10 43
10 46
10 48
10 51
10 54
10 55
10 56
10 58
10 61
10 63
10 64
10 65
10 66
10 67
10 74
10 77
10 79
10 82
10 92
10 94
10 99
10 101
10 102
10 103
10 104
10 105
10 106
10 107
10 112
10 116
10 117
10 118
10 122
10 124
10 126
10 127
10 133
10 136
10 137
10 138
10 139
10 150
10 151
10 152
10 159
10 161
11 18
11 19
11 21
11 25
11 26
11 27
11 30
11 31
11 32
11 35
11 38
11 44
11 49
11 51
11 55
11 56
11 62
11 64
11 65
11 67
11 68
11 69
11 73
11 74
11 79
11 82
11 89
11 93
11 98
11 100
11 101
11 102
11 105
11 106
11 107
11 109
11 111
11 112
11 113
11 114
11 115
11 116
11 117
11 121
11 122
11 123
11 126
11 129
11 131
11 134
11 137
11 138
11 141
11 142
11 143
11 146
11 148
11 151
11 152
11 157
11 158
11 159
12 14
12 18
12 19
12 24
12 32
12 33
12 35
12 49
12 50
12 51
12 52
12 59
12 65
12 68
12 69
12 70
12 71
12 72
12 75
12 77
12 79
12 97
12 99
12 105
12 106
12 109
12 111
12 114
12 117
12 118
12 133
12 134
12 135
12 138
12 142
12 146
12 150
12 152
12 154
12 155
12 159
13 24
13 28
13 30
13 31
13 34
13 35
13 44
13 51
13 56
13 57
13 58
13 61
13 65
13 70
13 74
13 81
13 84
13 92
13 94
13 100
13 101
13 104
13 105
13 106
13 109
13 111
13 117
13 125
13 127
13 132
13 134
13 135
13 137
13 138
13 139
13 149
13 155
13 158
14 17
14 19
14 20
14 22
14 26
14 30
14 31
14 32
14 37
14 38
14 39
14 40
14 41
14 42
14 43
14 44
14 50
14 51
14 52
14 54
14 55
14 57
14 58
14 62
14 63
14 64
14 65
14 66
14 67
14 68
14 69
14 70
14 73
14 74
14 78
14 79
14 80
14 88
14 89
14 91
14 94
14 95
14 96
14 97
14 99
14 100
14 101
14 102
14 104
14 105
14 106
14 108
14 109
14 110
14 111
14 114
14 118
14 122
14 123
14 124
14 125
14 129
14 131
14 134
14 137
14 140
14 148
14 150
14 151
14 152
14 153
14 154
15 18
15 19
15 32
15 34
15 40
15 41
15 49
15 56
15 57
15 58
15 63
15 65
15 66
15 69
15 70
15 74
15 78
15 81
15 100
15 102
15 104
15 107
15 108
15 109
15 112
15 118
15 119
15 124
15 125
15 127
15 129
15 131
15 132
15 133
15 136
15 142
15 145
15 146
15 149
15 153
15 158
15 159
15 161
16 19
16 21
16 25
16 26
16 40
16 41
16 43
16 44
16 49
16 51
16 52
16 54
16 55
16 56
16 57
16 61
16 66
16 77
16 92
16 99
16 101
16 103
16 104
16 106
16 108
16 109
16 112
16 138
16 140
16 143
16 146
16 150
16 151
16 154
16 160
17 24
17 30
17 32
17 35
17 48
17 55
17 58
17 64
17 66
17 68
17 84
17 129
17 131
17 133
17 137
17 142
17 152
17 153
17 161
18 19
18 24
18 26
18 31
18 32
18 34
18 35
18 36
18 38
18 40
18 41
18 44
18 49
18 52
18 54
18 56
18 65
18 67
18 70
18 71
18 86
18 89
18 100
18 101
18 106
18 111
18 115
18 118
18 122
18 127
18 128
18 130
18 133
18 136
18 138
18 141
18 142
18 146
18 150
18 151
18 153
19 20
19 28
19 31
19 32
19 34
19 35
19 36
19 37
19 39
19 40
19 44
19 45
19 49
19 51
19 53
19 54
19 56
19 59
19 63
19 65
19 66
19 69
19 70
19 71
19 72
19 73
19 75
19 80
19 82
19 84
19 85
19 86
19 88
19 89
19 91
19 92
19 95
19 99
19 100
19 101
19 102
19 103
19 106
19 107
19 108
19 109
19 110
19 113
19 114
19 115
19 116
19 117
19 118
19 121
19 122
19 125
19 129
19 130
19 132
19 134
19 135
19 136
19 137
19 138
19 141
19 142
19 143
19 144
19 145
19 149
19 151
19 152
19 153
19 154
19 159
19 160
19 161
20 23
20 24
20 25
20 26
20 27
20 28
20 31
20 35
20 43
20 50
20 54
20 56
20 57
20 64
20 67
20 68
20 69
20 72
20 74
20 79
20 81
20 89
20 90
20 92
20 94
20 104
20 106
20 125
20 129
20 131
20 137
20 146
20 151
20 152
20 154
20 161
21 23
21 24
21 29
21 30
21 31
21 34
21 35
21 36
21 38
21 39
21 40
21 41
21 42
21 43
21 45
21 47
21 49
21 50
21 51
21 52
21 54
21 60
21 63
21 64
21 66
21 68
21 69
21 72
21 73
21 74
21 75
21 76
21 79
21 81
21 84
21 86
21 87
21 95
21 97
21 101
21 102
21 103
21 105
21 106
21 107
21 108
21 112
21 114
21 116
21 117
21 125
21 131
21 133
21 137
21 138
21 141
21 142
21 147
21 149
21 151
21 152
21 153
21 154
21 155
21 157
21 159
21 160
21 161
22 24
22 31
22 32
22 39
22 42
22 49
22 52
22 54
22 64
22 66
22 67
22 68
22 71
22 72
22 74
22 79
22 89
22 100
22 110
22 117
22 118
22 132
22 142
22 151
22 153
22 155
23 26
23 28
23 29
23 30
23 31
23 34
23 36
23 43
23 45
23 54
23 67
23 70
23 72
23 73
23 77
23 79
23 86
23 87
23 89
23 93
23 95
23 98
23 101
23 103
23 109
23 117
23 125
23 128
23 131
23 133
23 134
23 136
23 146
23 148
23 151
23 152
23 155
24 25
24 34
24 35
24 36
24 43
24 45
24 46
24 49
24 50
24 55
24 59
24 64
24 73
24 81
24 85
24 87
24 89
24 92
24 98
24 101
24 105
24 114
24 117
24 124
24 129
24 131
24 133
24 138
24 143
24 147
24 149
24 151
24 153
24 154
24 155
24 158
25 29
25 31
25 32
25 35
25 41
25 42
25 43
25 46
25 49
25 50
25 51
25 54
25 55
25 56
25 57
25 58
25 63
25 64
25 65
25 67
25 69
25 70
25 71
25 73
25 75
25 76
25 87
25 88
25 89
25 90
25 92
25 94
25 98
25 99
25 101
25 102
25 105
25 109
25 110
25 112
25 117
25 131
25 133
25 134
25 137
25 145
25 146
25 147
25 152
25 153
25 155
25 158
25 159
25 160
26 29
26 30
26 32
26 33
26 34
26 38
26 39
26 42
26 43
26 44
26 45
26 50
26 51
26 53
26 57
26 58
26 61
26 64
26 65
26 67
26 68
26 69
26 70
26 72
26 73
26 74
26 75
26 79
26 80
26 82
26 86
26 89
26 92
26 93
26 94
26 95
26 96
26 97
26 100
26 101
26 103
26 104
26 105
26 106
26 108
26 109
26 111
26 113
26 114
26 115
26 116
26 117
26 118
26 125
26 126
26 128
26 129
26 130
26 131
26 132
26 133
26 136
26 137
26 138
26 139
26 143
26 145
26 147
26 148
26 150
26 151
26 152
26 153
26 154
26 155
26 156
26 157
26 158
26 159
26 161
27 36
27 40
27 51
27 59
27 61
27 68
27 70
27 71
27 106
27 113
27 121
27 128
27 131
27 138
27 142
27 146
27 153
27 157
28 32
28 33
28 43
28 44
28 45
28 50
28 51
28 52
28 61
28 62
28 63
28 64
28 67
28 70
28 74
28 80
28 85
28 86
28 89
28 93
28 99
28 101
28 106
28 109
28 111
28 114
28 116
28 121
28 125
28 129
28 131
28 132
28 135
28 137
28 138
28 147
28 151
28 157
28 159
28 161
29 36
29 38
29 40
29 52
29 56
29 64
29 66
29 70
29 74
29 77
29 89
29 91
29 92
29 95
29 101
29 109
29 116
29 118
29 137
29 142
29 146
29 154
30 31
30 32
30 36
30 38
30 40
30 44
30 45
30 46
30 49
30 54
30 57
30 58
30 59
30 61
30 63
30 65
30 66
30 67
30 69
30 70
30 71
30 74
30 75
30 77
30 83
30 84
30 86
30 87
30 88
30 89
30 90
30 91
30 95
30 98
30 102
30 104
30 105
30 108
30 109
30 112
30 114
30 122
30 125
30 129
30 131
30 133
30 134
30 138
30 139
30 140
30 141
30 142
30 145
30 147
30 150
30 151
30 152
30 154
30 157
30 158
31 32
31 35
31 36
31 39
31 40
31 41
31 49
31 50
31 53
31 54
31 55
31 56
31 58
31 63
31 64
31 65
31 67
31 68
31 69
31 70
31 71
31 73
31 74
31 75
31 77
31 79
31 80
31 86
31 89
31 90
31 93
31 96
31 98
31 99
31 101
31 102
31 104
31 105
31 111
31 113
31 115
31 117
31 119
31 121
31 122
31 125
31 129
31 130
31 131
31 137
31 138
31 139
31 140
31 141
31 142
31 144
31 145
31 146
31 148
31 149
31 150
31 153
31 154
31 155
31 157
31 159
31 161
32 35
32 37
32 39
32 40
32 43
32 49
32 51
32 54
32 56
32 61
32 62
32 64
32 66
32 67
32 70
32 71
32 72
32 74
32 80
32 85
32 86
32 87
32 88
32 89
32 94
32 95
32 98
32 100
32 102
32 106
32 107
32 108
32 109
32 113
32 115
32 116
32 117
32 118
32 122
32 128
32 129
32 132
32 134
32 135
32 136
32 137
32 141
32 142
32 143
32 147
32 149
32 150
32 151
32 154
32 155
32 157
32 158
32 161
33 40
33 49
33 54
33 56
33 58
33 60
33 67
33 69
33 88
33 91
33 98
33 101
33 106
33 107
33 108
33 114
33 115
33 117
33 131
33 133
33 147
33 152
33 153
33 154
33 158
34 38
34 43
34 49
34 50
34 53
34 54
34 56
34 62
34 64
34 72
34 79
34 81
34 82
34 84
34 86
34 87
34 92
34 94
34 96
34 97
34 98
34 106
34 108
34 112
34 116
34 125
34 129
34 134
34 137
34 138
34 139
34 142
34 147
34 150
34 152
34 158
34 161
35 36
35 39
35 40
35 43
35 44
35 45
35 48
35 51
35 54
35 55
35 56
35 57
35 59
35 62
35 64
35 65
35 66
35 67
35 68
35 70
35 71
35 72
35 73
35 77
35 85
35 87
35 91
35 92
35 97
35 101
35 102
35 108
35 111
35 113
35 114
35 115
35 116
35 117
35 118
35 119
35 127
35 128
35 129
35 134
35 135
35 136
35 137
35 138
35 141
35 145
35 147
35 154
35 159
36 37
36 40
36 43
36 44
36 45
36 54
36 58
36 60
36 63
36 65
36 69
36 75
36 77
36 79
36 80
36 82
36 84
36 86
36 89
36 93
36 94
36 95
36 99
36 102
36 103
36 106
36 107
36 112
36 115
36 116
36 117
36 118
36 125
36 128
36 129
36 133
36 134
36 135
36 137
36 141
36 145
36 146
36 147
36 150
36 152
36 153
36 157
36 158
36 159
37 38
37 44
37 45
37 49
37 50
37 53
37 56
37 57
37 63
37 64
37 77
37 79
37 88
37 89
37 90
37 94
37 100
37 106
37 110
37 111
37 112
37 115
37 118
37 123
37 129
37 133
37 135
37 137
37 149
37 152
37 153
37 154
37 158
37 159
38 39
38 43
38 45
38 50
38 51
38 52
38 53
38 54
38 55
38 56
38 58
38 59
38 61
38 63
38 66
38 69
38 70
38 71
38 72
38 74
38 77
38 80
38 82
38 87
38 89
38 91
38 97
38 101
38 103
38 104
38 107
38 109
38 112
38 120
38 121
38 124
38 125
38 126
38 129
38 131
38 132
38 133
38 134
38 141
38 142
38 144
38 146
38 147
38 153
38 154
38 157
38 158
38 159
38 161
39 48
39 49
39 51
39 53
39 54
39 57
39 61
39 64
39 66
39 67
39 68
39 69
39 72
39 73
39 74
39 79
39 84
39 85
39 93
39 94
39 95
39 98
39 99
39 101
39 106
39 107
39 109
39 111
39 113
39 114
39 115
39 117
39 121
39 126
39 131
39 134
39 138
39 141
39 142
39 146
39 147
39 149
39 151
39 152
39 159
39 161
40 43
40 45
40 47
40 48
40 52
40 55
40 56
40 58
40 64
40 65
40 66
40 67
40 68
40 72
40 73
40 74
40 75
40 78
40 79
40 80
40 81
40 84
40 88
40 89
40 92
40 94
40 95
40 96
40 97
40 98
40 100
40 101
40 102
40 103
40 105
40 106
40 108
40 109
40 111
40 112
40 113
40 115
40 116
40 117
40 124
40 125
40 126
40 128
40 129
40 133
40 134
40 135
40 139
40 142
40 144
40 146
40 147
40 150
40 151
40 154
40 155
40 157
40 158
41 47
41 51
41 57
41 62
41 64
41 66
41 72
41 74
41 76
41 79
41 84
41 101
41 104
41 105
41 107
41 108
41 113
41 114
41 116
41 130
41 131
41 140
41 147
41 154
41 158
42 43
42 46
42 49
42 54
42 55
42 58
42 61
42 68
42 70
42 74
42 75
42 84
42 88
42 89
42 101
42 104
42 105
42 106
42 108
42 113
42 115
42 117
42 129
42 138
42 145
42 148
42 150
42 159
42 160
43 45
43 50
43 51
43 54
43 56
43 60
43 63
43 67
43 68
43 70
43 71
43 72
43 73
43 74
43 76
43 78
43 79
43 80
43 85
43 86
43 89
43 91
43 94
43 97
43 98
43 101
43 102
43 104
43 106
43 107
43 108
43 113
43 114
43 118
43 126
43 131
43 132
43 133
43 134
43 135
43 136
43 137
43 147
43 149
43 151
43 153
43 155
43 157
43 158
43 159
43 161
44 47
44 48
44 51
44 58
44 60
44 61
44 63
44 65
44 68
44 70
44 71
44 72
44 75
44 77
44 79
44 80
44 84
44 85
44 87
44 91
44 94
44 101
44 102
44 106
44 111
44 117
44 118
44 119
44 124
44 126
44 131
44 134
44 137
44 138
44 142
44 144
44 145
44 147
44 151
44 152
44 153
44 155
44 156
45 47
45 49
45 52
45 61
45 63
45 64
45 66
45 67
45 68
45 69
45 70
45 72
45 73
45 74
45 76
45 77
45 83
45 84
45 85
45 86
45 87
45 88
45 89
45 91
45 95
45 97
45 99
45 101
45 102
45 104
45 106
45 107
45 108
45 109
45 112
45 114
45 118
45 119
45 126
45 129
45 130
45 137
45 142
45 147
45 148
45 150
45 151
45 152
45 154
45 157
45 161
46 51
46 54
46 58
46 59
46 64
46 65
46 66
46 72
46 74
46 77
46 80
46 83
46 88
46 92
46 94
46 95
46 98
46 101
46 102
46 105
46 108
46 110
46 111
46 115
46 117
46 122
46 126
46 129
46 138
46 139
46 146
46 147
46 152
46 153
46 155
46 157
47 49
47 61
47 69
47 85
47 88
47 89
47 94
47 98
47 103
47 112
47 117
47 124
47 126
47 129
47 130
47 138
47 151
48 49
48 54
48 56
48 63
48 64
48 65
48 68
48 69
48 71
48 72
48 73
48 78
48 79
48 84
48 89
48 93
48 99
48 100
48 101
48 102
48 105
48 106
48 109
48 112
48 113
48 115
48 117
48 136
48 138
48 140
48 150
48 151
48 152
48 153
48 158
48 161
49 50
49 51
49 52
49 54
49 55
49 56
49 57
49 58
49 65
49 66
49 68
49 69
49 70
49 71
49 74
49 75
49 76
49 77
49 82
49 84
49 85
49 89
49 91
49 92
49 94
49 101
49 102
49 104
49 105
49 106
49 109
49 111
49 112
49 113
49 114
49 116
49 117
49 122
49 123
49 124
49 125
49 127
49 129
49 131
49 133
49 136
49 137
49 138
49 141
49 142
49 144
49 146
49 147
49 149
49 151
49 152
49 154
49 157
49 158
50 51
50 55
50 56
50 57
50 62
50 64
50 67
50 69
50 73
50 74
50 79
50 80
50 89
50 91
50 94
50 99
50 100
50 101
50 109
50 110
50 114
50 118
50 129
50 131
50 136
50 141
50 142
50 144
50 145
50 147
50 152
50 153
50 154
50 160
51 53
51 54
51 55
51 56
51 58
51 64
51 65
51 67
51 68
51 69
51 70
51 71
51 72
51 73
51 74
51 75
51 76
51 80
51 82
51 84
51 85
51 93
51 94
51 96
51 97
51 98
51 102
51 105
51 106
51 108
51 109
51 110
51 111
51 112
51 114
51 115
51 117
51 119
51 121
51 125
51 126
51 129
51 131
51 132
51 133
51 135
51 136
51 137
51 139
51 140
51 141
51 142
51 145
51 146
51 147
51 149
51 151
51 154
51 157
51 159
52 55
52 57
52 60
52 63
52 64
52 67
52 68
52 69
52 70
52 71
52 72
52 73
52 74
52 79
52 84
52 93
52 101
52 106
52 108
52 112
52 113
52 114
52 115
52 117
52 123
52 125
52 129
52 132
52 135
52 136
52 138
52 139
52 141
52 142
52 143
52 145
52 148
52 150
52 151
52 152
52 154
52 155
52 157
52 158
52 159
53 54
53 58
53 67
53 68
53 69
53 71
53 74
53 82
53 85
53 86
53 89
53 94
53 102
53 104
53 111
53 114
53 115
53 116
53 118
53 125
53 126
53 130
53 147
53 150
53 151
53 154
53 155
53 158
53 159
53 161
54 56
54 61
54 63
54 64
54 66
54 68
54 70
54 72
54 74
54 75
54 77
54 81
54 84
54 85
54 87
54 97
54 98
54 99
54 101
54 102
54 103
54 105
54 109
54 110
54 113
54 115
54 116
54 117
54 118
54 119
54 120
54 125
54 128
54 129
54 130
54 131
54 133
54 134
54 135
54 136
54 137
54 139
54 142
54 143
54 145
54 147
54 150
54 151
54 152
54 153
54 157
54 158
54 159
54 160
54 161
55 56
55 60
55 63
55 64
55 65
55 67
55 68
55 70
55 73
55 79
55 83
55 85
55 86
55 89
55 93
55 94
55 101
55 102
55 105
55 108
55 110
55 112
55 113
55 115
55 117
55 119
55 120
55 125
55 129
55 131
55 133
55 134
55 135
55 136
55 137
55 138
55 141
55 143
55 145
55 146
55 147
55 148
55 150
55 151
55 152
55 155
55 158
55 159
55 160
56 57
56 58
56 62
56 63
56 65
56 66
56 67
56 68
56 69
56 70
56 71
56 72
56 73
56 74
56 75
56 77
56 79
56 83
56 84
56 87
56 89
56 95
56 97
56 98
56 101
56 102
56 106
56 107
56 108
56 112
56 113
56 114
56 116
56 117
56 119
56 122
56 126
56 127
56 128
56 129
56 130
56 133
56 134
56 137
56 138
56 139
56 141
56 142
56 143
56 144
56 145
56 146
56 147
56 149
56 150
56 151
56 154
56 157
56 158
56 159
56 161
57 58
57 59
57 67
57 68
57 72
57 76
57 79
57 80
57 83
57 84
57 85
57 87
57 88
57 94
57 97
57 99
57 105
57 111
57 117
57 118
57 128
57 129
57 131
57 133
57 136
57 138
57 142
57 146
57 152
57 159
57 160
58 64
58 65
58 66
58 67
58 71
58 72
58 73
58 74
58 77
58 79
58 81
58 82
58 87
58 89
58 90
58 94
58 95
58 97
58 100
58 101
58 102
58 103
58 106
58 108
58 110
58 113
58 114
58 118
58 119
58 126
58 128
58 131
58 133
58 134
58 135
58 137
58 138
58 140
58 141
58 142
58 143
58 154
58 157
58 159
58 161
59 63
59 65
59 67
59 73
59 76
59 82
59 85
59 97
59 101
59 108
59 109
59 112
59 115
59 116
59 126
59 127
59 129
59 133
59 135
59 137
59 138
59 139
59 141
59 142
59 143
59 147
59 152
59 154
59 157
59 161
60 67
60 81
60 93
60 95
60 101
60 102
60 109
60 111
60 113
60 121
60 131
60 134
60 136
60 137
60 138
60 143
60 152
60 153
61 63
61 65
61 68
61 71
61 72
61 73
61 75
61 80
61 85
61 86
61 88
61 93
61 94
61 99
61 100
61 101
61 102
61 106
61 108
61 111
61 115
61 131
61 133
61 134
61 135
61 137
61 139
61 151
61 152
62 65
62 69
62 70
62 74
62 75
62 79
62 80
62 88
62 89
62 94
62 97
62 102
62 107
62 121
62 133
62 137
62 139
62 141
62 142
62 145
62 147
62 156
63 64
63 65
63 67
63 71
63 72
63 73
63 74
63 78
63 79
63 80
63 87
63 91
63 92
63 95
63 102
63 103
63 104
63 105
63 106
63 107
63 112
63 115
63 116
63 117
63 129
63 131
63 133
63 134
63 136
63 137
63 138
63 139
63 142
63 143
63 144
63 146
63 147
63 148
63 150
63 151
63 152
63 154
63 161
64 65
64 66
64 67
64 68
64 69
64 70
64 71
64 72
64 73
64 74
64 79
64 80
64 81
64 83
64 84
64 86
64 87
64 92
64 97
64 101
64 102
64 103
64 104
64 105
64 106
64 108
64 109
64 111
64 113
64 117
64 118
64 125
64 129
64 130
64 131
64 133
64 134
64 135
64 137
64 138
64 139
64 143
64 144
64 145
64 146
64 147
64 150
64 152
64 153
64 157
64 158
64 159
64 160
65 66
65 67
65 70
65 71
65 74
65 76
65 84
65 85
65 86
65 88
65 89
65 90
65 92
65 93
65 94
65 96
65 98
65 99
65 101
65 102
65 106
65 110
65 114
65 115
65 116
65 117
65 122
65 128
65 129
65 130
65 131
65 132
65 133
65 134
65 136
65 137
65 138
65 139
65 141
65 143
65 145
65 150
65 151
65 152
65 154
65 156
65 157
65 158
65 159
65 160
65 161
66 67
66 69
66 72
66 73
66 74
66 75
66 77
66 83
66 90
66 91
66 94
66 97
66 99
66 103
66 106
66 108
66 111
66 112
66 115
66 117
66 122
66 125
66 126
66 130
66 131
66 133
66 134
66 135
66 136
66 137
66 142
66 151
66 152
66 154
66 157
66 161
67 69
67 71
67 72
67 74
67 75
67 77
67 78
67 79
67 81
67 84
67 87
67 89
67 93
67 94
67 95
67 100
67 101
67 104
67 106
67 108
67 111
67 112
67 117
67 119
67 122
67 125
67 126
67 127
67 128
67 129
67 131
67 132
67 133
67 134
67 135
67 137
67 139
67 141
67 142
67 145
67 146
67 150
67 152
67 155
67 157
67 159
67 160
67 161
68 69
68 70
68 72
68 75
68 76
68 78
68 82
68 83
68 85
68 86
68 87
68 89
68 91
68 92
68 93
68 97
68 100
68 101
68 102
68 104
68 105
68 106
68 108
68 109
68 111
68 112
68 113
68 114
68 115
68 116
68 118
68 127
68 129
68 133
68 134
68 135
68 138
68 139
68 141
68 142
68 145
68 146
68 149
68 150
68 151
68 152
68 153
68 154
68 157
68 158
68 159
68 160
69 72
69 73
69 75
69 76
69 79
69 80
69 82
69 83
69 85
69 87
69 91
69 95
69 97
69 99
69 100
69 105
69 106
69 107
69 111
69 112
69 114
69 115
69 118
69 122
69 125
69 129
69 133
69 134
69 135
69 139
69 140
69 141
69 142
69 143
69 146
69 147
69 148
69 149
69 151
69 152
69 153
69 155
69 157
69 160
70 71
70 72
70 73
70 74
70 79
70 80
70 82
70 84
70 85
70 87
70 88
70 89
70 92
70 93
70 94
70 95
70 98
70 101
70 105
70 106
70 107
70 112
70 113
70 114
70 118
70 121
70 126
70 128
70 129
70 130
70 131
70 135
70 136
70 138
70 145
70 152
70 153
70 154
70 155
70 156
70 157
70 158
70 159
70 161
71 72
71 73
71 74
71 77
71 83
71 84
71 86
71 87
71 88
71 89
71 91
71 92
71 93
71 94
71 95
71 96
71 97
71 101
71 102
71 105
71 111
71 112
71 113
71 114
71 115
71 117
71 118
71 125
71 126
71 133
71 136
71 137
71 141
71 142
71 143
71 147
71 149
71 150
71 151
71 152
71 154
71 157
71 158
71 161
72 73
72 74
72 76
72 77
72 79
72 80
72 81
72 82
72 83
72 84
72 85
72 89
72 92
72 93
72 97
72 98
72 100
72 101
72 102
72 105
72 113
72 115
72 118
72 119
72 123
72 125
72 126
72 127
72 129
72 130
72 133
72 135
72 137
72 138
72 139
72 141
72 142
72 145
72 146
72 147
72 148
72 150
72 151
72 154
72 157
72 159
72 160
72 161
73 74
73 75
73 76
73 77
73 79
73 80
73 84
73 89
73 90
73 93
73 97
73 99
73 100
73 102
73 104
73 105
73 106
73 107
73 108
73 109
73 110
73 113
73 114
73 117
73 120
73 126
73 128
73 129
73 132
73 134
73 136
73 137
73 141
73 142
73 145
73 146
73 147
73 151
73 152
73 154
73 157
73 158
73 161
74 75
74 79
74 81
74 91
74 92
74 97
74 98
74 99
74 101
74 103
74 104
74 105
74 106
74 108
74 110
74 112
74 114
74 117
74 118
74 120
74 128
74 129
74 131
74 132
74 133
74 134
74 139
74 141
74 142
74 145
74 146
74 148
74 149
74 151
74 152
74 153
74 159
74 160
75 80
75 82
75 83
75 84
75 85
75 87
75 94
75 101
75 102
75 105
75 106
75 108
75 111
75 113
75 114
75 115
75 118
75 119
75 122
75 125
75 129
75 131
75 134
75 135
75 136
75 137
75 142
75 145
75 150
75 152
75 153
75 154
75 157
75 158
75 159
76 78
76 79
76 84
76 85
76 88
76 89
76 101
76 105
76 108
76 110
76 114
76 115
76 129
76 132
76 137
76 138
76 150
76 152
76 153
76 154
76 155
76 157
76 158
77 84
77 85
77 87
77 88
77 89
77 91
77 93
77 96
77 97
77 98
77 99
77 101
77 102
77 104
77 106
77 107
77 108
77 109
77 111
77 117
77 118
77 122
77 125
77 126
77 128
77 129
77 130
77 131
77 132
77 133
77 134
77 135
77 136
77 143
77 147
77 149
77 151
78 84
78 94
78 113
78 119
78 122
78 142
78 157
78 161
79 80
79 84
79 85
79 87
79 88
79 94
79 96
79 102
79 104
79 105
79 106
79 107
79 108
79 111
79 115
79 116
79 117
79 118
79 122
79 125
79 129
79 131
79 132
79 133
79 134
79 135
79 136
79 137
79 138
79 139
79 140
79 142
79 145
79 150
79 151
79 152
79 154
79 157
79 158
79 161
80 81
80 84
80 91
80 94
80 95
80 101
80 105
80 106
80 107
80 108
80 111
80 120
80 125
80 129
80 137
80 139
80 144
80 153
80 154
80 157
80 159
81 89
81 94
81 102
81 106
81 112
81 114
81 117
81 120
81 125
81 127
81 131
81 133
81 139
81 141
81 142
81 145
81 150
82 89
82 94
82 101
82 105
82 106
82 108
82 112
82 115
82 118
82 125
82 136
82 137
82 139
82 140
82 147
82 148
82 150
82 151
82 152
82 157
82 160
83 87
83 94
83 97
83 101
83 108
83 112
83 114
83 126
83 131
83 134
83 142
83 149
83 154
83 160
83 161
84 87
84 94
84 97
84 100
84 102
84 109
84 112
84 114
84 116
84 118
84 126
84 128
84 129
84 130
84 137
84 138
84 141
84 144
84 147
84 149
84 151
84 152
84 157
84 158
84 159
85 89
85 92
85 96
85 98
85 99
85 100
85 101
85 108
85 115
85 117
85 118
85 124
85 133
85 138
85 144
85 149
85 150
85 159
86 90
86 93
86 94
86 96
86 98
86 99
86 102
86 111
86 117
86 120
86 122
86 126
86 134
86 137
86 141
86 146
86 147
86 150
86 152
86 153
86 160
87 93
87 95
87 97
87 98
87 101
87 102
87 104
87 106
87 111
87 114
87 117
87 118
87 125
87 131
87 134
87 137
87 138
87 139
87 142
87 143
87 146
87 147
87 149
87 151
87 154
87 157
88 94
88 102
88 106
88 108
88 118
88 126
88 129
88 130
88 133
88 138
88 141
88 146
88 156
88 157
88 161
89 94
89 95
89 96
89 100
89 101
89 102
89 103
89 105
89 108
89 113
89 114
89 117
89 118
89 119
89 121
89 127
89 128
89 130
89 132
89 137
89 138
89 141
89 143
89 145
89 147
89 151
89 153
89 154
89 155
89 158
89 159
89 160
90 93
90 97
90 99
90 104
90 109
90 112
90 115
90 118
90 126
90 129
90 130
90 131
90 134
90 135
90 137
90 138
90 139
90 141
90 145
90 158
91 92
91 94
91 95
91 97
91 99
91 103
91 105
91 108
91 110
91 111
91 112
91 113
91 114
91 115
91 131
91 134
91 149
91 151
91 153
91 154
91 157
91 158
92 101
92 102
92 103
92 104
92 106
92 109
92 114
92 116
92 117
92 118
92 121
92 127
92 133
92 141
92 142
92 147
92 152
92 158
92 160
93 94
93 100
93 108
93 109
93 114
93 115
93 118
93 122
93 125
93 133
93 135
93 137
93 139
93 143
93 145
93 148
93 149
93 152
93 153
93 156
93 158
94 95
94 97
94 98
94 99
94 100
94 101
94 107
94 108
94 110
94 113
94 118
94 121
94 126
94 129
94 131
94 133
94 137
94 138
94 141
94 142
94 145
94 146
94 147
94 148
94 149
94 150
94 151
94 152
94 154
94 155
94 157
95 115
95 117
95 118
95 129
95 134
95 139
95 142
95 146
95 152
95 160
96 99
96 101
96 102
96 103
96 104
96 106
96 107
96 112
96 113
96 114
96 115
96 127
96 130
96 131
96 141
96 147
96 149
96 150
97 99
97 101
97 105
97 106
97 108
97 112
97 113
97 114
97 115
97 117
97 118
97 119
97 124
97 125
97 127
97 128
97 129
97 132
97 133
97 135
97 136
97 137
97 138
97 139
97 142
97 146
97 148
97 150
97 153
97 154
97 157
97 158
97 161
98 100
98 101
98 103
98 106
98 108
98 111
98 115
98 118
98 120
98 121
98 122
98 125
98 130
98 134
98 136
98 137
98 140
98 141
98 144
98 151
98 152
98 155
98 157
99 100
99 102
99 108
99 109
99 115
99 118
99 126
99 131
99 133
99 139
99 142
99 146
99 150
99 151
99 154
99 160
99 161
100 102
100 103
100 106
100 109
100 113
100 114
100 115
100 116
100 117
100 119
100 125
100 131
100 133
100 138
100 139
100 142
100 151
100 153
100 155
100 159
100 160
100 161
101 102
101 105
101 106
101 107
101 108
101 109
101 110
101 112
101 113
101 114
101 117
101 118
101 124
101 125
101 126
101 127
101 129
101 131
101 133
101 134
101 137
101 142
101 146
101 147
101 149
101 151
101 152
101 153
101 154
101 155
101 158
102 105
102 106
102 107
102 108
102 109
102 111
102 112
102 113
102 117
102 118
102 120
102 123
102 124
102 125
102 126
102 128
102 129
102 134
102 135
102 136
102 137
102 138
102 141
102 142
102 143
102 146
102 147
102 148
102 151
102 152
102 153
102 154
102 157
102 158
102 159
102 161
103 107
103 111
103 112
103 114
103 115
103 122
103 126
103 131
103 133
103 134
103 137
103 138
103 142
103 143
103 145
103 146
103 150
103 153
103 154
103 156
103 158
103 159
103 160
103 161
104 105
104 112
104 115
104 116
104 117
104 129
104 136
104 141
104 142
104 145
104 152
104 153
104 154
104 156
105 109
105 112
105 114
105 118
105 121
105 122
105 125
105 128
105 129
105 130
105 131
105 133
105 134
105 135
105 136
105 137
105 141
105 142
105 145
105 146
105 148
105 150
105 152
105 154
105 158
105 161
106 107
106 108
106 109
106 110
106 112
106 115
106 118
106 119
106 125
106 127
106 128
106 129
106 131
106 133
106 134
106 135
106 136
106 137
106 138
106 139
106 140
106 142
106 146
106 147
106 149
106 150
106 151
106 155
106 159
106 161
107 110
107 112
107 113
107 118
107 125
107 130
107 133
107 136
107 139
107 140
107 141
107 142
107 145
107 148
107 152
107 154
107 158
108 109
108 111
108 115
108 122
108 124
108 125
108 128
108 129
108 131
108 133
108 134
108 135
108 137
108 138
108 139
108 140
108 143
108 145
108 146
108 147
108 150
108 151
108 152
108 153
108 154
108 159
108 160
108 161
109 113
109 114
109 117
109 118
109 119
109 125
109 129
109 131
109 133
109 135
109 138
109 142
109 143
109 146
109 150
109 151
109 152
109 153
109 154
109 155
109 156
109 158
110 112
110 114
110 116
110 126
110 137
110 138
110 139
110 143
110 145
110 150
110 152
110 153
110 158
111 114
111 115
111 128
111 129
111 136
111 138
111 143
111 145
111 148
111 149
111 151
111 154
111 155
111 156
112 116
112 117
112 118
112 125
112 126
112 127
112 129
112 130
112 131
112 133
112 137
112 138
112 142
112 144
112 145
112 148
112 150
112 151
112 152
112 153
112 154
112 158
113 114
113 115
113 117
113 121
113 128
113 129
113 131
113 133
113 137
113 138
113 139
113 140
113 141
113 144
113 147
113 149
113 151
113 152
113 154
113 157
113 160
114 115
114 117
114 118
114 124
114 126
114 129
114 130
114 131
114 132
114 133
114 134
114 135
114 136
114 138
114 139
114 140
114 142
114 143
114 145
114 147
114 148
114 150
114 151
114 152
114 153
114 154
114 158
114 161
115 120
115 124
115 125
115 126
115 127
115 128
115 129
115 131
115 132
115 133
115 134
115 135
115 137
115 138
115 140
115 141
115 142
115 143
115 145
115 147
115 148
115 150
115 151
115 152
115 154
115 155
115 158
115 159
115 161
116 118
116 138
116 139
116 141
116 142
116 148
116 151
116 153
116 157
117 118
117 125
117 129
117 133
117 134
117 135
117 145
117 147
117 148
117 149
117 150
117 151
117 152
117 153
117 155
117 157
117 159
117 160
117 161
118 119
118 122
118 126
118 128
118 129
118 130
118 133
118 134
118 135
118 136
118 137
118 139
118 142
118 143
118 145
118 146
118 150
118 151
118 157
118 159
118 160
118 161
119 129
119 131
119 133
119 137
119 147
119 152
119 154
119 157
120 129
120 139
120 142
120 151
120 157
120 160
121 129
121 130
121 132
121 137
121 151
122 129
122 131
122 132
122 133
122 138
122 142
123 124
123 129
123 133
123 137
123 142
123 154
124 127
124 134
124 138
124 152
124 153
125 126
125 130
125 131
125 134
125 138
125 142
125 147
125 149
125 151
125 152
125 154
125 155
126 129
126 133
126 134
126 137
126 138
126 142
126 147
126 151
126 154
126 157
126 158
126 159
126 160
127 129
127 146
127 154
127 155
128 131
128 132
128 133
128 138
128 139
128 140
128 141
128 142
128 146
128 152
128 153
128 158
128 161
129 133
129 134
129 135
129 137
129 138
129 139
129 141
129 142
129 145
129 147
129 149
129 151
129 152
129 154
129 155
129 157
129 158
129 159
129 160
130 132
130 133
130 142
130 149
130 154
130 158
130 159
131 133
131 134
131 135
131 136
131 137
131 139
131 141
131 142
131 147
131 149
131 152
131 154
131 155
131 157
131 160
132 133
132 148
132 160
133 134
133 135
133 137
133 138
133 142
133 143
133 146
133 147
133 149
133 151
133 152
133 153
133 154
133 157
133 161
134 136
134 137
134 138
134 142
134 143
134 149
134 150
134 152
134 153
134 158
134 161
135 138
135 145
135 147
135 154
135 160
136 139
136 142
136 145
136 152
136 157
136 158
136 161
137 138
137 139
137 141
137 142
137 143
137 144
137 145
137 146
137 150
137 151
137 152
137 153
137 154
137 155
137 157
137 158
138 140
138 141
138 143
138 144
138 145
138 147
138 151
138 152
138 153
138 155
138 157
138 160
138 161
139 140
139 141
139 142
139 145
139 151
139 154
139 157
139 161
140 142
140 145
140 149
140 150
140 151
141 142
141 145
141 146
141 149
141 154
141 157
141 161
142 145
142 146
142 147
142 148
142 149
142 151
142 154
142 157
142 158
142 160
143 147
143 151
143 152
143 153
143 154
143 159
143 161
145 147
145 151
145 152
145 158
145 159
146 152
146 153
146 154
146 155
146 156
146 161
147 148
147 152
147 153
147 154
147 160
147 161
148 151
148 152
149 150
149 151
149 152
149 154
149 158
149 159
150 152
150 153
150 157
151 152
151 153
151 154
151 155
151 157
151 159
152 153
152 154
152 155
152 157
152 158
152 161
153 158
154 155
154 157
154 159
154 160
154 161
155 160
156 161
157 158
157 160
157 161
158 159
158 160
160 161
