0 1
0 4
0 6
0 7
0 14
0 18
0 19
0 24
0 25
0 27
0 31
0 32
0 36
0 38
0 40
0 42
0 46
0 50
0 52
0 55
0 61
0 67
0 69
0 74
0 75
0 81
0 84
0 87
0 89
0 97
0 99
0 102
0 105
0 106
0 108
0 110
0 111
0 112
0 114
0 117
0 118
0 119
0 125
0 129
0 130
0 135
0 138
0 150
0 152
0 154
0 159
0 160
0 161
1 3
1 11
1 20
1 24
1 30
1 31
1 42
1 46
1 49
1 51
1 52
1 55
1 57
1 58
1 62
1 63
1 64
1 65
1 67
1 68
1 69
1 70
1 72
1 74
1 75
1 83
1 87
1 89
1 90
1 97
1 101
1 108
1 109
1 112
1 113
1 115
1 116
1 117
1 118
1 124
1 125
1 126
1 133
1 137
1 141
1 142
1 143
1 147
1 150
1 151
1 153
1 157
2 12
2 25
2 28
2 40
2 50
2 52
2 53
2 54
2 70
2 71
2 73
2 86
2 89
2 94
2 98
2 99
2 101
2 103
2 105
2 111
2 115
2 118
2 136
2 138
2 140
2 145
2 147
2 150
2 153
2 154
3 7
3 13
3 14
3 18
3 26
3 31
3 32
3 36
3 38
3 40
3 45
3 54
3 61
3 71
3 75
3 86
3 87
3 88
3 91
3 101
3 106
3 109
3 110
3 114
3 115
3 129
3 130
3 131
3 132
3 133
3 134
3 135
3 143
3 148
3 152
3 153
3 154
3 159
4 6
4 7
4 8
4 10
4 12
4 15
4 17
4 18
4 21
4 22
4 23
4 25
4 26
4 28
4 29
4 30
4 31
4 32
4 33
4 34
4 37
4 38
4 39
4 41
4 44
4 45
4 46
4 49
4 50
4 55
4 56
4 58
4 59
4 63
4 64
4 65
4 66
4 68
4 69
4 70
4 72
4 73
4 74
4 75
4 79
4 81
4 84
4 85
4 86
4 88
4 90
4 91
4 94
4 96
4 97
4 98
4 99
4 101
4 103
4 106
4 108
4 110
4 112
4 114
4 115
4 116
4 118
4 120
4 126
4 127
4 129
4 133
4 134
4 137
4 138
4 139
4 140
4 141
4 143
4 145
4 146
4 147
4 148
4 150
4 151
4 154
4 156
4 158
5 7
5 9
5 10
5 11
5 14
5 17
5 18
5 19
5 31
5 32
5 34
5 35
5 36
5 46
5 54
5 62
5 64
5 67
5 71
5 72
5 74
5 75
5 77
5 79
5 84
5 89
5 94
5 95
5 112
5 113
5 117
5 131
5 141
5 143
5 146
5 152
5 154
6 7
6 8
6 9
6 11
6 12
6 13
6 15
6 17
6 19
6 21
6 22
6 26
6 28
6 31
6 32
6 36
6 37
6 39
6 40
6 45
6 46
6 48
6 49
6 50
6 51
6 54
6 55
6 60
6 62
6 63
6 65
6 67
6 69
6 70
6 73
6 74
6 76
6 77
6 79
6 80
6 82
6 84
6 87
6 88
6 89
6 91
6 93
6 94
6 96
6 97
6 98
6 99
6 101
6 102
6 105
6 106
6 110
6 111
6 112
6 114
6 115
6 117
6 118
6 122
6 124
6 127
6 129
6 133
6 134
6 135
6 137
6 138
6 139
6 140
6 142
6 145
6 146
6 148
6 152
6 153
6 155
6 156
6 157
6 158
6 160
6 161
7 8
7 9
7 11
7 12
7 13
7 14
7 15
7 16
7 17
7 21
7 23
7 26
7 27
7 28
7 30
7 32
7 33
7 35
7 36
7 38
7 39
7 40
7 42
7 43
7 47
7 48
7 51
7 52
7 54
7 55
7 58
7 63
7 64
7 65
7 67
7 68
7 71
7 72
7 74
7 75
7 76
7 78
7 81
7 82
7 86
7 89
7 90
7 91
7 92
7 93
7 94
7 96
7 97
7 99
7 101
7 102
7 103
7 106
7 107
7 109
7 111
7 113
7 114
7 116
7 117
7 118
7 121
7 123
7 125
7 128
7 129
7 131
7 133
7 137
7 138
7 139
7 140
7 146
7 151
7 153
7 157
7 158
7 159
7 161
8 9
8 10
8 18
8 21
8 22
8 26
8 30
8 31
8 34
8 38
8 51
8 56
8 61
8 63
8 66
8 75
8 77
8 79
8 80
8 85
8 89
8 93
8 94
8 97
8 101
8 112
8 125
8 128
8 130
8 131
8 132
8 134
8 135
8 136
8 140
8 145
8 146
8 151
8 152
9 14
9 19
9 25
9 30
9 33
9 34
9 35
9 36
9 37
9 40
9 42
9 44
9 50
9 51
9 58
9 61
9 63
9 64
9 67
9 68
9 69
9 71
9 74
9 79
9 81
9 83
9 86
9 89
9 96
9 97
9 98
9 102
9 103
9 109
9 112
9 113
9 120
9 121
9 123
9 125
9 126
9 128
9 129
9 134
9 135
9 138
9 139
9 140
9 143
9 146
9 150
9 152
9 153
9 154
9 158
9 161
10 14
10 15
10 19
10 21
10 30
10 32
10 34
10 35
10 39
10 40
10 41
10 49
10 50
10 56
10 59
10 62
10 63
10 64
10 69
10 70
10 71
10 77
10 79
10 82
10 83
10 84
10 90
10 93
10 94
10 97
10 100
10 101
10 103
10 106
10 108
10 109
10 112
10 113
10 114
10 116
10 118
10 125
10 128
10 130
10 134
10 138
10 146
10 148
10 154
10 155
11 14
11 16
11 23
11 24
11 30
11 31
11 32
11 34
11 38
11 42
11 44
11 47
11 49
11 54
11 55
11 56
11 58
11 59
11 63
11 64
11 65
11 67
11 68
11 69
11 70
11 77
11 78
11 79
11 80
11 81
11 83
11 84
11 87
11 91
11 93
11 97
11 99
11 100
11 103
11 106
11 108
11 113
11 116
11 117
11 120
11 124
11 126
11 133
11 134
11 135
11 136
11 137
11 141
11 142
11 143
11 144
11 146
11 147
11 148
11 149
11 150
11 153
11 155
11 161
12 13
12 15
12 19
12 24
12 26
12 28
12 30
12 33
12 34
12 35
12 40
12 42
12 45
12 46
12 50
12 52
12 58
12 68
12 71
12 72
12 75
12 80
12 89
12 93
12 94
12 97
12 99
12 100
12 102
12 104
12 107
12 109
12 116
12 120
12 124
12 125
12 126
12 131
12 133
12 134
12 136
12 138
12 142
12 149
12 150
12 151
12 152
12 153
12 154
12 158
12 159
12 160
12 161
13 22
13 25
13 26
13 28
13 31
13 32
13 35
13 38
13 39
13 40
13 53
13 54
13 58
13 59
13 63
13 66
13 67
13 68
13 74
13 89
13 97
13 98
13 102
13 118
13 125
13 133
13 136
13 137
13 142
13 146
13 152
13 154
13 155
13 156
13 159
13 161
14 20
14 21
14 22
14 24
14 28
14 29
14 31
14 35
14 37
14 40
14 43
14 44
14 45
14 48
14 49
14 53
14 54
14 55
14 56
14 58
14 62
14 63
14 65
14 66
14 69
14 70
14 73
14 74
14 75
14 76
14 77
14 79
14 80
14 89
14 97
14 99
14 102
14 105
14 106
14 109
14 112
14 113
14 115
14 117
14 118
14 125
14 129
14 133
14 135
14 138
14 139
14 141
14 144
14 149
14 150
14 153
14 154
14 156
14 158
14 159
14 160
14 161
15 19
15 21
15 30
15 32
15 35
15 38
15 39
15 44
15 45
15 49
15 54
15 56
15 64
15 65
15 67
15 69
15 70
15 75
15 87
15 88
15 93
15 94
15 96
15 102
15 107
15 113
15 117
15 118
15 124
15 125
15 131
15 133
15 134
15 137
15 142
15 144
15 147
15 151
15 154
15 157
15 161
16 21
16 25
16 26
16 32
16 36
16 44
16 51
16 58
16 63
16 74
16 77
16 89
16 96
16 97
16 101
16 102
16 104
16 113
16 115
16 118
16 130
16 133
16 138
16 147
16 149
16 160
16 161
17 19
17 21
17 23
17 26
17 31
17 32
17 35
17 38
17 43
17 45
17 63
17 66
17 72
17 74
17 75
17 79
17 80
17 86
17 92
17 101
17 102
17 103
17 115
17 116
17 118
17 138
17 142
17 149
17 151
18 19
18 21
18 24
18 34
18 37
18 38
18 42
18 43
18 49
18 50
18 51
18 54
18 55
18 56
18 57
18 58
18 60
18 63
18 64
18 65
18 70
18 71
18 72
18 73
18 74
18 75
18 79
18 80
18 82
18 85
18 87
18 91
18 102
18 103
18 105
18 106
18 107
18 109
18 110
18 113
18 114
18 118
18 119
18 121
18 125
18 129
18 130
18 132
18 133
18 137
18 138
18 142
18 147
18 151
18 152
18 153
18 154
18 158
18 160
19 21
19 22
19 24
19 25
19 28
19 29
19 31
19 34
19 35
19 36
19 37
19 38
19 42
19 44
19 45
19 46
19 49
19 50
19 53
19 56
19 58
19 61
19 62
19 64
19 65
19 66
19 68
19 71
19 72
19 73
19 74
19 75
19 77
19 79
19 80
19 81
19 84
19 86
19 87
19 88
19 89
19 91
19 92
19 95
19 97
19 99
19 101
19 102
19 103
19 105
19 108
19 112
19 114
19 115
19 117
19 122
19 124
19 129
19 131
19 134
19 135
19 136
19 137
19 138
19 139
19 141
19 142
19 145
19 147
19 149
19 150
19 152
19 153
19 154
19 158
19 160
20 25
20 26
20 32
20 36
20 44
20 48
20 51
20 58
20 68
20 70
20 85
20 89
20 94
20 98
20 100
20 105
20 108
20 115
20 128
20 135
20 137
20 142
20 143
20 144
20 145
20 152
20 153
20 160
21 23
21 24
21 25
21 26
21 28
21 30
21 32
21 36
21 40
21 45
21 46
21 50
21 52
21 53
21 54
21 56
21 58
21 59
21 61
21 63
21 65
21 67
21 69
21 70
21 71
21 72
21 74
21 76
21 79
21 80
21 82
21 84
21 86
21 87
21 89
21 91
21 92
21 93
21 97
21 101
21 102
21 103
21 104
21 105
21 106
21 108
21 109
21 113
21 115
21 117
21 124
21 127
21 129
21 131
21 132
21 133
21 135
21 137
21 139
21 140
21 141
21 146
21 148
21 150
21 152
21 153
21 154
21 155
21 157
21 158
21 160
22 25
22 35
22 37
22 48
22 51
22 55
22 57
22 63
22 69
22 70
22 74
22 79
22 82
22 89
22 93
22 106
22 113
22 115
22 116
22 118
22 125
22 133
22 135
22 137
22 142
22 147
22 152
22 156
22 158
23 24
23 25
23 29
23 31
23 39
23 40
23 51
23 52
23 61
23 63
23 65
23 66
23 72
23 75
23 84
23 85
23 93
23 95
23 97
23 102
23 106
23 109
23 110
23 112
23 114
23 116
23 120
23 122
23 125
23 128
23 129
23 130
23 137
23 142
23 145
23 149
23 152
23 153
23 158
24 30
24 35
24 40
24 46
24 49
24 50
24 51
24 53
24 55
24 58
24 67
24 69
24 70
24 72
24 79
24 82
24 83
24 90
24 91
24 95
24 99
24 101
24 104
24 105
24 106
24 107
24 108
24 113
24 115
24 125
24 134
24 137
24 139
24 141
24 146
24 152
24 155
24 158
24 160
25 26
25 31
25 34
25 36
25 40
25 41
25 44
25 45
25 49
25 50
25 51
25 55
25 56
25 57
25 63
25 64
25 65
25 68
25 70
25 71
25 72
25 73
25 77
25 79
25 80
25 91
25 92
25 94
25 95
25 102
25 103
25 106
25 107
25 108
25 109
25 111
25 112
25 113
25 122
25 129
25 131
25 132
25 134
25 139
25 140
25 144
25 150
25 153
25 154
25 158
26 33
26 34
26 35
26 36
26 41
26 42
26 44
26 51
26 54
26 55
26 57
26 61
26 62
26 63
26 64
26 65
26 67
26 68
26 69
26 70
26 72
26 73
26 74
26 79
26 84
26 86
26 87
26 88
26 89
26 91
26 93
26 94
26 96
26 99
26 102
26 103
26 108
26 109
26 111
26 112
26 113
26 114
26 115
26 123
26 128
26 129
26 130
26 131
26 134
26 135
26 137
26 139
26 141
26 143
26 146
26 150
26 152
26 154
26 155
26 157
26 158
26 159
26 160
26 161
27 30
27 35
27 51
27 56
27 61
27 65
27 68
27 71
27 72
27 73
27 82
27 91
27 94
27 98
27 102
27 105
27 107
27 108
27 133
28 33
28 40
28 45
28 49
28 50
28 52
28 54
28 58
28 59
28 62
28 70
28 72
28 73
28 74
28 90
28 93
28 94
28 99
28 100
28 103
28 105
28 106
28 108
28 117
28 131
28 133
28 134
28 135
28 136
28 141
28 147
28 152
28 154
28 155
29 34
29 35
29 37
29 38
29 40
29 45
29 46
29 56
29 61
29 63
29 68
29 69
29 73
29 77
29 79
29 82
29 87
29 89
29 91
29 95
29 98
29 101
29 102
29 106
29 108
29 111
29 122
29 129
29 131
29 132
29 138
29 139
29 147
29 149
29 154
29 157
30 31
30 32
30 35
30 40
30 44
30 45
30 51
30 54
30 59
30 63
30 66
30 67
30 68
30 69
30 70
30 71
30 73
30 74
30 75
30 77
30 82
30 83
30 86
30 98
30 103
30 104
30 105
30 107
30 108
30 109
30 113
30 114
30 115
30 116
30 117
30 118
30 119
30 120
30 121
30 125
30 126
30 127
30 128
30 133
30 136
30 137
30 138
30 144
30 145
30 149
30 153
30 157
30 158
30 159
30 160
31 32
31 33
31 34
31 35
31 36
31 38
31 39
31 43
31 47
31 48
31 50
31 51
31 54
31 58
31 60
31 61
31 66
31 67
31 68
31 69
31 70
31 71
31 72
31 73
31 74
31 75
31 79
31 80
31 81
31 84
31 87
31 88
31 89
31 92
31 93
31 95
31 97
31 99
31 100
31 101
31 102
31 103
31 106
31 108
31 109
31 114
31 115
31 117
31 118
31 124
31 129
31 130
31 131
31 132
31 133
31 136
31 137
31 138
31 139
31 141
31 142
31 145
31 146
31 148
31 152
31 154
31 157
31 158
31 160
31 161
32 34
32 35
32 36
32 38
32 43
32 44
32 45
32 49
32 50
32 52
32 54
32 55
32 57
32 58
32 61
32 63
32 64
32 65
32 66
32 67
32 68
32 69
32 70
32 72
32 74
32 75
32 79
32 81
32 88
32 89
32 91
32 92
32 93
32 94
32 97
32 101
32 104
32 105
32 106
32 107
32 109
32 111
32 112
32 114
32 115
32 116
32 117
32 118
32 124
32 125
32 128
32 129
32 130
32 131
32 133
32 134
32 135
32 137
32 138
32 139
32 142
32 143
32 147
32 153
32 154
32 159
32 160
33 35
33 38
33 40
33 48
33 49
33 54
33 58
33 65
33 70
33 71
33 84
33 86
33 101
33 106
33 109
33 113
33 117
33 129
33 132
33 137
33 158
33 159
33 161
34 44
34 54
34 56
34 59
34 63
34 64
34 65
34 68
34 70
34 72
34 74
34 76
34 79
34 80
34 81
34 88
34 89
34 90
34 91
34 97
34 99
34 102
34 105
34 112
34 113
34 114
34 115
34 117
34 118
34 131
34 133
34 134
34 135
34 137
34 138
34 141
34 149
34 152
34 154
34 155
34 158
35 39
35 40
35 42
35 43
35 44
35 45
35 49
35 50
35 52
35 54
35 56
35 58
35 61
35 65
35 68
35 69
35 70
35 71
35 75
35 80
35 81
35 86
35 87
35 94
35 95
35 96
35 97
35 101
35 102
35 105
35 109
35 111
35 112
35 113
35 115
35 116
35 122
35 125
35 126
35 129
35 131
35 133
35 134
35 136
35 137
35 141
35 147
35 150
35 151
35 152
35 153
35 154
35 157
35 160
35 161
36 40
36 41
36 42
36 46
36 48
36 49
36 51
36 52
36 54
36 55
36 56
36 63
36 68
36 69
36 70
36 71
36 74
36 75
36 76
36 77
36 79
36 83
36 84
36 89
36 91
36 94
36 95
36 97
36 101
36 102
36 103
36 105
36 107
36 108
36 111
36 114
36 115
36 117
36 119
36 125
36 131
36 133
36 135
36 136
36 142
36 148
36 149
36 150
36 156
36 161
37 38
37 40
37 43
37 45
37 46
37 54
37 56
37 65
37 73
37 74
37 83
37 84
37 86
37 92
37 94
37 96
37 98
37 99
37 108
37 109
37 114
37 116
37 120
37 129
37 131
37 132
37 133
37 135
37 137
37 138
37 140
37 145
37 147
37 151
37 152
37 157
37 158
37 161
38 39
38 45
38 49
38 51
38 53
38 54
38 56
38 58
38 61
38 65
38 66
38 67
38 68
38 70
38 73
38 74
38 77
38 79
38 84
38 102
38 103
38 106
38 107
38 109
38 111
38 112
38 113
38 114
38 117
38 127
38 129
38 130
38 131
38 133
38 134
38 137
38 139
38 141
38 143
38 145
38 151
38 152
38 153
38 156
38 157
38 160
38 161
39 41
39 43
39 46
39 49
39 54
39 55
39 58
39 59
39 60
39 63
39 67
39 70
39 76
39 78
39 84
39 85
39 88
39 91
39 93
39 97
39 101
39 104
39 106
39 107
39 108
39 109
39 110
39 115
39 120
39 122
39 126
39 133
39 134
39 135
39 137
39 138
39 139
39 142
39 143
39 147
39 150
39 153
39 154
39 155
39 157
40 44
40 49
40 50
40 51
40 55
40 56
40 58
40 61
40 64
40 65
40 67
40 69
40 72
40 73
40 74
40 75
40 77
40 79
40 83
40 84
40 87
40 93
40 94
40 95
40 97
40 99
40 101
40 103
40 106
40 107
40 108
40 114
40 115
40 116
40 117
40 118
40 121
40 125
40 127
40 129
40 130
40 131
40 133
40 135
40 136
40 137
40 140
40 142
40 143
40 144
40 145
40 146
40 152
40 153
40 158
40 160
41 42
41 43
41 46
41 54
41 58
41 59
41 61
41 64
41 69
41 74
41 78
41 93
41 97
41 101
41 102
41 109
41 114
41 115
41 118
41 126
41 133
41 137
41 141
41 147
41 150
41 151
41 152
41 154
41 155
41 160
42 49
42 56
42 57
42 64
42 66
42 67
42 69
42 71
42 72
42 74
42 81
42 88
42 95
42 100
42 101
42 108
42 109
42 112
42 113
42 114
42 121
42 122
42 124
42 125
42 129
42 131
42 133
42 134
42 137
42 138
42 139
42 141
42 153
42 158
43 50
43 52
43 56
43 58
43 63
43 64
43 66
43 68
43 69
43 72
43 73
43 74
43 76
43 77
43 79
43 84
43 86
43 87
43 89
43 91
43 95
43 102
43 105
43 106
43 107
43 110
43 111
43 112
43 113
43 114
43 115
43 117
43 125
43 126
43 133
43 136
43 138
43 142
43 147
43 148
43 149
43 150
43 152
44 50
44 54
44 58
44 62
44 65
44 72
44 73
44 74
44 77
44 79
44 81
44 82
44 83
44 89
44 93
44 95
44 99
44 102
44 103
44 105
44 106
44 107
44 108
44 109
44 113
44 114
44 117
44 118
44 119
44 120
44 123
44 124
44 129
44 130
44 133
44 134
44 135
44 138
44 139
44 140
44 142
44 145
44 151
44 152
44 157
44 159
45 46
45 48
45 51
45 52
45 55
45 56
45 63
45 66
45 67
45 69
45 70
45 72
45 75
45 77
45 80
45 81
45 82
45 84
45 89
45 91
45 92
45 93
45 97
45 98
45 101
45 104
45 105
45 106
45 108
45 109
45 111
45 114
45 115
45 125
45 126
45 131
45 132
45 134
45 137
45 139
45 142
45 146
45 147
45 150
45 151
45 152
45 155
45 157
45 158
45 159
46 49
46 51
46 52
46 54
46 56
46 57
46 61
46 65
46 67
46 68
46 73
46 79
46 80
46 87
46 89
46 92
46 93
46 99
46 102
46 103
46 104
46 106
46 107
46 111
46 114
46 115
46 117
46 118
46 129
46 133
46 134
46 136
46 137
46 138
46 146
46 147
46 152
46 154
46 155
46 157
46 158
46 161
47 63
47 64
47 66
47 71
47 73
47 75
47 76
47 82
47 86
47 93
47 133
47 149
47 154
48 49
48 50
48 56
48 60
48 64
48 68
48 69
48 71
48 72
48 73
48 81
48 84
48 89
48 93
48 96
48 98
48 107
48 108
48 113
48 117
48 126
48 129
48 131
48 134
48 137
48 143
48 147
48 148
48 153
48 157
48 161
49 51
49 52
49 54
49 57
49 58
49 59
49 60
49 61
49 64
49 67
49 68
49 69
49 70
49 71
49 73
49 74
49 77
49 79
49 82
49 84
49 85
49 86
49 87
49 88
49 90
49 92
49 93
49 95
49 100
49 102
49 103
49 104
49 105
49 106
49 108
49 111
49 112
49 113
49 115
49 117
49 118
49 126
49 127
49 130
49 131
49 133
49 134
49 136
49 137
49 138
49 141
49 142
49 143
49 145
49 146
49 147
49 148
49 151
49 153
49 154
49 157
49 158
49 159
49 160
50 51
50 52
50 56
50 58
50 63
50 65
50 70
50 72
50 76
50 77
50 79
50 85
50 88
50 91
50 93
50 94
50 101
50 102
50 111
50 112
50 118
50 123
50 125
50 126
50 129
50 131
50 138
50 140
50 141
50 142
50 146
50 149
50 153
50 160
50 161
51 54
51 55
51 56
51 58
51 64
51 65
51 67
51 68
51 69
51 70
51 71
51 72
51 73
51 74
51 77
51 79
51 82
51 84
51 85
51 89
51 90
51 91
51 94
51 96
51 100
51 101
51 102
51 104
51 105
51 106
51 107
51 108
51 109
51 112
51 113
51 114
51 115
51 116
51 117
51 125
51 128
51 129
51 131
51 134
51 136
51 137
51 138
51 139
51 141
51 147
51 148
51 157
51 159
51 160
51 161
52 53
52 54
52 55
52 56
52 63
52 64
52 68
52 77
52 79
52 80
52 82
52 86
52 90
52 92
52 102
52 103
52 107
52 110
52 126
52 133
52 138
52 146
52 147
52 151
52 154
52 156
52 158
52 161
53 55
53 57
53 62
53 63
53 67
53 72
53 73
53 74
53 76
53 77
53 79
53 86
53 89
53 93
53 101
53 102
53 103
53 106
53 115
53 125
53 150
53 151
53 152
53 157
53 158
53 161
54 55
54 56
54 59
54 63
54 65
54 66
54 67
54 69
54 70
54 71
54 72
54 73
54 74
54 75
54 76
54 77
54 80
54 83
54 89
54 90
54 91
54 94
54 97
54 99
54 100
54 103
54 105
54 106
54 107
54 108
54 109
54 111
54 114
54 115
54 116
54 118
54 119
54 121
54 122
54 123
54 127
54 129
54 130
54 133
54 134
54 136
54 138
54 139
54 141
54 142
54 147
54 151
54 152
54 153
54 154
54 157
54 159
54 160
54 161
55 60
55 63
55 64
55 68
55 69
55 70
55 72
55 73
55 74
55 76
55 78
55 79
55 81
55 84
55 88
55 97
55 99
55 101
55 103
55 105
55 106
55 108
55 110
55 113
55 114
55 115
55 118
55 134
55 135
55 136
55 137
55 140
55 142
55 143
55 146
55 150
55 152
55 153
55 154
56 58
56 59
56 62
56 63
56 64
56 65
56 67
56 68
56 70
56 72
56 74
56 75
56 77
56 78
56 80
56 81
56 89
56 94
56 99
56 100
56 101
56 102
56 105
56 106
56 107
56 108
56 110
56 112
56 115
56 116
56 118
56 122
56 125
56 127
56 129
56 130
56 133
56 137
56 138
56 141
56 142
56 146
56 147
56 150
56 151
56 152
56 154
56 155
56 158
56 159
57 58
57 60
57 64
57 67
57 83
57 85
57 87
57 93
57 98
57 99
57 100
57 106
57 114
57 115
57 117
57 118
57 126
57 129
57 130
57 133
57 136
57 137
57 138
57 139
57 141
57 142
57 143
57 147
57 154
57 161
58 63
58 64
58 66
58 69
58 71
58 72
58 73
58 74
58 75
58 76
58 78
58 79
58 80
58 84
58 89
58 91
58 95
58 97
58 98
58 102
58 106
58 107
58 108
58 109
58 114
58 121
58 130
58 131
58 133
58 134
58 137
58 138
58 139
58 141
58 142
58 144
58 145
58 146
58 147
58 149
58 151
58 154
58 158
59 60
59 65
59 68
59 69
59 70
59 71
59 74
59 76
59 80
59 83
59 87
59 89
59 93
59 97
59 100
59 101
59 102
59 104
59 109
59 112
59 113
59 125
59 130
59 131
59 132
59 133
59 143
59 151
59 159
60 63
60 66
60 67
60 68
60 70
60 77
60 79
60 83
60 92
60 99
60 102
60 106
60 107
60 108
60 109
60 111
60 113
60 114
60 143
60 147
60 149
60 151
60 152
60 157
61 63
61 67
61 68
61 69
61 70
61 72
61 74
61 75
61 79
61 80
61 87
61 89
61 91
61 92
61 94
61 95
61 101
61 102
61 106
61 108
61 109
61 110
61 111
61 114
61 115
61 125
61 126
61 127
61 129
61 130
61 131
61 136
61 138
61 141
61 142
61 143
61 146
61 147
61 154
61 158
62 65
62 67
62 68
62 70
62 80
62 91
62 94
62 102
62 114
62 115
62 117
62 118
62 121
62 132
62 135
62 136
62 137
62 145
62 150
62 152
62 155
62 158
63 68
63 69
63 71
63 73
63 76
63 77
63 79
63 81
63 83
63 86
63 87
63 88
63 89
63 91
63 92
63 94
63 98
63 99
63 101
63 102
63 107
63 108
63 109
63 110
63 113
63 117
63 118
63 120
63 126
63 129
63 130
63 131
63 132
63 133
63 134
63 136
63 137
63 138
63 139
63 145
63 146
63 147
63 151
63 153
63 156
63 158
63 161
64 67
64 68
64 70
64 72
64 73
64 74
64 75
64 77
64 79
64 80
64 85
64 87
64 88
64 89
64 91
64 94
64 97
64 99
64 100
64 101
64 102
64 103
64 105
64 106
64 110
64 112
64 118
64 122
64 123
64 124
64 125
64 126
64 129
64 130
64 131
64 133
64 134
64 137
64 138
64 139
64 142
64 146
64 147
64 151
64 152
64 153
64 154
64 157
64 158
64 159
64 160
64 161
65 67
65 69
65 71
65 72
65 79
65 80
65 81
65 83
65 86
65 88
65 89
65 90
65 94
65 98
65 100
65 102
65 103
65 106
65 107
65 111
65 112
65 113
65 114
65 115
65 117
65 118
65 128
65 129
65 131
65 134
65 136
65 137
65 138
65 142
65 144
65 145
65 146
65 147
65 150
65 152
65 154
65 156
65 157
65 159
65 160
65 161
66 67
66 68
66 71
66 74
66 76
66 79
66 80
66 81
66 86
66 87
66 90
66 91
66 94
66 95
66 99
66 102
66 106
66 107
66 108
66 109
66 113
66 115
66 125
66 127
66 128
66 129
66 130
66 131
66 133
66 134
66 135
66 138
66 145
66 146
66 147
66 154
66 159
66 161
67 68
67 71
67 72
67 73
67 74
67 77
67 78
67 79
67 81
67 83
67 84
67 85
67 89
67 91
67 92
67 93
67 94
67 95
67 99
67 100
67 102
67 106
67 109
67 110
67 111
67 113
67 114
67 115
67 116
67 117
67 118
67 119
67 124
67 126
67 128
67 129
67 133
67 137
67 138
67 141
67 142
67 143
67 146
67 148
67 149
67 150
67 153
67 154
67 156
67 157
67 161
68 69
68 71
68 72
68 73
68 74
68 76
68 77
68 79
68 83
68 84
68 86
68 87
68 89
68 90
68 91
68 93
68 94
68 95
68 98
68 99
68 102
68 105
68 106
68 108
68 109
68 111
68 112
68 113
68 114
68 115
68 119
68 121
68 122
68 129
68 136
68 137
68 140
68 141
68 142
68 147
68 149
68 152
68 154
68 155
68 156
68 157
68 160
69 70
69 71
69 72
69 74
69 75
69 80
69 83
69 84
69 85
69 87
69 89
69 93
69 94
69 98
69 99
69 102
69 106
69 107
69 109
69 111
69 112
69 113
69 114
69 116
69 117
69 118
69 119
69 126
69 129
69 130
69 131
69 132
69 134
69 135
69 137
69 138
69 143
69 145
69 146
69 147
69 149
69 151
69 152
69 157
69 158
69 161
70 71
70 72
70 73
70 74
70 75
70 76
70 79
70 80
70 81
70 82
70 86
70 87
70 91
70 93
70 94
70 95
70 96
70 100
70 101
70 103
70 104
70 106
70 108
70 109
70 111
70 112
70 113
70 114
70 116
70 117
70 118
70 119
70 120
70 124
70 128
70 129
70 130
70 133
70 134
70 135
70 136
70 138
70 140
70 141
70 142
70 144
70 145
70 146
70 148
70 150
70 151
70 152
70 154
70 155
70 158
71 72
71 74
71 77
71 80
71 83
71 84
71 85
71 86
71 89
71 92
71 93
71 94
71 100
71 101
71 102
71 106
71 109
71 112
71 114
71 115
71 117
71 118
71 125
71 126
71 129
71 130
71 133
71 134
71 137
71 138
71 139
71 142
71 145
71 146
71 147
71 150
71 152
71 153
71 158
71 161
72 74
72 76
72 82
72 83
72 84
72 85
72 86
72 88
72 89
72 91
72 94
72 96
72 97
72 99
72 100
72 101
72 102
72 103
72 106
72 107
72 109
72 111
72 112
72 113
72 114
72 115
72 116
72 128
72 129
72 130
72 131
72 138
72 141
72 142
72 144
72 145
72 147
72 149
72 151
72 152
72 153
72 154
72 156
72 158
72 159
72 161
73 74
73 77
73 79
73 80
73 81
73 84
73 86
73 88
73 89
73 90
73 93
73 95
73 96
73 97
73 98
73 99
73 100
73 102
73 103
73 108
73 114
73 116
73 117
73 122
73 126
73 128
73 129
73 131
73 133
73 134
73 137
73 138
73 142
73 143
73 145
73 146
73 151
73 152
73 153
73 155
73 159
73 160
73 161
74 77
74 79
74 85
74 86
74 87
74 91
74 92
74 94
74 95
74 99
74 101
74 105
74 106
74 108
74 109
74 110
74 111
74 112
74 113
74 114
74 115
74 117
74 118
74 121
74 124
74 125
74 126
74 128
74 130
74 132
74 133
74 134
74 135
74 137
74 138
74 139
74 141
74 142
74 144
74 146
74 147
74 148
74 149
74 154
74 157
75 77
75 80
75 85
75 94
75 98
75 99
75 102
75 104
75 105
75 107
75 108
75 111
75 115
75 117
75 119
75 122
75 126
75 128
75 129
75 131
75 132
75 133
75 136
75 138
75 139
75 140
75 141
75 142
75 144
75 146
75 147
75 149
75 150
75 151
75 157
75 160
76 79
76 88
76 89
76 92
76 103
76 105
76 106
76 118
76 121
76 126
76 130
76 131
76 134
76 137
76 138
76 139
76 141
76 147
76 153
76 155
76 160
77 79
77 82
77 83
77 84
77 85
77 89
77 90
77 94
77 98
77 99
77 100
77 101
77 102
77 105
77 106
77 110
77 111
77 112
77 114
77 115
77 120
77 121
77 128
77 130
77 131
77 133
77 134
77 136
77 139
77 141
77 142
77 143
77 145
77 148
77 150
77 151
77 154
77 155
77 157
77 159
77 161
78 108
78 123
78 130
78 147
78 149
78 153
78 159
79 80
79 81
79 83
79 84
79 85
79 86
79 89
79 91
79 92
79 94
79 96
79 101
79 104
79 105
79 107
79 111
79 112
79 113
79 114
79 115
79 117
79 118
79 119
79 122
79 123
79 124
79 125
79 126
79 127
79 128
79 129
79 133
79 135
79 136
79 137
79 141
79 142
79 146
79 149
79 150
79 151
79 154
79 155
79 157
79 158
79 160
80 84
80 85
80 86
80 91
80 93
80 94
80 108
80 111
80 112
80 114
80 115
80 117
80 118
80 126
80 131
80 133
80 135
80 138
80 139
80 146
80 147
80 150
80 152
80 154
80 157
80 158
80 159
81 87
81 96
81 97
81 108
81 109
81 116
81 120
81 129
81 136
81 140
81 142
81 147
81 148
81 151
81 155
81 156
81 159
82 87
82 89
82 100
82 114
82 115
82 118
82 123
82 124
82 126
82 131
82 134
82 142
82 143
82 147
82 148
82 149
82 155
82 157
83 84
83 87
83 93
83 101
83 102
83 105
83 106
83 109
83 113
83 114
83 115
83 117
83 118
83 124
83 125
83 135
83 143
83 146
83 151
83 152
83 153
83 154
83 158
84 86
84 92
84 94
84 97
84 100
84 104
84 106
84 107
84 108
84 113
84 115
84 116
84 117
84 118
84 120
84 125
84 130
84 131
84 134
84 137
84 141
84 145
84 147
84 148
84 149
84 152
84 154
84 157
84 159
84 160
85 87
85 90
85 92
85 93
85 95
85 98
85 104
85 105
85 106
85 107
85 109
85 111
85 112
85 113
85 114
85 115
85 116
85 118
85 129
85 133
85 134
85 143
85 145
85 147
85 149
85 151
85 159
86 87
86 91
86 92
86 93
86 97
86 101
86 107
86 108
86 111
86 112
86 118
86 129
86 136
86 137
86 138
86 146
86 149
86 151
86 160
87 88
87 94
87 97
87 101
87 102
87 107
87 108
87 112
87 115
87 118
87 125
87 129
87 133
87 134
87 142
87 147
87 149
87 151
87 160
88 89
88 92
88 94
88 96
88 98
88 114
88 120
88 125
88 128
88 131
88 135
88 139
88 156
88 157
88 158
88 159
88 160
89 93
89 94
89 95
89 97
89 99
89 100
89 106
89 112
89 115
89 116
89 117
89 118
89 120
89 126
89 128
89 129
89 130
89 131
89 133
89 134
89 135
89 137
89 138
89 139
89 143
89 145
89 146
89 147
89 150
89 152
89 154
89 157
89 158
89 159
90 93
90 94
90 99
90 122
90 125
90 137
90 138
90 145
90 147
90 152
90 157
90 161
91 92
91 94
91 97
91 101
91 105
91 113
91 114
91 116
91 120
91 134
91 136
91 137
91 138
91 141
91 145
91 147
91 151
91 152
91 153
91 154
91 156
91 157
91 160
91 161
92 94
92 98
92 99
92 101
92 105
92 106
92 108
92 114
92 115
92 117
92 118
92 121
92 123
92 128
92 130
92 132
92 133
92 138
92 141
92 145
92 149
92 152
93 97
93 101
93 103
93 105
93 106
93 108
93 109
93 110
93 111
93 113
93 114
93 118
93 129
93 130
93 134
93 135
93 138
93 142
93 151
93 152
93 153
93 154
93 159
93 161
94 96
94 97
94 98
94 99
94 100
94 101
94 102
94 103
94 104
94 105
94 106
94 108
94 109
94 111
94 115
94 116
94 118
94 121
94 123
94 125
94 126
94 129
94 130
94 131
94 133
94 134
94 137
94 141
94 145
94 146
94 147
94 150
94 151
94 152
94 153
94 155
95 109
95 112
95 114
95 121
95 122
95 131
95 134
95 137
95 139
95 141
95 144
95 146
95 151
95 152
95 155
95 157
95 159
96 98
96 99
96 100
96 102
96 105
96 108
96 118
96 124
96 136
96 137
96 138
96 139
96 143
96 145
96 157
96 158
96 160
97 98
97 99
97 100
97 101
97 106
97 107
97 109
97 110
97 111
97 112
97 115
97 116
97 117
97 119
97 120
97 125
97 129
97 130
97 131
97 134
97 142
97 145
97 146
97 152
97 154
97 157
97 158
97 160
98 100
98 103
98 106
98 113
98 114
98 120
98 124
98 125
98 129
98 131
98 133
98 135
98 137
98 139
98 141
99 102
99 104
99 107
99 109
99 111
99 113
99 114
99 117
99 118
99 122
99 124
99 125
99 133
99 137
99 138
99 139
99 140
99 143
99 145
99 149
99 154
99 157
99 160
99 161
100 108
100 131
100 133
100 134
100 136
100 138
100 146
100 147
100 153
100 155
101 104
101 107
101 108
101 109
101 110
101 114
101 115
101 118
101 121
101 125
101 126
101 128
101 129
101 131
101 132
101 133
101 134
101 136
101 137
101 138
101 139
101 141
101 142
101 145
101 147
101 148
101 149
101 150
101 151
101 154
101 156
101 158
101 159
102 105
102 106
102 113
102 114
102 115
102 117
102 119
102 125
102 126
102 131
102 133
102 135
102 136
102 137
102 138
102 140
102 144
102 145
102 146
102 147
102 149
102 151
102 152
102 154
102 155
102 156
102 157
102 158
102 161
103 104
103 109
103 115
103 118
103 128
103 129
103 130
103 131
103 133
103 134
103 138
103 140
103 142
103 146
103 148
103 149
103 150
103 152
103 159
104 107
104 114
104 115
104 117
104 121
104 134
104 135
104 137
104 138
104 147
104 157
104 160
105 106
105 107
105 108
105 109
105 111
105 112
105 113
105 114
105 118
105 125
105 129
105 132
105 134
105 135
105 136
105 137
105 143
105 145
105 147
105 148
105 149
105 153
105 154
105 157
105 158
105 159
106 108
106 109
106 112
106 113
106 115
106 116
106 118
106 124
106 125
106 127
106 129
106 133
106 136
106 138
106 142
106 146
106 147
106 149
106 151
106 152
106 153
106 157
106 159
106 160
107 108
107 110
107 113
107 117
107 125
107 131
107 134
107 135
107 136
107 137
107 145
107 146
107 150
107 153
107 154
107 157
107 159
107 160
108 109
108 111
108 112
108 114
108 115
108 118
108 119
108 120
108 122
108 126
108 128
108 129
108 130
108 131
108 133
108 134
108 137
108 139
108 141
108 142
108 145
108 146
108 147
108 149
108 150
108 152
108 154
108 155
108 157
109 112
109 114
109 115
109 117
109 118
109 121
109 122
109 124
109 125
109 128
109 129
109 131
109 133
109 136
109 138
109 141
109 142
109 143
109 144
109 145
109 147
109 150
109 151
109 152
109 154
109 155
109 158
109 161
110 114
110 115
110 118
110 133
110 143
110 157
111 114
111 116
111 117
111 118
111 126
111 128
111 129
111 130
111 131
111 132
111 134
111 140
111 142
111 143
111 147
111 149
111 150
111 155
111 156
111 157
111 158
111 159
111 160
112 113
112 114
112 115
112 117
112 118
112 122
112 125
112 131
112 133
112 135
112 136
112 137
112 142
112 145
112 146
112 147
112 150
112 152
112 154
112 156
112 157
112 158
112 160
113 115
113 117
113 125
113 129
113 131
113 133
113 135
113 137
113 138
113 139
113 142
113 145
113 146
113 147
113 148
113 149
113 150
113 151
113 152
113 153
113 154
113 155
113 157
113 158
113 161
114 115
114 116
114 122
114 124
114 125
114 127
114 128
114 129
114 133
114 135
114 137
114 138
114 139
114 140
114 143
114 145
114 146
114 147
114 150
114 151
114 152
114 153
114 158
114 159
114 160
114 161
115 118
115 121
115 123
115 125
115 126
115 129
115 130
115 132
115 133
115 134
115 135
115 136
115 137
115 138
115 140
115 142
115 143
115 144
115 145
115 146
115 149
115 150
115 154
115 155
115 158
115 160
116 131
116 133
116 134
116 136
116 140
116 142
116 143
116 150
116 154
116 160
117 122
117 124
117 126
117 133
117 138
117 139
117 142
117 145
117 149
117 150
117 151
117 152
117 154
117 155
117 158
118 120
118 122
118 126
118 128
118 130
118 131
118 133
118 136
118 137
118 139
118 142
118 145
118 146
118 147
118 149
118 151
118 152
118 153
118 154
118 157
118 158
118 160
118 161
119 131
119 134
119 142
119 147
119 148
119 153
119 157
120 136
120 143
120 157
121 126
121 136
121 138
121 142
121 152
121 154
121 159
122 124
122 135
122 137
122 139
122 142
122 145
122 147
122 151
122 154
122 155
122 159
123 125
123 128
123 135
123 136
123 138
123 142
123 143
123 152
124 128
124 146
125 128
125 130
125 131
125 133
125 134
125 135
125 137
125 142
125 148
125 150
125 151
125 152
125 157
125 158
125 161
126 133
126 134
126 136
126 137
126 139
126 142
126 144
126 145
126 150
126 151
126 153
126 157
126 160
127 129
127 131
127 133
127 142
127 149
127 151
128 135
128 137
128 138
128 139
128 141
128 142
128 146
128 148
128 150
128 151
128 152
128 154
128 158
129 131
129 132
129 134
129 137
129 140
129 141
129 142
129 145
129 146
129 147
129 148
129 149
129 150
129 152
129 153
129 154
129 157
129 158
129 159
129 160
129 161
130 132
130 133
130 134
130 137
130 138
130 146
130 149
130 154
130 161
131 132
131 133
131 136
131 137
131 139
131 141
131 146
131 147
131 148
131 149
131 150
131 151
131 152
131 153
131 154
131 155
131 157
131 159
131 160
132 135
132 147
132 157
133 134
133 135
133 138
133 139
133 141
133 142
133 145
133 147
133 150
133 151
133 152
133 154
133 157
133 158
133 159
133 160
134 135
134 136
134 137
134 140
134 141
134 145
134 147
134 148
134 149
134 150
134 151
134 152
134 154
134 157
134 159
134 161
135 139
135 145
135 154
135 157
135 158
136 138
136 139
136 140
136 141
136 145
136 152
136 157
137 138
137 139
137 141
137 142
137 145
137 149
137 150
137 151
137 152
137 153
137 154
137 155
137 156
137 157
137 158
137 159
137 160
137 161
138 139
138 140
138 141
138 145
138 146
138 147
138 150
138 151
138 152
138 154
138 157
138 158
138 159
138 161
139 142
139 143
139 145
139 146
139 147
139 152
139 156
139 157
139 158
139 161
140 142
140 151
140 153
140 156
140 157
141 145
141 147
141 152
141 158
141 161
142 146
142 148
142 149
142 151
142 153
142 155
142 156
142 157
142 158
142 161
143 147
143 154
143 157
143 159
144 149
145 146
145 147
145 158
145 159
146 147
146 150
146 151
146 152
146 154
146 155
146 156
146 158
147 151
147 152
147 155
147 160
147 161
148 149
148 155
148 159
149 151
149 160
149 161
150 152
150 153
150 155
150 157
150 160
150 161
151 153
151 154
151 158
151 159
151 160
152 153
152 154
152 158
152 161
153 154
153 157
153 158
153 160
154 158
154 159
154 161
155 158
155 161
156 159
157 161
159 160
160 161
