0 4
0 7
0 12
0 14
0 23
0 24
0 25
0 28
0 47
0 51
0 58
0 62
0 64
0 70
0 71
0 72
0 76
0 79
0 85
0 89
0 93
0 97
0 102
0 104
0 106
0 113
0 114
0 121
0 129
0 130
0 131
0 132
0 133
0 134
0 135
0 138
0 147
0 151
0 157
0 158
1 2
1 3
1 6
1 10
1 12
1 13
1 19
1 20
1 23
1 34
1 35
1 37
1 40
1 48
1 52
1 54
1 55
1 56
1 60
1 61
1 63
1 64
1 65
1 68
1 70
1 71
1 72
1 73
1 74
1 76
1 77
1 79
1 83
1 84
1 89
1 90
1 92
1 93
1 94
1 107
1 109
1 114
1 116
1 117
1 118
1 122
1 124
1 125
1 128
1 132
1 133
1 138
1 139
1 151
1 158
1 161
2 6
2 9
2 11
2 19
2 22
2 24
2 31
2 35
2 44
2 47
2 48
2 51
2 54
2 56
2 72
2 74
2 75
2 85
2 89
2 97
2 111
2 116
2 127
2 130
2 134
2 147
2 151
2 159
3 7
3 14
3 16
3 18
3 21
3 25
3 30
3 33
3 35
3 37
3 38
3 39
3 43
3 44
3 45
3 46
3 50
3 51
3 63
3 64
3 69
3 72
3 73
3 79
3 85
3 90
3 98
3 101
3 102
3 103
3 107
3 110
3 113
3 114
3 118
3 134
3 147
3 152
3 157
3 158
3 159
4 9
4 10
4 11
4 13
4 14
4 18
4 19
4 21
4 23
4 28
4 30
4 31
4 32
4 34
4 36
4 38
4 39
4 40
4 41
4 42
4 45
4 46
4 48
4 49
4 50
4 51
4 52
4 54
4 55
4 56
4 57
4 58
4 61
4 65
4 66
4 67
4 68
4 70
4 71
4 74
4 75
4 76
4 77
4 78
4 80
4 82
4 84
4 86
4 89
4 90
4 91
4 92
4 94
4 100
4 101
4 102
4 105
4 106
4 107
4 108
4 109
4 112
4 115
4 117
4 122
4 125
4 128
4 131
4 133
4 134
4 137
4 138
4 139
4 141
4 142
4 145
4 149
4 152
4 155
4 158
4 159
4 160
4 161
5 6
5 14
5 25
5 26
5 49
5 51
5 52
5 58
5 63
5 65
5 84
5 89
5 92
5 94
5 98
5 100
5 103
5 104
5 111
5 118
5 129
5 133
5 138
5 142
5 152
5 153
5 155
5 158
6 7
6 9
6 14
6 15
6 17
6 19
6 22
6 28
6 29
6 31
6 32
6 34
6 35
6 36
6 38
6 40
6 44
6 45
6 47
6 50
6 51
6 52
6 53
6 54
6 55
6 56
6 58
6 63
6 64
6 65
6 69
6 70
6 73
6 74
6 80
6 84
6 88
6 89
6 92
6 97
6 101
6 102
6 104
6 106
6 107
6 109
6 111
6 113
6 114
6 115
6 116
6 117
6 118
6 125
6 127
6 129
6 130
6 131
6 133
6 134
6 137
6 138
6 143
6 146
6 147
6 148
6 150
6 153
6 155
6 157
6 158
7 8
7 9
7 14
7 17
7 18
7 19
7 22
7 24
7 31
7 32
7 34
7 35
7 36
7 37
7 38
7 42
7 44
7 46
7 47
7 48
7 54
7 57
7 58
7 60
7 63
7 65
7 66
7 68
7 69
7 72
7 73
7 74
7 79
7 80
7 83
7 85
7 87
7 89
7 90
7 91
7 92
7 93
7 94
7 95
7 96
7 97
7 98
7 101
7 102
7 103
7 106
7 108
7 109
7 110
7 113
7 114
7 115
7 117
7 121
7 122
7 124
7 125
7 126
7 129
7 130
7 131
7 134
7 136
7 138
7 140
7 141
7 143
7 145
7 146
7 148
7 150
7 152
7 153
7 157
7 160
8 9
8 14
8 25
8 34
8 41
8 44
8 51
8 54
8 57
8 58
8 66
8 68
8 69
8 70
8 78
8 83
8 90
8 94
8 96
8 99
8 105
8 106
8 108
8 109
8 114
8 125
8 128
8 129
8 141
8 142
8 143
8 145
8 151
8 153
8 159
9 17
9 19
9 20
9 21
9 26
9 29
9 30
9 38
9 40
9 44
9 48
9 53
9 55
9 56
9 67
9 70
9 72
9 76
9 84
9 85
9 87
9 88
9 91
9 92
9 93
9 97
9 98
9 101
9 105
9 109
9 112
9 114
9 115
9 121
9 123
9 125
9 129
9 131
9 132
9 133
9 137
9 138
9 142
9 147
9 149
9 152
9 154
9 161
10 11
10 17
10 19
10 31
10 35
10 36
10 40
10 42
10 49
10 50
10 54
10 55
10 56
10 58
10 59
10 65
10 66
10 68
10 69
10 70
10 71
10 73
10 80
10 81
10 85
10 86
10 89
10 96
10 97
10 98
10 101
10 102
10 104
10 108
10 112
10 113
10 114
10 115
10 117
10 122
10 123
10 125
10 129
10 130
10 131
10 137
10 140
10 142
10 146
10 155
10 157
10 158
10 159
10 160
11 14
11 17
11 23
11 24
11 27
11 30
11 31
11 32
11 34
11 36
11 38
11 40
11 42
11 43
11 45
11 46
11 47
11 49
11 51
11 52
11 56
11 59
11 63
11 64
11 65
11 66
11 68
11 69
11 71
11 72
11 74
11 75
11 79
11 80
11 88
11 94
11 99
11 100
11 101
11 102
11 106
11 111
11 114
11 115
11 117
11 118
11 122
11 125
11 128
11 129
11 131
11 133
11 134
11 136
11 137
11 139
11 142
11 145
11 146
11 147
11 148
11 151
11 154
11 157
11 158
11 159
11 161
12 21
12 26
12 28
12 33
12 40
12 43
12 48
12 51
12 55
12 56
12 61
12 64
12 65
12 68
12 77
12 79
12 80
12 81
12 82
12 84
12 86
12 93
12 96
12 97
12 100
12 101
12 102
12 103
12 106
12 110
12 112
12 114
12 115
12 125
12 134
12 135
12 136
12 138
12 139
12 147
12 150
12 151
12 152
12 154
12 157
12 158
12 161
13 14
13 16
13 18
13 19
13 24
13 31
13 34
13 37
13 40
13 43
13 49
13 54
13 55
13 67
13 69
13 73
13 74
13 75
13 79
13 84
13 86
13 89
13 99
13 100
13 101
13 103
13 106
13 107
13 109
13 115
13 117
13 125
13 129
13 131
13 134
13 137
13 142
13 146
13 150
13 152
13 155
13 157
13 160
14 17
14 21
14 24
14 25
14 26
14 30
14 32
14 35
14 38
14 39
14 40
14 44
14 45
14 50
14 51
14 53
14 56
14 59
14 60
14 62
14 63
14 64
14 65
14 66
14 67
14 70
14 71
14 73
14 74
14 75
14 77
14 79
14 80
14 83
14 84
14 85
14 87
14 89
14 92
14 94
14 97
14 98
14 99
14 102
14 103
14 104
14 106
14 108
14 109
14 110
14 111
14 112
14 116
14 117
14 118
14 120
14 122
14 124
14 129
14 131
14 135
14 137
14 138
14 139
14 141
14 142
14 143
14 147
14 151
14 152
14 154
14 155
14 157
14 158
14 160
14 161
15 23
15 27
15 32
15 36
15 37
15 45
15 46
15 49
15 54
15 55
15 63
15 64
15 67
15 72
15 73
15 74
15 77
15 78
15 79
15 86
15 89
15 93
15 94
15 97
15 98
15 107
15 109
15 117
15 124
15 130
15 131
15 133
15 135
15 137
15 142
15 145
15 149
15 151
15 152
15 154
15 157
16 17
16 18
16 26
16 30
16 34
16 35
16 36
16 41
16 44
16 45
16 49
16 56
16 58
16 59
16 64
16 65
16 67
16 68
16 69
16 70
16 72
16 74
16 79
16 87
16 90
16 105
16 111
16 114
16 115
16 118
16 126
16 132
16 138
16 147
16 151
17 18
17 26
17 31
17 37
17 38
17 46
17 50
17 51
17 54
17 62
17 63
17 65
17 66
17 70
17 74
17 75
17 86
17 100
17 106
17 108
17 114
17 117
17 133
17 152
17 159
18 19
18 20
18 26
18 31
18 32
18 38
18 39
18 40
18 42
18 43
18 46
18 49
18 51
18 52
18 56
18 57
18 61
18 62
18 64
18 67
18 68
18 69
18 70
18 71
18 72
18 74
18 77
18 84
18 87
18 89
18 90
18 91
18 97
18 100
18 104
18 106
18 109
18 114
18 115
18 116
18 120
18 128
18 130
18 131
18 141
18 145
18 152
18 153
18 157
18 158
19 25
19 26
19 31
19 35
19 37
19 38
19 39
19 40
19 42
19 43
19 44
19 45
19 49
19 50
19 51
19 52
19 53
19 55
19 56
19 57
19 58
19 59
19 62
19 65
19 66
19 67
19 70
19 71
19 72
19 73
19 74
19 75
19 77
19 79
19 80
19 82
19 84
19 85
19 87
19 91
19 94
19 95
19 97
19 101
19 103
19 104
19 105
19 106
19 108
19 110
19 112
19 113
19 114
19 115
19 116
19 117
19 125
19 126
19 131
19 133
19 135
19 138
19 139
19 142
19 143
19 145
19 146
19 148
19 150
19 151
19 152
19 153
19 154
19 155
19 157
19 158
19 160
19 161
20 23
20 28
20 32
20 34
20 36
20 44
20 51
20 55
20 61
20 68
20 70
20 72
20 73
20 83
20 85
20 87
20 105
20 110
20 114
20 125
20 130
20 137
20 138
20 139
20 140
20 141
20 145
20 147
20 151
20 159
20 160
21 22
21 24
21 25
21 30
21 31
21 32
21 34
21 35
21 36
21 37
21 38
21 40
21 43
21 44
21 45
21 46
21 47
21 49
21 55
21 56
21 57
21 61
21 63
21 64
21 67
21 68
21 69
21 70
21 73
21 79
21 80
21 83
21 84
21 85
21 86
21 88
21 89
21 93
21 94
21 96
21 97
21 98
21 100
21 101
21 102
21 105
21 106
21 107
21 108
21 111
21 118
21 120
21 131
21 137
21 138
21 139
21 140
21 141
21 142
21 145
21 146
21 147
21 149
21 150
21 151
21 152
21 153
21 157
21 161
22 26
22 31
22 32
22 33
22 35
22 39
22 44
22 56
22 67
22 69
22 70
22 71
22 79
22 83
22 101
22 102
22 105
22 106
22 108
22 110
22 115
22 129
22 131
22 134
22 135
22 136
22 142
22 148
22 151
22 152
23 24
23 27
23 31
23 35
23 38
23 45
23 49
23 50
23 54
23 56
23 58
23 63
23 64
23 67
23 71
23 87
23 88
23 89
23 97
23 98
23 101
23 109
23 118
23 120
23 129
23 130
23 134
23 135
23 142
23 146
23 148
23 154
23 157
24 25
24 28
24 32
24 38
24 39
24 44
24 48
24 54
24 55
24 56
24 63
24 64
24 65
24 71
24 73
24 75
24 76
24 79
24 86
24 88
24 89
24 91
24 93
24 99
24 105
24 106
24 109
24 112
24 115
24 116
24 117
24 118
24 121
24 125
24 126
24 133
24 134
24 135
24 139
24 148
24 152
24 154
25 26
25 32
25 35
25 36
25 37
25 38
25 43
25 44
25 45
25 46
25 48
25 49
25 50
25 51
25 54
25 56
25 60
25 63
25 65
25 72
25 74
25 75
25 77
25 79
25 82
25 84
25 87
25 90
25 91
25 94
25 99
25 101
25 106
25 108
25 111
25 112
25 113
25 114
25 116
25 117
25 118
25 120
25 121
25 126
25 129
25 133
25 134
25 135
25 138
25 139
25 140
25 142
25 144
25 146
25 147
25 150
25 151
25 153
25 154
25 157
25 158
25 159
25 161
26 27
26 28
26 30
26 31
26 32
26 36
26 37
26 40
26 42
26 44
26 45
26 46
26 47
26 48
26 50
26 51
26 53
26 54
26 57
26 63
26 64
26 65
26 66
26 67
26 68
26 69
26 70
26 71
26 75
26 76
26 77
26 79
26 80
26 84
26 85
26 87
26 88
26 89
26 90
26 91
26 93
26 94
26 101
26 102
26 103
26 106
26 107
26 108
26 109
26 110
26 112
26 113
26 115
26 122
26 125
26 126
26 129
26 130
26 131
26 133
26 134
26 135
26 137
26 139
26 140
26 141
26 143
26 149
26 150
26 152
26 154
26 155
26 157
26 158
26 160
26 161
27 35
27 50
27 54
27 56
27 64
27 66
27 75
27 116
27 132
27 137
27 138
28 31
28 34
28 39
28 41
28 42
28 45
28 46
28 49
28 50
28 51
28 55
28 56
28 64
28 66
28 69
28 72
28 75
28 79
28 80
28 82
28 85
28 94
28 97
28 100
28 102
28 104
28 106
28 111
28 118
28 134
28 138
28 142
28 146
28 147
28 151
28 153
28 154
28 156
28 157
28 161
29 32
29 43
29 44
29 46
29 50
29 51
29 56
29 58
29 64
29 67
29 86
29 88
29 90
29 101
29 104
29 111
29 117
29 118
29 131
29 132
29 134
29 135
29 138
29 142
29 151
29 158
29 160
30 32
30 33
30 34
30 37
30 38
30 39
30 42
30 43
30 44
30 46
30 49
30 53
30 57
30 58
30 63
30 64
30 67
30 68
30 69
30 70
30 72
30 74
30 76
30 79
30 82
30 85
30 89
30 91
30 92
30 94
30 96
30 98
30 102
30 103
30 106
30 109
30 111
30 115
30 118
30 122
30 123
30 129
30 131
30 133
30 134
30 135
30 136
30 137
30 141
30 146
30 152
30 154
30 157
30 159
30 160
30 161
31 32
31 37
31 38
31 42
31 43
31 44
31 49
31 50
31 51
31 52
31 54
31 55
31 56
31 58
31 59
31 61
31 63
31 65
31 66
31 67
31 69
31 70
31 72
31 73
31 74
31 75
31 77
31 79
31 82
31 85
31 86
31 93
31 101
31 102
31 104
31 106
31 108
31 110
31 111
31 112
31 115
31 116
31 118
31 119
31 124
31 125
31 126
31 131
31 132
31 133
31 134
31 137
31 138
31 139
31 142
31 143
31 146
31 147
31 148
31 153
31 154
31 156
31 157
31 160
31 161
32 34
32 35
32 38
32 39
32 48
32 49
32 51
32 53
32 54
32 55
32 63
32 66
32 67
32 68
32 69
32 70
32 71
32 72
32 73
32 75
32 84
32 85
32 86
32 89
32 92
32 100
32 101
32 102
32 104
32 106
32 107
32 111
32 112
32 113
32 114
32 115
32 117
32 125
32 129
32 132
32 133
32 134
32 135
32 136
32 137
32 144
32 145
32 147
32 148
32 154
32 156
32 158
32 161
33 34
33 35
33 45
33 49
33 50
33 56
33 70
33 73
33 86
33 88
33 94
33 102
33 105
33 106
33 108
33 114
33 122
33 126
33 130
33 133
33 138
33 145
33 146
33 153
34 38
34 42
34 45
34 47
34 56
34 58
34 60
34 61
34 62
34 63
34 65
34 68
34 69
34 70
34 73
34 75
34 79
34 82
34 83
34 84
34 87
34 90
34 91
34 105
34 106
34 109
34 110
34 111
34 114
34 115
34 116
34 121
34 122
34 131
34 133
34 136
34 137
34 138
34 140
34 143
34 145
34 146
34 149
34 161
35 36
35 38
35 40
35 44
35 45
35 48
35 49
35 50
35 52
35 53
35 56
35 57
35 58
35 60
35 64
35 66
35 67
35 70
35 71
35 73
35 77
35 79
35 80
35 86
35 87
35 89
35 91
35 98
35 102
35 105
35 106
35 108
35 109
35 112
35 114
35 115
35 117
35 125
35 129
35 131
35 133
35 134
35 135
35 137
35 138
35 143
35 145
35 146
35 147
35 148
35 149
35 150
35 154
35 155
35 158
35 159
36 37
36 40
36 44
36 49
36 55
36 57
36 58
36 59
36 66
36 67
36 70
36 71
36 72
36 74
36 76
36 84
36 86
36 92
36 94
36 97
36 100
36 102
36 104
36 106
36 108
36 111
36 112
36 113
36 116
36 117
36 118
36 125
36 126
36 129
36 133
36 137
36 140
36 145
36 147
36 158
37 42
37 45
37 49
37 50
37 53
37 55
37 56
37 63
37 64
37 65
37 67
37 69
37 74
37 79
37 80
37 89
37 93
37 97
37 110
37 112
37 115
37 117
37 129
37 130
37 136
37 137
37 139
37 142
37 147
37 151
37 152
37 154
37 157
38 40
38 45
38 51
38 53
38 54
38 56
38 57
38 61
38 62
38 64
38 65
38 67
38 68
38 69
38 70
38 72
38 73
38 76
38 83
38 87
38 89
38 93
38 96
38 98
38 102
38 105
38 106
38 108
38 109
38 114
38 118
38 121
38 124
38 125
38 129
38 134
38 136
38 138
38 139
38 141
38 143
38 146
38 147
38 150
38 152
38 153
38 154
38 155
38 160
39 41
39 42
39 43
39 44
39 49
39 50
39 51
39 52
39 53
39 54
39 56
39 59
39 60
39 65
39 66
39 67
39 68
39 77
39 80
39 84
39 85
39 86
39 88
39 90
39 97
39 100
39 102
39 105
39 106
39 109
39 114
39 115
39 116
39 124
39 130
39 131
39 133
39 137
39 147
39 148
39 151
39 154
39 156
39 157
39 160
39 161
40 42
40 43
40 45
40 46
40 49
40 51
40 52
40 54
40 55
40 56
40 58
40 61
40 63
40 64
40 65
40 67
40 68
40 69
40 72
40 73
40 79
40 80
40 82
40 84
40 86
40 87
40 89
40 93
40 95
40 97
40 100
40 101
40 102
40 106
40 108
40 109
40 112
40 114
40 115
40 117
40 118
40 120
40 122
40 126
40 128
40 130
40 133
40 135
40 136
40 137
40 138
40 139
40 141
40 142
40 143
40 147
40 151
40 152
40 153
40 157
40 161
41 56
41 57
41 63
41 64
41 65
41 66
41 69
41 72
41 77
41 83
41 94
41 97
41 101
41 105
41 106
41 107
41 108
41 109
41 114
41 115
41 119
41 125
41 131
41 134
41 140
41 144
41 154
42 43
42 44
42 45
42 46
42 54
42 55
42 56
42 60
42 65
42 67
42 68
42 71
42 73
42 77
42 79
42 80
42 83
42 89
42 92
42 104
42 111
42 112
42 114
42 115
42 119
42 120
42 126
42 127
42 130
42 131
42 133
42 135
42 142
42 143
42 145
42 146
42 147
42 154
42 155
43 44
43 49
43 50
43 51
43 53
43 54
43 55
43 56
43 57
43 61
43 62
43 68
43 69
43 71
43 72
43 73
43 74
43 75
43 76
43 79
43 85
43 89
43 90
43 91
43 92
43 94
43 99
43 100
43 101
43 102
43 104
43 106
43 107
43 109
43 112
43 113
43 114
43 115
43 117
43 118
43 121
43 127
43 129
43 131
43 133
43 135
43 139
43 145
43 147
43 151
43 152
43 154
43 157
43 161
44 45
44 50
44 51
44 52
44 53
44 54
44 57
44 63
44 64
44 65
44 66
44 68
44 70
44 71
44 72
44 73
44 74
44 75
44 77
44 79
44 80
44 82
44 86
44 88
44 91
44 93
44 95
44 97
44 99
44 100
44 102
44 105
44 108
44 109
44 111
44 112
44 113
44 114
44 118
44 124
44 125
44 126
44 129
44 131
44 132
44 133
44 134
44 139
44 142
44 143
44 145
44 150
44 156
44 158
44 160
45 46
45 50
45 51
45 54
45 55
45 56
45 64
45 65
45 66
45 67
45 70
45 73
45 75
45 77
45 79
45 82
45 84
45 85
45 88
45 89
45 90
45 91
45 92
45 94
45 97
45 103
45 106
45 108
45 113
45 114
45 115
45 117
45 125
45 126
45 127
45 128
45 129
45 131
45 133
45 134
45 135
45 137
45 142
45 148
45 149
45 150
45 153
45 154
45 156
45 157
45 160
46 49
46 51
46 53
46 55
46 57
46 59
46 62
46 63
46 68
46 72
46 75
46 77
46 79
46 81
46 87
46 88
46 89
46 92
46 95
46 97
46 99
46 105
46 108
46 110
46 115
46 118
46 120
46 121
46 123
46 124
46 127
46 131
46 132
46 136
46 137
46 140
46 143
46 146
46 147
46 149
46 152
46 154
46 157
46 158
46 160
47 49
47 50
47 51
47 52
47 55
47 56
47 59
47 65
47 72
47 75
47 79
47 94
47 109
47 115
47 127
47 137
47 142
47 148
47 154
48 51
48 56
48 58
48 59
48 64
48 65
48 69
48 73
48 74
48 79
48 82
48 83
48 87
48 88
48 89
48 101
48 102
48 108
48 109
48 111
48 115
48 117
48 131
48 138
48 141
48 142
48 150
48 153
48 157
48 158
48 159
49 50
49 53
49 54
49 55
49 56
49 57
49 58
49 60
49 64
49 65
49 67
49 68
49 70
49 73
49 75
49 80
49 82
49 84
49 86
49 88
49 89
49 90
49 93
49 94
49 97
49 98
49 99
49 101
49 104
49 105
49 106
49 107
49 108
49 109
49 110
49 111
49 114
49 115
49 117
49 121
49 122
49 125
49 129
49 130
49 131
49 134
49 135
49 136
49 137
49 138
49 141
49 142
49 143
49 144
49 145
49 146
49 147
49 150
49 151
49 153
49 154
49 156
49 157
49 158
49 159
50 51
50 53
50 55
50 59
50 63
50 66
50 72
50 73
50 74
50 79
50 80
50 83
50 84
50 88
50 89
50 91
50 97
50 100
50 101
50 102
50 103
50 105
50 106
50 113
50 117
50 119
50 122
50 126
50 129
50 134
50 135
50 136
50 137
50 138
50 139
50 140
50 141
50 142
50 143
50 144
50 147
50 151
50 153
50 155
50 158
50 159
51 54
51 56
51 57
51 58
51 59
51 63
51 64
51 68
51 71
51 72
51 74
51 75
51 76
51 77
51 79
51 80
51 82
51 83
51 85
51 86
51 87
51 88
51 89
51 93
51 94
51 100
51 101
51 102
51 104
51 107
51 108
51 109
51 112
51 113
51 114
51 115
51 117
51 118
51 124
51 125
51 129
51 130
51 131
51 133
51 134
51 137
51 138
51 141
51 142
51 144
51 145
51 146
51 147
51 150
51 151
51 152
51 153
51 154
51 158
51 160
52 53
52 61
52 63
52 64
52 65
52 66
52 68
52 69
52 70
52 72
52 74
52 76
52 77
52 87
52 93
52 95
52 99
52 102
52 107
52 108
52 109
52 117
52 129
52 131
52 132
52 136
52 137
52 139
52 141
52 144
52 145
52 146
52 149
52 150
52 153
52 157
53 55
53 61
53 65
53 66
53 79
53 85
53 89
53 94
53 96
53 97
53 103
53 107
53 113
53 114
53 116
53 117
53 118
53 125
53 126
53 137
53 138
53 141
53 145
53 150
53 159
54 55
54 63
54 64
54 65
54 66
54 67
54 69
54 70
54 71
54 73
54 75
54 76
54 77
54 80
54 83
54 84
54 85
54 86
54 90
54 91
54 92
54 93
54 94
54 95
54 96
54 97
54 98
54 101
54 102
54 103
54 104
54 105
54 106
54 108
54 109
54 113
54 117
54 119
54 120
54 121
54 124
54 127
54 129
54 133
54 134
54 135
54 138
54 139
54 140
54 141
54 142
54 143
54 145
54 146
54 147
54 148
54 150
54 151
54 152
54 154
54 155
54 158
55 56
55 64
55 68
55 71
55 72
55 79
55 87
55 93
55 94
55 95
55 97
55 101
55 102
55 104
55 105
55 106
55 107
55 109
55 110
55 111
55 113
55 115
55 118
55 121
55 126
55 129
55 133
55 137
55 138
55 139
55 142
55 149
55 150
55 151
55 152
55 153
56 57
56 59
56 63
56 65
56 67
56 68
56 69
56 70
56 71
56 72
56 73
56 74
56 75
56 77
56 79
56 86
56 87
56 89
56 92
56 93
56 94
56 97
56 99
56 101
56 103
56 106
56 108
56 109
56 111
56 113
56 115
56 117
56 118
56 122
56 124
56 125
56 128
56 131
56 134
56 136
56 138
56 139
56 140
56 142
56 144
56 146
56 147
56 148
56 150
56 155
56 156
56 161
57 58
57 65
57 70
57 71
57 72
57 73
57 93
57 94
57 97
57 101
57 102
57 108
57 111
57 127
57 136
57 138
57 139
57 146
57 147
57 150
57 151
57 152
57 153
57 158
57 161
58 61
58 63
58 68
58 69
58 72
58 74
58 77
58 84
58 87
58 88
58 89
58 93
58 96
58 98
58 101
58 106
58 108
58 110
58 111
58 112
58 113
58 115
58 117
58 129
58 131
58 133
58 137
58 138
58 142
58 146
58 147
58 149
58 150
58 151
58 152
58 155
58 157
58 158
59 61
59 65
59 69
59 72
59 73
59 75
59 77
59 85
59 92
59 98
59 100
59 101
59 102
59 108
59 109
59 110
59 113
59 114
59 125
59 129
59 130
59 131
59 137
59 138
59 141
59 142
59 145
59 146
59 148
59 155
60 65
60 71
60 73
60 82
60 93
60 125
60 131
60 132
60 133
60 134
60 137
60 146
60 158
60 161
61 63
61 64
61 65
61 69
61 70
61 71
61 72
61 74
61 79
61 82
61 84
61 94
61 96
61 97
61 103
61 106
61 108
61 109
61 110
61 113
61 114
61 120
61 128
61 133
61 135
61 136
61 137
61 138
61 142
61 146
61 147
61 151
61 153
61 154
61 155
61 157
61 159
61 160
62 64
62 70
62 72
62 75
62 77
62 79
62 82
62 85
62 97
62 109
62 126
62 127
62 131
62 133
62 134
62 137
62 152
62 153
62 154
63 65
63 68
63 71
63 72
63 74
63 80
63 82
63 86
63 89
63 90
63 91
63 92
63 97
63 99
63 101
63 102
63 103
63 105
63 106
63 107
63 108
63 111
63 112
63 113
63 115
63 120
63 128
63 129
63 130
63 131
63 134
63 136
63 137
63 138
63 139
63 140
63 141
63 143
63 145
63 149
63 150
63 152
63 153
63 154
63 156
63 158
63 161
64 65
64 67
64 68
64 70
64 71
64 72
64 73
64 74
64 75
64 77
64 79
64 82
64 84
64 89
64 93
64 94
64 95
64 97
64 100
64 101
64 103
64 104
64 106
64 107
64 109
64 110
64 113
64 114
64 115
64 116
64 117
64 119
64 124
64 127
64 129
64 131
64 133
64 134
64 137
64 139
64 142
64 143
64 147
64 148
64 149
64 150
64 152
64 154
64 156
64 159
64 161
65 66
65 67
65 68
65 69
65 70
65 71
65 72
65 73
65 74
65 75
65 76
65 77
65 83
65 87
65 89
65 92
65 94
65 95
65 97
65 99
65 102
65 103
65 105
65 107
65 108
65 112
65 114
65 116
65 118
65 120
65 122
65 129
65 130
65 132
65 133
65 135
65 137
65 138
65 139
65 141
65 143
65 144
65 146
65 152
65 153
65 154
65 158
65 160
66 67
66 69
66 70
66 71
66 75
66 76
66 79
66 81
66 88
66 89
66 90
66 94
66 97
66 101
66 106
66 110
66 111
66 115
66 116
66 117
66 118
66 120
66 125
66 126
66 129
66 130
66 131
66 132
66 133
66 134
66 135
66 137
66 138
66 140
66 144
66 145
66 146
66 147
66 150
66 152
66 153
66 154
66 157
66 158
67 68
67 69
67 72
67 73
67 74
67 75
67 78
67 79
67 81
67 83
67 84
67 87
67 89
67 94
67 97
67 99
67 101
67 104
67 105
67 106
67 108
67 109
67 111
67 113
67 114
67 115
67 117
67 118
67 119
67 126
67 128
67 129
67 130
67 131
67 132
67 134
67 136
67 137
67 139
67 140
67 143
67 144
67 145
67 147
67 148
67 149
67 151
67 152
67 153
67 154
67 155
67 158
67 159
68 70
68 71
68 73
68 74
68 75
68 77
68 78
68 79
68 81
68 83
68 85
68 88
68 89
68 90
68 92
68 93
68 94
68 100
68 101
68 102
68 106
68 112
68 117
68 118
68 119
68 126
68 131
68 134
68 135
68 138
68 139
68 140
68 142
68 143
68 147
68 150
68 152
68 155
68 157
68 161
69 70
69 71
69 72
69 74
69 76
69 77
69 78
69 81
69 83
69 84
69 86
69 88
69 89
69 91
69 92
69 93
69 98
69 101
69 104
69 105
69 107
69 108
69 111
69 113
69 114
69 115
69 116
69 117
69 118
69 120
69 129
69 130
69 131
69 133
69 135
69 137
69 138
69 139
69 141
69 142
69 143
69 145
69 149
69 151
69 152
69 154
69 159
69 161
70 71
70 72
70 74
70 75
70 77
70 80
70 81
70 84
70 85
70 89
70 90
70 92
70 94
70 95
70 96
70 97
70 99
70 100
70 101
70 104
70 105
70 109
70 110
70 111
70 112
70 114
70 115
70 116
70 117
70 119
70 121
70 122
70 127
70 130
70 132
70 134
70 135
70 137
70 138
70 139
70 142
70 143
70 145
70 146
70 147
70 150
70 151
70 152
70 153
70 157
70 158
70 159
70 160
71 73
71 74
71 75
71 77
71 80
71 84
71 85
71 86
71 87
71 91
71 94
71 95
71 97
71 98
71 101
71 102
71 103
71 107
71 109
71 114
71 115
71 117
71 123
71 126
71 130
71 133
71 135
71 136
71 137
71 139
71 140
71 142
71 143
71 145
71 146
71 147
71 148
71 149
71 151
71 152
71 153
71 157
71 158
71 159
71 161
72 73
72 74
72 75
72 77
72 80
72 82
72 83
72 84
72 87
72 89
72 92
72 94
72 95
72 97
72 98
72 100
72 101
72 102
72 103
72 105
72 106
72 110
72 111
72 112
72 114
72 115
72 116
72 117
72 118
72 121
72 125
72 127
72 128
72 129
72 130
72 131
72 134
72 136
72 137
72 139
72 140
72 141
72 145
72 146
72 147
72 149
72 150
72 152
72 154
72 155
72 157
72 158
72 160
72 161
73 80
73 81
73 84
73 86
73 87
73 91
73 98
73 103
73 106
73 108
73 112
73 113
73 115
73 117
73 118
73 119
73 120
73 124
73 125
73 128
73 134
73 135
73 136
73 141
73 142
73 143
73 145
73 149
73 150
73 152
73 154
73 161
74 75
74 76
74 77
74 78
74 79
74 82
74 83
74 84
74 85
74 87
74 90
74 91
74 93
74 95
74 97
74 99
74 100
74 102
74 103
74 105
74 106
74 108
74 109
74 112
74 113
74 114
74 117
74 118
74 121
74 125
74 126
74 127
74 129
74 131
74 133
74 134
74 136
74 137
74 138
74 141
74 142
74 143
74 145
74 146
74 148
74 149
74 151
74 152
74 153
74 154
74 155
74 156
74 158
74 160
75 79
75 86
75 89
75 93
75 94
75 97
75 100
75 102
75 105
75 106
75 111
75 112
75 115
75 118
75 119
75 120
75 121
75 125
75 126
75 127
75 131
75 135
75 136
75 137
75 139
75 142
75 145
75 147
75 149
75 150
75 151
75 153
75 154
75 158
75 161
76 78
76 94
76 95
76 97
76 101
76 105
76 108
76 110
76 117
76 125
76 128
76 131
76 136
76 138
76 141
76 142
76 147
76 151
76 152
76 159
77 79
77 85
77 87
77 89
77 93
77 95
77 98
77 99
77 101
77 106
77 108
77 111
77 114
77 115
77 121
77 125
77 128
77 130
77 133
77 137
77 138
77 139
77 141
77 142
77 145
77 146
77 148
77 152
77 157
77 158
78 87
78 130
78 131
78 159
78 160
79 81
79 85
79 87
79 88
79 90
79 91
79 93
79 94
79 100
79 101
79 102
79 105
79 114
79 115
79 117
79 118
79 123
79 124
79 125
79 126
79 127
79 129
79 130
79 131
79 133
79 135
79 136
79 137
79 139
79 141
79 142
79 143
79 145
79 146
79 151
79 152
79 153
79 155
79 157
79 158
79 160
80 82
80 83
80 85
80 87
80 91
80 93
80 95
80 98
80 101
80 102
80 105
80 106
80 109
80 111
80 112
80 113
80 118
80 125
80 127
80 130
80 131
80 136
80 137
80 138
80 141
80 142
80 147
80 151
80 152
80 154
80 157
81 86
81 99
81 105
81 108
81 109
81 110
81 111
81 113
81 114
81 115
81 117
81 124
81 131
81 134
81 142
81 148
81 158
82 83
82 93
82 94
82 97
82 100
82 105
82 106
82 107
82 108
82 110
82 117
82 121
82 128
82 130
82 131
82 136
82 138
82 142
82 152
82 155
82 161
83 89
83 99
83 115
83 118
83 131
83 133
83 136
83 138
83 147
83 150
83 155
83 157
83 159
83 160
84 85
84 87
84 89
84 91
84 93
84 97
84 98
84 100
84 102
84 105
84 106
84 108
84 109
84 111
84 125
84 130
84 131
84 132
84 133
84 136
84 137
84 138
84 142
84 146
84 147
84 151
84 152
84 153
84 154
84 157
84 158
85 86
85 87
85 88
85 93
85 100
85 104
85 112
85 113
85 115
85 118
85 121
85 129
85 133
85 137
85 141
85 142
85 143
85 145
85 147
85 152
85 153
85 154
85 157
85 160
85 161
86 88
86 89
86 91
86 97
86 100
86 102
86 108
86 109
86 112
86 117
86 118
86 120
86 126
86 128
86 134
86 138
86 142
86 146
86 149
86 154
86 157
86 158
86 160
87 95
87 97
87 98
87 104
87 105
87 108
87 109
87 111
87 113
87 118
87 124
87 125
87 127
87 133
87 137
87 138
87 140
87 141
87 148
87 149
87 151
87 152
87 156
87 157
87 158
87 161
88 93
88 97
88 100
88 102
88 105
88 106
88 112
88 113
88 115
88 118
88 127
88 129
88 133
88 134
88 139
88 142
88 143
88 144
88 146
88 147
88 152
88 153
88 154
89 93
89 97
89 103
89 105
89 108
89 109
89 110
89 111
89 112
89 113
89 114
89 118
89 123
89 124
89 125
89 126
89 129
89 131
89 134
89 138
89 139
89 140
89 141
89 142
89 143
89 145
89 146
89 147
89 151
89 152
89 157
89 158
89 160
90 98
90 101
90 104
90 106
90 112
90 115
90 130
90 131
90 135
90 136
90 140
90 147
90 151
90 159
91 97
91 99
91 100
91 101
91 103
91 108
91 114
91 116
91 125
91 127
91 129
91 130
91 131
91 133
91 142
91 143
91 148
91 151
91 152
91 154
91 155
92 94
92 96
92 101
92 106
92 108
92 109
92 114
92 117
92 130
92 131
92 133
92 137
92 141
92 145
92 146
92 154
92 159
93 94
93 99
93 100
93 105
93 106
93 107
93 109
93 116
93 117
93 131
93 132
93 133
93 136
93 138
93 143
93 148
93 149
93 151
93 152
93 153
93 160
94 95
94 98
94 101
94 102
94 103
94 106
94 107
94 109
94 113
94 114
94 116
94 117
94 121
94 122
94 125
94 128
94 130
94 131
94 133
94 134
94 137
94 138
94 142
94 143
94 145
94 147
94 148
94 149
94 152
94 154
94 155
94 156
94 157
94 160
95 97
95 104
95 108
95 109
95 111
95 117
95 120
95 125
95 127
95 129
95 134
95 137
95 138
95 146
95 147
96 101
96 112
96 117
96 129
96 137
96 142
96 147
96 154
96 158
96 159
96 160
97 98
97 99
97 100
97 101
97 102
97 103
97 105
97 107
97 108
97 111
97 112
97 113
97 114
97 115
97 117
97 118
97 120
97 122
97 125
97 128
97 129
97 136
97 138
97 139
97 142
97 145
97 146
97 147
97 149
97 150
97 151
97 152
97 153
97 155
97 157
97 158
97 161
98 100
98 101
98 108
98 110
98 115
98 118
98 125
98 128
98 129
98 133
98 134
99 100
99 104
99 105
99 106
99 108
99 110
99 113
99 116
99 117
99 118
99 119
99 125
99 129
99 130
99 136
99 142
99 143
99 145
99 149
99 151
99 153
99 154
99 158
100 101
100 102
100 103
100 105
100 109
100 111
100 121
100 131
100 136
100 138
100 140
100 143
100 151
100 152
101 103
101 106
101 108
101 109
101 111
101 112
101 114
101 115
101 117
101 118
101 120
101 125
101 129
101 132
101 134
101 135
101 138
101 139
101 141
101 143
101 146
101 147
101 148
101 149
101 150
101 152
101 153
101 154
101 155
101 156
101 157
101 159
101 161
102 103
102 104
102 105
102 106
102 107
102 108
102 111
102 112
102 113
102 114
102 115
102 117
102 118
102 121
102 122
102 127
102 129
102 131
102 134
102 136
102 142
102 143
102 145
102 146
102 147
102 148
102 150
102 152
102 153
102 154
102 155
102 156
102 157
102 158
102 159
102 160
102 161
103 105
103 106
103 108
103 114
103 117
103 123
103 125
103 129
103 131
103 136
103 143
103 149
103 151
103 153
103 158
103 159
104 109
104 112
104 114
104 117
104 125
104 128
104 129
104 137
104 142
104 143
104 145
104 149
104 153
104 159
104 161
105 106
105 108
105 113
105 114
105 115
105 118
105 121
105 124
105 125
105 126
105 129
105 132
105 133
105 134
105 135
105 137
105 138
105 140
105 142
105 143
105 145
105 147
105 149
105 150
105 151
105 152
105 158
105 160
106 107
106 108
106 111
106 112
106 113
106 114
106 115
106 117
106 120
106 125
106 126
106 129
106 130
106 131
106 132
106 133
106 134
106 135
106 136
106 137
106 138
106 140
106 141
106 142
106 145
106 148
106 149
106 150
106 151
106 152
106 154
106 157
106 158
106 160
106 161
107 109
107 112
107 113
107 114
107 115
107 116
107 118
107 122
107 124
107 125
107 127
107 135
107 139
107 142
107 151
107 152
107 153
107 154
107 158
108 111
108 112
108 113
108 114
108 115
108 118
108 125
108 128
108 130
108 131
108 133
108 134
108 136
108 137
108 138
108 140
108 141
108 149
108 152
108 153
108 156
108 158
108 161
109 112
109 115
109 116
109 117
109 118
109 119
109 121
109 123
109 125
109 128
109 129
109 130
109 131
109 134
109 137
109 139
109 146
109 149
109 150
109 155
109 158
110 112
110 113
110 114
110 115
110 118
110 129
110 131
110 146
110 149
110 150
110 151
110 152
111 112
111 113
111 118
111 122
111 125
111 128
111 132
111 133
111 135
111 137
111 139
111 145
111 154
111 158
111 160
112 113
112 114
112 115
112 116
112 118
112 121
112 124
112 126
112 128
112 131
112 133
112 135
112 136
112 137
112 138
112 141
112 146
112 147
112 148
112 149
112 151
112 152
112 153
112 154
112 158
113 115
113 117
113 118
113 125
113 131
113 134
113 135
113 139
113 142
113 143
113 146
113 152
113 153
113 154
113 155
113 158
113 161
114 115
114 118
114 128
114 129
114 132
114 133
114 134
114 136
114 139
114 140
114 141
114 146
114 147
114 150
114 153
114 154
114 156
114 158
114 159
114 160
114 161
115 117
115 118
115 119
115 122
115 125
115 126
115 127
115 129
115 130
115 131
115 133
115 134
115 135
115 137
115 138
115 139
115 142
115 143
115 145
115 146
115 147
115 148
115 151
115 152
115 153
115 154
115 158
115 159
115 161
116 122
116 125
116 127
116 128
116 129
116 130
116 131
116 135
116 136
116 137
116 139
116 142
116 145
116 147
116 154
116 158
117 118
117 125
117 129
117 131
117 133
117 134
117 137
117 138
117 139
117 140
117 141
117 142
117 147
117 148
117 149
117 151
117 152
117 153
117 154
117 157
118 121
118 122
118 124
118 125
118 126
118 128
118 130
118 132
118 133
118 134
118 136
118 137
118 138
118 139
118 140
118 142
118 144
118 145
118 147
118 151
118 152
118 153
118 157
118 158
118 160
118 161
119 120
119 129
119 134
119 135
119 142
119 151
119 161
120 131
120 137
120 140
120 141
120 143
120 152
121 137
121 138
121 154
121 157
121 161
122 131
122 133
122 138
122 139
122 140
123 126
123 136
123 146
124 133
124 138
124 144
124 151
125 129
125 131
125 136
125 137
125 139
125 140
125 141
125 142
125 143
125 145
125 146
125 150
125 153
125 154
125 156
126 129
126 131
126 137
126 138
126 140
126 143
126 144
126 151
126 152
126 154
126 157
127 129
127 135
127 137
127 142
127 145
127 152
127 154
127 158
127 161
128 131
128 132
128 142
128 151
128 153
128 154
128 157
128 159
129 132
129 133
129 135
129 137
129 138
129 139
129 142
129 143
129 145
129 146
129 147
129 150
129 153
129 154
129 157
130 131
130 133
130 137
130 138
130 139
130 143
130 145
130 147
130 153
130 154
130 159
130 160
131 133
131 134
131 137
131 138
131 139
131 140
131 141
131 142
131 146
131 147
131 149
131 152
131 153
131 154
131 155
131 156
131 157
131 158
131 160
131 161
132 133
132 134
132 136
133 134
133 136
133 138
133 139
133 141
133 142
133 145
133 147
133 149
133 150
133 152
133 153
133 154
133 157
133 159
133 161
134 135
134 138
134 142
134 145
134 146
134 147
134 149
134 151
134 152
134 153
134 155
134 157
134 158
134 159
134 160
135 136
135 137
135 138
135 147
135 150
135 151
135 153
135 154
135 156
135 160
136 137
136 141
136 143
136 145
136 146
136 147
136 151
136 154
136 158
137 138
137 140
137 145
137 147
137 148
137 149
137 152
137 153
137 155
137 157
138 141
138 142
138 143
138 146
138 148
138 149
138 150
138 155
139 145
139 146
139 147
139 149
139 153
139 158
139 160
140 146
140 153
140 157
140 158
140 161
141 146
141 147
141 151
141 153
141 154
141 157
141 158
142 143
142 145
142 147
142 149
142 150
142 152
142 153
142 154
142 155
142 156
142 157
142 159
143 148
143 150
143 151
143 154
143 159
144 148
144 152
144 153
145 150
145 151
145 154
145 157
145 160
146 153
146 154
146 157
146 158
146 159
147 149
147 150
147 151
147 153
147 154
147 155
147 156
147 157
147 158
147 159
147 160
147 161
148 152
148 155
148 157
148 158
149 152
149 155
149 158
150 152
150 154
150 158
150 159
150 160
151 154
151 157
151 160
152 153
152 154
152 155
152 157
152 158
152 161
153 154
153 156
153 161
154 156
154 157
154 158
154 159
154 161
155 157
155 158
155 161
156 157
156 158
157 158
