0 2
0 4
0 8
0 10
0 11
0 15
0 19
0 21
0 25
0 29
0 32
0 43
0 44
0 46
0 47
0 48
0 49
0 51
0 56
0 62
0 64
0 65
0 67
0 70
0 74
0 79
0 84
0 85
0 94
0 101
0 106
0 108
0 114
0 115
0 117
0 118
0 121
0 123
0 125
0 129
0 133
0 134
0 136
0 141
0 146
0 147
0 157
1 3
1 6
1 7
1 13
1 14
1 19
1 21
1 28
1 43
1 44
1 45
1 49
1 51
1 53
1 62
1 64
1 66
1 69
1 74
1 75
1 82
1 85
1 87
1 88
1 89
1 90
1 94
1 97
1 107
1 108
1 109
1 112
1 114
1 115
1 117
1 126
1 130
1 131
1 133
1 135
1 137
1 138
1 141
1 150
1 152
1 153
1 155
1 159
2 6
2 15
2 18
2 24
2 25
2 35
2 39
2 40
2 41
2 43
2 44
2 54
2 56
2 61
2 63
2 64
2 66
2 67
2 70
2 76
2 81
2 88
2 92
2 93
2 102
2 115
2 117
2 130
2 133
2 134
2 137
2 154
3 4
3 11
3 14
3 16
3 21
3 22
3 23
3 31
3 32
3 38
3 40
3 47
3 52
3 54
3 57
3 58
3 59
3 61
3 66
3 68
3 71
3 73
3 74
3 76
3 77
3 80
3 82
3 83
3 89
3 99
3 113
3 115
3 116
3 118
3 125
3 127
3 129
3 131
3 133
3 147
4 8
4 13
4 14
4 19
4 20
4 23
4 24
4 26
4 29
4 30
4 31
4 32
4 35
4 37
4 38
4 39
4 40
4 42
4 44
4 45
4 49
4 50
4 52
4 53
4 54
4 56
4 58
4 59
4 61
4 63
4 64
4 65
4 66
4 67
4 68
4 69
4 70
4 71
4 72
4 73
4 74
4 75
4 77
4 79
4 80
4 84
4 85
4 89
4 93
4 97
4 98
4 101
4 102
4 106
4 108
4 110
4 117
4 119
4 122
4 123
4 128
4 134
4 135
4 136
4 137
4 139
4 141
4 142
4 143
4 146
4 152
4 153
4 154
4 158
4 160
4 161
5 6
5 9
5 10
5 13
5 14
5 32
5 42
5 45
5 50
5 56
5 57
5 67
5 72
5 77
5 84
5 85
5 91
5 99
5 117
5 118
5 131
5 137
5 151
5 155
5 158
6 8
6 10
6 11
6 12
6 14
6 15
6 17
6 18
6 21
6 24
6 25
6 26
6 27
6 30
6 31
6 32
6 35
6 40
6 42
6 44
6 46
6 48
6 50
6 52
6 53
6 54
6 55
6 56
6 58
6 62
6 63
6 65
6 66
6 67
6 68
6 69
6 71
6 72
6 73
6 74
6 75
6 81
6 84
6 86
6 87
6 89
6 91
6 93
6 94
6 97
6 101
6 102
6 105
6 107
6 110
6 111
6 112
6 113
6 114
6 115
6 117
6 118
6 119
6 123
6 127
6 130
6 131
6 134
6 135
6 137
6 139
6 140
6 141
6 143
6 144
6 145
6 146
6 147
6 148
6 149
6 151
6 152
6 154
6 156
6 158
7 9
7 11
7 12
7 14
7 18
7 21
7 22
7 23
7 26
7 27
7 28
7 31
7 32
7 34
7 35
7 36
7 37
7 38
7 40
7 41
7 43
7 44
7 47
7 48
7 51
7 54
7 56
7 58
7 59
7 60
7 62
7 66
7 67
7 70
7 72
7 75
7 77
7 79
7 83
7 84
7 85
7 88
7 89
7 90
7 91
7 92
7 95
7 97
7 100
7 105
7 108
7 111
7 112
7 113
7 114
7 118
7 121
7 122
7 123
7 124
7 125
7 127
7 129
7 130
7 131
7 134
7 135
7 138
7 139
7 141
7 142
7 146
7 147
7 149
7 153
7 156
8 12
8 13
8 14
8 21
8 25
8 34
8 35
8 43
8 49
8 51
8 58
8 59
8 64
8 65
8 67
8 68
8 69
8 70
8 72
8 74
8 77
8 79
8 80
8 86
8 89
8 94
8 97
8 101
8 102
8 103
8 105
8 113
8 115
8 121
8 126
8 130
8 133
8 142
8 145
8 147
8 150
8 152
8 153
8 154
8 158
9 14
9 19
9 21
9 25
9 29
9 30
9 31
9 34
9 36
9 37
9 42
9 44
9 50
9 51
9 53
9 54
9 55
9 56
9 61
9 62
9 63
9 64
9 67
9 69
9 70
9 71
9 74
9 76
9 84
9 85
9 87
9 88
9 91
9 93
9 94
9 95
9 98
9 100
9 103
9 106
9 112
9 113
9 115
9 117
9 121
9 122
9 126
9 130
9 134
9 137
9 138
9 139
9 140
9 142
9 145
9 146
9 147
9 150
9 151
9 152
9 153
9 156
9 157
9 160
10 11
10 17
10 19
10 23
10 28
10 31
10 32
10 34
10 40
10 44
10 53
10 56
10 58
10 59
10 61
10 62
10 63
10 66
10 67
10 72
10 75
10 76
10 87
10 89
10 90
10 99
10 105
10 106
10 108
10 110
10 111
10 116
10 117
10 125
10 129
10 131
10 132
10 133
10 134
10 138
10 139
10 152
10 153
10 154
10 157
10 160
10 161
11 13
11 14
11 18
11 19
11 20
11 21
11 26
11 28
11 31
11 40
11 43
11 44
11 45
11 46
11 49
11 51
11 52
11 53
11 54
11 56
11 58
11 61
11 64
11 66
11 67
11 68
11 69
11 70
11 71
11 72
11 74
11 76
11 77
11 79
11 82
11 84
11 85
11 87
11 90
11 91
11 93
11 94
11 99
11 101
11 102
11 105
11 108
11 111
11 112
11 114
11 117
11 118
11 122
11 125
11 126
11 128
11 129
11 131
11 133
11 135
11 138
11 140
11 141
11 142
11 143
11 147
11 150
11 152
11 154
11 155
11 158
11 160
11 161
12 19
12 21
12 25
12 26
12 27
12 31
12 40
12 41
12 43
12 48
12 51
12 56
12 58
12 59
12 64
12 66
12 67
12 72
12 73
12 74
12 76
12 91
12 93
12 96
12 99
12 101
12 102
12 105
12 106
12 108
12 111
12 113
12 115
12 117
12 126
12 130
12 133
12 136
12 142
12 143
12 150
12 151
12 152
12 153
12 158
13 14
13 16
13 21
13 30
13 31
13 32
13 38
13 44
13 47
13 48
13 52
13 53
13 55
13 65
13 67
13 68
13 75
13 77
13 79
13 94
13 100
13 107
13 108
13 111
13 114
13 118
13 120
13 125
13 134
13 135
13 139
13 142
13 151
13 153
13 154
13 158
14 19
14 22
14 23
14 25
14 27
14 29
14 30
14 31
14 34
14 38
14 40
14 42
14 44
14 47
14 49
14 50
14 51
14 52
14 53
14 54
14 55
14 61
14 62
14 63
14 64
14 66
14 67
14 69
14 70
14 71
14 72
14 73
14 74
14 75
14 76
14 77
14 79
14 80
14 81
14 82
14 86
14 89
14 90
14 92
14 93
14 94
14 95
14 96
14 97
14 98
14 99
14 100
14 102
14 103
14 105
14 106
14 107
14 108
14 111
14 112
14 113
14 114
14 115
14 116
14 117
14 121
14 124
14 125
14 126
14 129
14 130
14 134
14 136
14 137
14 138
14 139
14 141
14 146
14 147
14 148
14 150
14 151
14 152
14 153
14 155
14 158
14 159
14 160
15 20
15 26
15 29
15 30
15 31
15 32
15 41
15 43
15 46
15 49
15 55
15 61
15 64
15 65
15 66
15 69
15 70
15 71
15 73
15 74
15 75
15 79
15 85
15 88
15 89
15 92
15 94
15 100
15 103
15 107
15 108
15 109
15 111
15 114
15 115
15 120
15 124
15 125
15 133
15 142
15 143
15 147
15 152
15 155
15 157
15 158
15 159
16 34
16 36
16 46
16 49
16 50
16 54
16 58
16 64
16 65
16 70
16 79
16 89
16 90
16 93
16 97
16 98
16 99
16 100
16 101
16 102
16 108
16 113
16 120
16 131
16 137
16 152
16 157
17 20
17 24
17 32
17 35
17 41
17 45
17 54
17 57
17 58
17 65
17 67
17 69
17 73
17 98
17 101
17 115
17 117
17 118
17 122
17 127
17 130
17 135
17 139
17 142
17 151
17 158
18 19
18 20
18 21
18 24
18 28
18 30
18 31
18 39
18 40
18 45
18 46
18 54
18 56
18 58
18 59
18 62
18 63
18 64
18 66
18 70
18 71
18 73
18 82
18 88
18 91
18 101
18 106
18 108
18 112
18 114
18 115
18 116
18 122
18 129
18 131
18 133
18 142
18 150
18 154
18 155
18 158
19 21
19 26
19 30
19 31
19 32
19 35
19 37
19 40
19 41
19 42
19 43
19 46
19 47
19 49
19 52
19 55
19 58
19 63
19 64
19 65
19 70
19 71
19 72
19 73
19 79
19 80
19 81
19 82
19 84
19 89
19 90
19 94
19 99
19 100
19 102
19 103
19 104
19 105
19 106
19 107
19 108
19 117
19 121
19 122
19 123
19 125
19 127
19 128
19 129
19 131
19 133
19 135
19 137
19 138
19 139
19 141
19 142
19 145
19 146
19 147
19 150
19 152
19 153
19 154
19 157
19 158
19 160
20 32
20 33
20 35
20 36
20 37
20 40
20 44
20 50
20 53
20 54
20 58
20 64
20 68
20 71
20 74
20 75
20 77
20 80
20 84
20 91
20 95
20 98
20 99
20 101
20 109
20 113
20 116
20 125
20 144
20 145
20 147
20 151
20 152
20 154
20 155
21 24
21 25
21 26
21 27
21 28
21 30
21 31
21 33
21 34
21 35
21 37
21 38
21 39
21 40
21 43
21 44
21 48
21 49
21 50
21 51
21 52
21 56
21 61
21 66
21 67
21 69
21 70
21 76
21 78
21 85
21 86
21 87
21 88
21 89
21 90
21 91
21 93
21 94
21 95
21 97
21 99
21 100
21 101
21 105
21 107
21 108
21 109
21 111
21 117
21 126
21 129
21 131
21 133
21 134
21 135
21 138
21 139
21 142
21 143
21 145
21 146
21 150
21 151
21 153
21 154
21 157
21 160
22 26
22 30
22 32
22 34
22 43
22 45
22 47
22 49
22 54
22 55
22 62
22 65
22 67
22 68
22 70
22 71
22 75
22 79
22 84
22 90
22 91
22 97
22 106
22 107
22 108
22 111
22 114
22 128
22 131
22 134
22 137
22 139
22 142
22 144
22 145
22 147
22 151
22 152
22 157
22 160
23 26
23 30
23 34
23 35
23 38
23 40
23 43
23 45
23 50
23 51
23 52
23 61
23 64
23 65
23 67
23 68
23 70
23 74
23 77
23 79
23 97
23 99
23 100
23 101
23 102
23 105
23 108
23 109
23 110
23 112
23 115
23 123
23 129
23 130
23 131
23 139
23 145
23 160
24 26
24 31
24 32
24 35
24 38
24 40
24 44
24 48
24 49
24 50
24 55
24 56
24 59
24 63
24 64
24 70
24 77
24 79
24 82
24 87
24 89
24 91
24 92
24 94
24 97
24 98
24 99
24 101
24 103
24 105
24 106
24 108
24 109
24 113
24 114
24 117
24 118
24 122
24 125
24 129
24 133
24 137
24 138
24 142
24 143
24 151
24 154
24 158
24 160
25 30
25 31
25 32
25 34
25 36
25 38
25 40
25 43
25 45
25 51
25 54
25 56
25 58
25 61
25 62
25 64
25 65
25 67
25 68
25 70
25 71
25 73
25 74
25 75
25 80
25 81
25 83
25 84
25 89
25 93
25 94
25 97
25 99
25 101
25 102
25 104
25 106
25 109
25 111
25 113
25 115
25 117
25 118
25 119
25 126
25 129
25 134
25 137
25 141
25 146
25 149
25 151
25 153
25 154
25 157
25 158
26 29
26 32
26 33
26 35
26 36
26 38
26 40
26 41
26 42
26 43
26 44
26 45
26 46
26 49
26 50
26 51
26 53
26 54
26 55
26 56
26 61
26 62
26 64
26 65
26 67
26 69
26 71
26 72
26 75
26 76
26 77
26 79
26 80
26 82
26 84
26 85
26 88
26 89
26 92
26 93
26 94
26 97
26 98
26 102
26 103
26 106
26 108
26 109
26 112
26 113
26 114
26 117
26 118
26 119
26 121
26 125
26 129
26 131
26 132
26 133
26 134
26 135
26 136
26 137
26 138
26 142
26 143
26 144
26 145
26 147
26 149
26 150
26 152
26 154
26 157
26 159
27 51
27 63
27 67
27 92
27 102
27 106
27 112
27 113
27 117
27 123
27 125
27 131
27 142
27 143
27 145
27 150
27 153
27 157
28 30
28 31
28 32
28 36
28 40
28 49
28 52
28 53
28 54
28 56
28 65
28 70
28 71
28 74
28 75
28 77
28 79
28 80
28 89
28 92
28 101
28 106
28 115
28 117
28 118
28 126
28 129
28 132
28 133
28 134
28 137
28 138
28 145
28 146
28 147
28 152
28 154
28 161
29 30
29 48
29 50
29 51
29 65
29 67
29 68
29 71
29 72
29 75
29 77
29 87
29 89
29 97
29 102
29 113
29 117
29 118
29 127
29 129
29 133
29 135
29 138
29 143
29 146
29 147
29 150
29 151
29 157
29 161
30 31
30 34
30 37
30 40
30 41
30 42
30 43
30 44
30 45
30 49
30 52
30 54
30 58
30 59
30 62
30 64
30 65
30 67
30 68
30 70
30 71
30 74
30 75
30 77
30 79
30 80
30 81
30 84
30 87
30 88
30 89
30 91
30 98
30 100
30 105
30 106
30 107
30 112
30 114
30 117
30 118
30 121
30 125
30 128
30 129
30 131
30 133
30 134
30 135
30 137
30 138
30 139
30 143
30 150
30 151
30 152
30 153
30 154
30 155
30 157
30 160
31 33
31 34
31 36
31 37
31 38
31 40
31 43
31 44
31 45
31 46
31 49
31 50
31 52
31 55
31 56
31 58
31 59
31 61
31 62
31 63
31 64
31 65
31 66
31 68
31 74
31 76
31 77
31 79
31 84
31 85
31 86
31 87
31 88
31 92
31 94
31 95
31 96
31 97
31 99
31 100
31 101
31 102
31 103
31 105
31 106
31 108
31 110
31 113
31 117
31 118
31 122
31 127
31 130
31 133
31 134
31 136
31 138
31 141
31 143
31 147
31 148
31 149
31 154
31 157
31 158
31 159
31 160
32 33
32 34
32 38
32 39
32 40
32 46
32 48
32 51
32 52
32 54
32 55
32 56
32 63
32 64
32 65
32 67
32 69
32 70
32 71
32 73
32 74
32 76
32 77
32 79
32 80
32 84
32 87
32 89
32 95
32 97
32 98
32 100
32 101
32 102
32 103
32 106
32 107
32 108
32 111
32 113
32 114
32 117
32 118
32 124
32 127
32 131
32 133
32 134
32 135
32 136
32 137
32 138
32 139
32 142
32 145
32 146
32 147
32 150
32 151
32 152
32 153
32 155
32 158
33 38
33 43
33 48
33 51
33 55
33 56
33 63
33 68
33 69
33 79
33 83
33 88
33 94
33 105
33 106
33 107
33 115
33 117
33 118
33 129
33 131
33 133
33 134
33 136
33 137
33 141
33 161
34 38
34 42
34 43
34 46
34 49
34 51
34 52
34 53
34 54
34 56
34 58
34 64
34 67
34 69
34 73
34 79
34 80
34 82
34 85
34 92
34 98
34 101
34 102
34 107
34 108
34 109
34 113
34 115
34 118
34 121
34 129
34 131
34 133
34 134
34 135
34 136
34 139
34 140
34 145
34 146
34 148
34 154
34 159
35 36
35 38
35 39
35 40
35 43
35 45
35 49
35 51
35 52
35 54
35 56
35 61
35 63
35 64
35 65
35 68
35 70
35 73
35 75
35 79
35 84
35 89
35 92
35 93
35 94
35 96
35 97
35 100
35 101
35 102
35 104
35 105
35 109
35 114
35 115
35 118
35 119
35 120
35 125
35 127
35 129
35 131
35 132
35 133
35 135
35 137
35 138
35 139
35 141
35 142
35 146
35 147
35 151
35 153
35 156
35 157
35 158
35 161
36 37
36 40
36 45
36 49
36 54
36 55
36 62
36 63
36 66
36 67
36 68
36 77
36 85
36 87
36 94
36 100
36 101
36 102
36 103
36 108
36 115
36 117
36 120
36 121
36 129
36 130
36 131
36 133
36 134
36 141
36 142
36 144
36 147
36 152
36 153
36 159
36 160
36 161
37 38
37 43
37 49
37 51
37 55
37 62
37 70
37 71
37 74
37 75
37 84
37 91
37 94
37 97
37 98
37 100
37 108
37 109
37 114
37 117
37 121
37 122
37 124
37 125
37 126
37 133
37 135
37 136
37 138
37 141
37 143
37 154
37 156
38 40
38 42
38 43
38 44
38 45
38 46
38 49
38 52
38 54
38 55
38 56
38 59
38 62
38 64
38 71
38 72
38 74
38 76
38 84
38 85
38 87
38 88
38 90
38 91
38 94
38 96
38 97
38 98
38 99
38 100
38 101
38 102
38 104
38 107
38 109
38 110
38 112
38 114
38 115
38 117
38 118
38 121
38 125
38 126
38 129
38 131
38 132
38 134
38 136
38 137
38 138
38 145
38 146
38 149
38 150
38 152
38 154
38 155
38 157
38 158
38 161
39 40
39 45
39 49
39 55
39 56
39 58
39 60
39 63
39 69
39 71
39 74
39 75
39 77
39 79
39 97
39 99
39 102
39 103
39 105
39 108
39 112
39 115
39 116
39 118
39 125
39 129
39 131
39 134
39 135
39 137
39 139
39 142
39 145
39 146
39 148
39 151
39 154
39 156
40 45
40 46
40 50
40 51
40 54
40 56
40 59
40 62
40 64
40 66
40 67
40 68
40 69
40 70
40 72
40 73
40 74
40 77
40 79
40 82
40 86
40 88
40 89
40 90
40 91
40 94
40 95
40 96
40 101
40 102
40 104
40 105
40 106
40 107
40 108
40 109
40 110
40 111
40 112
40 113
40 114
40 130
40 131
40 134
40 135
40 136
40 137
40 138
40 139
40 141
40 142
40 144
40 145
40 147
40 148
40 149
40 150
40 151
40 152
40 153
40 154
40 158
41 45
41 49
41 56
41 65
41 66
41 71
41 74
41 82
41 105
41 109
41 111
41 117
41 118
41 131
41 137
41 142
41 143
41 152
42 44
42 55
42 61
42 67
42 68
42 70
42 73
42 74
42 77
42 81
42 82
42 87
42 95
42 98
42 99
42 100
42 103
42 106
42 108
42 109
42 112
42 113
42 121
42 122
42 129
42 131
42 134
42 136
42 139
42 142
42 143
42 151
42 155
42 158
42 159
43 44
43 49
43 52
43 55
43 56
43 57
43 58
43 61
43 63
43 65
43 72
43 73
43 75
43 79
43 80
43 82
43 84
43 85
43 86
43 87
43 88
43 93
43 94
43 97
43 98
43 100
43 102
43 104
43 105
43 106
43 107
43 108
43 109
43 111
43 112
43 113
43 114
43 115
43 117
43 121
43 122
43 125
43 126
43 127
43 133
43 134
43 135
43 136
43 137
43 139
43 140
43 147
43 148
43 150
43 151
43 153
43 157
43 158
44 45
44 46
44 48
44 49
44 50
44 51
44 54
44 56
44 57
44 60
44 63
44 64
44 65
44 66
44 68
44 70
44 71
44 72
44 73
44 77
44 84
44 85
44 86
44 89
44 94
44 97
44 101
44 104
44 105
44 106
44 107
44 108
44 114
44 115
44 125
44 126
44 129
44 131
44 132
44 135
44 139
44 141
44 142
44 145
44 146
44 151
44 152
44 153
44 157
44 158
44 161
45 47
45 48
45 49
45 50
45 51
45 52
45 53
45 54
45 55
45 56
45 58
45 59
45 63
45 64
45 65
45 66
45 67
45 68
45 69
45 72
45 74
45 77
45 79
45 83
45 84
45 89
45 90
45 92
45 94
45 99
45 101
45 102
45 103
45 104
45 108
45 109
45 110
45 111
45 113
45 115
45 120
45 122
45 129
45 131
45 132
45 133
45 135
45 137
45 138
45 142
45 147
45 149
45 150
45 151
45 152
45 153
45 158
45 161
46 50
46 52
46 57
46 64
46 66
46 69
46 71
46 73
46 74
46 77
46 79
46 81
46 84
46 85
46 87
46 91
46 98
46 102
46 105
46 106
46 107
46 112
46 114
46 116
46 117
46 118
46 119
46 122
46 124
46 128
46 129
46 131
46 133
46 138
46 139
46 140
46 142
46 145
46 147
46 149
46 151
46 152
46 161
47 56
47 58
47 71
47 72
47 74
47 80
47 84
47 91
47 102
47 103
47 106
47 118
47 129
47 134
47 136
47 139
47 141
47 157
47 160
48 49
48 53
48 61
48 65
48 73
48 74
48 75
48 84
48 87
48 96
48 102
48 105
48 107
48 108
48 114
48 116
48 118
48 125
48 128
48 129
48 133
48 138
48 143
48 145
48 146
48 147
48 151
48 152
48 153
48 157
49 51
49 52
49 53
49 54
49 57
49 58
49 60
49 64
49 65
49 67
49 69
49 70
49 71
49 72
49 74
49 75
49 76
49 77
49 79
49 81
49 82
49 83
49 86
49 88
49 91
49 92
49 94
49 96
49 97
49 100
49 101
49 102
49 103
49 105
49 106
49 107
49 108
49 111
49 112
49 113
49 114
49 115
49 116
49 117
49 118
49 125
49 126
49 129
49 130
49 131
49 133
49 134
49 135
49 137
49 138
49 139
49 140
49 141
49 143
49 144
49 145
49 147
49 148
49 150
49 151
49 154
49 155
49 158
49 159
49 160
49 161
50 52
50 53
50 54
50 64
50 71
50 73
50 77
50 79
50 82
50 84
50 89
50 91
50 99
50 109
50 112
50 117
50 125
50 127
50 128
50 131
50 138
50 144
50 146
50 152
50 154
50 157
50 160
51 52
51 53
51 54
51 56
51 57
51 58
51 63
51 67
51 68
51 70
51 72
51 74
51 76
51 83
51 84
51 85
51 86
51 87
51 88
51 97
51 98
51 99
51 100
51 101
51 105
51 106
51 107
51 108
51 109
51 111
51 112
51 114
51 115
51 116
51 117
51 124
51 125
51 126
51 127
51 129
51 130
51 134
51 136
51 138
51 145
51 147
51 149
51 150
51 151
51 152
51 154
51 158
51 160
51 161
52 53
52 55
52 64
52 68
52 74
52 79
52 86
52 88
52 89
52 90
52 92
52 94
52 101
52 102
52 106
52 107
52 108
52 114
52 117
52 118
52 131
52 132
52 134
52 135
52 138
52 142
52 149
52 151
52 153
52 161
53 54
53 56
53 58
53 62
53 67
53 68
53 70
53 72
53 81
53 84
53 85
53 89
53 99
53 102
53 105
53 108
53 114
53 115
53 117
53 129
53 131
53 135
53 147
53 150
53 152
53 153
53 158
54 56
54 57
54 61
54 65
54 68
54 70
54 71
54 73
54 74
54 75
54 76
54 79
54 80
54 83
54 85
54 88
54 89
54 93
54 94
54 95
54 96
54 97
54 99
54 100
54 104
54 105
54 106
54 107
54 108
54 110
54 111
54 112
54 113
54 114
54 116
54 117
54 118
54 119
54 125
54 126
54 128
54 130
54 131
54 133
54 134
54 135
54 136
54 137
54 138
54 140
54 141
54 145
54 146
54 149
54 151
54 152
54 154
54 157
54 158
54 159
54 160
54 161
55 57
55 64
55 65
55 68
55 70
55 73
55 74
55 75
55 78
55 81
55 83
55 88
55 91
55 94
55 98
55 99
55 101
55 104
55 106
55 108
55 110
55 112
55 114
55 126
55 129
55 131
55 134
55 137
55 139
55 142
55 145
55 146
55 147
55 149
55 150
55 152
55 155
55 156
55 157
55 159
55 160
55 161
56 58
56 61
56 64
56 66
56 67
56 68
56 70
56 71
56 72
56 73
56 74
56 75
56 79
56 81
56 82
56 84
56 88
56 89
56 92
56 95
56 101
56 102
56 103
56 104
56 105
56 106
56 107
56 108
56 109
56 111
56 112
56 115
56 116
56 117
56 124
56 126
56 129
56 130
56 131
56 134
56 136
56 137
56 138
56 141
56 142
56 143
56 144
56 145
56 146
56 147
56 150
56 151
56 154
56 155
56 161
57 58
57 59
57 63
57 64
57 65
57 66
57 67
57 71
57 72
57 73
57 76
57 77
57 79
57 87
57 89
57 92
57 94
57 97
57 100
57 101
57 107
57 108
57 111
57 113
57 114
57 115
57 118
57 125
57 126
57 127
57 131
57 134
57 141
57 142
57 145
57 151
57 153
57 155
58 59
58 60
58 65
58 66
58 68
58 69
58 72
58 75
58 77
58 79
58 80
58 81
58 88
58 94
58 95
58 97
58 98
58 101
58 102
58 103
58 108
58 109
58 113
58 114
58 115
58 117
58 120
58 121
58 122
58 129
58 132
58 133
58 137
58 139
58 141
58 142
58 143
58 145
58 150
58 151
58 152
58 156
58 157
58 159
58 160
59 63
59 65
59 66
59 67
59 72
59 74
59 79
59 87
59 94
59 98
59 99
59 101
59 106
59 108
59 109
59 115
59 124
59 128
59 134
59 135
59 138
59 139
59 142
59 154
60 64
60 72
60 102
60 109
60 112
60 113
60 119
60 128
60 131
60 133
60 137
60 146
60 151
60 159
61 62
61 63
61 65
61 67
61 68
61 69
61 74
61 87
61 94
61 97
61 99
61 103
61 105
61 106
61 112
61 113
61 115
61 116
61 118
61 128
61 129
61 132
61 134
61 138
61 142
61 143
61 146
61 147
61 149
61 150
61 151
61 152
61 157
61 159
62 68
62 70
62 75
62 94
62 96
62 98
62 100
62 104
62 114
62 117
62 128
62 137
62 142
62 152
62 157
62 158
62 160
63 64
63 65
63 66
63 67
63 69
63 70
63 72
63 74
63 75
63 77
63 79
63 82
63 87
63 89
63 90
63 91
63 93
63 96
63 98
63 99
63 101
63 105
63 108
63 109
63 114
63 115
63 126
63 128
63 130
63 133
63 135
63 139
63 140
63 142
63 145
63 152
63 154
63 155
63 158
64 65
64 69
64 71
64 72
64 73
64 74
64 77
64 79
64 83
64 84
64 86
64 89
64 92
64 93
64 98
64 99
64 101
64 106
64 108
64 110
64 111
64 115
64 119
64 121
64 125
64 126
64 129
64 130
64 131
64 133
64 134
64 136
64 137
64 138
64 139
64 141
64 142
64 143
64 145
64 146
64 147
64 149
64 153
64 154
64 155
64 157
64 159
64 161
65 66
65 67
65 68
65 69
65 70
65 72
65 73
65 75
65 76
65 80
65 81
65 87
65 91
65 94
65 96
65 97
65 98
65 101
65 102
65 107
65 108
65 109
65 111
65 112
65 113
65 115
65 116
65 118
65 119
65 125
65 126
65 127
65 129
65 131
65 133
65 134
65 139
65 141
65 142
65 143
65 145
65 146
65 147
65 149
65 151
65 152
65 154
65 155
65 159
65 161
66 67
66 68
66 69
66 70
66 77
66 89
66 94
66 108
66 113
66 115
66 117
66 118
66 120
66 124
66 125
66 129
66 133
66 135
66 136
66 137
66 138
66 139
66 141
66 142
66 143
66 147
66 152
66 153
66 154
66 158
67 68
67 69
67 70
67 72
67 74
67 75
67 79
67 80
67 81
67 82
67 83
67 87
67 89
67 92
67 93
67 94
67 96
67 101
67 102
67 103
67 104
67 105
67 106
67 108
67 110
67 112
67 113
67 115
67 117
67 121
67 125
67 126
67 128
67 129
67 133
67 134
67 136
67 138
67 139
67 142
67 143
67 147
67 148
67 149
67 150
67 151
67 152
67 153
67 158
67 161
68 70
68 71
68 72
68 73
68 74
68 75
68 76
68 77
68 82
68 84
68 85
68 87
68 89
68 90
68 94
68 97
68 99
68 100
68 101
68 102
68 104
68 106
68 108
68 109
68 113
68 115
68 118
68 119
68 120
68 122
68 128
68 129
68 130
68 131
68 132
68 133
68 134
68 137
68 138
68 140
68 141
68 142
68 143
68 147
68 149
68 151
68 152
68 153
68 157
68 158
68 159
68 160
68 161
69 72
69 73
69 74
69 75
69 79
69 80
69 83
69 87
69 89
69 90
69 92
69 95
69 96
69 97
69 98
69 99
69 100
69 101
69 103
69 105
69 106
69 107
69 109
69 112
69 113
69 114
69 115
69 118
69 120
69 123
69 124
69 125
69 127
69 128
69 129
69 133
69 134
69 135
69 137
69 142
69 145
69 147
69 148
69 151
69 154
69 155
69 156
69 157
69 158
69 161
70 72
70 74
70 75
70 76
70 80
70 86
70 88
70 89
70 91
70 92
70 93
70 94
70 102
70 104
70 105
70 106
70 108
70 109
70 110
70 111
70 112
70 113
70 114
70 118
70 119
70 121
70 124
70 125
70 129
70 130
70 131
70 134
70 135
70 137
70 138
70 141
70 142
70 144
70 145
70 147
70 150
70 151
70 152
70 153
70 157
70 158
70 160
71 72
71 73
71 75
71 76
71 77
71 79
71 80
71 82
71 86
71 87
71 90
71 92
71 96
71 98
71 102
71 105
71 106
71 108
71 109
71 111
71 115
71 116
71 118
71 119
71 121
71 126
71 127
71 129
71 130
71 131
71 133
71 134
71 138
71 139
71 140
71 145
71 147
71 148
71 149
71 152
71 154
71 158
71 160
72 73
72 74
72 76
72 77
72 80
72 81
72 82
72 84
72 85
72 87
72 89
72 90
72 95
72 97
72 100
72 101
72 104
72 105
72 106
72 109
72 111
72 112
72 114
72 115
72 116
72 118
72 119
72 125
72 126
72 131
72 133
72 134
72 135
72 137
72 138
72 141
72 145
72 147
72 149
72 150
72 151
72 153
72 154
72 155
72 156
72 157
72 159
72 160
72 161
73 79
73 81
73 84
73 85
73 86
73 87
73 91
73 92
73 93
73 105
73 106
73 108
73 109
73 110
73 111
73 113
73 114
73 115
73 116
73 118
73 122
73 125
73 127
73 137
73 139
73 142
73 143
73 152
73 153
73 154
73 155
73 157
73 160
74 75
74 77
74 79
74 80
74 82
74 84
74 85
74 89
74 91
74 95
74 97
74 98
74 100
74 101
74 103
74 104
74 105
74 106
74 107
74 108
74 109
74 111
74 112
74 113
74 117
74 118
74 122
74 129
74 131
74 132
74 133
74 134
74 135
74 139
74 140
74 142
74 143
74 145
74 146
74 149
74 150
74 151
74 152
74 154
74 158
75 76
75 79
75 83
75 84
75 87
75 95
75 96
75 102
75 107
75 109
75 110
75 111
75 114
75 118
75 119
75 125
75 134
75 136
75 137
75 142
75 143
75 145
75 152
75 155
75 158
75 159
75 160
76 77
76 84
76 89
76 93
76 94
76 99
76 100
76 102
76 106
76 111
76 112
76 115
76 116
76 117
76 119
76 121
76 125
76 127
76 129
76 138
76 140
76 142
76 147
76 161
77 79
77 85
77 88
77 89
77 90
77 92
77 93
77 94
77 100
77 102
77 108
77 111
77 112
77 113
77 114
77 117
77 118
77 120
77 125
77 131
77 142
77 144
77 145
77 153
77 154
77 158
77 159
77 160
78 104
78 154
79 81
79 82
79 86
79 87
79 88
79 89
79 92
79 93
79 94
79 97
79 99
79 101
79 103
79 105
79 106
79 108
79 111
79 113
79 114
79 115
79 116
79 117
79 118
79 120
79 126
79 128
79 130
79 133
79 134
79 135
79 136
79 137
79 138
79 139
79 141
79 142
79 145
79 146
79 147
79 149
79 151
79 152
79 155
79 156
79 160
79 161
80 87
80 93
80 94
80 97
80 99
80 102
80 108
80 111
80 112
80 113
80 118
80 129
80 131
80 133
80 134
80 136
80 138
80 139
80 142
80 147
80 148
80 152
80 158
81 91
81 99
81 101
81 112
81 117
81 123
81 129
81 134
81 136
81 139
81 147
82 85
82 89
82 91
82 92
82 97
82 101
82 102
82 106
82 108
82 114
82 125
82 136
82 139
82 140
82 149
82 154
82 160
83 84
83 89
83 92
83 93
83 94
83 101
83 102
83 105
83 109
83 114
83 128
83 129
83 130
83 131
83 132
83 133
83 138
83 140
83 141
83 152
83 154
83 155
83 158
83 159
83 161
84 88
84 90
84 93
84 94
84 95
84 97
84 98
84 102
84 107
84 111
84 112
84 115
84 116
84 126
84 129
84 131
84 135
84 136
84 137
84 139
84 144
84 147
84 152
84 153
84 155
84 157
84 160
85 88
85 94
85 95
85 101
85 105
85 108
85 113
85 115
85 118
85 122
85 126
85 129
85 133
85 134
85 137
85 140
85 142
85 146
85 147
85 151
85 152
85 157
85 158
85 159
85 161
86 89
86 95
86 97
86 99
86 100
86 102
86 103
86 104
86 105
86 106
86 108
86 114
86 122
86 125
86 131
86 133
86 137
86 143
86 145
86 146
86 150
86 159
87 89
87 90
87 92
87 96
87 97
87 99
87 101
87 102
87 105
87 106
87 110
87 115
87 117
87 118
87 126
87 127
87 129
87 139
87 141
87 143
87 144
87 150
87 154
87 157
87 159
88 89
88 90
88 92
88 94
88 95
88 97
88 102
88 104
88 105
88 108
88 112
88 114
88 115
88 117
88 131
88 133
88 139
88 143
88 147
88 149
88 154
88 158
89 92
89 94
89 97
89 98
89 99
89 101
89 102
89 103
89 105
89 106
89 108
89 109
89 110
89 111
89 112
89 113
89 114
89 117
89 118
89 120
89 121
89 124
89 128
89 130
89 133
89 134
89 136
89 137
89 139
89 141
89 142
89 145
89 146
89 147
89 148
89 151
89 152
89 154
89 158
89 159
89 160
90 94
90 101
90 102
90 103
90 105
90 106
90 107
90 110
90 112
90 130
90 133
90 141
90 142
90 147
90 148
90 151
91 94
91 97
91 99
91 111
91 112
91 113
91 114
91 118
91 129
91 130
91 131
91 133
91 134
91 138
91 141
91 142
91 148
91 149
91 150
91 152
91 154
92 97
92 103
92 106
92 113
92 117
92 121
92 122
92 125
92 126
92 131
92 132
92 136
92 137
92 139
92 143
92 148
92 153
92 154
92 155
92 156
92 161
93 95
93 96
93 100
93 101
93 103
93 105
93 106
93 110
93 112
93 115
93 117
93 118
93 125
93 126
93 131
93 133
93 134
93 136
93 140
93 147
93 148
93 151
93 152
93 154
93 158
93 161
94 95
94 97
94 100
94 101
94 102
94 103
94 106
94 107
94 108
94 109
94 110
94 111
94 113
94 114
94 115
94 118
94 122
94 124
94 128
94 130
94 131
94 133
94 134
94 137
94 138
94 140
94 141
94 142
94 145
94 146
94 148
94 149
94 155
94 156
94 157
94 159
95 98
95 101
95 102
95 103
95 104
95 106
95 108
95 111
95 115
95 117
95 119
95 125
95 127
95 134
95 137
95 141
95 142
95 147
95 149
95 151
95 155
96 97
96 98
96 108
96 117
96 118
96 127
96 129
96 130
96 141
96 153
96 157
96 158
97 99
97 100
97 101
97 104
97 105
97 106
97 111
97 116
97 117
97 118
97 125
97 129
97 130
97 131
97 133
97 134
97 135
97 137
97 140
97 142
97 145
97 147
97 148
97 150
97 152
97 153
97 155
97 161
98 101
98 108
98 113
98 118
98 129
98 131
98 133
98 137
98 140
98 142
98 143
98 144
98 145
98 159
99 102
99 105
99 106
99 108
99 112
99 113
99 115
99 117
99 125
99 128
99 131
99 133
99 138
99 139
99 142
99 146
99 147
99 149
99 153
99 156
99 157
99 158
99 160
100 101
100 102
100 106
100 108
100 116
100 118
100 125
100 126
100 129
100 130
100 135
100 136
100 137
100 139
100 143
100 146
100 147
100 150
100 153
100 154
101 102
101 106
101 107
101 108
101 109
101 110
101 111
101 113
101 115
101 116
101 118
101 125
101 130
101 131
101 132
101 133
101 135
101 138
101 142
101 144
101 145
101 146
101 147
101 148
101 149
101 151
101 152
101 153
101 154
101 158
102 105
102 109
102 110
102 112
102 113
102 114
102 115
102 118
102 125
102 127
102 129
102 131
102 133
102 134
102 135
102 136
102 137
102 139
102 142
102 144
102 145
102 152
102 153
102 154
102 157
103 105
103 106
103 108
103 109
103 110
103 113
103 117
103 130
103 132
103 133
103 134
103 135
103 137
103 138
103 141
103 148
103 149
103 151
103 152
103 158
103 159
103 161
104 108
104 109
104 113
104 114
104 115
104 125
104 128
104 130
104 132
104 134
104 139
104 143
104 145
104 157
104 159
105 106
105 111
105 112
105 113
105 114
105 115
105 116
105 118
105 119
105 121
105 128
105 130
105 134
105 136
105 137
105 138
105 139
105 147
105 148
105 149
105 151
105 152
105 153
105 156
105 158
105 159
105 161
106 108
106 109
106 111
106 112
106 113
106 114
106 115
106 116
106 118
106 122
106 124
106 129
106 131
106 132
106 133
106 134
106 135
106 137
106 139
106 140
106 141
106 143
106 145
106 146
106 147
106 148
106 149
106 151
106 153
106 156
106 157
106 158
106 160
106 161
107 109
107 113
107 115
107 117
107 118
107 129
107 130
107 137
107 142
107 150
107 158
108 109
108 112
108 113
108 114
108 116
108 117
108 118
108 127
108 129
108 134
108 135
108 142
108 143
108 145
108 146
108 147
108 148
108 151
108 153
108 159
108 160
109 110
109 111
109 112
109 113
109 114
109 116
109 125
109 126
109 131
109 133
109 134
109 135
109 136
109 137
109 138
109 139
109 141
109 142
109 147
109 149
109 151
109 152
109 153
109 157
109 160
109 161
110 114
110 115
110 116
110 117
110 122
110 123
110 126
110 127
110 129
110 133
110 134
110 142
110 146
110 151
110 153
110 154
110 160
111 113
111 114
111 116
111 117
111 118
111 129
111 131
111 134
111 136
111 137
111 138
111 146
111 147
111 149
111 150
111 154
111 158
111 160
112 114
112 116
112 117
112 118
112 119
112 120
112 123
112 128
112 130
112 132
112 136
112 137
112 140
112 141
112 143
112 148
112 149
112 150
112 152
112 157
112 158
112 159
112 160
112 161
113 115
113 117
113 118
113 119
113 120
113 122
113 125
113 126
113 131
113 133
113 134
113 136
113 137
113 138
113 140
113 142
113 147
113 152
113 160
113 161
114 117
114 119
114 125
114 126
114 127
114 129
114 130
114 134
114 135
114 138
114 139
114 140
114 141
114 149
114 150
114 151
114 152
114 153
114 158
114 161
115 116
115 117
115 118
115 129
115 131
115 133
115 136
115 138
115 139
115 141
115 142
115 146
115 151
115 152
115 153
115 154
115 155
115 157
115 160
115 161
116 118
116 121
116 130
116 131
116 133
116 136
116 137
116 140
116 142
116 143
116 155
116 156
116 158
116 161
117 118
117 120
117 124
117 125
117 126
117 128
117 129
117 134
117 137
117 138
117 140
117 141
117 142
117 145
117 146
117 150
117 151
117 153
117 154
117 157
117 160
118 124
118 127
118 128
118 129
118 131
118 133
118 134
118 136
118 137
118 138
118 139
118 141
118 143
118 145
118 148
118 149
118 151
118 152
118 154
118 155
118 157
119 125
119 129
119 130
119 136
119 146
119 153
119 157
119 161
120 130
120 138
120 143
120 160
121 125
121 127
121 141
121 147
121 157
121 158
121 160
122 124
122 134
122 136
122 143
122 147
122 152
122 153
122 154
122 158
123 126
123 128
123 132
123 137
123 139
123 140
123 141
123 143
124 131
124 134
124 139
124 157
124 161
125 129
125 130
125 131
125 133
125 134
125 135
125 137
125 138
125 140
125 142
125 147
125 149
125 152
125 158
126 130
126 133
126 135
126 138
126 145
126 148
126 149
126 154
126 157
126 158
127 129
127 134
127 142
127 143
127 146
127 147
127 150
127 159
128 131
128 137
128 145
128 147
128 160
129 131
129 133
129 134
129 135
129 136
129 137
129 139
129 142
129 143
129 145
129 146
129 147
129 148
129 150
129 154
129 155
129 157
129 160
129 161
130 136
130 137
130 140
130 141
130 145
130 151
130 152
130 153
130 155
130 158
130 159
131 133
131 134
131 136
131 137
131 143
131 145
131 146
131 147
131 149
131 150
131 151
131 152
131 153
131 159
131 161
132 134
132 138
132 141
132 151
132 153
132 154
132 155
132 157
132 159
132 160
132 161
133 134
133 135
133 139
133 143
133 148
133 150
133 151
133 155
133 158
133 159
133 160
133 161
134 136
134 137
134 138
134 140
134 142
134 145
134 151
134 153
134 157
134 161
135 136
135 139
135 141
135 142
135 145
135 146
135 150
135 153
135 154
135 158
135 159
136 137
136 138
136 143
136 145
136 147
136 149
136 155
136 157
136 158
136 161
137 138
137 142
137 146
137 147
137 150
137 151
137 152
137 158
137 161
138 143
138 147
138 150
138 151
138 154
138 155
138 157
138 160
138 161
139 147
139 148
139 152
139 156
139 158
139 159
140 143
140 145
140 153
141 146
141 147
141 152
141 153
141 158
142 143
142 145
142 146
142 148
142 149
142 150
142 152
142 154
142 159
142 161
143 145
143 148
143 149
143 150
143 151
143 152
143 155
143 156
144 147
144 152
145 147
145 148
145 151
145 152
145 155
145 157
145 158
145 161
146 150
146 151
146 153
146 154
146 157
146 158
146 159
146 160
147 151
147 152
147 153
147 154
147 157
147 161
148 151
148 154
149 150
149 152
149 155
149 156
149 157
149 158
149 160
150 151
150 152
150 155
150 161
151 152
151 157
151 158
152 157
152 158
152 159
152 160
152 161
153 154
153 161
154 155
154 156
154 157
154 159
155 157
156 158
157 158
157 159
157 161
158 160
