0 2
0 4
0 6
0 7
0 11
0 14
0 19
0 21
0 26
0 29
0 31
0 34
0 35
0 38
0 40
0 42
0 44
0 49
0 50
0 52
0 54
0 56
0 57
0 59
0 64
0 65
0 66
0 67
0 69
0 72
0 74
0 77
0 79
0 81
0 82
0 84
0 86
0 88
0 89
0 93
0 95
0 97
0 99
0 107
0 109
0 112
0 113
0 114
0 115
0 116
0 117
0 118
0 126
0 127
0 129
0 130
0 133
0 137
0 138
0 142
0 143
0 145
0 147
0 152
0 153
0 154
0 157
0 158
1 2
1 3
1 4
1 6
1 7
1 11
1 12
1 16
1 18
1 19
1 21
1 23
1 24
1 25
1 26
1 30
1 31
1 35
1 36
1 37
1 38
1 40
1 45
1 48
1 49
1 50
1 51
1 52
1 54
1 56
1 58
1 60
1 62
1 64
1 65
1 66
1 68
1 70
1 72
1 77
1 80
1 81
1 83
1 84
1 90
1 92
1 93
1 94
1 98
1 100
1 101
1 102
1 103
1 106
1 107
1 108
1 110
1 111
1 112
1 113
1 115
1 117
1 120
1 122
1 125
1 127
1 128
1 131
1 132
1 133
1 134
1 135
1 136
1 137
1 138
1 139
1 140
1 141
1 142
1 146
1 147
1 150
1 152
1 153
1 154
1 155
1 156
1 157
2 4
2 6
2 7
2 9
2 15
2 22
2 26
2 30
2 31
2 35
2 36
2 40
2 44
2 45
2 46
2 49
2 50
2 54
2 55
2 59
2 61
2 64
2 65
2 66
2 68
2 70
2 71
2 72
2 73
2 74
2 75
2 76
2 79
2 80
2 81
2 88
2 89
2 94
2 95
2 99
2 100
2 101
2 103
2 105
2 106
2 108
2 111
2 116
2 117
2 118
2 123
2 125
2 131
2 133
2 136
2 137
2 138
2 142
2 146
2 148
2 149
2 152
2 154
2 158
3 4
3 7
3 14
3 15
3 19
3 21
3 24
3 30
3 31
3 32
3 33
3 35
3 36
3 38
3 44
3 48
3 52
3 56
3 62
3 63
3 65
3 68
3 71
3 74
3 77
3 80
3 81
3 84
3 86
3 88
3 92
3 93
3 97
3 100
3 101
3 104
3 107
3 108
3 109
3 112
3 115
3 118
3 123
3 129
3 130
3 134
3 139
3 141
3 150
3 151
3 152
3 153
3 158
4 6
4 7
4 9
4 11
4 14
4 15
4 17
4 19
4 20
4 21
4 22
4 23
4 25
4 26
4 28
4 30
4 31
4 32
4 35
4 36
4 37
4 38
4 39
4 42
4 43
4 44
4 45
4 46
4 47
4 49
4 50
4 51
4 54
4 55
4 56
4 57
4 58
4 61
4 63
4 64
4 65
4 66
4 67
4 68
4 69
4 70
4 71
4 72
4 73
4 75
4 77
4 79
4 81
4 82
4 83
4 84
4 85
4 86
4 87
4 88
4 89
4 92
4 94
4 98
4 99
4 101
4 102
4 103
4 104
4 105
4 106
4 108
4 109
4 110
4 111
4 112
4 113
4 114
4 116
4 117
4 118
4 119
4 121
4 123
4 125
4 126
4 127
4 129
4 130
4 131
4 133
4 134
4 136
4 137
4 138
4 139
4 140
4 141
4 142
4 143
4 144
4 145
4 146
4 147
4 148
4 149
4 151
4 152
4 153
4 154
4 155
4 156
4 157
4 158
4 159
4 161
5 6
5 7
5 8
5 9
5 14
5 19
5 21
5 23
5 26
5 28
5 30
5 31
5 32
5 33
5 34
5 35
5 36
5 37
5 38
5 40
5 41
5 43
5 44
5 45
5 49
5 50
5 51
5 52
5 55
5 56
5 59
5 61
5 63
5 64
5 65
5 66
5 68
5 69
5 70
5 71
5 73
5 74
5 75
5 77
5 80
5 81
5 84
5 88
5 89
5 91
5 97
5 102
5 103
5 106
5 114
5 117
5 118
5 120
5 122
5 126
5 129
5 130
5 131
5 132
5 133
5 135
5 136
5 138
5 142
5 146
5 151
5 152
5 153
5 156
5 158
5 160
5 161
6 7
6 9
6 11
6 12
6 13
6 14
6 15
6 16
6 17
6 21
6 22
6 24
6 25
6 26
6 31
6 32
6 33
6 34
6 35
6 36
6 37
6 38
6 40
6 41
6 43
6 44
6 45
6 46
6 48
6 49
6 50
6 51
6 52
6 53
6 54
6 56
6 58
6 59
6 61
6 63
6 64
6 65
6 66
6 67
6 69
6 70
6 71
6 72
6 73
6 74
6 75
6 76
6 77
6 78
6 79
6 80
6 81
6 82
6 84
6 86
6 89
6 90
6 93
6 94
6 97
6 98
6 100
6 101
6 102
6 103
6 104
6 106
6 107
6 108
6 109
6 111
6 112
6 113
6 114
6 115
6 116
6 117
6 118
6 119
6 121
6 122
6 125
6 126
6 128
6 129
6 130
6 133
6 134
6 136
6 137
6 140
6 142
6 143
6 144
6 145
6 146
6 147
6 148
6 149
6 150
6 152
6 153
6 154
6 158
6 160
6 161
7 9
7 10
7 11
7 12
7 13
7 14
7 16
7 18
7 19
7 20
7 21
7 22
7 24
7 25
7 26
7 27
7 31
7 32
7 34
7 35
7 36
7 37
7 38
7 40
7 41
7 42
7 43
7 44
7 45
7 46
7 47
7 49
7 50
7 51
7 53
7 54
7 55
7 56
7 59
7 63
7 64
7 65
7 67
7 68
7 69
7 70
7 71
7 72
7 73
7 74
7 75
7 76
7 77
7 79
7 80
7 81
7 82
7 83
7 85
7 88
7 89
7 90
7 92
7 93
7 94
7 96
7 97
7 98
7 99
7 101
7 103
7 104
7 105
7 106
7 107
7 109
7 110
7 111
7 112
7 113
7 114
7 115
7 116
7 117
7 118
7 119
7 120
7 124
7 125
7 126
7 127
7 128
7 129
7 130
7 131
7 133
7 134
7 136
7 137
7 138
7 139
7 141
7 142
7 143
7 144
7 147
7 148
7 149
7 150
7 151
7 152
7 153
7 154
7 157
7 158
7 159
8 13
8 14
8 15
8 16
8 19
8 21
8 22
8 28
8 30
8 31
8 32
8 35
8 36
8 37
8 38
8 39
8 40
8 43
8 46
8 49
8 54
8 57
8 58
8 63
8 64
8 66
8 67
8 68
8 74
8 75
8 77
8 84
8 89
8 93
8 97
8 99
8 101
8 102
8 106
8 107
8 111
8 112
8 113
8 115
8 116
8 120
8 125
8 128
8 129
8 130
8 131
8 133
8 134
8 137
8 138
8 141
8 142
8 146
8 148
8 151
8 154
8 157
9 11
9 12
9 14
9 15
9 18
9 19
9 21
9 25
9 26
9 28
9 30
9 31
9 35
9 36
9 37
9 38
9 40
9 42
9 44
9 46
9 48
9 49
9 50
9 51
9 54
9 56
9 58
9 59
9 61
9 63
9 64
9 65
9 67
9 68
9 69
9 71
9 72
9 73
9 74
9 76
9 77
9 79
9 80
9 83
9 84
9 85
9 88
9 89
9 90
9 91
9 93
9 94
9 95
9 100
9 102
9 105
9 106
9 108
9 109
9 112
9 114
9 115
9 118
9 123
9 125
9 126
9 127
9 128
9 131
9 133
9 135
9 137
9 138
9 139
9 140
9 141
9 142
9 144
9 146
9 147
9 149
9 151
9 152
9 153
9 155
9 157
9 158
9 161
10 14
10 19
10 21
10 22
10 25
10 26
10 30
10 31
10 35
10 36
10 37
10 38
10 40
10 42
10 47
10 51
10 52
10 56
10 59
10 63
10 64
10 65
10 66
10 69
10 72
10 74
10 76
10 79
10 81
10 84
10 85
10 89
10 91
10 94
10 95
10 98
10 103
10 106
10 107
10 108
10 112
10 113
10 114
10 115
10 117
10 118
10 125
10 129
10 131
10 133
10 134
10 137
10 139
10 140
10 141
10 142
10 146
10 149
10 150
10 151
10 152
10 153
10 154
10 155
10 158
10 161
11 12
11 13
11 14
11 15
11 16
11 19
11 20
11 21
11 22
11 26
11 28
11 30
11 31
11 32
11 33
11 34
11 35
11 36
11 37
11 38
11 39
11 40
11 41
11 43
11 44
11 45
11 46
11 50
11 51
11 52
11 53
11 54
11 55
11 56
11 57
11 58
11 61
11 62
11 63
11 64
11 65
11 66
11 67
11 68
11 69
11 70
11 72
11 73
11 74
11 75
11 79
11 80
11 82
11 83
11 84
11 89
11 90
11 94
11 95
11 96
11 98
11 99
11 100
11 101
11 102
11 103
11 105
11 106
11 107
11 108
11 109
11 112
11 113
11 114
11 115
11 117
11 118
11 121
11 122
11 125
11 127
11 129
11 130
11 131
11 133
11 134
11 135
11 136
11 138
11 141
11 142
11 145
11 146
11 149
11 150
11 152
11 154
11 157
11 158
11 160
12 14
12 15
12 17
12 22
12 24
12 26
12 28
12 31
12 32
12 34
12 38
12 40
12 44
12 45
12 46
12 48
12 49
12 51
12 54
12 55
12 56
12 58
12 61
12 63
12 64
12 65
12 66
12 67
12 68
12 69
12 71
12 72
12 73
12 74
12 76
12 79
12 82
12 87
12 89
12 93
12 94
12 95
12 96
12 98
12 99
12 100
12 101
12 102
12 106
12 111
12 113
12 114
12 115
12 118
12 125
12 128
12 134
12 137
12 141
12 142
12 145
12 147
12 150
12 151
12 154
12 155
12 159
12 161
13 14
13 17
13 19
13 26
13 29
13 31
13 32
13 33
13 35
13 36
13 37
13 39
13 43
13 46
13 48
13 49
13 50
13 51
13 52
13 53
13 54
13 56
13 58
13 59
13 62
13 63
13 66
13 67
13 68
13 69
13 70
13 71
13 72
13 73
13 74
13 75
13 77
13 82
13 84
13 85
13 86
13 90
13 92
13 93
13 94
13 97
13 98
13 99
13 101
13 103
13 104
13 105
13 106
13 107
13 109
13 111
13 114
13 115
13 117
13 118
13 125
13 127
13 131
13 133
13 135
13 137
13 142
13 143
13 146
13 149
13 150
13 154
13 155
13 157
13 158
13 161
14 15
14 17
14 19
14 21
14 22
14 23
14 24
14 25
14 26
14 29
14 30
14 31
14 32
14 33
14 34
14 35
14 36
14 38
14 39
14 40
14 41
14 42
14 44
14 45
14 46
14 49
14 50
14 51
14 54
14 55
14 56
14 57
14 59
14 60
14 61
14 62
14 63
14 64
14 65
14 66
14 67
14 68
14 69
14 70
14 71
14 72
14 73
14 74
14 76
14 79
14 80
14 81
14 82
14 83
14 84
14 85
14 86
14 87
14 88
14 89
14 90
14 91
14 92
14 93
14 94
14 97
14 98
14 99
14 100
14 101
14 102
14 103
14 104
14 105
14 106
14 108
14 109
14 110
14 113
14 114
14 115
14 116
14 118
14 120
14 122
14 125
14 127
14 128
14 129
14 130
14 131
14 134
14 136
14 137
14 138
14 139
14 141
14 142
14 145
14 147
14 150
14 151
14 152
14 153
14 154
14 158
14 159
14 160
14 161
15 17
15 19
15 21
15 25
15 26
15 28
15 29
15 31
15 33
15 37
15 38
15 40
15 42
15 43
15 45
15 47
15 49
15 50
15 54
15 56
15 58
15 64
15 65
15 66
15 67
15 70
15 71
15 72
15 73
15 74
15 75
15 77
15 79
15 82
15 83
15 84
15 86
15 87
15 89
15 91
15 94
15 97
15 101
15 102
15 106
15 108
15 110
15 111
15 112
15 114
15 115
15 117
15 118
15 122
15 125
15 126
15 127
15 129
15 131
15 133
15 135
15 136
15 137
15 138
15 140
15 141
15 142
15 144
15 146
15 147
15 151
15 152
15 157
15 161
16 20
16 21
16 25
16 26
16 27
16 30
16 31
16 32
16 34
16 35
16 38
16 40
16 45
16 46
16 49
16 55
16 63
16 64
16 65
16 67
16 68
16 69
16 70
16 72
16 73
16 74
16 75
16 77
16 79
16 83
16 88
16 89
16 93
16 94
16 100
16 101
16 102
16 106
16 111
16 112
16 113
16 117
16 118
16 119
16 125
16 129
16 130
16 131
16 134
16 137
16 147
16 151
16 152
16 154
16 157
16 160
16 161
17 19
17 26
17 31
17 33
17 35
17 36
17 41
17 49
17 54
17 67
17 68
17 71
17 74
17 75
17 83
17 86
17 102
17 112
17 113
17 119
17 129
17 146
17 149
17 155
17 157
18 19
18 21
18 24
18 25
18 30
18 31
18 32
18 33
18 41
18 43
18 46
18 50
18 51
18 52
18 53
18 54
18 60
18 63
18 64
18 65
18 67
18 68
18 69
18 72
18 73
18 74
18 76
18 77
18 79
18 83
18 89
18 90
18 92
18 93
18 94
18 101
18 102
18 103
18 104
18 105
18 106
18 107
18 109
18 110
18 112
18 113
18 115
18 122
18 126
18 128
18 129
18 130
18 131
18 133
18 137
18 138
18 139
18 142
18 143
18 146
18 147
18 151
18 152
18 153
18 155
18 158
19 20
19 21
19 22
19 24
19 26
19 29
19 31
19 32
19 34
19 35
19 38
19 39
19 40
19 41
19 45
19 46
19 49
19 50
19 51
19 53
19 54
19 55
19 56
19 57
19 58
19 59
19 60
19 61
19 62
19 64
19 65
19 66
19 67
19 68
19 69
19 70
19 71
19 73
19 74
19 75
19 77
19 79
19 81
19 84
19 85
19 86
19 87
19 88
19 89
19 90
19 91
19 92
19 93
19 94
19 95
19 97
19 98
19 99
19 101
19 102
19 105
19 106
19 107
19 108
19 109
19 110
19 111
19 112
19 113
19 114
19 115
19 116
19 117
19 118
19 119
19 122
19 123
19 125
19 126
19 127
19 128
19 129
19 130
19 131
19 132
19 133
19 134
19 136
19 137
19 138
19 139
19 140
19 141
19 142
19 143
19 145
19 146
19 147
19 149
19 150
19 151
19 152
19 154
19 157
19 158
19 159
19 161
20 21
20 24
20 25
20 26
20 31
20 32
20 34
20 35
20 40
20 43
20 52
20 53
20 55
20 56
20 58
20 61
20 65
20 66
20 70
20 71
20 72
20 75
20 79
20 83
20 86
20 87
20 97
20 100
20 101
20 103
20 105
20 106
20 108
20 113
20 116
20 118
20 122
20 130
20 131
20 133
20 134
20 137
20 138
20 141
20 142
20 145
20 146
20 148
20 149
20 150
20 152
20 154
20 157
20 161
21 23
21 24
21 25
21 27
21 28
21 31
21 32
21 33
21 34
21 35
21 36
21 37
21 38
21 39
21 40
21 42
21 44
21 45
21 46
21 47
21 48
21 49
21 50
21 51
21 54
21 55
21 56
21 58
21 59
21 62
21 64
21 65
21 66
21 67
21 68
21 69
21 70
21 71
21 72
21 73
21 74
21 75
21 76
21 77
21 78
21 79
21 80
21 81
21 83
21 84
21 86
21 88
21 89
21 91
21 92
21 93
21 94
21 95
21 96
21 99
21 100
21 101
21 102
21 103
21 104
21 105
21 106
21 107
21 108
21 109
21 110
21 111
21 113
21 115
21 116
21 117
21 118
21 119
21 121
21 126
21 130
21 131
21 132
21 133
21 134
21 135
21 136
21 137
21 138
21 139
21 142
21 145
21 146
21 147
21 148
21 150
21 151
21 152
21 154
21 155
21 157
21 159
21 160
21 161
22 24
22 26
22 27
22 30
22 31
22 34
22 39
22 40
22 44
22 45
22 46
22 49
22 52
22 54
22 56
22 57
22 58
22 59
22 62
22 63
22 64
22 65
22 66
22 68
22 69
22 70
22 71
22 72
22 73
22 74
22 75
22 81
22 82
22 83
22 84
22 93
22 95
22 96
22 97
22 98
22 101
22 102
22 105
22 106
22 109
22 110
22 111
22 112
22 115
22 118
22 129
22 130
22 135
22 137
22 139
22 145
22 151
22 152
22 154
22 157
22 159
22 161
23 30
23 39
23 44
23 46
23 48
23 51
23 56
23 58
23 67
23 68
23 69
23 70
23 71
23 72
23 73
23 74
23 80
23 88
23 97
23 101
23 103
23 106
23 107
23 108
23 112
23 113
23 124
23 126
23 129
23 133
23 135
23 137
23 141
23 142
23 146
23 149
23 152
23 157
23 158
23 161
24 26
24 30
24 31
24 32
24 36
24 44
24 46
24 47
24 48
24 49
24 50
24 51
24 56
24 58
24 62
24 63
24 64
24 65
24 66
24 68
24 69
24 70
24 71
24 72
24 73
24 74
24 75
24 83
24 86
24 91
24 92
24 94
24 98
24 101
24 105
24 107
24 108
24 109
24 110
24 112
24 113
24 114
24 118
24 120
24 122
24 126
24 127
24 129
24 130
24 131
24 134
24 137
24 138
24 140
24 141
24 142
24 146
24 147
24 150
24 151
24 153
24 154
24 155
24 158
24 161
25 26
25 28
25 30
25 31
25 34
25 35
25 37
25 38
25 39
25 41
25 42
25 44
25 45
25 51
25 52
25 53
25 55
25 56
25 58
25 59
25 61
25 62
25 63
25 65
25 66
25 67
25 68
25 69
25 70
25 71
25 72
25 73
25 74
25 77
25 79
25 81
25 82
25 83
25 84
25 86
25 87
25 89
25 91
25 95
25 96
25 97
25 99
25 101
25 102
25 106
25 108
25 109
25 111
25 112
25 115
25 117
25 118
25 120
25 123
25 125
25 126
25 127
25 129
25 130
25 133
25 134
25 136
25 138
25 142
25 145
25 147
25 148
25 151
25 152
25 153
25 155
25 156
25 158
25 161
26 27
26 28
26 30
26 31
26 32
26 33
26 34
26 35
26 36
26 37
26 38
26 39
26 40
26 42
26 43
26 45
26 46
26 47
26 49
26 51
26 52
26 53
26 54
26 55
26 56
26 58
26 59
26 61
26 64
26 66
26 67
26 68
26 69
26 70
26 71
26 72
26 74
26 75
26 76
26 77
26 78
26 79
26 82
26 83
26 84
26 85
26 87
26 89
26 91
26 92
26 93
26 94
26 95
26 97
26 98
26 100
26 101
26 102
26 103
26 104
26 105
26 106
26 107
26 108
26 109
26 111
26 112
26 113
26 114
26 115
26 116
26 117
26 119
26 122
26 123
26 125
26 126
26 127
26 128
26 129
26 130
26 131
26 133
26 134
26 136
26 137
26 138
26 139
26 140
26 141
26 142
26 145
26 148
26 149
26 150
26 151
26 152
26 153
26 154
26 155
26 157
26 158
26 160
26 161
27 30
27 32
27 38
27 41
27 44
27 54
27 55
27 65
27 67
27 69
27 72
27 73
27 79
27 83
27 87
27 89
27 93
27 97
27 101
27 102
27 106
27 109
27 111
27 114
27 115
27 117
27 118
27 125
27 129
27 130
27 131
27 133
27 137
27 142
27 143
27 150
27 152
27 154
27 158
28 30
28 31
28 32
28 35
28 36
28 37
28 38
28 42
28 44
28 45
28 48
28 49
28 51
28 52
28 56
28 57
28 58
28 66
28 67
28 68
28 69
28 72
28 74
28 77
28 79
28 82
28 87
28 88
28 89
28 94
28 97
28 100
28 101
28 108
28 110
28 112
28 113
28 114
28 115
28 117
28 125
28 127
28 129
28 130
28 133
28 134
28 137
28 140
28 142
28 147
28 152
28 153
28 158
29 30
29 32
29 37
29 40
29 53
29 55
29 56
29 57
29 58
29 63
29 65
29 67
29 68
29 69
29 72
29 73
29 74
29 76
29 79
29 87
29 89
29 91
29 97
29 98
29 100
29 101
29 104
29 105
29 106
29 107
29 108
29 112
29 114
29 123
29 125
29 128
29 129
29 131
29 133
29 135
29 137
29 139
29 141
29 142
29 144
29 145
29 152
29 154
29 157
29 158
30 32
30 34
30 35
30 36
30 37
30 38
30 39
30 40
30 43
30 44
30 45
30 47
30 48
30 49
30 51
30 52
30 54
30 55
30 56
30 57
30 58
30 60
30 61
30 62
30 64
30 65
30 66
30 68
30 69
30 70
30 71
30 72
30 73
30 74
30 76
30 77
30 79
30 81
30 82
30 84
30 87
30 88
30 89
30 92
30 93
30 94
30 95
30 98
30 101
30 102
30 103
30 104
30 106
30 107
30 108
30 109
30 111
30 112
30 113
30 114
30 115
30 116
30 117
30 118
30 123
30 124
30 125
30 126
30 127
30 128
30 129
30 130
30 131
30 133
30 134
30 137
30 138
30 139
30 141
30 142
30 145
30 146
30 147
30 148
30 150
30 151
30 152
30 153
30 154
30 157
30 158
30 159
31 34
31 35
31 36
31 37
31 38
31 39
31 40
31 41
31 42
31 44
31 45
31 47
31 49
31 51
31 52
31 53
31 54
31 55
31 56
31 57
31 58
31 61
31 62
31 63
31 64
31 65
31 66
31 67
31 68
31 69
31 70
31 71
31 73
31 74
31 75
31 76
31 77
31 78
31 79
31 80
31 81
31 82
31 83
31 84
31 85
31 87
31 88
31 89
31 90
31 91
31 92
31 93
31 94
31 98
31 100
31 101
31 102
31 106
31 107
31 108
31 109
31 110
31 111
31 112
31 113
31 114
31 115
31 116
31 117
31 118
31 119
31 120
31 122
31 123
31 125
31 126
31 127
31 128
31 129
31 130
31 131
31 132
31 133
31 135
31 137
31 138
31 139
31 142
31 143
31 144
31 145
31 146
31 147
31 148
31 149
31 151
31 152
31 153
31 154
31 155
31 156
31 158
31 160
31 161
32 35
32 36
32 37
32 38
32 39
32 40
32 41
32 43
32 44
32 45
32 46
32 47
32 49
32 50
32 51
32 52
32 53
32 54
32 55
32 58
32 59
32 60
32 61
32 66
32 68
32 69
32 70
32 71
32 72
32 73
32 74
32 75
32 76
32 77
32 79
32 80
32 83
32 84
32 85
32 86
32 87
32 88
32 89
32 90
32 92
32 93
32 97
32 99
32 100
32 101
32 103
32 105
32 106
32 108
32 109
32 110
32 111
32 112
32 113
32 114
32 115
32 117
32 118
32 122
32 125
32 126
32 127
32 128
32 129
32 130
32 131
32 133
32 134
32 135
32 137
32 138
32 139
32 140
32 141
32 142
32 143
32 145
32 146
32 147
32 149
32 150
32 151
32 152
32 153
32 154
32 160
33 35
33 38
33 41
33 49
33 51
33 53
33 54
33 63
33 64
33 70
33 71
33 72
33 73
33 74
33 79
33 82
33 97
33 98
33 100
33 102
33 105
33 106
33 108
33 109
33 111
33 115
33 116
33 118
33 133
33 134
33 137
33 138
33 142
33 146
33 147
33 153
33 157
34 36
34 38
34 40
34 44
34 46
34 47
34 49
34 51
34 54
34 56
34 58
34 59
34 61
34 63
34 69
34 70
34 71
34 72
34 73
34 76
34 78
34 79
34 80
34 87
34 88
34 91
34 92
34 93
34 94
34 101
34 105
34 108
34 110
34 112
34 115
34 116
34 118
34 125
34 129
34 131
34 133
34 134
34 137
34 139
34 143
34 144
34 146
34 147
34 148
34 149
34 151
34 154
34 157
34 158
34 160
34 161
35 36
35 37
35 38
35 39
35 40
35 41
35 42
35 43
35 44
35 45
35 46
35 48
35 49
35 51
35 53
35 54
35 56
35 58
35 59
35 60
35 61
35 63
35 64
35 65
35 67
35 68
35 69
35 70
35 71
35 72
35 74
35 79
35 80
35 81
35 83
35 84
35 85
35 86
35 87
35 89
35 91
35 92
35 93
35 94
35 95
35 98
35 99
35 100
35 101
35 102
35 103
35 104
35 106
35 108
35 110
35 112
35 114
35 117
35 118
35 119
35 121
35 125
35 126
35 128
35 131
35 132
35 133
35 134
35 135
35 136
35 137
35 138
35 139
35 140
35 141
35 142
35 143
35 145
35 146
35 147
35 148
35 149
35 150
35 152
35 155
35 156
35 157
35 158
35 159
36 38
36 40
36 45
36 46
36 47
36 48
36 49
36 50
36 51
36 54
36 55
36 56
36 57
36 62
36 65
36 67
36 68
36 69
36 72
36 73
36 74
36 75
36 76
36 79
36 80
36 82
36 84
36 86
36 87
36 89
36 93
36 94
36 95
36 98
36 100
36 101
36 102
36 104
36 106
36 107
36 108
36 109
36 112
36 113
36 115
36 116
36 117
36 118
36 125
36 126
36 129
36 133
36 135
36 137
36 138
36 142
36 146
36 150
36 151
36 152
36 153
36 154
36 155
36 157
36 158
36 159
36 161
37 38
37 40
37 42
37 45
37 48
37 49
37 51
37 54
37 55
37 56
37 57
37 58
37 59
37 65
37 67
37 68
37 69
37 70
37 72
37 73
37 74
37 76
37 79
37 83
37 86
37 89
37 92
37 93
37 94
37 96
37 97
37 99
37 101
37 102
37 103
37 104
37 105
37 106
37 111
37 113
37 115
37 116
37 117
37 118
37 125
37 127
37 129
37 130
37 131
37 133
37 135
37 137
37 142
37 143
37 147
37 150
37 151
37 152
37 153
37 154
37 155
37 157
37 159
37 161
38 39
38 40
38 41
38 43
38 45
38 48
38 49
38 50
38 51
38 53
38 54
38 55
38 56
38 58
38 59
38 63
38 64
38 65
38 67
38 68
38 69
38 70
38 71
38 72
38 73
38 74
38 76
38 77
38 79
38 81
38 82
38 84
38 86
38 88
38 89
38 90
38 92
38 93
38 94
38 96
38 97
38 100
38 103
38 104
38 105
38 107
38 108
38 109
38 110
38 111
38 112
38 113
38 114
38 115
38 116
38 117
38 118
38 120
38 123
38 125
38 126
38 127
38 129
38 130
38 131
38 132
38 133
38 134
38 135
38 137
38 138
38 139
38 141
38 142
38 143
38 145
38 146
38 147
38 149
38 150
38 151
38 152
38 153
38 154
38 157
38 158
38 159
38 160
38 161
39 40
39 43
39 49
39 50
39 51
39 56
39 57
39 58
39 62
39 63
39 64
39 69
39 70
39 71
39 72
39 74
39 77
39 79
39 80
39 83
39 87
39 88
39 89
39 91
39 92
39 94
39 101
39 104
39 106
39 107
39 109
39 112
39 113
39 114
39 115
39 118
39 120
39 129
39 130
39 131
39 133
39 137
39 138
39 139
39 140
39 141
39 142
39 149
39 150
39 151
39 152
39 154
39 157
39 158
40 43
40 44
40 45
40 46
40 47
40 48
40 49
40 51
40 52
40 54
40 55
40 56
40 58
40 61
40 63
40 64
40 65
40 66
40 67
40 68
40 69
40 70
40 71
40 72
40 74
40 75
40 76
40 78
40 80
40 82
40 83
40 86
40 87
40 88
40 89
40 91
40 92
40 93
40 94
40 95
40 96
40 97
40 98
40 99
40 100
40 101
40 102
40 103
40 105
40 106
40 108
40 109
40 110
40 113
40 114
40 115
40 116
40 117
40 118
40 121
40 124
40 125
40 126
40 128
40 129
40 130
40 131
40 132
40 133
40 134
40 135
40 136
40 137
40 138
40 139
40 142
40 143
40 144
40 145
40 146
40 147
40 148
40 149
40 150
40 152
40 153
40 154
40 157
40 158
40 159
40 160
40 161
41 44
41 45
41 47
41 49
41 51
41 52
41 54
41 55
41 56
41 61
41 64
41 65
41 67
41 68
41 69
41 70
41 71
41 72
41 75
41 79
41 80
41 81
41 83
41 85
41 89
41 91
41 94
41 101
41 106
41 108
41 109
41 112
41 114
41 115
41 116
41 117
41 128
41 130
41 133
41 134
41 137
41 138
41 141
41 145
41 147
41 151
41 153
41 154
41 157
41 158
41 161
42 43
42 49
42 53
42 55
42 56
42 57
42 67
42 69
42 70
42 72
42 73
42 74
42 75
42 76
42 78
42 79
42 84
42 85
42 87
42 89
42 92
42 94
42 98
42 103
42 106
42 107
42 109
42 112
42 113
42 115
42 117
42 118
42 125
42 129
42 131
42 132
42 133
42 138
42 139
42 147
42 149
42 150
42 154
42 158
42 161
43 44
43 51
43 56
43 58
43 63
43 64
43 65
43 66
43 67
43 68
43 69
43 70
43 72
43 73
43 74
43 76
43 77
43 79
43 82
43 84
43 85
43 88
43 89
43 93
43 94
43 95
43 97
43 98
43 100
43 101
43 102
43 103
43 105
43 106
43 107
43 108
43 109
43 110
43 111
43 112
43 113
43 114
43 115
43 119
43 120
43 121
43 125
43 128
43 129
43 130
43 133
43 134
43 136
43 137
43 138
43 139
43 141
43 142
43 148
43 149
43 150
43 151
43 152
43 153
43 156
43 157
43 158
43 159
43 160
44 45
44 46
44 49
44 50
44 51
44 53
44 54
44 55
44 56
44 57
44 63
44 64
44 65
44 66
44 67
44 70
44 71
44 72
44 73
44 75
44 76
44 77
44 79
44 81
44 82
44 83
44 84
44 85
44 86
44 88
44 89
44 92
44 93
44 94
44 95
44 97
44 99
44 100
44 101
44 102
44 103
44 106
44 107
44 108
44 109
44 110
44 113
44 114
44 115
44 116
44 117
44 118
44 119
44 123
44 125
44 126
44 128
44 130
44 131
44 133
44 134
44 135
44 136
44 137
44 138
44 140
44 142
44 143
44 145
44 146
44 147
44 148
44 150
44 151
44 153
44 154
44 155
44 157
44 158
44 159
44 160
44 161
45 46
45 49
45 50
45 51
45 52
45 54
45 55
45 56
45 57
45 59
45 60
45 63
45 64
45 65
45 66
45 67
45 68
45 70
45 71
45 72
45 73
45 74
45 75
45 76
45 77
45 79
45 80
45 82
45 83
45 84
45 85
45 86
45 88
45 89
45 90
45 92
45 94
45 95
45 96
45 97
45 98
45 99
45 101
45 102
45 103
45 104
45 105
45 106
45 107
45 108
45 109
45 111
45 112
45 113
45 114
45 115
45 116
45 117
45 118
45 119
45 125
45 126
45 127
45 129
45 130
45 131
45 133
45 135
45 137
45 138
45 140
45 141
45 143
45 145
45 146
45 147
45 149
45 150
45 151
45 152
45 153
45 154
45 157
45 158
45 159
45 160
46 48
46 49
46 50
46 51
46 54
46 55
46 56
46 57
46 58
46 64
46 65
46 66
46 67
46 68
46 69
46 70
46 71
46 72
46 73
46 74
46 75
46 77
46 79
46 81
46 85
46 86
46 89
46 91
46 92
46 93
46 94
46 95
46 97
46 101
46 102
46 103
46 108
46 109
46 112
46 115
46 116
46 117
46 118
46 124
46 125
46 126
46 130
46 134
46 135
46 136
46 137
46 141
46 142
46 143
46 147
46 148
46 149
46 150
46 151
46 152
46 154
46 156
46 158
46 159
46 160
47 49
47 54
47 61
47 65
47 73
47 89
47 97
47 100
47 101
47 102
47 106
47 111
47 115
47 118
47 126
47 131
47 138
47 146
47 147
47 151
47 152
47 154
47 157
47 159
48 49
48 50
48 52
48 56
48 58
48 59
48 64
48 68
48 72
48 74
48 77
48 80
48 84
48 89
48 94
48 97
48 100
48 105
48 112
48 119
48 126
48 129
48 130
48 136
48 137
48 142
48 151
48 160
48 161
49 50
49 51
49 52
49 54
49 56
49 57
49 58
49 59
49 61
49 64
49 65
49 66
49 68
49 69
49 71
49 73
49 74
49 75
49 76
49 77
49 79
49 80
49 83
49 84
49 86
49 87
49 88
49 89
49 91
49 92
49 93
49 94
49 95
49 96
49 98
49 101
49 102
49 103
49 104
49 106
49 107
49 108
49 110
49 111
49 112
49 113
49 114
49 115
49 116
49 117
49 118
49 119
49 121
49 123
49 125
49 127
49 128
49 129
49 130
49 131
49 133
49 134
49 135
49 137
49 139
49 140
49 142
49 144
49 145
49 147
49 148
49 149
49 150
49 151
49 152
49 153
49 154
49 155
49 156
49 157
49 158
49 160
49 161
50 52
50 53
50 54
50 59
50 62
50 63
50 65
50 66
50 67
50 68
50 70
50 72
50 73
50 74
50 75
50 76
50 77
50 79
50 80
50 81
50 84
50 89
50 91
50 92
50 95
50 99
50 102
50 103
50 105
50 106
50 108
50 109
50 110
50 111
50 112
50 113
50 114
50 116
50 117
50 119
50 120
50 127
50 129
50 131
50 132
50 133
50 134
50 137
50 138
50 139
50 141
50 142
50 146
50 148
50 149
50 150
50 152
50 153
50 154
50 157
50 161
51 54
51 55
51 56
51 57
51 58
51 60
51 61
51 62
51 63
51 64
51 65
51 66
51 67
51 68
51 69
51 70
51 71
51 72
51 73
51 74
51 75
51 76
51 78
51 79
51 80
51 81
51 83
51 84
51 85
51 86
51 88
51 89
51 91
51 93
51 94
51 96
51 97
51 98
51 99
51 100
51 101
51 102
51 104
51 105
51 107
51 108
51 109
51 110
51 112
51 113
51 114
51 115
51 117
51 118
51 123
51 125
51 126
51 127
51 128
51 129
51 130
51 131
51 133
51 134
51 135
51 137
51 138
51 139
51 141
51 142
51 143
51 144
51 146
51 148
51 149
51 150
51 151
51 152
51 153
51 154
51 155
51 156
51 157
51 158
51 159
51 160
51 161
52 54
52 58
52 61
52 64
52 65
52 66
52 67
52 68
52 70
52 71
52 73
52 74
52 76
52 77
52 79
52 82
52 89
52 93
52 94
52 96
52 97
52 100
52 101
52 105
52 106
52 108
52 109
52 111
52 112
52 114
52 115
52 116
52 117
52 125
52 127
52 129
52 131
52 133
52 135
52 136
52 138
52 140
52 141
52 142
52 147
52 151
52 153
52 154
52 155
52 159
52 160
53 54
53 55
53 56
53 57
53 59
53 65
53 66
53 67
53 68
53 69
53 73
53 74
53 75
53 80
53 89
53 92
53 96
53 98
53 99
53 101
53 102
53 107
53 108
53 109
53 114
53 115
53 118
53 127
53 129
53 131
53 134
53 138
53 141
53 146
53 152
53 154
53 161
54 55
54 56
54 57
54 59
54 61
54 62
54 63
54 64
54 65
54 66
54 67
54 69
54 70
54 71
54 72
54 73
54 74
54 75
54 77
54 78
54 79
54 80
54 82
54 83
54 85
54 86
54 87
54 89
54 90
54 92
54 93
54 94
54 96
54 97
54 98
54 99
54 101
54 102
54 103
54 104
54 106
54 107
54 108
54 109
54 110
54 111
54 112
54 113
54 114
54 115
54 117
54 118
54 119
54 121
54 125
54 126
54 127
54 128
54 129
54 130
54 131
54 133
54 134
54 135
54 136
54 137
54 138
54 139
54 141
54 142
54 143
54 145
54 146
54 147
54 148
54 149
54 150
54 151
54 152
54 154
54 155
54 156
54 157
54 158
54 159
54 160
55 56
55 57
55 60
55 61
55 63
55 64
55 68
55 69
55 70
55 71
55 72
55 73
55 74
55 76
55 77
55 79
55 80
55 82
55 86
55 87
55 88
55 89
55 91
55 94
55 96
55 98
55 99
55 100
55 101
55 102
55 103
55 105
55 106
55 108
55 114
55 115
55 116
55 117
55 118
55 120
55 128
55 129
55 130
55 131
55 133
55 134
55 135
55 138
55 139
55 142
55 145
55 146
55 147
55 150
55 152
55 153
55 154
55 155
55 157
55 158
55 159
55 160
55 161
56 58
56 61
56 62
56 63
56 64
56 65
56 66
56 67
56 68
56 70
56 71
56 72
56 73
56 74
56 75
56 76
56 77
56 79
56 81
56 82
56 83
56 84
56 86
56 87
56 89
56 90
56 91
56 93
56 94
56 97
56 100
56 102
56 103
56 104
56 105
56 109
56 110
56 111
56 112
56 113
56 115
56 116
56 117
56 118
56 119
56 120
56 122
56 123
56 125
56 126
56 127
56 128
56 129
56 131
56 133
56 134
56 135
56 136
56 137
56 139
56 140
56 141
56 142
56 145
56 146
56 147
56 148
56 150
56 151
56 152
56 153
56 155
56 157
56 158
56 160
57 64
57 65
57 67
57 69
57 72
57 74
57 77
57 79
57 88
57 93
57 95
57 97
57 99
57 101
57 102
57 108
57 118
57 129
57 134
57 137
57 139
57 142
57 145
57 148
57 149
57 150
57 152
57 154
57 158
58 59
58 61
58 62
58 63
58 64
58 65
58 66
58 67
58 68
58 70
58 71
58 72
58 73
58 74
58 75
58 76
58 77
58 79
58 80
58 85
58 86
58 88
58 89
58 93
58 94
58 97
58 99
58 101
58 102
58 103
58 104
58 105
58 106
58 107
58 108
58 109
58 110
58 111
58 112
58 115
58 116
58 117
58 118
58 123
58 125
58 126
58 127
58 129
58 130
58 134
58 137
58 139
58 141
58 142
58 146
58 147
58 148
58 151
58 152
58 153
58 154
58 157
58 159
58 160
59 63
59 64
59 65
59 66
59 69
59 72
59 73
59 74
59 75
59 76
59 79
59 80
59 83
59 87
59 89
59 94
59 97
59 99
59 101
59 102
59 103
59 106
59 108
59 113
59 114
59 117
59 126
59 129
59 130
59 131
59 133
59 134
59 135
59 137
59 138
59 139
59 141
59 142
59 143
59 146
59 149
59 150
59 151
59 152
59 155
59 158
59 161
60 64
60 66
60 70
60 71
60 79
60 91
60 101
60 103
60 107
60 108
60 111
60 113
60 114
60 117
60 129
60 131
60 137
60 138
60 145
60 146
60 150
60 152
60 157
60 158
61 63
61 64
61 67
61 68
61 70
61 71
61 72
61 73
61 75
61 76
61 82
61 83
61 86
61 87
61 89
61 93
61 101
61 106
61 108
61 112
61 114
61 115
61 116
61 117
61 122
61 125
61 129
61 130
61 137
61 138
61 141
61 142
61 143
61 147
61 151
61 152
61 154
61 158
61 160
62 63
62 64
62 65
62 66
62 68
62 71
62 72
62 73
62 74
62 75
62 76
62 77
62 79
62 80
62 86
62 87
62 94
62 96
62 97
62 102
62 105
62 106
62 108
62 112
62 114
62 115
62 116
62 117
62 118
62 122
62 125
62 126
62 127
62 129
62 130
62 131
62 133
62 134
62 138
62 139
62 142
62 143
62 147
62 149
62 150
62 154
62 156
62 159
63 64
63 65
63 67
63 68
63 69
63 70
63 71
63 72
63 74
63 75
63 77
63 78
63 79
63 82
63 83
63 84
63 85
63 87
63 89
63 93
63 94
63 96
63 97
63 99
63 101
63 105
63 106
63 108
63 109
63 112
63 113
63 114
63 115
63 117
63 119
63 126
63 129
63 130
63 131
63 133
63 134
63 135
63 137
63 138
63 139
63 140
63 142
63 143
63 146
63 147
63 148
63 149
63 150
63 151
63 152
63 154
63 155
63 157
64 65
64 66
64 67
64 68
64 69
64 70
64 71
64 72
64 73
64 74
64 75
64 76
64 77
64 79
64 80
64 81
64 83
64 84
64 86
64 88
64 89
64 92
64 93
64 94
64 98
64 99
64 101
64 102
64 103
64 104
64 106
64 107
64 110
64 111
64 113
64 114
64 115
64 116
64 117
64 118
64 119
64 120
64 125
64 126
64 127
64 129
64 130
64 131
64 132
64 133
64 134
64 135
64 137
64 138
64 139
64 140
64 142
64 145
64 147
64 148
64 149
64 150
64 151
64 152
64 153
64 154
64 155
64 158
64 160
64 161
65 66
65 67
65 69
65 70
65 71
65 72
65 73
65 74
65 75
65 76
65 77
65 79
65 80
65 81
65 82
65 84
65 86
65 87
65 89
65 91
65 93
65 94
65 96
65 97
65 99
65 101
65 102
65 105
65 106
65 107
65 108
65 109
65 110
65 111
65 113
65 114
65 116
65 117
65 118
65 125
65 126
65 129
65 130
65 131
65 132
65 133
65 134
65 135
65 137
65 138
65 139
65 142
65 143
65 145
65 147
65 148
65 149
65 150
65 151
65 152
65 154
65 155
65 157
65 158
65 159
65 160
65 161
66 67
66 68
66 69
66 71
66 72
66 74
66 76
66 77
66 79
66 81
66 82
66 84
66 86
66 88
66 89
66 90
66 91
66 93
66 94
66 97
66 98
66 102
66 103
66 106
66 108
66 110
66 112
66 113
66 114
66 116
66 117
66 118
66 123
66 125
66 127
66 129
66 130
66 133
66 134
66 136
66 138
66 142
66 143
66 145
66 146
66 147
66 148
66 149
66 150
66 151
66 152
66 153
66 154
66 155
66 157
66 161
67 68
67 69
67 70
67 71
67 72
67 74
67 75
67 76
67 77
67 79
67 80
67 81
67 82
67 84
67 86
67 87
67 88
67 89
67 90
67 91
67 92
67 93
67 94
67 96
67 97
67 98
67 99
67 101
67 102
67 103
67 104
67 106
67 107
67 108
67 109
67 110
67 112
67 114
67 115
67 116
67 118
67 124
67 125
67 126
67 127
67 128
67 129
67 131
67 133
67 134
67 135
67 137
67 138
67 139
67 140
67 142
67 143
67 146
67 147
67 148
67 149
67 150
67 151
67 152
67 154
67 155
67 156
67 157
67 158
67 159
67 160
67 161
68 69
68 70
68 72
68 73
68 74
68 75
68 76
68 77
68 78
68 79
68 80
68 81
68 83
68 84
68 86
68 88
68 89
68 90
68 91
68 92
68 93
68 95
68 96
68 97
68 99
68 100
68 101
68 102
68 103
68 104
68 105
68 106
68 108
68 109
68 110
68 111
68 112
68 113
68 115
68 116
68 117
68 118
68 119
68 120
68 121
68 123
68 125
68 126
68 127
68 128
68 129
68 130
68 131
68 133
68 134
68 136
68 137
68 138
68 140
68 141
68 142
68 143
68 145
68 146
68 147
68 148
68 149
68 150
68 151
68 152
68 153
68 154
68 155
68 156
68 157
68 158
68 161
69 70
69 72
69 73
69 74
69 75
69 77
69 79
69 80
69 82
69 84
69 87
69 88
69 89
69 91
69 92
69 94
69 95
69 97
69 98
69 99
69 100
69 101
69 102
69 103
69 105
69 106
69 107
69 108
69 109
69 110
69 111
69 112
69 114
69 115
69 116
69 117
69 118
69 119
69 122
69 125
69 126
69 127
69 128
69 129
69 130
69 131
69 133
69 134
69 135
69 136
69 137
69 138
69 139
69 140
69 141
69 142
69 143
69 145
69 148
69 149
69 150
69 151
69 152
69 153
69 154
69 155
69 159
69 160
69 161
70 71
70 72
70 73
70 74
70 75
70 78
70 79
70 80
70 81
70 82
70 83
70 84
70 85
70 86
70 87
70 88
70 89
70 91
70 93
70 94
70 97
70 98
70 100
70 101
70 102
70 103
70 105
70 106
70 108
70 110
70 111
70 112
70 113
70 114
70 115
70 117
70 118
70 121
70 122
70 125
70 126
70 127
70 128
70 129
70 130
70 133
70 135
70 137
70 138
70 139
70 141
70 142
70 143
70 145
70 146
70 147
70 148
70 150
70 151
70 152
70 153
70 154
70 157
70 159
70 161
71 72
71 73
71 74
71 75
71 76
71 77
71 78
71 79
71 80
71 81
71 83
71 84
71 85
71 86
71 88
71 89
71 92
71 93
71 94
71 95
71 97
71 100
71 101
71 102
71 105
71 106
71 108
71 109
71 113
71 114
71 115
71 117
71 118
71 121
71 124
71 125
71 126
71 127
71 129
71 130
71 131
71 133
71 135
71 136
71 137
71 138
71 139
71 140
71 141
71 146
71 149
71 151
71 152
71 153
71 154
71 155
71 156
71 157
71 160
71 161
72 74
72 75
72 77
72 79
72 80
72 81
72 82
72 83
72 84
72 85
72 87
72 89
72 96
72 97
72 98
72 99
72 100
72 101
72 102
72 103
72 104
72 105
72 106
72 107
72 108
72 109
72 110
72 111
72 113
72 114
72 115
72 117
72 118
72 120
72 121
72 124
72 125
72 126
72 127
72 129
72 130
72 131
72 132
72 133
72 134
72 135
72 136
72 137
72 138
72 139
72 140
72 141
72 142
72 144
72 145
72 146
72 147
72 148
72 150
72 152
72 153
72 154
72 155
72 157
72 158
72 159
72 160
72 161
73 74
73 75
73 76
73 77
73 79
73 80
73 84
73 85
73 86
73 87
73 88
73 89
73 91
73 94
73 97
73 101
73 102
73 105
73 106
73 107
73 111
73 112
73 114
73 115
73 116
73 117
73 118
73 119
73 126
73 128
73 130
73 136
73 137
73 138
73 139
73 141
73 143
73 145
73 146
73 147
73 149
73 150
73 151
73 152
73 153
73 154
73 157
73 158
73 160
73 161
74 76
74 77
74 79
74 80
74 81
74 82
74 83
74 84
74 85
74 86
74 87
74 89
74 91
74 92
74 93
74 94
74 95
74 97
74 98
74 99
74 100
74 101
74 102
74 103
74 105
74 106
74 107
74 108
74 109
74 110
74 111
74 112
74 113
74 114
74 115
74 116
74 117
74 118
74 121
74 122
74 124
74 125
74 126
74 127
74 129
74 130
74 131
74 133
74 134
74 135
74 137
74 138
74 140
74 142
74 143
74 145
74 147
74 148
74 149
74 150
74 151
74 152
74 154
74 155
74 157
74 158
74 159
74 161
75 77
75 79
75 80
75 81
75 86
75 89
75 91
75 92
75 93
75 96
75 97
75 99
75 101
75 102
75 105
75 106
75 107
75 109
75 113
75 114
75 115
75 118
75 125
75 129
75 131
75 133
75 134
75 135
75 136
75 137
75 139
75 140
75 141
75 142
75 143
75 145
75 146
75 147
75 149
75 151
75 152
75 153
75 154
75 158
75 159
75 160
75 161
76 77
76 79
76 84
76 87
76 89
76 92
76 94
76 97
76 102
76 103
76 105
76 108
76 109
76 114
76 117
76 118
76 119
76 126
76 130
76 136
76 137
76 138
76 142
76 143
76 146
76 147
76 148
76 152
76 153
76 154
76 155
76 157
76 158
76 159
76 160
77 79
77 80
77 81
77 83
77 85
77 86
77 89
77 93
77 94
77 96
77 97
77 99
77 103
77 106
77 107
77 108
77 109
77 110
77 111
77 112
77 113
77 114
77 116
77 118
77 125
77 126
77 127
77 129
77 130
77 131
77 132
77 133
77 134
77 136
77 138
77 139
77 142
77 144
77 147
77 148
77 151
77 152
77 153
77 154
77 157
77 158
77 159
77 161
78 87
78 99
78 109
78 118
78 127
78 129
78 132
78 137
78 142
78 150
78 153
79 81
79 84
79 85
79 87
79 88
79 89
79 90
79 91
79 93
79 94
79 96
79 97
79 98
79 100
79 101
79 102
79 103
79 105
79 106
79 107
79 108
79 109
79 111
79 112
79 113
79 114
79 115
79 117
79 118
79 121
79 125
79 126
79 129
79 130
79 131
79 133
79 134
79 135
79 136
79 137
79 138
79 139
79 140
79 141
79 142
79 143
79 144
79 146
79 147
79 148
79 149
79 150
79 151
79 152
79 153
79 154
79 155
79 156
79 157
79 158
79 160
79 161
80 82
80 83
80 84
80 88
80 89
80 92
80 94
80 95
80 100
80 102
80 104
80 108
80 109
80 110
80 114
80 117
80 118
80 119
80 121
80 125
80 127
80 128
80 130
80 131
80 132
80 133
80 135
80 137
80 141
80 142
80 143
80 144
80 145
80 147
80 148
80 150
80 152
80 154
80 158
80 159
80 161
81 86
81 88
81 89
81 91
81 97
81 101
81 105
81 115
81 118
81 125
81 126
81 128
81 131
81 136
81 137
81 139
81 146
81 157
81 158
82 85
82 89
82 90
82 94
82 99
82 100
82 101
82 102
82 103
82 106
82 107
82 108
82 109
82 113
82 115
82 116
82 118
82 125
82 127
82 129
82 131
82 134
82 137
82 138
82 139
82 142
82 145
82 150
82 151
82 153
82 154
83 87
83 93
83 97
83 98
83 99
83 106
83 109
83 113
83 114
83 115
83 118
83 125
83 129
83 131
83 132
83 134
83 137
83 138
83 142
83 144
83 146
83 150
83 158
83 159
84 85
84 89
84 90
84 93
84 95
84 97
84 99
84 100
84 102
84 103
84 104
84 105
84 106
84 108
84 109
84 111
84 112
84 113
84 114
84 115
84 116
84 117
84 118
84 119
84 120
84 121
84 124
84 125
84 126
84 127
84 129
84 130
84 133
84 134
84 136
84 137
84 138
84 139
84 141
84 142
84 144
84 146
84 147
84 150
84 151
84 152
84 153
84 154
84 157
84 158
84 159
84 161
85 86
85 87
85 89
85 93
85 94
85 95
85 99
85 106
85 112
85 113
85 114
85 119
85 125
85 134
85 137
85 138
85 142
85 143
85 145
85 146
85 150
85 152
85 157
85 158
86 87
86 89
86 92
86 94
86 97
86 100
86 101
86 102
86 105
86 106
86 108
86 109
86 112
86 114
86 115
86 116
86 117
86 121
86 122
86 125
86 126
86 128
86 129
86 131
86 135
86 136
86 137
86 139
86 142
86 145
86 146
86 147
86 150
86 151
86 154
86 156
86 160
86 161
87 91
87 93
87 94
87 97
87 98
87 99
87 100
87 101
87 105
87 106
87 112
87 114
87 115
87 116
87 117
87 126
87 127
87 129
87 130
87 133
87 135
87 137
87 138
87 141
87 142
87 146
87 148
87 149
87 150
87 151
87 153
87 154
87 157
87 158
87 159
87 160
87 161
88 89
88 91
88 92
88 93
88 94
88 95
88 98
88 99
88 101
88 102
88 104
88 107
88 108
88 113
88 115
88 118
88 121
88 128
88 129
88 131
88 133
88 134
88 137
88 138
88 141
88 142
88 143
88 146
88 147
88 148
88 150
88 151
88 152
88 157
88 158
88 159
88 161
89 90
89 91
89 92
89 93
89 94
89 95
89 96
89 97
89 99
89 100
89 101
89 102
89 104
89 105
89 106
89 107
89 108
89 109
89 111
89 113
89 114
89 115
89 116
89 117
89 118
89 120
89 122
89 125
89 126
89 128
89 129
89 130
89 131
89 132
89 133
89 134
89 135
89 136
89 137
89 138
89 139
89 140
89 141
89 142
89 144
89 145
89 146
89 147
89 149
89 150
89 151
89 152
89 153
89 154
89 158
89 161
90 91
90 94
90 101
90 106
90 107
90 108
90 109
90 114
90 115
90 117
90 125
90 129
90 134
90 136
90 137
90 138
90 139
90 152
90 153
90 154
90 155
90 159
91 93
91 94
91 98
91 100
91 101
91 102
91 103
91 105
91 106
91 111
91 112
91 114
91 117
91 123
91 126
91 127
91 131
91 134
91 137
91 138
91 140
91 142
91 143
91 146
91 147
91 148
91 149
91 150
91 151
91 152
91 153
91 154
91 155
91 157
92 93
92 94
92 95
92 97
92 98
92 100
92 101
92 102
92 103
92 105
92 108
92 110
92 114
92 115
92 116
92 117
92 118
92 125
92 126
92 129
92 130
92 133
92 137
92 141
92 145
92 147
92 148
92 150
92 151
92 152
92 153
92 154
92 155
93 94
93 97
93 99
93 103
93 106
93 108
93 109
93 111
93 112
93 114
93 116
93 117
93 118
93 120
93 125
93 126
93 128
93 130
93 132
93 134
93 136
93 137
93 138
93 139
93 145
93 146
93 152
93 155
93 156
93 157
93 161
94 95
94 97
94 98
94 99
94 100
94 101
94 104
94 105
94 106
94 107
94 108
94 110
94 112
94 113
94 115
94 116
94 117
94 118
94 121
94 122
94 125
94 126
94 127
94 128
94 129
94 130
94 133
94 134
94 135
94 136
94 137
94 138
94 139
94 141
94 142
94 143
94 145
94 147
94 149
94 150
94 151
94 152
94 154
94 157
94 158
94 160
94 161
95 97
95 99
95 106
95 107
95 108
95 109
95 112
95 114
95 117
95 118
95 129
95 131
95 133
95 137
95 140
95 141
95 143
95 147
95 152
95 153
95 161
96 101
96 102
96 103
96 108
96 109
96 112
96 116
96 117
96 120
96 125
96 130
96 131
96 134
96 137
96 141
96 142
96 145
96 147
96 150
96 154
96 158
96 161
97 98
97 99
97 101
97 102
97 103
97 106
97 107
97 108
97 109
97 112
97 113
97 114
97 115
97 116
97 117
97 118
97 119
97 120
97 121
97 126
97 127
97 130
97 131
97 133
97 134
97 136
97 137
97 138
97 141
97 143
97 145
97 146
97 147
97 148
97 149
97 150
97 151
97 152
97 153
97 154
97 158
97 159
98 99
98 101
98 102
98 103
98 104
98 105
98 106
98 109
98 112
98 113
98 116
98 118
98 125
98 127
98 130
98 131
98 132
98 133
98 134
98 137
98 138
98 140
98 142
98 146
98 147
98 150
98 152
98 153
98 154
98 157
98 158
98 159
99 102
99 103
99 107
99 108
99 110
99 111
99 112
99 113
99 116
99 125
99 126
99 131
99 133
99 134
99 135
99 142
99 146
99 147
99 151
99 152
99 154
99 155
99 157
99 158
99 161
100 101
100 102
100 104
100 105
100 106
100 108
100 109
100 114
100 115
100 116
100 117
100 118
100 125
100 129
100 133
100 134
100 138
100 139
100 143
100 146
100 147
100 149
100 150
100 153
100 154
100 157
100 160
101 102
101 105
101 106
101 107
101 108
101 109
101 111
101 113
101 114
101 115
101 116
101 117
101 118
101 119
101 121
101 122
101 124
101 125
101 129
101 130
101 131
101 133
101 135
101 137
101 138
101 139
101 141
101 142
101 144
101 145
101 147
101 148
101 149
101 150
101 152
101 153
101 154
101 155
101 157
101 158
101 160
101 161
102 103
102 104
102 105
102 107
102 108
102 109
102 110
102 111
102 112
102 113
102 114
102 115
102 116
102 117
102 118
102 119
102 120
102 121
102 122
102 125
102 126
102 128
102 129
102 130
102 131
102 133
102 134
102 135
102 136
102 137
102 138
102 139
102 140
102 141
102 142
102 146
102 147
102 150
102 151
102 153
102 154
102 155
102 156
102 157
102 160
102 161
103 105
103 106
103 107
103 108
103 109
103 112
103 113
103 114
103 115
103 117
103 118
103 121
103 130
103 132
103 134
103 138
103 139
103 141
103 142
103 143
103 146
103 147
103 148
103 149
103 150
103 153
103 154
103 155
103 157
103 158
103 160
104 106
104 108
104 109
104 116
104 118
104 121
104 129
104 131
104 133
104 134
104 143
104 147
104 150
104 151
104 152
104 154
104 159
105 106
105 107
105 108
105 109
105 112
105 113
105 114
105 115
105 117
105 124
105 125
105 126
105 127
105 129
105 130
105 131
105 134
105 137
105 138
105 139
105 141
105 142
105 143
105 150
105 151
105 152
105 153
105 154
105 156
105 157
105 159
105 160
106 107
106 108
106 109
106 113
106 114
106 115
106 116
106 117
106 118
106 121
106 122
106 124
106 126
106 129
106 130
106 131
106 132
106 133
106 135
106 136
106 137
106 138
106 139
106 140
106 142
106 143
106 145
106 147
106 149
106 150
106 151
106 152
106 154
106 155
106 157
106 158
106 159
106 160
106 161
107 108
107 109
107 111
107 112
107 113
107 114
107 115
107 118
107 125
107 128
107 130
107 131
107 133
107 134
107 135
107 137
107 138
107 142
107 145
107 147
107 148
107 151
107 152
107 154
107 155
107 157
107 158
108 109
108 111
108 112
108 113
108 114
108 115
108 116
108 117
108 118
108 120
108 125
108 126
108 127
108 128
108 129
108 131
108 132
108 133
108 134
108 135
108 136
108 137
108 138
108 139
108 141
108 142
108 143
108 145
108 146
108 147
108 148
108 149
108 150
108 151
108 152
108 153
108 154
108 155
108 156
108 157
109 112
109 113
109 114
109 115
109 117
109 118
109 119
109 120
109 121
109 125
109 126
109 127
109 129
109 131
109 132
109 133
109 134
109 135
109 136
109 137
109 138
109 139
109 142
109 143
109 145
109 146
109 147
109 149
109 151
109 153
109 154
109 157
109 158
109 160
109 161
110 113
110 114
110 116
110 117
110 118
110 119
110 125
110 126
110 128
110 131
110 133
110 137
110 139
110 141
110 142
110 154
110 158
111 112
111 113
111 114
111 115
111 116
111 117
111 118
111 119
111 122
111 123
111 131
111 132
111 133
111 134
111 135
111 136
111 138
111 145
111 146
111 149
111 150
111 152
111 153
111 157
111 158
111 161
112 114
112 115
112 116
112 117
112 118
112 120
112 123
112 124
112 125
112 129
112 130
112 133
112 134
112 137
112 139
112 140
112 142
112 147
112 148
112 150
112 151
112 152
112 154
112 158
112 159
112 160
112 161
113 114
113 115
113 116
113 117
113 118
113 120
113 126
113 129
113 131
113 133
113 134
113 135
113 136
113 137
113 138
113 139
113 142
113 145
113 148
113 149
113 150
113 151
113 152
113 153
113 154
113 157
113 158
113 160
113 161
114 115
114 116
114 117
114 118
114 124
114 125
114 126
114 127
114 128
114 129
114 130
114 131
114 132
114 133
114 134
114 135
114 136
114 137
114 138
114 139
114 140
114 141
114 142
114 145
114 146
114 147
114 148
114 150
114 151
114 152
114 154
114 158
114 159
114 161
115 116
115 122
115 125
115 126
115 127
115 128
115 129
115 130
115 131
115 133
115 134
115 136
115 137
115 138
115 139
115 141
115 142
115 145
115 146
115 147
115 148
115 150
115 151
115 152
115 153
115 154
115 156
115 157
115 158
115 161
116 117
116 118
116 121
116 123
116 125
116 129
116 133
116 135
116 137
116 138
116 141
116 142
116 145
116 147
116 149
116 150
116 151
116 155
116 157
116 158
117 118
117 125
117 127
117 128
117 129
117 130
117 131
117 132
117 133
117 135
117 136
117 138
117 139
117 140
117 141
117 142
117 143
117 146
117 149
117 151
117 152
117 153
117 157
117 159
117 160
117 161
118 120
118 122
118 125
118 126
118 128
118 129
118 130
118 131
118 133
118 134
118 135
118 136
118 137
118 138
118 139
118 140
118 141
118 142
118 143
118 145
118 146
118 147
118 149
118 150
118 151
118 152
118 154
118 155
118 158
119 130
119 131
119 133
119 137
119 139
119 142
119 147
119 152
119 153
119 154
119 158
120 129
120 138
120 139
120 142
120 151
120 153
121 125
121 128
121 129
121 138
121 142
121 146
121 151
121 152
121 154
121 155
121 158
122 126
122 131
122 137
122 142
122 147
122 150
122 152
122 153
122 161
123 131
123 134
123 135
123 138
123 153
123 158
124 131
124 133
124 136
124 143
124 146
124 152
124 160
125 126
125 129
125 130
125 131
125 133
125 134
125 135
125 136
125 137
125 139
125 140
125 141
125 142
125 146
125 147
125 148
125 152
125 154
125 155
125 157
125 158
125 160
125 161
126 127
126 129
126 130
126 133
126 134
126 135
126 136
126 137
126 139
126 142
126 145
126 146
126 147
126 149
126 150
126 151
126 154
126 155
126 157
126 158
126 160
127 130
127 131
127 134
127 135
127 137
127 138
127 140
127 142
127 146
127 151
127 154
127 155
127 159
128 130
128 133
128 138
128 139
128 141
128 142
128 148
128 149
128 150
128 151
128 153
128 154
129 130
129 131
129 132
129 133
129 134
129 135
129 137
129 138
129 139
129 140
129 141
129 142
129 143
129 146
129 147
129 148
129 149
129 150
129 151
129 152
129 153
129 154
129 157
129 158
129 160
129 161
130 131
130 133
130 134
130 135
130 137
130 138
130 139
130 142
130 145
130 147
130 148
130 150
130 151
130 152
130 153
130 154
130 155
130 156
130 157
130 158
130 159
130 160
130 161
131 133
131 134
131 136
131 137
131 138
131 139
131 141
131 142
131 145
131 146
131 147
131 148
131 149
131 150
131 151
131 153
131 154
131 155
131 157
131 158
131 159
131 160
131 161
132 147
133 134
133 135
133 136
133 137
133 138
133 139
133 140
133 141
133 142
133 144
133 146
133 149
133 150
133 151
133 152
133 154
133 155
133 156
133 157
133 158
133 159
133 160
133 161
134 135
134 136
134 137
134 138
134 141
134 142
134 143
134 145
134 146
134 148
134 150
134 151
134 152
134 153
134 154
134 155
134 157
134 159
135 136
135 138
135 142
135 144
135 145
135 147
135 148
135 150
135 152
135 161
136 137
136 138
136 139
136 143
136 147
136 150
136 152
136 154
136 157
136 158
136 160
137 138
137 139
137 141
137 142
137 143
137 145
137 146
137 147
137 148
137 149
137 151
137 152
137 153
137 154
137 155
137 157
137 158
137 159
137 160
137 161
138 139
138 140
138 142
138 143
138 145
138 147
138 148
138 149
138 150
138 151
138 152
138 153
138 154
138 155
138 157
138 158
138 161
139 140
139 142
139 143
139 145
139 146
139 147
139 148
139 149
139 150
139 151
139 152
139 153
139 158
139 159
139 161
140 142
140 146
140 147
140 151
140 152
140 154
140 155
140 159
140 161
141 142
141 145
141 147
141 149
141 150
141 152
141 154
141 155
141 158
141 161
142 143
142 145
142 146
142 147
142 148
142 150
142 151
142 152
142 154
142 155
142 156
142 157
142 158
142 159
142 160
142 161
143 144
143 146
143 147
143 149
143 150
143 153
143 154
143 159
143 161
144 148
144 149
144 151
144 152
144 154
144 158
145 148
145 149
145 152
145 158
145 159
145 160
146 147
146 150
146 151
146 152
146 153
146 154
146 155
146 157
146 158
146 159
146 160
146 161
147 149
147 151
147 152
147 153
147 155
147 156
147 157
147 158
147 161
148 150
148 151
148 152
148 153
148 154
149 150
149 152
149 157
149 158
149 159
149 161
150 151
150 152
150 153
150 154
150 155
150 156
150 157
150 158
151 152
151 153
151 154
151 155
151 157
151 158
151 159
151 160
152 153
152 154
152 156
152 157
152 158
152 159
152 160
153 154
153 159
153 161
154 156
154 157
154 158
154 160
154 161
155 156
155 158
155 161
156 157
157 158
157 161
158 159
