0 4
0 6
0 7
0 9
0 11
0 14
0 19
0 21
0 24
0 26
0 29
0 30
0 31
0 33
0 37
0 38
0 40
0 44
0 45
0 46
0 49
0 50
0 51
0 54
0 55
0 56
0 58
0 59
0 61
0 63
0 65
0 67
0 69
0 71
0 72
0 73
0 74
0 79
0 82
0 87
0 92
0 93
0 95
0 101
0 102
0 104
0 105
0 109
0 111
0 112
0 113
0 114
0 115
0 116
0 118
0 126
0 127
0 129
0 131
0 133
0 134
0 135
0 138
0 139
0 141
0 143
0 147
0 148
0 150
0 151
0 152
0 153
0 154
0 155
0 156
0 157
0 160
1 6
1 7
1 8
1 9
1 12
1 13
1 14
1 19
1 25
1 26
1 32
1 34
1 36
1 39
1 40
1 43
1 44
1 45
1 48
1 49
1 51
1 53
1 55
1 56
1 63
1 65
1 68
1 69
1 70
1 72
1 74
1 76
1 77
1 82
1 84
1 87
1 89
1 93
1 101
1 102
1 105
1 106
1 108
1 109
1 111
1 112
1 113
1 114
1 116
1 117
1 118
1 123
1 127
1 130
1 131
1 134
1 137
1 138
1 142
1 143
1 145
1 146
1 147
1 148
1 149
1 150
1 152
1 154
1 157
2 4
2 5
2 7
2 11
2 14
2 18
2 19
2 25
2 26
2 31
2 36
2 38
2 40
2 43
2 45
2 52
2 58
2 65
2 66
2 67
2 68
2 69
2 70
2 72
2 73
2 74
2 75
2 79
2 80
2 84
2 89
2 91
2 93
2 101
2 102
2 111
2 114
2 118
2 134
2 137
2 138
2 141
2 147
2 151
2 154
2 157
2 158
3 4
3 6
3 14
3 19
3 25
3 26
3 35
3 36
3 39
3 44
3 45
3 49
3 51
3 57
3 61
3 65
3 67
3 68
3 69
3 70
3 72
3 75
3 77
3 79
3 80
3 88
3 91
3 94
3 97
3 101
3 108
3 109
3 117
3 118
3 128
3 129
3 131
3 133
3 134
3 137
3 141
3 142
3 146
3 150
3 152
3 154
3 155
3 158
3 159
3 161
4 6
4 7
4 9
4 11
4 12
4 13
4 14
4 15
4 16
4 18
4 19
4 21
4 22
4 23
4 24
4 25
4 26
4 28
4 30
4 32
4 33
4 34
4 37
4 40
4 42
4 43
4 44
4 45
4 46
4 47
4 48
4 49
4 50
4 51
4 55
4 56
4 63
4 64
4 66
4 67
4 68
4 69
4 70
4 71
4 72
4 73
4 75
4 76
4 78
4 79
4 80
4 81
4 82
4 83
4 84
4 87
4 88
4 89
4 90
4 92
4 93
4 94
4 95
4 96
4 97
4 102
4 103
4 104
4 105
4 106
4 107
4 108
4 109
4 110
4 112
4 113
4 114
4 115
4 117
4 118
4 121
4 125
4 126
4 127
4 129
4 131
4 133
4 134
4 135
4 137
4 138
4 139
4 140
4 141
4 142
4 143
4 146
4 147
4 149
4 150
4 151
4 152
4 154
4 155
4 157
4 158
4 159
4 160
4 161
5 6
5 7
5 9
5 11
5 12
5 15
5 18
5 19
5 21
5 22
5 24
5 25
5 27
5 29
5 30
5 32
5 34
5 35
5 36
5 37
5 38
5 40
5 44
5 46
5 47
5 54
5 55
5 56
5 62
5 64
5 66
5 67
5 68
5 69
5 71
5 75
5 76
5 77
5 80
5 84
5 87
5 90
5 92
5 93
5 94
5 96
5 100
5 101
5 102
5 105
5 106
5 107
5 108
5 111
5 115
5 122
5 125
5 127
5 129
5 130
5 131
5 133
5 137
5 142
5 147
5 154
5 161
6 7
6 9
6 10
6 11
6 13
6 14
6 15
6 16
6 17
6 19
6 20
6 23
6 24
6 25
6 26
6 28
6 30
6 31
6 35
6 36
6 37
6 38
6 39
6 40
6 43
6 44
6 45
6 46
6 47
6 49
6 50
6 51
6 52
6 53
6 54
6 55
6 56
6 57
6 58
6 59
6 60
6 61
6 62
6 63
6 64
6 65
6 66
6 67
6 68
6 69
6 70
6 71
6 72
6 73
6 74
6 75
6 77
6 78
6 79
6 80
6 81
6 82
6 83
6 84
6 86
6 87
6 89
6 91
6 92
6 93
6 94
6 95
6 97
6 99
6 101
6 102
6 103
6 105
6 106
6 107
6 108
6 109
6 110
6 111
6 112
6 113
6 114
6 115
6 116
6 117
6 118
6 120
6 123
6 124
6 125
6 126
6 127
6 130
6 133
6 134
6 135
6 137
6 138
6 140
6 142
6 144
6 145
6 146
6 147
6 148
6 149
6 150
6 151
6 152
6 154
6 155
6 157
6 158
6 160
6 161
7 8
7 9
7 11
7 13
7 14
7 16
7 18
7 19
7 21
7 22
7 23
7 24
7 25
7 26
7 28
7 30
7 31
7 32
7 33
7 34
7 35
7 37
7 38
7 39
7 40
7 41
7 43
7 44
7 45
7 46
7 48
7 49
7 50
7 51
7 54
7 56
7 57
7 58
7 59
7 61
7 63
7 64
7 65
7 66
7 67
7 68
7 69
7 70
7 71
7 72
7 73
7 74
7 75
7 76
7 77
7 79
7 80
7 82
7 84
7 87
7 88
7 89
7 91
7 92
7 93
7 95
7 97
7 98
7 99
7 100
7 101
7 103
7 105
7 106
7 107
7 108
7 109
7 111
7 113
7 114
7 115
7 116
7 117
7 118
7 119
7 121
7 122
7 125
7 126
7 127
7 129
7 130
7 131
7 133
7 134
7 135
7 136
7 137
7 138
7 139
7 141
7 142
7 143
7 145
7 147
7 148
7 149
7 150
7 152
7 154
7 156
7 157
7 158
7 159
7 160
8 10
8 11
8 12
8 14
8 19
8 20
8 23
8 24
8 26
8 29
8 35
8 36
8 38
8 47
8 49
8 51
8 56
8 67
8 70
8 74
8 88
8 89
8 91
8 94
8 97
8 100
8 101
8 102
8 103
8 107
8 109
8 112
8 113
8 114
8 115
8 116
8 119
8 125
8 131
8 133
8 134
8 138
8 139
8 140
8 141
8 145
8 147
8 148
8 151
8 154
8 158
8 160
9 11
9 14
9 19
9 22
9 24
9 25
9 31
9 32
9 34
9 36
9 37
9 38
9 40
9 42
9 45
9 46
9 47
9 48
9 49
9 51
9 53
9 54
9 56
9 66
9 68
9 70
9 71
9 72
9 73
9 74
9 75
9 76
9 77
9 78
9 79
9 84
9 87
9 89
9 90
9 91
9 94
9 97
9 99
9 100
9 101
9 102
9 103
9 106
9 109
9 113
9 115
9 116
9 117
9 118
9 122
9 125
9 129
9 131
9 133
9 135
9 137
9 138
9 140
9 142
9 143
9 144
9 145
9 146
9 147
9 148
9 149
9 150
9 151
9 153
9 154
9 158
9 160
10 12
10 13
10 14
10 17
10 19
10 20
10 22
10 24
10 28
10 30
10 32
10 33
10 34
10 35
10 36
10 38
10 39
10 40
10 41
10 43
10 44
10 45
10 50
10 51
10 52
10 53
10 54
10 55
10 56
10 57
10 58
10 59
10 64
10 66
10 67
10 69
10 70
10 71
10 72
10 74
10 75
10 77
10 79
10 80
10 83
10 88
10 89
10 93
10 94
10 96
10 97
10 101
10 102
10 103
10 104
10 105
10 106
10 107
10 108
10 109
10 111
10 114
10 115
10 117
10 118
10 125
10 126
10 127
10 128
10 131
10 133
10 134
10 136
10 137
10 138
10 139
10 140
10 142
10 146
10 147
10 149
10 152
10 154
10 157
10 161
11 12
11 13
11 14
11 15
11 19
11 20
11 22
11 23
11 24
11 26
11 28
11 31
11 32
11 33
11 34
11 37
11 38
11 40
11 43
11 45
11 49
11 50
11 53
11 54
11 55
11 56
11 57
11 58
11 60
11 62
11 64
11 65
11 66
11 69
11 70
11 71
11 72
11 74
11 77
11 79
11 80
11 82
11 85
11 89
11 91
11 92
11 94
11 95
11 101
11 102
11 103
11 106
11 107
11 108
11 109
11 111
11 112
11 113
11 114
11 115
11 116
11 117
11 118
11 120
11 122
11 124
11 125
11 126
11 128
11 129
11 130
11 131
11 133
11 134
11 135
11 138
11 139
11 140
11 141
11 142
11 145
11 147
11 149
11 151
11 152
11 154
11 158
11 160
11 161
12 14
12 18
12 19
12 21
12 22
12 23
12 25
12 26
12 30
12 31
12 32
12 33
12 34
12 35
12 38
12 39
12 44
12 45
12 46
12 49
12 51
12 55
12 56
12 58
12 65
12 66
12 67
12 68
12 69
12 70
12 72
12 74
12 75
12 76
12 79
12 81
12 82
12 87
12 89
12 91
12 94
12 97
12 98
12 101
12 102
12 103
12 104
12 105
12 106
12 108
12 109
12 110
12 112
12 114
12 115
12 117
12 118
12 125
12 126
12 129
12 137
12 138
12 146
12 150
12 151
12 152
12 154
12 155
12 158
13 18
13 19
13 21
13 24
13 25
13 30
13 31
13 33
13 35
13 38
13 40
13 43
13 44
13 46
13 49
13 51
13 52
13 54
13 55
13 56
13 58
13 61
13 62
13 63
13 64
13 65
13 68
13 69
13 70
13 72
13 73
13 74
13 76
13 79
13 80
13 87
13 89
13 91
13 92
13 93
13 94
13 97
13 101
13 105
13 107
13 109
13 112
13 113
13 114
13 115
13 116
13 117
13 118
13 131
13 137
13 138
13 139
13 141
13 145
13 146
13 147
13 148
13 149
13 150
13 151
13 152
13 154
13 157
13 158
14 15
14 16
14 19
14 20
14 21
14 22
14 25
14 26
14 28
14 31
14 32
14 33
14 34
14 35
14 37
14 40
14 42
14 43
14 44
14 45
14 46
14 49
14 50
14 51
14 52
14 53
14 54
14 55
14 56
14 57
14 58
14 59
14 60
14 61
14 62
14 63
14 64
14 65
14 66
14 67
14 68
14 69
14 70
14 71
14 72
14 74
14 75
14 76
14 77
14 79
14 80
14 81
14 82
14 83
14 84
14 85
14 87
14 89
14 91
14 93
14 94
14 95
14 96
14 97
14 98
14 99
14 100
14 101
14 102
14 103
14 104
14 106
14 107
14 108
14 109
14 110
14 111
14 112
14 113
14 114
14 115
14 116
14 117
14 118
14 122
14 125
14 126
14 127
14 129
14 130
14 131
14 132
14 133
14 134
14 135
14 136
14 137
14 138
14 139
14 141
14 142
14 145
14 146
14 147
14 148
14 149
14 150
14 151
14 152
14 153
14 155
14 156
14 157
14 158
14 159
14 161
15 21
15 22
15 26
15 30
15 31
15 32
15 35
15 37
15 38
15 40
15 43
15 44
15 46
15 51
15 53
15 54
15 55
15 56
15 58
15 63
15 64
15 65
15 66
15 67
15 70
15 71
15 72
15 74
15 75
15 77
15 79
15 82
15 83
15 88
15 94
15 96
15 97
15 98
15 100
15 101
15 105
15 106
15 108
15 109
15 116
15 117
15 118
15 120
15 125
15 129
15 130
15 131
15 136
15 137
15 138
15 139
15 142
15 143
15 145
15 148
15 149
15 151
15 152
15 153
15 157
15 158
15 161
16 19
16 24
16 26
16 28
16 30
16 31
16 32
16 33
16 38
16 40
16 45
16 46
16 48
16 49
16 51
16 53
16 54
16 58
16 65
16 68
16 69
16 70
16 71
16 72
16 73
16 74
16 75
16 77
16 79
16 80
16 83
16 94
16 95
16 103
16 107
16 108
16 112
16 117
16 127
16 133
16 135
16 137
16 138
16 143
16 147
16 149
16 150
16 152
16 154
16 160
17 19
17 25
17 35
17 38
17 46
17 54
17 55
17 58
17 59
17 65
17 69
17 70
17 71
17 73
17 74
17 80
17 83
17 88
17 93
17 94
17 101
17 103
17 105
17 115
17 117
17 118
17 138
17 142
17 145
17 146
17 149
17 151
17 152
18 19
18 20
18 25
18 26
18 30
18 31
18 32
18 35
18 37
18 38
18 39
18 40
18 41
18 43
18 44
18 49
18 50
18 54
18 56
18 58
18 60
18 63
18 64
18 65
18 66
18 67
18 71
18 73
18 75
18 76
18 79
18 89
18 90
18 92
18 93
18 97
18 99
18 101
18 105
18 106
18 107
18 109
18 112
18 115
18 117
18 118
18 126
18 129
18 131
18 138
18 139
18 142
18 143
18 145
18 147
18 149
18 151
18 152
18 153
18 154
18 156
18 158
18 161
19 21
19 22
19 23
19 24
19 26
19 27
19 29
19 30
19 31
19 32
19 33
19 34
19 35
19 36
19 38
19 39
19 40
19 43
19 44
19 46
19 49
19 51
19 53
19 54
19 55
19 56
19 57
19 58
19 59
19 63
19 64
19 65
19 66
19 67
19 68
19 69
19 70
19 72
19 74
19 75
19 77
19 79
19 80
19 81
19 82
19 83
19 86
19 87
19 88
19 89
19 92
19 94
19 95
19 98
19 99
19 101
19 102
19 103
19 105
19 106
19 108
19 109
19 110
19 111
19 112
19 113
19 114
19 115
19 116
19 117
19 118
19 119
19 121
19 122
19 124
19 125
19 126
19 129
19 130
19 131
19 132
19 133
19 134
19 135
19 136
19 137
19 138
19 140
19 141
19 142
19 143
19 144
19 145
19 146
19 147
19 149
19 150
19 151
19 152
19 153
19 154
19 155
19 156
19 158
19 159
19 160
19 161
20 26
20 28
20 31
20 32
20 35
20 39
20 40
20 44
20 46
20 49
20 51
20 54
20 56
20 59
20 62
20 66
20 67
20 68
20 70
20 73
20 77
20 79
20 81
20 92
20 94
20 101
20 106
20 108
20 112
20 114
20 117
20 118
20 129
20 130
20 131
20 133
20 134
20 136
20 137
20 142
20 147
20 150
20 151
20 152
20 153
20 158
21 22
21 25
21 26
21 27
21 30
21 31
21 32
21 34
21 35
21 36
21 40
21 42
21 43
21 44
21 45
21 47
21 49
21 50
21 51
21 55
21 56
21 57
21 58
21 60
21 62
21 63
21 66
21 67
21 68
21 70
21 72
21 73
21 74
21 75
21 76
21 77
21 79
21 82
21 83
21 84
21 86
21 89
21 90
21 92
21 93
21 94
21 95
21 96
21 98
21 99
21 100
21 101
21 102
21 103
21 104
21 105
21 106
21 107
21 108
21 109
21 111
21 112
21 113
21 114
21 115
21 116
21 117
21 118
21 120
21 122
21 124
21 126
21 127
21 128
21 130
21 131
21 133
21 134
21 135
21 137
21 138
21 139
21 140
21 141
21 142
21 143
21 145
21 146
21 148
21 150
21 152
21 153
21 154
21 155
21 157
21 158
21 159
21 160
21 161
22 25
22 29
22 31
22 32
22 34
22 38
22 39
22 40
22 41
22 43
22 44
22 45
22 46
22 49
22 50
22 51
22 52
22 54
22 55
22 62
22 63
22 65
22 66
22 68
22 69
22 70
22 71
22 73
22 74
22 83
22 89
22 90
22 92
22 93
22 94
22 100
22 102
22 105
22 106
22 107
22 108
22 109
22 113
22 114
22 126
22 129
22 131
22 133
22 134
22 137
22 139
22 142
22 146
22 147
22 150
22 152
22 157
22 161
23 30
23 32
23 40
23 44
23 48
23 49
23 51
23 52
23 55
23 57
23 59
23 63
23 65
23 67
23 69
23 70
23 74
23 79
23 87
23 91
23 94
23 102
23 106
23 108
23 113
23 114
23 115
23 116
23 117
23 129
23 131
23 134
23 136
23 141
23 147
23 151
23 154
23 159
24 26
24 28
24 31
24 37
24 38
24 39
24 40
24 44
24 45
24 46
24 49
24 52
24 53
24 55
24 56
24 62
24 64
24 66
24 68
24 69
24 70
24 72
24 73
24 74
24 75
24 84
24 86
24 88
24 89
24 91
24 98
24 99
24 100
24 103
24 104
24 107
24 109
24 111
24 114
24 115
24 117
24 120
24 126
24 129
24 130
24 133
24 134
24 135
24 136
24 137
24 142
24 143
24 145
24 147
24 151
24 154
24 158
24 161
25 26
25 29
25 30
25 32
25 34
25 35
25 38
25 39
25 41
25 42
25 43
25 45
25 49
25 50
25 51
25 54
25 55
25 56
25 60
25 61
25 64
25 65
25 68
25 69
25 70
25 71
25 72
25 73
25 74
25 75
25 76
25 78
25 82
25 84
25 86
25 88
25 89
25 93
25 94
25 96
25 97
25 98
25 99
25 100
25 101
25 102
25 103
25 105
25 106
25 107
25 108
25 109
25 111
25 112
25 114
25 115
25 116
25 118
25 124
25 125
25 126
25 127
25 128
25 129
25 130
25 131
25 132
25 133
25 134
25 135
25 137
25 139
25 140
25 141
25 142
25 144
25 145
25 146
25 147
25 149
25 150
25 152
25 154
25 158
25 161
26 28
26 29
26 30
26 31
26 32
26 33
26 35
26 36
26 37
26 38
26 39
26 43
26 45
26 46
26 47
26 48
26 49
26 50
26 51
26 52
26 53
26 54
26 56
26 57
26 58
26 59
26 60
26 61
26 62
26 63
26 64
26 65
26 66
26 67
26 68
26 69
26 70
26 71
26 72
26 73
26 74
26 75
26 77
26 79
26 81
26 83
26 84
26 85
26 86
26 87
26 88
26 89
26 90
26 91
26 92
26 93
26 94
26 95
26 96
26 97
26 98
26 101
26 102
26 103
26 104
26 105
26 106
26 107
26 108
26 109
26 110
26 112
26 113
26 114
26 115
26 117
26 120
26 121
26 125
26 126
26 129
26 130
26 131
26 132
26 133
26 135
26 136
26 138
26 141
26 142
26 143
26 144
26 145
26 146
26 147
26 150
26 151
26 152
26 153
26 154
26 155
26 157
26 158
26 159
26 161
27 31
27 36
27 37
27 38
27 39
27 40
27 43
27 53
27 54
27 65
27 68
27 70
27 71
27 72
27 75
27 78
27 79
27 81
27 82
27 83
27 86
27 88
27 89
27 96
27 97
27 101
27 105
27 106
27 109
27 113
27 115
27 129
27 131
27 138
27 148
27 154
27 161
28 30
28 32
28 34
28 36
28 38
28 40
28 44
28 45
28 46
28 51
28 52
28 54
28 59
28 60
28 61
28 62
28 64
28 67
28 72
28 74
28 75
28 77
28 79
28 83
28 89
28 92
28 94
28 97
28 101
28 102
28 104
28 105
28 107
28 108
28 112
28 113
28 114
28 115
28 117
28 118
28 119
28 123
28 125
28 129
28 130
28 131
28 132
28 133
28 136
28 138
28 141
28 144
28 146
28 148
28 149
28 151
28 152
28 153
28 154
28 158
28 159
29 30
29 32
29 36
29 37
29 38
29 42
29 45
29 51
29 52
29 54
29 55
29 56
29 57
29 62
29 63
29 64
29 65
29 67
29 69
29 73
29 74
29 75
29 84
29 86
29 87
29 89
29 93
29 94
29 97
29 98
29 99
29 100
29 105
29 106
29 107
29 109
29 112
29 113
29 115
29 116
29 117
29 118
29 125
29 128
29 133
29 135
29 139
29 142
29 143
29 146
29 147
29 149
29 151
29 152
29 153
29 154
29 157
29 158
29 161
30 31
30 32
30 34
30 35
30 36
30 38
30 39
30 40
30 41
30 42
30 43
30 44
30 45
30 46
30 48
30 49
30 50
30 51
30 52
30 53
30 58
30 59
30 63
30 64
30 65
30 66
30 67
30 68
30 69
30 70
30 71
30 72
30 73
30 74
30 75
30 76
30 77
30 78
30 79
30 80
30 81
30 82
30 83
30 84
30 86
30 87
30 88
30 89
30 93
30 96
30 97
30 99
30 100
30 101
30 105
30 106
30 107
30 108
30 109
30 112
30 113
30 114
30 116
30 117
30 118
30 120
30 125
30 126
30 127
30 128
30 129
30 130
30 131
30 133
30 134
30 135
30 136
30 137
30 138
30 139
30 140
30 143
30 145
30 147
30 150
30 151
30 152
30 153
30 154
30 155
30 157
30 158
30 159
30 161
31 32
31 33
31 34
31 35
31 36
31 37
31 39
31 40
31 41
31 42
31 43
31 44
31 45
31 46
31 49
31 50
31 51
31 53
31 54
31 56
31 58
31 59
31 60
31 61
31 62
31 63
31 64
31 65
31 66
31 67
31 68
31 69
31 71
31 72
31 73
31 74
31 76
31 77
31 78
31 79
31 80
31 81
31 82
31 83
31 84
31 87
31 89
31 90
31 91
31 92
31 93
31 94
31 95
31 96
31 97
31 98
31 99
31 100
31 101
31 102
31 103
31 105
31 107
31 108
31 109
31 110
31 111
31 112
31 113
31 114
31 115
31 116
31 117
31 118
31 119
31 121
31 122
31 124
31 125
31 126
31 129
31 130
31 131
31 132
31 133
31 134
31 135
31 136
31 137
31 138
31 139
31 140
31 141
31 142
31 143
31 145
31 147
31 148
31 149
31 150
31 151
31 152
31 153
31 154
31 155
31 157
31 158
31 159
31 160
31 161
32 34
32 37
32 38
32 39
32 40
32 42
32 44
32 46
32 47
32 49
32 50
32 54
32 55
32 56
32 58
32 60
32 61
32 64
32 65
32 66
32 67
32 68
32 69
32 70
32 71
32 72
32 73
32 74
32 75
32 77
32 79
32 80
32 82
32 84
32 87
32 88
32 89
32 92
32 93
32 94
32 97
32 98
32 99
32 101
32 102
32 103
32 104
32 105
32 106
32 107
32 109
32 110
32 111
32 112
32 113
32 114
32 115
32 116
32 118
32 121
32 122
32 126
32 128
32 129
32 130
32 131
32 132
32 133
32 134
32 137
32 138
32 139
32 140
32 141
32 142
32 145
32 146
32 147
32 150
32 151
32 152
32 154
32 155
32 157
32 158
32 159
33 34
33 38
33 40
33 45
33 54
33 56
33 65
33 67
33 68
33 69
33 70
33 71
33 72
33 75
33 79
33 89
33 94
33 100
33 101
33 102
33 103
33 105
33 115
33 129
33 137
33 138
33 139
33 141
33 147
33 150
33 151
33 154
33 157
33 158
34 36
34 39
34 44
34 45
34 46
34 47
34 48
34 49
34 51
34 55
34 56
34 57
34 58
34 59
34 60
34 63
34 64
34 69
34 70
34 73
34 74
34 76
34 79
34 81
34 84
34 85
34 87
34 88
34 89
34 91
34 92
34 93
34 94
34 101
34 102
34 103
34 105
34 106
34 108
34 109
34 110
34 112
34 114
34 115
34 116
34 117
34 118
34 122
34 126
34 129
34 135
34 137
34 138
34 139
34 142
34 145
34 147
34 148
34 149
34 150
34 151
34 154
34 155
34 157
34 158
34 160
35 36
35 38
35 39
35 40
35 44
35 45
35 46
35 49
35 50
35 51
35 53
35 54
35 55
35 59
35 61
35 64
35 65
35 67
35 68
35 69
35 70
35 71
35 72
35 73
35 74
35 76
35 77
35 79
35 80
35 86
35 88
35 89
35 93
35 94
35 95
35 97
35 98
35 99
35 100
35 101
35 102
35 106
35 107
35 108
35 109
35 112
35 113
35 114
35 115
35 116
35 118
35 120
35 122
35 124
35 125
35 126
35 127
35 129
35 131
35 132
35 134
35 135
35 137
35 140
35 142
35 143
35 145
35 147
35 148
35 149
35 151
35 152
35 153
35 154
35 155
35 158
35 159
36 37
36 38
36 39
36 40
36 44
36 47
36 49
36 50
36 51
36 54
36 55
36 56
36 61
36 62
36 63
36 64
36 65
36 67
36 68
36 69
36 70
36 71
36 72
36 73
36 74
36 75
36 76
36 77
36 79
36 81
36 86
36 87
36 88
36 89
36 91
36 92
36 93
36 94
36 96
36 98
36 99
36 101
36 102
36 104
36 106
36 107
36 108
36 109
36 111
36 113
36 114
36 115
36 117
36 118
36 120
36 125
36 126
36 129
36 131
36 133
36 134
36 135
36 136
36 137
36 138
36 140
36 141
36 142
36 146
36 149
36 150
36 151
36 157
36 158
37 38
37 40
37 41
37 43
37 45
37 46
37 48
37 49
37 51
37 53
37 54
37 59
37 61
37 65
37 68
37 70
37 72
37 73
37 74
37 76
37 77
37 79
37 83
37 86
37 89
37 90
37 91
37 94
37 101
37 102
37 104
37 105
37 106
37 107
37 108
37 109
37 111
37 112
37 114
37 115
37 117
37 119
37 126
37 127
37 129
37 133
37 134
37 136
37 137
37 138
37 139
37 141
37 142
37 145
37 147
37 149
37 150
37 154
37 156
37 157
37 158
37 161
38 39
38 40
38 41
38 42
38 43
38 44
38 45
38 48
38 49
38 53
38 54
38 55
38 56
38 57
38 58
38 59
38 61
38 64
38 65
38 66
38 67
38 68
38 70
38 71
38 72
38 73
38 74
38 75
38 76
38 77
38 79
38 80
38 82
38 83
38 84
38 87
38 88
38 89
38 90
38 91
38 94
38 95
38 97
38 99
38 101
38 104
38 105
38 108
38 109
38 111
38 112
38 113
38 114
38 115
38 116
38 117
38 118
38 123
38 127
38 130
38 133
38 134
38 135
38 137
38 139
38 140
38 141
38 142
38 143
38 145
38 146
38 147
38 148
38 150
38 151
38 152
38 153
38 154
38 157
38 158
38 159
38 160
39 42
39 44
39 45
39 51
39 54
39 55
39 56
39 58
39 63
39 64
39 65
39 66
39 67
39 68
39 70
39 72
39 74
39 77
39 79
39 83
39 84
39 86
39 87
39 89
39 93
39 94
39 95
39 97
39 101
39 102
39 103
39 105
39 107
39 111
39 114
39 116
39 117
39 118
39 125
39 132
39 133
39 134
39 136
39 137
39 138
39 139
39 140
39 141
39 142
39 147
39 151
39 152
39 153
39 154
39 155
39 157
39 158
39 160
39 161
40 41
40 43
40 44
40 47
40 48
40 49
40 50
40 51
40 52
40 53
40 54
40 55
40 56
40 57
40 58
40 62
40 63
40 64
40 65
40 66
40 67
40 68
40 69
40 70
40 71
40 72
40 73
40 74
40 76
40 77
40 79
40 80
40 81
40 82
40 84
40 85
40 86
40 87
40 88
40 89
40 90
40 91
40 93
40 94
40 96
40 97
40 98
40 100
40 101
40 102
40 103
40 104
40 105
40 106
40 107
40 108
40 109
40 110
40 111
40 112
40 113
40 115
40 116
40 117
40 118
40 119
40 121
40 124
40 125
40 126
40 129
40 130
40 131
40 133
40 134
40 136
40 137
40 138
40 139
40 141
40 145
40 146
40 147
40 150
40 151
40 152
40 153
40 154
40 157
40 158
40 159
40 160
40 161
41 43
41 44
41 46
41 50
41 51
41 52
41 55
41 58
41 59
41 64
41 66
41 67
41 68
41 71
41 72
41 73
41 76
41 80
41 86
41 88
41 89
41 90
41 97
41 101
41 103
41 111
41 112
41 113
41 114
41 119
41 121
41 125
41 131
41 133
41 136
41 139
41 142
41 145
41 152
41 154
41 155
42 43
42 44
42 46
42 49
42 50
42 51
42 58
42 61
42 62
42 64
42 66
42 68
42 69
42 70
42 71
42 72
42 74
42 77
42 80
42 81
42 83
42 86
42 88
42 89
42 91
42 93
42 94
42 101
42 102
42 103
42 105
42 106
42 107
42 108
42 109
42 113
42 117
42 118
42 119
42 120
42 124
42 129
42 135
42 137
42 142
42 147
42 150
42 154
42 158
42 160
42 161
43 44
43 45
43 46
43 48
43 49
43 51
43 52
43 54
43 56
43 57
43 58
43 63
43 67
43 68
43 69
43 70
43 71
43 72
43 73
43 74
43 75
43 76
43 77
43 79
43 81
43 82
43 84
43 85
43 89
43 93
43 94
43 95
43 97
43 99
43 101
43 102
43 103
43 106
43 107
43 108
43 109
43 110
43 111
43 112
43 113
43 114
43 115
43 116
43 117
43 122
43 125
43 126
43 129
43 130
43 131
43 132
43 133
43 137
43 138
43 139
43 142
43 147
43 149
43 151
43 152
43 153
43 154
43 155
43 156
43 157
43 158
43 160
43 161
44 45
44 46
44 47
44 48
44 49
44 51
44 52
44 53
44 54
44 56
44 57
44 59
44 63
44 64
44 65
44 67
44 68
44 69
44 70
44 71
44 72
44 73
44 74
44 75
44 77
44 79
44 82
44 84
44 86
44 88
44 89
44 91
44 92
44 93
44 94
44 95
44 97
44 99
44 104
44 105
44 106
44 107
44 108
44 109
44 110
44 111
44 113
44 115
44 116
44 117
44 122
44 125
44 127
44 128
44 129
44 130
44 131
44 133
44 134
44 136
44 138
44 139
44 140
44 141
44 142
44 143
44 144
44 146
44 147
44 149
44 150
44 151
44 152
44 153
44 154
44 157
44 158
44 159
44 161
45 46
45 47
45 48
45 49
45 50
45 51
45 52
45 54
45 57
45 60
45 61
45 62
45 63
45 64
45 65
45 66
45 67
45 68
45 69
45 70
45 71
45 72
45 73
45 74
45 76
45 77
45 79
45 80
45 81
45 82
45 83
45 84
45 85
45 87
45 88
45 89
45 90
45 92
45 94
45 95
45 96
45 98
45 101
45 102
45 103
45 104
45 105
45 106
45 107
45 108
45 109
45 110
45 111
45 112
45 113
45 114
45 116
45 117
45 118
45 120
45 121
45 125
45 129
45 131
45 133
45 134
45 136
45 137
45 138
45 139
45 140
45 142
45 143
45 145
45 146
45 147
45 148
45 149
45 150
45 151
45 152
45 153
45 155
45 158
45 161
46 51
46 52
46 54
46 55
46 56
46 57
46 58
46 63
46 64
46 66
46 67
46 68
46 69
46 70
46 71
46 73
46 74
46 76
46 77
46 83
46 86
46 89
46 91
46 92
46 93
46 97
46 99
46 101
46 102
46 106
46 108
46 109
46 111
46 112
46 113
46 114
46 115
46 117
46 125
46 129
46 130
46 131
46 133
46 134
46 137
46 138
46 141
46 142
46 143
46 146
46 147
46 148
46 150
46 151
46 152
46 153
46 154
46 157
46 158
46 160
47 49
47 54
47 55
47 64
47 70
47 71
47 72
47 75
47 80
47 81
47 83
47 87
47 93
47 97
47 101
47 102
47 106
47 111
47 118
47 127
47 129
47 131
47 141
47 142
47 145
47 147
47 152
47 153
47 154
47 158
48 49
48 50
48 51
48 54
48 56
48 57
48 64
48 65
48 67
48 68
48 70
48 71
48 72
48 74
48 76
48 83
48 86
48 87
48 97
48 99
48 101
48 102
48 106
48 111
48 112
48 114
48 115
48 116
48 117
48 120
48 122
48 126
48 129
48 142
48 143
48 145
48 146
48 149
48 150
48 151
48 157
48 159
49 50
49 51
49 52
49 53
49 54
49 55
49 56
49 57
49 58
49 59
49 61
49 63
49 64
49 65
49 67
49 68
49 69
49 70
49 71
49 72
49 73
49 74
49 75
49 76
49 77
49 78
49 79
49 80
49 82
49 83
49 84
49 85
49 86
49 87
49 88
49 89
49 91
49 93
49 94
49 95
49 96
49 97
49 98
49 101
49 102
49 103
49 104
49 105
49 106
49 107
49 108
49 111
49 113
49 114
49 116
49 117
49 118
49 119
49 122
49 123
49 125
49 126
49 128
49 129
49 130
49 131
49 132
49 134
49 137
49 138
49 139
49 142
49 144
49 146
49 147
49 148
49 150
49 151
49 152
49 153
49 154
49 155
49 156
49 157
49 158
49 160
50 51
50 52
50 54
50 61
50 64
50 65
50 67
50 68
50 69
50 70
50 71
50 72
50 73
50 74
50 75
50 76
50 77
50 79
50 80
50 87
50 89
50 92
50 99
50 101
50 104
50 106
50 108
50 109
50 112
50 114
50 115
50 116
50 118
50 119
50 120
50 121
50 125
50 127
50 130
50 131
50 133
50 134
50 137
50 138
50 142
50 143
50 147
50 150
50 151
50 152
50 154
50 155
50 159
51 52
51 53
51 54
51 55
51 56
51 58
51 63
51 65
51 66
51 67
51 68
51 70
51 71
51 72
51 73
51 74
51 75
51 76
51 77
51 79
51 80
51 81
51 82
51 83
51 84
51 85
51 86
51 87
51 88
51 89
51 90
51 92
51 93
51 95
51 97
51 98
51 99
51 100
51 102
51 103
51 104
51 105
51 106
51 107
51 108
51 109
51 110
51 111
51 112
51 113
51 114
51 115
51 116
51 117
51 119
51 120
51 124
51 125
51 126
51 127
51 128
51 129
51 131
51 132
51 133
51 134
51 135
51 136
51 137
51 138
51 139
51 140
51 141
51 142
51 143
51 145
51 146
51 147
51 148
51 149
51 150
51 151
51 152
51 153
51 154
51 157
51 158
51 159
51 161
52 54
52 55
52 56
52 57
52 58
52 59
52 64
52 65
52 66
52 67
52 70
52 71
52 72
52 73
52 74
52 76
52 78
52 84
52 87
52 89
52 92
52 94
52 95
52 98
52 100
52 101
52 102
52 103
52 109
52 112
52 113
52 114
52 115
52 117
52 118
52 125
52 127
52 128
52 129
52 131
52 133
52 135
52 137
52 138
52 139
52 142
52 145
52 147
52 150
52 151
52 154
52 156
52 157
52 159
52 160
53 54
53 55
53 56
53 58
53 64
53 65
53 67
53 69
53 70
53 71
53 72
53 73
53 74
53 75
53 83
53 84
53 85
53 89
53 94
53 96
53 98
53 101
53 102
53 103
53 104
53 106
53 108
53 109
53 111
53 112
53 114
53 115
53 117
53 118
53 125
53 126
53 129
53 133
53 134
53 136
53 138
53 139
53 141
53 147
53 150
53 151
53 152
53 157
53 158
53 160
54 55
54 57
54 58
54 59
54 62
54 63
54 64
54 65
54 67
54 68
54 69
54 70
54 71
54 72
54 73
54 75
54 76
54 77
54 79
54 80
54 83
54 84
54 86
54 87
54 88
54 89
54 90
54 91
54 92
54 93
54 94
54 96
54 97
54 100
54 101
54 102
54 103
54 105
54 106
54 108
54 109
54 111
54 113
54 114
54 115
54 116
54 117
54 118
54 119
54 124
54 126
54 127
54 128
54 129
54 130
54 131
54 136
54 137
54 138
54 142
54 143
54 145
54 146
54 147
54 148
54 149
54 150
54 151
54 152
54 153
54 154
54 156
54 157
54 158
54 159
54 160
55 56
55 62
55 63
55 64
55 65
55 66
55 67
55 68
55 69
55 70
55 71
55 72
55 73
55 75
55 76
55 77
55 79
55 80
55 81
55 83
55 84
55 86
55 90
55 91
55 94
55 96
55 98
55 100
55 102
55 105
55 106
55 108
55 109
55 110
55 111
55 114
55 115
55 116
55 118
55 123
55 125
55 127
55 128
55 129
55 130
55 131
55 133
55 134
55 137
55 138
55 140
55 141
55 142
55 143
55 145
55 147
55 149
55 150
55 151
55 152
55 154
55 155
55 156
55 157
55 158
55 161
56 57
56 58
56 59
56 60
56 61
56 62
56 64
56 65
56 66
56 67
56 68
56 69
56 70
56 71
56 72
56 73
56 74
56 75
56 76
56 79
56 80
56 82
56 83
56 85
56 86
56 87
56 89
56 90
56 91
56 92
56 93
56 94
56 96
56 97
56 98
56 99
56 100
56 101
56 102
56 104
56 105
56 106
56 108
56 109
56 110
56 111
56 112
56 113
56 114
56 115
56 116
56 117
56 118
56 119
56 120
56 125
56 126
56 128
56 129
56 130
56 131
56 132
56 133
56 134
56 135
56 137
56 138
56 139
56 141
56 142
56 143
56 145
56 147
56 148
56 149
56 151
56 152
56 153
56 154
56 155
56 157
56 158
56 159
56 160
56 161
57 64
57 65
57 68
57 69
57 70
57 73
57 74
57 75
57 76
57 77
57 79
57 89
57 94
57 95
57 101
57 106
57 112
57 113
57 116
57 129
57 131
57 133
57 134
57 138
57 141
57 146
57 147
57 148
57 150
57 152
57 153
57 154
57 155
57 157
57 158
57 159
57 160
58 59
58 62
58 64
58 65
58 66
58 67
58 69
58 70
58 71
58 72
58 73
58 75
58 82
58 83
58 84
58 85
58 92
58 97
58 99
58 100
58 102
58 104
58 105
58 107
58 108
58 109
58 113
58 114
58 117
58 118
58 125
58 126
58 127
58 128
58 129
58 130
58 131
58 133
58 134
58 135
58 137
58 138
58 139
58 142
58 143
58 145
58 148
58 150
58 151
58 152
58 154
58 157
58 158
59 62
59 65
59 66
59 67
59 69
59 70
59 72
59 73
59 74
59 77
59 83
59 84
59 86
59 88
59 90
59 93
59 94
59 100
59 101
59 105
59 106
59 108
59 112
59 113
59 116
59 117
59 118
59 119
59 125
59 130
59 131
59 132
59 133
59 137
59 138
59 139
59 141
59 143
59 145
59 146
59 147
59 152
59 158
59 161
60 65
60 67
60 70
60 71
60 72
60 73
60 79
60 82
60 89
60 94
60 97
60 101
60 102
60 114
60 115
60 117
60 118
60 124
60 133
60 134
60 147
60 148
60 149
60 151
60 161
61 64
61 66
61 67
61 70
61 71
61 72
61 73
61 74
61 79
61 81
61 84
61 89
61 94
61 97
61 99
61 100
61 101
61 102
61 103
61 105
61 106
61 108
61 109
61 110
61 113
61 114
61 115
61 118
61 123
61 126
61 127
61 129
61 131
61 134
61 137
61 138
61 139
61 142
61 145
61 146
61 147
61 150
61 153
61 154
61 155
61 157
61 158
61 160
62 64
62 67
62 68
62 71
62 73
62 77
62 80
62 83
62 84
62 85
62 97
62 104
62 106
62 107
62 109
62 111
62 112
62 114
62 117
62 123
62 126
62 127
62 129
62 130
62 133
62 134
62 137
62 139
62 143
62 150
62 153
62 155
62 157
62 158
62 160
62 161
63 64
63 65
63 66
63 68
63 69
63 71
63 72
63 74
63 75
63 76
63 77
63 78
63 79
63 81
63 82
63 83
63 84
63 86
63 87
63 88
63 89
63 91
63 93
63 94
63 95
63 96
63 97
63 100
63 102
63 103
63 107
63 108
63 111
63 112
63 113
63 115
63 117
63 118
63 125
63 126
63 127
63 129
63 130
63 131
63 132
63 133
63 134
63 135
63 136
63 137
63 138
63 140
63 142
63 143
63 145
63 146
63 147
63 149
63 150
63 151
63 153
63 154
63 155
63 159
63 161
64 65
64 66
64 67
64 68
64 69
64 70
64 71
64 72
64 73
64 74
64 76
64 77
64 78
64 79
64 80
64 82
64 83
64 84
64 86
64 87
64 88
64 89
64 90
64 92
64 93
64 94
64 95
64 96
64 97
64 98
64 101
64 102
64 103
64 105
64 106
64 107
64 110
64 111
64 113
64 114
64 115
64 117
64 118
64 119
64 120
64 123
64 125
64 126
64 127
64 129
64 130
64 131
64 132
64 133
64 134
64 135
64 136
64 137
64 138
64 139
64 141
64 142
64 144
64 145
64 147
64 149
64 151
64 152
64 153
64 154
64 155
64 157
64 158
64 159
64 160
64 161
65 66
65 67
65 68
65 69
65 70
65 71
65 72
65 74
65 75
65 77
65 78
65 79
65 80
65 83
65 84
65 85
65 86
65 87
65 89
65 90
65 91
65 92
65 93
65 95
65 96
65 98
65 99
65 100
65 101
65 102
65 103
65 104
65 106
65 107
65 108
65 109
65 110
65 112
65 113
65 114
65 115
65 116
65 117
65 118
65 120
65 121
65 122
65 123
65 125
65 127
65 128
65 129
65 131
65 132
65 133
65 136
65 137
65 139
65 140
65 141
65 142
65 143
65 145
65 146
65 147
65 148
65 149
65 150
65 151
65 152
65 153
65 154
65 155
65 157
65 158
65 161
66 67
66 68
66 69
66 70
66 71
66 73
66 74
66 75
66 77
66 79
66 81
66 82
66 84
66 87
66 88
66 89
66 92
66 93
66 94
66 96
66 97
66 99
66 100
66 101
66 102
66 104
66 105
66 106
66 107
66 109
66 111
66 112
66 113
66 114
66 115
66 117
66 125
66 126
66 127
66 129
66 130
66 131
66 132
66 133
66 134
66 135
66 136
66 137
66 138
66 139
66 141
66 143
66 147
66 150
66 151
66 152
66 153
66 154
66 156
66 158
66 159
66 160
67 68
67 69
67 70
67 71
67 72
67 73
67 74
67 75
67 76
67 77
67 78
67 79
67 80
67 82
67 84
67 85
67 86
67 87
67 88
67 89
67 92
67 93
67 94
67 95
67 97
67 98
67 100
67 101
67 102
67 103
67 105
67 106
67 107
67 108
67 109
67 112
67 113
67 114
67 115
67 116
67 117
67 118
67 122
67 123
67 124
67 125
67 126
67 127
67 128
67 129
67 130
67 131
67 133
67 134
67 135
67 136
67 137
67 138
67 139
67 140
67 141
67 142
67 143
67 146
67 147
67 149
67 150
67 152
67 153
67 156
67 158
67 159
67 160
68 69
68 70
68 72
68 73
68 74
68 75
68 76
68 77
68 78
68 80
68 82
68 83
68 84
68 85
68 86
68 87
68 88
68 89
68 90
68 92
68 94
68 96
68 97
68 98
68 99
68 101
68 102
68 103
68 104
68 105
68 106
68 107
68 109
68 110
68 111
68 112
68 113
68 114
68 115
68 116
68 117
68 118
68 120
68 121
68 124
68 125
68 126
68 127
68 128
68 129
68 130
68 131
68 132
68 133
68 134
68 137
68 138
68 139
68 142
68 145
68 147
68 149
68 150
68 151
68 152
68 153
68 154
68 155
68 156
68 157
68 158
68 159
68 160
68 161
69 70
69 71
69 72
69 73
69 75
69 76
69 77
69 79
69 80
69 82
69 83
69 85
69 86
69 87
69 89
69 90
69 92
69 93
69 94
69 95
69 96
69 97
69 98
69 99
69 100
69 101
69 104
69 105
69 106
69 107
69 108
69 109
69 111
69 112
69 114
69 115
69 116
69 117
69 118
69 119
69 122
69 126
69 127
69 128
69 129
69 130
69 131
69 133
69 134
69 135
69 137
69 138
69 142
69 145
69 146
69 149
69 150
69 151
69 152
69 153
69 154
69 155
69 157
69 159
69 161
70 71
70 72
70 74
70 76
70 77
70 79
70 82
70 83
70 85
70 86
70 89
70 93
70 94
70 95
70 96
70 97
70 98
70 99
70 101
70 105
70 106
70 107
70 108
70 109
70 111
70 112
70 113
70 114
70 115
70 116
70 117
70 118
70 121
70 125
70 127
70 128
70 129
70 130
70 133
70 134
70 135
70 136
70 137
70 138
70 139
70 140
70 141
70 142
70 144
70 145
70 146
70 147
70 148
70 149
70 151
70 152
70 153
70 154
70 155
70 156
70 157
70 158
70 159
70 160
70 161
71 72
71 73
71 74
71 76
71 77
71 79
71 80
71 82
71 86
71 87
71 88
71 89
71 91
71 92
71 93
71 94
71 95
71 96
71 97
71 100
71 101
71 102
71 103
71 105
71 106
71 107
71 108
71 109
71 111
71 112
71 114
71 117
71 118
71 124
71 125
71 126
71 127
71 129
71 130
71 131
71 133
71 134
71 135
71 137
71 138
71 139
71 141
71 142
71 145
71 146
71 147
71 148
71 149
71 150
71 151
71 152
71 154
71 155
71 158
71 160
72 73
72 74
72 75
72 76
72 77
72 79
72 81
72 82
72 83
72 84
72 86
72 87
72 89
72 90
72 91
72 92
72 93
72 94
72 95
72 96
72 97
72 99
72 100
72 101
72 102
72 103
72 104
72 106
72 107
72 108
72 109
72 111
72 113
72 114
72 115
72 116
72 117
72 118
72 121
72 122
72 124
72 125
72 126
72 127
72 129
72 131
72 132
72 133
72 134
72 135
72 137
72 138
72 139
72 140
72 141
72 142
72 143
72 145
72 146
72 147
72 149
72 150
72 151
72 152
72 154
72 156
72 157
72 158
72 159
72 160
72 161
73 74
73 75
73 76
73 79
73 83
73 84
73 86
73 87
73 89
73 91
73 94
73 100
73 101
73 102
73 103
73 106
73 107
73 108
73 112
73 113
73 114
73 117
73 118
73 125
73 126
73 129
73 131
73 133
73 134
73 135
73 137
73 138
73 139
73 140
73 141
73 142
73 145
73 146
73 147
73 148
73 149
73 151
73 152
73 153
73 156
73 157
73 158
73 160
73 161
74 75
74 77
74 79
74 80
74 84
74 85
74 87
74 88
74 89
74 91
74 92
74 93
74 94
74 95
74 97
74 98
74 99
74 100
74 101
74 102
74 103
74 105
74 106
74 107
74 108
74 109
74 110
74 111
74 112
74 113
74 114
74 115
74 116
74 117
74 118
74 119
74 124
74 126
74 127
74 128
74 130
74 131
74 132
74 133
74 134
74 135
74 136
74 137
74 138
74 139
74 141
74 142
74 143
74 147
74 149
74 150
74 152
74 153
74 154
74 157
74 161
75 76
75 79
75 80
75 82
75 84
75 89
75 90
75 91
75 93
75 95
75 97
75 99
75 100
75 101
75 102
75 105
75 106
75 107
75 108
75 110
75 111
75 112
75 113
75 114
75 115
75 116
75 118
75 122
75 124
75 127
75 129
75 131
75 133
75 134
75 137
75 138
75 139
75 141
75 142
75 147
75 149
75 150
75 152
75 153
75 158
75 159
75 161
76 79
76 80
76 82
76 84
76 87
76 88
76 94
76 97
76 99
76 101
76 102
76 104
76 105
76 108
76 110
76 111
76 112
76 114
76 115
76 116
76 117
76 118
76 124
76 125
76 126
76 129
76 131
76 133
76 137
76 138
76 140
76 141
76 145
76 147
76 150
76 151
76 152
76 153
76 154
76 158
76 159
76 160
76 161
77 79
77 80
77 83
77 84
77 89
77 92
77 94
77 99
77 102
77 103
77 104
77 105
77 108
77 109
77 111
77 113
77 114
77 115
77 116
77 118
77 119
77 120
77 122
77 125
77 126
77 127
77 129
77 131
77 133
77 134
77 138
77 141
77 142
77 145
77 146
77 147
77 148
77 150
77 152
77 153
77 154
77 157
77 158
77 160
77 161
78 79
78 83
78 89
78 93
78 97
78 101
78 106
78 108
78 113
78 125
78 131
78 133
78 134
78 137
78 142
79 80
79 83
79 84
79 85
79 86
79 87
79 88
79 89
79 92
79 93
79 94
79 96
79 97
79 98
79 99
79 100
79 101
79 102
79 103
79 104
79 106
79 107
79 109
79 111
79 112
79 113
79 114
79 116
79 117
79 118
79 119
79 120
79 122
79 123
79 125
79 126
79 127
79 128
79 129
79 130
79 131
79 132
79 133
79 135
79 137
79 138
79 139
79 140
79 142
79 144
79 145
79 146
79 147
79 149
79 150
79 151
79 152
79 153
79 154
79 155
79 156
79 158
79 160
79 161
80 83
80 84
80 86
80 89
80 92
80 94
80 95
80 97
80 98
80 101
80 102
80 103
80 106
80 108
80 109
80 112
80 113
80 114
80 117
80 118
80 122
80 124
80 128
80 129
80 133
80 134
80 137
80 139
80 141
80 142
80 145
80 146
80 147
80 148
80 149
80 150
80 151
80 156
80 158
80 159
81 84
81 85
81 87
81 88
81 89
81 94
81 95
81 101
81 103
81 106
81 108
81 112
81 113
81 114
81 115
81 129
81 132
81 133
81 134
81 137
81 138
81 143
81 147
81 151
81 153
81 155
82 83
82 89
82 99
82 100
82 101
82 102
82 105
82 107
82 108
82 109
82 111
82 112
82 114
82 116
82 125
82 129
82 134
82 137
82 138
82 139
82 142
82 150
82 151
82 152
82 154
82 158
82 160
82 161
83 87
83 89
83 90
83 92
83 94
83 97
83 98
83 101
83 102
83 105
83 106
83 108
83 111
83 112
83 114
83 118
83 125
83 128
83 129
83 131
83 133
83 134
83 137
83 139
83 141
83 146
83 147
83 152
83 153
83 154
83 158
83 159
84 86
84 89
84 93
84 94
84 97
84 99
84 100
84 101
84 102
84 106
84 107
84 108
84 109
84 110
84 111
84 112
84 113
84 114
84 116
84 118
84 123
84 126
84 127
84 129
84 130
84 132
84 133
84 134
84 135
84 137
84 139
84 140
84 141
84 142
84 145
84 146
84 147
84 150
84 151
84 152
84 153
84 154
84 155
84 158
84 160
84 161
85 87
85 95
85 96
85 98
85 99
85 101
85 103
85 108
85 109
85 115
85 116
85 126
85 130
85 133
85 134
85 137
85 138
85 139
85 142
85 146
85 147
85 150
85 157
85 158
85 161
86 89
86 91
86 93
86 94
86 102
86 104
86 108
86 109
86 112
86 113
86 114
86 115
86 117
86 118
86 122
86 126
86 129
86 131
86 133
86 134
86 135
86 138
86 139
86 140
86 142
86 143
86 146
86 150
86 151
86 152
86 153
86 154
86 157
86 158
86 159
87 89
87 93
87 98
87 99
87 101
87 102
87 104
87 105
87 107
87 109
87 112
87 113
87 114
87 115
87 118
87 119
87 120
87 122
87 125
87 128
87 130
87 131
87 133
87 135
87 137
87 138
87 139
87 143
87 144
87 146
87 147
87 148
87 149
87 150
87 151
87 152
87 154
87 159
87 161
88 89
88 93
88 97
88 98
88 99
88 101
88 102
88 105
88 106
88 107
88 111
88 112
88 114
88 126
88 129
88 131
88 133
88 134
88 136
88 137
88 138
88 139
88 145
88 146
88 148
88 149
88 150
88 151
88 152
88 153
88 154
88 155
88 158
88 159
88 161
89 91
89 92
89 94
89 95
89 96
89 97
89 98
89 99
89 100
89 101
89 102
89 103
89 105
89 106
89 107
89 108
89 109
89 110
89 111
89 112
89 114
89 115
89 117
89 118
89 120
89 123
89 125
89 126
89 127
89 128
89 130
89 131
89 132
89 133
89 134
89 135
89 137
89 138
89 139
89 140
89 141
89 142
89 143
89 144
89 145
89 146
89 147
89 149
89 150
89 151
89 153
89 154
89 155
89 156
89 157
89 158
89 160
89 161
90 92
90 97
90 100
90 101
90 102
90 103
90 105
90 106
90 107
90 108
90 114
90 117
90 127
90 129
90 130
90 131
90 133
90 134
90 137
90 138
90 154
90 158
90 159
91 94
91 97
91 101
91 102
91 106
91 107
91 108
91 112
91 114
91 115
91 116
91 118
91 125
91 129
91 130
91 131
91 133
91 134
91 135
91 137
91 141
91 142
91 145
91 147
91 151
91 152
91 153
91 154
91 158
91 159
92 93
92 97
92 99
92 100
92 102
92 104
92 105
92 106
92 108
92 112
92 113
92 114
92 115
92 117
92 118
92 122
92 123
92 125
92 126
92 133
92 134
92 135
92 136
92 138
92 140
92 141
92 142
92 147
92 151
92 152
92 155
92 158
92 159
92 160
92 161
93 94
93 96
93 97
93 101
93 102
93 104
93 105
93 106
93 107
93 108
93 111
93 112
93 113
93 114
93 118
93 119
93 120
93 121
93 122
93 125
93 129
93 130
93 131
93 133
93 134
93 137
93 138
93 139
93 142
93 147
93 148
93 151
93 153
93 154
93 155
93 158
94 97
94 98
94 99
94 100
94 101
94 102
94 103
94 104
94 105
94 106
94 107
94 108
94 109
94 110
94 113
94 114
94 115
94 117
94 118
94 120
94 125
94 126
94 127
94 129
94 130
94 131
94 132
94 133
94 134
94 135
94 136
94 137
94 138
94 139
94 142
94 143
94 145
94 146
94 147
94 148
94 149
94 151
94 153
94 154
94 157
94 158
94 160
94 161
95 97
95 98
95 100
95 102
95 103
95 106
95 107
95 109
95 112
95 114
95 115
95 118
95 121
95 125
95 129
95 133
95 134
95 140
95 142
95 146
95 147
95 153
95 154
95 160
96 97
96 98
96 102
96 105
96 106
96 109
96 110
96 111
96 115
96 117
96 118
96 122
96 124
96 126
96 127
96 132
96 133
96 137
96 140
96 142
96 149
96 150
96 154
96 155
96 159
97 98
97 99
97 100
97 101
97 102
97 104
97 105
97 106
97 108
97 110
97 111
97 112
97 113
97 114
97 115
97 116
97 117
97 118
97 119
97 121
97 124
97 125
97 126
97 127
97 129
97 130
97 131
97 132
97 133
97 134
97 136
97 137
97 138
97 139
97 142
97 143
97 146
97 147
97 150
97 151
97 152
97 153
97 154
97 157
97 158
97 159
97 160
97 161
98 101
98 104
98 106
98 108
98 110
98 112
98 113
98 114
98 117
98 118
98 124
98 126
98 131
98 133
98 135
98 137
98 138
98 139
98 141
98 142
98 145
98 147
98 149
98 150
98 151
98 152
98 154
98 158
98 159
98 160
99 100
99 101
99 102
99 104
99 105
99 106
99 107
99 108
99 109
99 113
99 114
99 115
99 117
99 118
99 119
99 124
99 129
99 131
99 133
99 134
99 137
99 138
99 139
99 140
99 142
99 143
99 149
99 150
99 152
99 153
99 154
99 157
99 158
99 159
99 160
100 101
100 102
100 105
100 106
100 108
100 110
100 111
100 112
100 113
100 115
100 116
100 117
100 118
100 120
100 123
100 125
100 126
100 129
100 131
100 133
100 137
100 138
100 142
100 146
100 150
100 152
100 157
101 104
101 105
101 106
101 107
101 108
101 109
101 110
101 112
101 113
101 114
101 115
101 117
101 118
101 119
101 122
101 123
101 124
101 125
101 126
101 127
101 128
101 129
101 130
101 131
101 132
101 133
101 134
101 135
101 136
101 137
101 138
101 139
101 140
101 141
101 142
101 143
101 145
101 146
101 147
101 148
101 149
101 150
101 151
101 152
101 153
101 154
101 158
101 161
102 103
102 104
102 105
102 106
102 107
102 108
102 109
102 110
102 113
102 114
102 115
102 118
102 119
102 120
102 125
102 126
102 127
102 128
102 129
102 130
102 131
102 133
102 134
102 135
102 137
102 138
102 139
102 141
102 142
102 145
102 147
102 149
102 150
102 151
102 152
102 154
102 155
102 157
102 158
102 159
102 160
103 108
103 109
103 110
103 112
103 113
103 115
103 121
103 125
103 126
103 127
103 128
103 130
103 131
103 134
103 135
103 138
103 139
103 143
103 147
103 150
103 151
103 152
103 153
103 155
104 108
104 109
104 110
104 111
104 112
104 113
104 115
104 117
104 118
104 121
104 125
104 133
104 138
104 141
104 142
104 146
104 147
104 149
104 150
104 152
104 153
104 154
104 157
104 161
105 106
105 108
105 109
105 111
105 112
105 113
105 114
105 115
105 116
105 117
105 118
105 120
105 121
105 125
105 126
105 127
105 128
105 129
105 130
105 131
105 133
105 137
105 138
105 139
105 141
105 142
105 147
105 150
105 154
105 157
106 107
106 108
106 111
106 112
106 114
106 115
106 116
106 117
106 118
106 119
106 125
106 127
106 128
106 129
106 130
106 131
106 133
106 134
106 135
106 136
106 137
106 138
106 139
106 140
106 141
106 142
106 143
106 145
106 146
106 147
106 148
106 151
106 152
106 153
106 154
106 155
106 156
106 159
106 160
107 108
107 109
107 111
107 112
107 113
107 118
107 125
107 126
107 129
107 130
107 133
107 134
107 135
107 137
107 138
107 139
107 141
107 142
107 143
107 145
107 147
107 150
107 151
107 152
107 154
107 155
107 156
107 158
107 160
108 109
108 111
108 112
108 113
108 114
108 115
108 116
108 117
108 118
108 119
108 120
108 122
108 124
108 127
108 128
108 129
108 130
108 132
108 133
108 134
108 135
108 136
108 137
108 138
108 140
108 141
108 142
108 143
108 144
108 146
108 147
108 148
108 149
108 150
108 151
108 152
108 153
108 154
108 156
108 158
108 159
108 160
108 161
109 111
109 112
109 113
109 114
109 115
109 116
109 117
109 118
109 119
109 120
109 123
109 124
109 125
109 126
109 127
109 128
109 129
109 130
109 133
109 134
109 135
109 136
109 137
109 138
109 140
109 142
109 145
109 147
109 149
109 150
109 151
109 152
109 154
109 155
109 156
109 157
109 158
109 159
109 160
109 161
110 113
110 114
110 118
110 131
110 137
110 139
110 142
110 147
110 151
110 152
110 153
110 155
110 158
110 161
111 112
111 113
111 114
111 115
111 117
111 118
111 120
111 122
111 125
111 130
111 131
111 132
111 133
111 134
111 137
111 138
111 139
111 141
111 142
111 145
111 147
111 148
111 150
111 151
111 154
111 157
111 159
112 113
112 114
112 115
112 116
112 117
112 118
112 123
112 125
112 126
112 128
112 131
112 133
112 134
112 137
112 138
112 139
112 141
112 142
112 143
112 146
112 147
112 150
112 151
112 152
112 153
112 157
112 158
112 160
113 114
113 115
113 117
113 120
113 122
113 126
113 127
113 129
113 131
113 133
113 134
113 135
113 136
113 137
113 138
113 139
113 140
113 141
113 142
113 143
113 144
113 146
113 147
113 149
113 150
113 151
113 152
113 153
113 154
113 157
113 159
113 160
113 161
114 115
114 116
114 117
114 118
114 120
114 124
114 125
114 126
114 128
114 129
114 131
114 132
114 133
114 134
114 137
114 138
114 139
114 140
114 142
114 143
114 145
114 146
114 147
114 149
114 150
114 151
114 152
114 153
114 154
114 155
114 156
114 157
114 158
114 159
114 161
115 116
115 117
115 118
115 119
115 121
115 122
115 123
115 125
115 126
115 127
115 128
115 129
115 130
115 131
115 132
115 133
115 134
115 135
115 136
115 137
115 138
115 139
115 140
115 141
115 142
115 144
115 145
115 147
115 149
115 150
115 152
115 153
115 154
115 157
115 160
115 161
116 117
116 122
116 125
116 128
116 131
116 133
116 135
116 138
116 139
116 141
116 142
116 144
116 146
116 147
116 149
116 150
116 153
116 155
116 158
116 160
116 161
117 118
117 119
117 120
117 125
117 128
117 129
117 131
117 134
117 135
117 136
117 137
117 138
117 140
117 142
117 143
117 144
117 145
117 146
117 147
117 148
117 149
117 151
117 152
117 153
117 154
117 155
117 156
117 157
117 158
117 161
118 119
118 120
118 122
118 125
118 126
118 127
118 128
118 129
118 130
118 131
118 132
118 133
118 135
118 136
118 137
118 138
118 139
118 141
118 142
118 146
118 147
118 149
118 150
118 151
118 152
118 154
118 156
118 157
118 158
118 159
118 160
118 161
119 120
119 135
119 137
119 138
119 140
119 141
119 142
119 143
119 145
119 148
119 150
119 159
120 125
120 126
120 129
120 134
120 138
120 143
120 149
120 150
120 152
120 154
120 158
121 131
121 133
121 134
121 149
121 151
121 154
122 130
122 131
122 133
122 137
122 139
122 145
122 151
122 153
122 154
122 157
123 131
123 133
123 138
123 143
123 150
123 158
123 159
124 137
124 142
124 146
124 147
124 150
124 153
124 154
124 157
124 160
125 128
125 129
125 130
125 131
125 133
125 134
125 135
125 139
125 140
125 141
125 142
125 143
125 149
125 150
125 152
125 153
125 154
125 159
125 160
125 161
126 127
126 128
126 130
126 133
126 134
126 137
126 139
126 142
126 145
126 146
126 147
126 149
126 152
126 153
126 154
126 155
126 157
126 158
126 159
126 160
127 130
127 131
127 133
127 134
127 138
127 139
127 147
127 150
127 151
127 152
127 153
127 154
127 158
127 160
128 129
128 131
128 133
128 134
128 135
128 141
128 142
128 145
128 150
128 152
128 153
128 154
128 156
128 158
129 130
129 131
129 133
129 134
129 135
129 136
129 137
129 138
129 139
129 141
129 142
129 144
129 145
129 146
129 147
129 148
129 149
129 150
129 151
129 152
129 154
129 155
129 156
129 157
129 158
129 159
129 161
130 131
130 133
130 134
130 135
130 136
130 137
130 139
130 141
130 142
130 147
130 150
130 151
130 152
130 153
130 154
130 157
130 158
130 161
131 132
131 133
131 134
131 135
131 136
131 137
131 138
131 139
131 141
131 143
131 146
131 147
131 149
131 150
131 151
131 152
131 153
131 154
131 155
131 157
131 158
131 160
132 133
132 134
132 142
132 155
132 158
133 134
133 135
133 137
133 138
133 139
133 140
133 141
133 142
133 143
133 145
133 146
133 147
133 148
133 149
133 152
133 153
133 154
133 158
133 159
133 161
134 137
134 138
134 139
134 140
134 141
134 142
134 145
134 146
134 147
134 148
134 149
134 150
134 151
134 152
134 153
134 154
134 155
134 157
134 158
134 159
135 137
135 142
135 143
135 146
135 147
135 149
135 150
135 151
135 154
135 157
135 158
135 159
135 161
136 137
136 139
136 142
136 146
136 148
136 149
136 151
136 154
136 158
136 161
137 138
137 139
137 141
137 142
137 143
137 146
137 147
137 149
137 150
137 151
137 152
137 154
137 155
137 156
137 158
137 160
138 139
138 140
138 142
138 143
138 145
138 146
138 147
138 149
138 151
138 153
138 154
138 155
138 157
138 158
138 159
138 160
138 161
139 140
139 141
139 142
139 145
139 146
139 147
139 149
139 152
139 153
139 154
139 157
139 158
139 160
139 161
140 142
140 145
140 154
140 155
140 158
141 145
141 146
141 147
141 151
141 152
141 154
141 157
141 158
141 160
142 145
142 147
142 149
142 150
142 151
142 152
142 153
142 154
142 157
142 159
142 160
142 161
143 144
143 146
143 147
143 150
143 151
143 152
143 153
143 155
143 157
143 160
143 161
144 146
144 154
144 155
144 158
145 146
145 147
145 148
145 150
145 151
145 152
145 153
145 154
145 157
145 158
145 159
145 160
145 161
146 147
146 151
146 152
146 153
146 154
146 155
146 157
146 158
146 160
146 161
147 148
147 150
147 151
147 152
147 153
147 154
147 155
147 157
147 158
147 161
148 149
148 157
149 150
149 152
149 153
149 154
149 155
149 160
150 151
150 152
150 154
150 156
150 157
150 158
150 159
150 161
151 152
151 154
151 155
151 157
151 158
151 160
151 161
152 154
152 155
152 157
152 158
153 154
153 157
153 158
153 159
153 161
154 155
154 157
154 158
154 159
154 161
155 161
157 158
157 160
158 159
158 160
158 161
160 161
