0 5
0 6
0 7
0 9
0 10
0 14
0 21
0 28
0 29
0 31
0 32
0 35
0 36
0 37
0 38
0 39
0 42
0 44
0 45
0 46
0 47
0 49
0 50
0 51
0 54
0 56
0 59
0 61
0 64
0 66
0 67
0 69
0 70
0 71
0 72
0 74
0 76
0 78
0 80
0 84
0 89
0 93
0 94
0 95
0 98
0 99
0 101
0 104
0 105
0 106
0 108
0 109
0 111
0 112
0 113
0 115
0 116
0 117
0 119
0 126
0 128
0 129
0 130
0 131
0 132
0 133
0 134
0 137
0 138
0 139
0 146
0 151
0 154
0 161
1 2
1 4
1 6
1 7
1 9
1 10
1 11
1 14
1 19
1 20
1 21
1 24
1 25
1 26
1 28
1 29
1 31
1 32
1 34
1 37
1 39
1 40
1 47
1 49
1 51
1 52
1 54
1 55
1 61
1 63
1 64
1 65
1 66
1 67
1 69
1 70
1 71
1 72
1 73
1 75
1 76
1 79
1 80
1 81
1 84
1 86
1 89
1 90
1 91
1 92
1 93
1 94
1 97
1 101
1 105
1 106
1 107
1 108
1 109
1 112
1 113
1 114
1 115
1 118
1 126
1 128
1 129
1 133
1 137
1 138
1 140
1 144
1 146
1 150
1 151
1 152
1 156
1 160
1 161
2 5
2 6
2 7
2 11
2 13
2 14
2 18
2 19
2 20
2 25
2 26
2 27
2 31
2 32
2 33
2 38
2 40
2 42
2 43
2 46
2 49
2 52
2 59
2 63
2 64
2 65
2 66
2 68
2 70
2 71
2 72
2 73
2 75
2 80
2 84
2 89
2 95
2 97
2 101
2 102
2 105
2 108
2 109
2 110
2 114
2 118
2 119
2 125
2 129
2 131
2 133
2 134
2 139
2 142
2 147
2 150
2 151
2 153
2 158
2 160
3 6
3 7
3 10
3 11
3 13
3 18
3 19
3 25
3 26
3 30
3 32
3 34
3 35
3 36
3 40
3 44
3 54
3 55
3 57
3 61
3 62
3 63
3 65
3 68
3 69
3 72
3 74
3 82
3 84
3 88
3 89
3 92
3 96
3 102
3 104
3 105
3 106
3 108
3 112
3 114
3 115
3 117
3 118
3 125
3 129
3 131
3 133
3 134
3 137
3 139
3 147
3 151
3 154
3 158
3 160
3 161
4 5
4 6
4 7
4 8
4 9
4 10
4 11
4 14
4 15
4 16
4 18
4 20
4 21
4 22
4 24
4 25
4 26
4 28
4 29
4 30
4 31
4 32
4 34
4 35
4 36
4 38
4 39
4 40
4 42
4 45
4 46
4 47
4 48
4 50
4 51
4 52
4 53
4 54
4 56
4 58
4 60
4 61
4 62
4 63
4 64
4 65
4 66
4 67
4 68
4 69
4 70
4 71
4 72
4 73
4 74
4 76
4 77
4 78
4 80
4 81
4 83
4 84
4 85
4 86
4 87
4 88
4 89
4 91
4 92
4 93
4 94
4 95
4 96
4 97
4 99
4 101
4 102
4 103
4 105
4 106
4 107
4 108
4 109
4 110
4 111
4 114
4 115
4 116
4 117
4 118
4 119
4 120
4 122
4 125
4 126
4 127
4 128
4 129
4 130
4 131
4 132
4 133
4 134
4 135
4 136
4 137
4 138
4 139
4 141
4 142
4 145
4 146
4 148
4 149
4 150
4 151
4 153
4 154
4 157
4 158
4 159
4 160
4 161
5 7
5 10
5 11
5 12
5 15
5 19
5 21
5 23
5 24
5 26
5 30
5 32
5 35
5 38
5 46
5 50
5 51
5 52
5 54
5 55
5 56
5 59
5 62
5 64
5 65
5 66
5 67
5 70
5 71
5 73
5 74
5 79
5 84
5 89
5 92
5 101
5 104
5 105
5 106
5 109
5 110
5 111
5 115
5 127
5 129
5 130
5 131
5 134
5 137
5 138
5 139
5 146
5 147
5 148
5 151
5 152
5 161
6 7
6 8
6 9
6 10
6 11
6 12
6 13
6 14
6 15
6 16
6 18
6 19
6 20
6 21
6 22
6 23
6 24
6 25
6 26
6 27
6 29
6 30
6 31
6 32
6 33
6 34
6 36
6 38
6 44
6 45
6 47
6 48
6 49
6 50
6 51
6 52
6 53
6 54
6 55
6 56
6 57
6 59
6 60
6 61
6 62
6 63
6 64
6 65
6 66
6 67
6 69
6 70
6 71
6 72
6 73
6 74
6 75
6 76
6 77
6 78
6 79
6 80
6 82
6 83
6 84
6 85
6 86
6 87
6 89
6 90
6 94
6 95
6 96
6 97
6 100
6 101
6 102
6 103
6 104
6 105
6 106
6 107
6 108
6 109
6 111
6 112
6 113
6 114
6 115
6 117
6 118
6 119
6 120
6 126
6 128
6 129
6 130
6 131
6 133
6 134
6 137
6 138
6 139
6 140
6 141
6 142
6 143
6 145
6 147
6 148
6 149
6 151
6 152
6 153
6 155
6 157
6 158
6 159
6 160
6 161
7 8
7 9
7 10
7 11
7 12
7 13
7 14
7 16
7 19
7 20
7 21
7 22
7 25
7 26
7 29
7 31
7 32
7 34
7 35
7 36
7 37
7 38
7 40
7 41
7 44
7 45
7 47
7 49
7 50
7 51
7 52
7 53
7 54
7 55
7 56
7 58
7 59
7 60
7 62
7 63
7 64
7 65
7 66
7 67
7 68
7 69
7 70
7 71
7 72
7 73
7 74
7 75
7 76
7 77
7 79
7 80
7 81
7 82
7 84
7 86
7 87
7 88
7 89
7 91
7 92
7 93
7 94
7 95
7 97
7 99
7 101
7 102
7 103
7 104
7 105
7 106
7 107
7 108
7 109
7 111
7 113
7 114
7 115
7 116
7 117
7 118
7 121
7 123
7 124
7 125
7 128
7 129
7 130
7 131
7 134
7 136
7 138
7 139
7 141
7 145
7 146
7 147
7 148
7 150
7 151
7 152
7 153
7 154
7 155
7 157
7 158
7 160
7 161
8 9
8 11
8 12
8 14
8 21
8 25
8 26
8 30
8 31
8 32
8 34
8 37
8 38
8 39
8 42
8 43
8 49
8 53
8 55
8 56
8 59
8 61
8 64
8 65
8 66
8 68
8 69
8 72
8 75
8 77
8 79
8 85
8 87
8 89
8 91
8 94
8 99
8 101
8 102
8 104
8 106
8 113
8 115
8 116
8 117
8 128
8 131
8 133
8 135
8 138
8 141
8 142
8 143
8 150
8 151
8 154
8 156
8 158
8 159
9 11
9 12
9 13
9 14
9 19
9 21
9 22
9 28
9 30
9 31
9 32
9 35
9 37
9 38
9 39
9 40
9 43
9 45
9 49
9 50
9 54
9 55
9 56
9 57
9 58
9 61
9 64
9 65
9 66
9 67
9 68
9 71
9 72
9 73
9 74
9 75
9 77
9 79
9 80
9 84
9 86
9 88
9 89
9 90
9 91
9 92
9 96
9 97
9 99
9 100
9 101
9 102
9 103
9 104
9 105
9 106
9 107
9 110
9 111
9 112
9 113
9 114
9 115
9 118
9 119
9 125
9 128
9 129
9 130
9 134
9 135
9 136
9 137
9 138
9 140
9 141
9 142
9 143
9 145
9 146
9 147
9 149
9 150
9 151
9 152
9 154
9 157
9 158
9 159
10 11
10 14
10 15
10 19
10 21
10 22
10 24
10 26
10 29
10 31
10 32
10 33
10 38
10 44
10 49
10 51
10 54
10 55
10 56
10 59
10 65
10 66
10 68
10 69
10 71
10 72
10 73
10 79
10 80
10 84
10 85
10 88
10 89
10 93
10 94
10 97
10 99
10 101
10 102
10 103
10 106
10 108
10 109
10 112
10 113
10 114
10 115
10 126
10 130
10 131
10 133
10 135
10 138
10 139
10 141
10 142
10 146
10 147
10 151
10 154
10 158
10 159
11 12
11 14
11 15
11 19
11 20
11 21
11 23
11 24
11 25
11 26
11 30
11 31
11 35
11 38
11 40
11 43
11 44
11 46
11 47
11 49
11 50
11 51
11 52
11 54
11 56
11 58
11 59
11 60
11 61
11 62
11 63
11 64
11 65
11 67
11 68
11 69
11 70
11 72
11 74
11 75
11 76
11 79
11 81
11 83
11 84
11 85
11 86
11 87
11 88
11 90
11 92
11 94
11 95
11 97
11 98
11 99
11 100
11 103
11 104
11 108
11 111
11 112
11 113
11 114
11 115
11 117
11 123
11 127
11 128
11 129
11 131
11 133
11 134
11 135
11 137
11 138
11 139
11 141
11 142
11 143
11 145
11 146
11 147
11 148
11 150
11 151
11 152
11 153
11 154
11 155
11 157
11 158
11 159
11 161
12 13
12 14
12 25
12 26
12 28
12 30
12 32
12 33
12 35
12 37
12 43
12 44
12 46
12 49
12 50
12 51
12 54
12 55
12 56
12 63
12 64
12 66
12 68
12 69
12 70
12 72
12 73
12 74
12 77
12 79
12 84
12 85
12 86
12 87
12 88
12 90
12 91
12 92
12 97
12 100
12 101
12 102
12 107
12 108
12 111
12 113
12 114
12 115
12 117
12 118
12 123
12 126
12 128
12 131
12 134
12 135
12 136
12 137
12 138
12 139
12 141
12 142
12 144
12 146
12 149
12 150
12 151
12 152
12 154
12 157
12 160
12 161
13 14
13 15
13 18
13 19
13 24
13 26
13 30
13 31
13 32
13 38
13 39
13 40
13 41
13 42
13 43
13 45
13 46
13 48
13 49
13 50
13 51
13 52
13 54
13 55
13 56
13 63
13 64
13 65
13 66
13 67
13 68
13 69
13 71
13 73
13 77
13 78
13 80
13 83
13 84
13 85
13 89
13 90
13 95
13 100
13 101
13 104
13 105
13 106
13 107
13 108
13 110
13 112
13 113
13 114
13 115
13 116
13 117
13 118
13 126
13 127
13 129
13 131
13 134
13 138
13 139
13 141
13 142
13 145
13 146
13 147
13 148
13 150
13 151
13 152
13 154
13 155
13 157
13 158
13 159
13 160
14 15
14 16
14 17
14 19
14 21
14 23
14 24
14 25
14 26
14 27
14 28
14 31
14 32
14 33
14 34
14 35
14 36
14 37
14 38
14 39
14 40
14 42
14 43
14 44
14 46
14 47
14 49
14 51
14 52
14 53
14 56
14 59
14 60
14 61
14 63
14 64
14 65
14 66
14 67
14 68
14 69
14 70
14 71
14 72
14 73
14 75
14 77
14 78
14 79
14 80
14 82
14 83
14 84
14 85
14 86
14 87
14 88
14 89
14 91
14 92
14 93
14 94
14 95
14 97
14 98
14 101
14 102
14 103
14 104
14 105
14 106
14 108
14 110
14 111
14 112
14 113
14 114
14 115
14 117
14 118
14 119
14 121
14 124
14 126
14 127
14 128
14 129
14 131
14 133
14 134
14 135
14 137
14 138
14 139
14 141
14 142
14 143
14 145
14 147
14 148
14 149
14 150
14 151
14 152
14 153
14 154
14 156
14 157
14 158
14 159
14 160
14 161
15 16
15 21
15 25
15 26
15 27
15 28
15 29
15 30
15 31
15 34
15 36
15 37
15 38
15 40
15 42
15 45
15 49
15 52
15 54
15 59
15 60
15 63
15 64
15 65
15 66
15 67
15 70
15 71
15 74
15 77
15 80
15 83
15 84
15 85
15 86
15 97
15 101
15 102
15 103
15 105
15 108
15 109
15 112
15 113
15 114
15 115
15 116
15 118
15 120
15 123
15 125
15 129
15 130
15 131
15 133
15 134
15 135
15 136
15 138
15 140
15 141
15 142
15 147
15 152
15 157
15 161
16 19
16 21
16 26
16 31
16 34
16 38
16 40
16 41
16 44
16 50
16 52
16 54
16 56
16 61
16 65
16 66
16 68
16 72
16 74
16 77
16 78
16 79
16 80
16 83
16 84
16 87
16 89
16 92
16 94
16 95
16 97
16 101
16 105
16 106
16 108
16 109
16 112
16 113
16 114
16 125
16 126
16 127
16 130
16 131
16 134
16 135
16 140
16 146
16 150
16 151
16 152
16 153
16 154
16 157
17 28
17 30
17 31
17 39
17 46
17 47
17 49
17 56
17 67
17 69
17 70
17 74
17 77
17 79
17 94
17 105
17 107
17 111
17 112
17 114
17 117
17 126
17 129
17 130
17 131
17 133
17 137
17 138
17 145
17 151
17 152
17 157
18 21
18 22
18 27
18 34
18 35
18 37
18 40
18 43
18 44
18 45
18 49
18 51
18 52
18 57
18 58
18 60
18 62
18 63
18 66
18 67
18 68
18 69
18 70
18 72
18 73
18 74
18 76
18 77
18 79
18 80
18 84
18 87
18 88
18 89
18 90
18 92
18 93
18 97
18 100
18 101
18 102
18 105
18 106
18 107
18 108
18 109
18 111
18 114
18 115
18 117
18 118
18 127
18 129
18 130
18 131
18 133
18 134
18 137
18 138
18 142
18 146
18 148
18 150
18 152
18 153
18 154
18 157
18 158
18 160
19 20
19 21
19 23
19 24
19 25
19 26
19 27
19 29
19 30
19 31
19 32
19 34
19 35
19 36
19 39
19 40
19 42
19 43
19 44
19 45
19 46
19 48
19 49
19 51
19 53
19 54
19 55
19 56
19 59
19 62
19 64
19 65
19 66
19 67
19 68
19 69
19 70
19 71
19 72
19 73
19 74
19 75
19 76
19 77
19 78
19 79
19 80
19 81
19 82
19 83
19 84
19 85
19 87
19 89
19 91
19 92
19 93
19 94
19 95
19 96
19 97
19 98
19 99
19 100
19 101
19 104
19 105
19 106
19 107
19 108
19 109
19 110
19 111
19 112
19 113
19 114
19 115
19 116
19 117
19 118
19 119
19 123
19 125
19 126
19 127
19 129
19 131
19 133
19 134
19 135
19 136
19 137
19 138
19 139
19 140
19 141
19 142
19 145
19 146
19 148
19 149
19 150
19 151
19 152
19 153
19 154
19 155
19 156
19 157
19 158
19 159
19 161
20 21
20 31
20 32
20 35
20 36
20 40
20 44
20 45
20 49
20 50
20 51
20 52
20 53
20 54
20 56
20 58
20 60
20 62
20 65
20 67
20 69
20 70
20 71
20 74
20 82
20 86
20 90
20 93
20 95
20 99
20 102
20 103
20 108
20 112
20 118
20 127
20 129
20 131
20 137
20 142
20 147
20 152
20 153
20 155
20 158
20 161
21 22
21 24
21 25
21 26
21 27
21 28
21 30
21 31
21 32
21 33
21 35
21 36
21 38
21 40
21 41
21 44
21 45
21 46
21 50
21 52
21 54
21 55
21 56
21 58
21 59
21 60
21 61
21 62
21 64
21 65
21 66
21 67
21 68
21 70
21 71
21 72
21 73
21 76
21 77
21 78
21 79
21 80
21 81
21 83
21 84
21 85
21 86
21 87
21 88
21 89
21 90
21 91
21 92
21 93
21 94
21 95
21 97
21 99
21 101
21 102
21 103
21 104
21 105
21 106
21 107
21 108
21 109
21 112
21 113
21 114
21 115
21 116
21 118
21 119
21 121
21 125
21 127
21 128
21 129
21 130
21 131
21 132
21 133
21 134
21 135
21 136
21 137
21 138
21 139
21 140
21 141
21 142
21 145
21 147
21 148
21 150
21 151
21 152
21 153
21 154
21 155
21 157
21 158
21 159
21 160
21 161
22 26
22 34
22 36
22 38
22 39
22 43
22 44
22 45
22 46
22 49
22 50
22 53
22 55
22 56
22 59
22 62
22 63
22 64
22 68
22 69
22 72
22 73
22 74
22 76
22 79
22 82
22 84
22 88
22 89
22 92
22 94
22 96
22 101
22 112
22 113
22 115
22 117
22 118
22 126
22 128
22 129
22 131
22 133
22 134
22 137
22 138
22 139
22 141
22 142
22 143
22 145
22 149
22 151
22 152
22 153
22 155
22 157
22 158
22 160
22 161
23 30
23 31
23 32
23 36
23 38
23 40
23 41
23 42
23 44
23 45
23 46
23 52
23 66
23 68
23 72
23 73
23 84
23 86
23 89
23 95
23 102
23 103
23 106
23 109
23 111
23 113
23 114
23 116
23 117
23 118
23 131
23 136
23 139
23 141
23 142
23 146
23 147
23 151
23 154
23 157
24 25
24 26
24 28
24 30
24 31
24 32
24 36
24 37
24 38
24 39
24 43
24 45
24 46
24 48
24 49
24 51
24 53
24 54
24 55
24 57
24 58
24 61
24 64
24 65
24 66
24 69
24 72
24 75
24 77
24 79
24 82
24 84
24 87
24 89
24 95
24 101
24 103
24 105
24 107
24 108
24 109
24 110
24 112
24 113
24 115
24 125
24 129
24 130
24 131
24 133
24 134
24 137
24 138
24 139
24 141
24 142
24 146
24 147
24 148
24 149
24 151
24 154
24 155
24 158
25 26
25 30
25 31
25 32
25 33
25 34
25 35
25 36
25 37
25 38
25 39
25 40
25 44
25 46
25 49
25 51
25 52
25 54
25 56
25 60
25 62
25 63
25 64
25 65
25 67
25 71
25 72
25 74
25 75
25 77
25 78
25 79
25 80
25 84
25 85
25 86
25 88
25 89
25 92
25 93
25 94
25 98
25 100
25 102
25 104
25 105
25 106
25 107
25 111
25 112
25 113
25 116
25 117
25 118
25 125
25 126
25 127
25 128
25 129
25 130
25 133
25 134
25 136
25 137
25 138
25 140
25 145
25 146
25 148
25 150
25 151
25 152
25 153
25 154
25 155
25 158
25 160
26 27
26 30
26 31
26 32
26 34
26 35
26 36
26 37
26 38
26 39
26 40
26 41
26 42
26 43
26 44
26 45
26 46
26 49
26 51
26 53
26 54
26 55
26 56
26 57
26 61
26 62
26 63
26 64
26 65
26 67
26 68
26 69
26 70
26 71
26 72
26 73
26 74
26 75
26 76
26 77
26 79
26 80
26 81
26 82
26 83
26 84
26 85
26 86
26 89
26 91
26 93
26 94
26 95
26 96
26 97
26 98
26 99
26 101
26 102
26 104
26 105
26 106
26 107
26 108
26 109
26 111
26 113
26 114
26 115
26 116
26 117
26 118
26 120
26 122
26 125
26 126
26 127
26 128
26 129
26 130
26 131
26 133
26 134
26 135
26 136
26 137
26 138
26 139
26 140
26 141
26 142
26 143
26 144
26 145
26 146
26 147
26 149
26 150
26 151
26 152
26 154
26 155
26 156
26 157
26 158
26 159
26 161
27 31
27 32
27 33
27 38
27 44
27 46
27 51
27 60
27 61
27 66
27 67
27 69
27 70
27 71
27 77
27 79
27 86
27 89
27 91
27 94
27 99
27 100
27 101
27 106
27 110
27 113
27 114
27 117
27 118
27 120
27 131
27 133
27 134
27 137
27 138
27 146
27 152
27 154
27 158
27 159
28 30
28 32
28 34
28 35
28 39
28 40
28 44
28 49
28 51
28 54
28 55
28 58
28 70
28 77
28 79
28 80
28 82
28 83
28 84
28 86
28 91
28 94
28 97
28 101
28 102
28 106
28 108
28 109
28 110
28 112
28 113
28 114
28 118
28 120
28 126
28 129
28 131
28 133
28 136
28 137
28 138
28 141
28 142
28 149
28 157
28 158
28 161
29 30
29 31
29 34
29 35
29 39
29 44
29 54
29 55
29 58
29 59
29 65
29 67
29 68
29 70
29 72
29 75
29 86
29 89
29 93
29 96
29 97
29 101
29 102
29 104
29 106
29 109
29 112
29 113
29 115
29 116
29 117
29 127
29 129
29 130
29 131
29 133
29 134
29 137
29 141
29 142
29 147
29 151
29 154
29 158
29 159
30 31
30 32
30 33
30 34
30 35
30 36
30 38
30 39
30 40
30 42
30 44
30 45
30 46
30 48
30 49
30 50
30 51
30 52
30 53
30 54
30 55
30 56
30 57
30 58
30 59
30 60
30 61
30 62
30 63
30 64
30 65
30 66
30 67
30 68
30 70
30 71
30 72
30 73
30 74
30 75
30 76
30 77
30 80
30 82
30 84
30 85
30 86
30 89
30 92
30 93
30 94
30 95
30 97
30 98
30 99
30 100
30 101
30 102
30 105
30 106
30 112
30 113
30 114
30 116
30 117
30 118
30 119
30 125
30 128
30 131
30 133
30 134
30 138
30 139
30 141
30 142
30 143
30 145
30 146
30 147
30 150
30 151
30 152
30 154
30 155
30 157
30 158
30 160
30 161
31 32
31 34
31 35
31 36
31 38
31 39
31 40
31 41
31 42
31 43
31 44
31 45
31 46
31 48
31 49
31 51
31 52
31 53
31 54
31 55
31 56
31 57
31 58
31 60
31 61
31 63
31 64
31 66
31 67
31 68
31 69
31 70
31 71
31 72
31 73
31 74
31 75
31 76
31 79
31 80
31 81
31 83
31 84
31 85
31 86
31 87
31 88
31 89
31 91
31 94
31 95
31 97
31 100
31 102
31 103
31 105
31 106
31 107
31 108
31 109
31 110
31 111
31 112
31 113
31 114
31 115
31 116
31 117
31 118
31 120
31 122
31 124
31 125
31 126
31 127
31 128
31 129
31 130
31 131
31 133
31 136
31 137
31 138
31 139
31 140
31 141
31 142
31 144
31 145
31 146
31 147
31 150
31 151
31 152
31 153
31 154
31 155
31 157
31 159
32 33
32 34
32 35
32 36
32 38
32 40
32 41
32 42
32 43
32 44
32 45
32 46
32 48
32 49
32 50
32 51
32 52
32 53
32 54
32 55
32 56
32 57
32 58
32 60
32 63
32 64
32 66
32 67
32 68
32 69
32 70
32 71
32 72
32 73
32 76
32 77
32 79
32 80
32 84
32 86
32 87
32 88
32 89
32 91
32 93
32 94
32 97
32 98
32 99
32 101
32 102
32 103
32 104
32 105
32 106
32 108
32 110
32 111
32 112
32 113
32 115
32 116
32 118
32 119
32 122
32 123
32 124
32 125
32 126
32 127
32 129
32 130
32 131
32 134
32 135
32 137
32 138
32 139
32 148
32 149
32 150
32 152
32 153
32 155
32 156
32 157
32 160
32 161
33 35
33 40
33 45
33 52
33 54
33 55
33 56
33 61
33 66
33 68
33 70
33 72
33 79
33 84
33 85
33 89
33 94
33 101
33 102
33 108
33 109
33 112
33 113
33 116
33 124
33 125
33 126
33 129
33 133
33 135
33 139
33 140
33 142
33 145
33 152
33 153
33 155
34 36
34 40
34 42
34 44
34 45
34 49
34 51
34 52
34 54
34 56
34 58
34 60
34 64
34 67
34 69
34 70
34 71
34 72
34 74
34 76
34 77
34 79
34 82
34 83
34 86
34 89
34 91
34 93
34 94
34 95
34 97
34 101
34 102
34 103
34 106
34 107
34 111
34 114
34 115
34 117
34 118
34 120
34 124
34 125
34 129
34 136
34 137
34 138
34 139
34 140
34 145
34 146
34 147
34 151
34 152
34 154
34 158
34 159
35 36
35 38
35 40
35 41
35 44
35 49
35 50
35 51
35 52
35 53
35 54
35 55
35 56
35 57
35 58
35 59
35 61
35 62
35 63
35 64
35 65
35 66
35 67
35 68
35 70
35 71
35 72
35 73
35 74
35 77
35 79
35 80
35 81
35 83
35 84
35 85
35 86
35 89
35 92
35 94
35 95
35 97
35 98
35 100
35 101
35 102
35 103
35 104
35 105
35 106
35 107
35 108
35 110
35 111
35 112
35 113
35 114
35 115
35 117
35 118
35 122
35 125
35 129
35 131
35 133
35 134
35 136
35 137
35 138
35 139
35 141
35 142
35 143
35 144
35 146
35 149
35 150
35 151
35 152
35 154
35 157
35 160
35 161
36 37
36 38
36 39
36 40
36 43
36 46
36 48
36 50
36 54
36 55
36 56
36 57
36 58
36 61
36 62
36 63
36 64
36 65
36 66
36 67
36 68
36 69
36 70
36 71
36 72
36 73
36 74
36 75
36 77
36 78
36 83
36 86
36 89
36 91
36 94
36 95
36 96
36 97
36 99
36 100
36 102
36 103
36 105
36 106
36 107
36 108
36 109
36 111
36 112
36 113
36 114
36 115
36 116
36 117
36 118
36 120
36 125
36 126
36 127
36 129
36 130
36 131
36 132
36 133
36 136
36 137
36 138
36 139
36 141
36 142
36 145
36 147
36 149
36 150
36 151
36 152
36 153
36 154
36 156
36 157
36 158
36 159
36 160
37 38
37 40
37 42
37 44
37 45
37 48
37 51
37 52
37 56
37 58
37 64
37 65
37 66
37 67
37 68
37 69
37 72
37 73
37 74
37 83
37 86
37 88
37 89
37 91
37 93
37 95
37 96
37 101
37 102
37 105
37 106
37 108
37 109
37 111
37 113
37 115
37 116
37 117
37 125
37 126
37 129
37 131
37 133
37 134
37 135
37 136
37 137
37 138
37 140
37 143
37 145
37 146
37 147
37 149
37 152
37 153
37 158
37 160
38 40
38 41
38 42
38 43
38 44
38 45
38 47
38 48
38 49
38 50
38 52
38 54
38 55
38 56
38 57
38 58
38 60
38 63
38 64
38 65
38 66
38 67
38 68
38 69
38 70
38 71
38 72
38 73
38 74
38 75
38 76
38 77
38 79
38 80
38 82
38 83
38 84
38 87
38 88
38 89
38 91
38 92
38 93
38 94
38 95
38 96
38 97
38 99
38 101
38 102
38 103
38 105
38 106
38 108
38 109
38 110
38 111
38 112
38 113
38 114
38 115
38 116
38 118
38 119
38 122
38 124
38 125
38 126
38 127
38 129
38 130
38 131
38 133
38 134
38 135
38 136
38 137
38 138
38 140
38 141
38 142
38 145
38 146
38 147
38 148
38 150
38 151
38 154
38 155
38 157
38 158
38 160
38 161
39 40
39 41
39 45
39 49
39 51
39 53
39 54
39 55
39 56
39 58
39 61
39 64
39 65
39 67
39 68
39 69
39 70
39 71
39 72
39 75
39 76
39 79
39 80
39 81
39 84
39 89
39 94
39 95
39 96
39 98
39 99
39 101
39 103
39 105
39 106
39 108
39 109
39 114
39 116
39 117
39 121
39 125
39 127
39 129
39 131
39 133
39 134
39 136
39 137
39 139
39 140
39 141
39 143
39 146
39 148
39 150
39 152
39 153
39 154
39 156
40 43
40 44
40 45
40 46
40 48
40 49
40 51
40 53
40 54
40 55
40 56
40 58
40 59
40 60
40 62
40 64
40 65
40 66
40 67
40 68
40 69
40 71
40 72
40 73
40 74
40 75
40 76
40 77
40 78
40 79
40 80
40 81
40 83
40 84
40 85
40 86
40 87
40 88
40 89
40 91
40 93
40 94
40 99
40 100
40 101
40 102
40 103
40 105
40 106
40 107
40 108
40 109
40 111
40 113
40 114
40 115
40 116
40 117
40 121
40 123
40 125
40 127
40 129
40 130
40 131
40 133
40 134
40 135
40 136
40 137
40 138
40 139
40 140
40 142
40 143
40 145
40 146
40 149
40 150
40 151
40 152
40 154
40 155
40 157
40 158
40 161
41 43
41 45
41 46
41 52
41 56
41 58
41 62
41 71
41 72
41 73
41 74
41 75
41 79
41 84
41 91
41 94
41 100
41 102
41 103
41 105
41 106
41 112
41 117
41 118
41 130
41 133
41 134
41 137
41 138
41 141
41 146
41 151
41 157
41 158
42 45
42 46
42 51
42 55
42 56
42 58
42 60
42 61
42 62
42 63
42 64
42 65
42 66
42 67
42 68
42 70
42 72
42 74
42 75
42 76
42 79
42 81
42 83
42 84
42 85
42 91
42 98
42 101
42 102
42 105
42 106
42 108
42 112
42 113
42 115
42 116
42 117
42 118
42 129
42 130
42 131
42 133
42 138
42 140
42 143
42 146
42 148
42 149
42 150
42 151
42 152
42 158
42 161
43 49
43 51
43 53
43 54
43 55
43 56
43 58
43 59
43 62
43 63
43 64
43 65
43 66
43 67
43 69
43 70
43 71
43 72
43 73
43 74
43 75
43 76
43 77
43 81
43 82
43 83
43 84
43 85
43 86
43 89
43 93
43 97
43 99
43 100
43 101
43 107
43 108
43 109
43 113
43 115
43 117
43 118
43 119
43 129
43 131
43 133
43 135
43 137
43 138
43 139
43 141
43 142
43 144
43 145
43 151
43 152
43 154
43 158
44 48
44 49
44 50
44 51
44 53
44 54
44 55
44 56
44 58
44 61
44 66
44 67
44 68
44 69
44 70
44 71
44 72
44 73
44 74
44 75
44 79
44 80
44 81
44 85
44 86
44 87
44 88
44 89
44 93
44 94
44 97
44 98
44 99
44 101
44 102
44 103
44 104
44 106
44 107
44 108
44 109
44 110
44 112
44 113
44 114
44 115
44 117
44 118
44 121
44 125
44 126
44 127
44 128
44 129
44 130
44 131
44 133
44 134
44 135
44 136
44 137
44 138
44 139
44 140
44 142
44 146
44 147
44 149
44 151
44 152
44 153
44 154
44 157
44 158
44 159
44 160
44 161
45 46
45 49
45 50
45 52
45 54
45 55
45 56
45 57
45 58
45 59
45 61
45 62
45 63
45 64
45 65
45 67
45 68
45 69
45 70
45 71
45 72
45 73
45 74
45 75
45 77
45 79
45 80
45 82
45 83
45 85
45 86
45 87
45 89
45 91
45 93
45 94
45 95
45 96
45 99
45 100
45 101
45 102
45 103
45 106
45 108
45 111
45 112
45 113
45 114
45 115
45 116
45 117
45 118
45 119
45 121
45 122
45 125
45 126
45 127
45 129
45 131
45 132
45 133
45 134
45 135
45 136
45 137
45 138
45 139
45 141
45 142
45 143
45 145
45 146
45 149
45 151
45 152
45 153
45 154
45 155
45 157
45 158
45 161
46 49
46 50
46 51
46 54
46 55
46 56
46 58
46 61
46 63
46 64
46 65
46 67
46 68
46 69
46 72
46 73
46 74
46 75
46 76
46 77
46 79
46 81
46 82
46 83
46 84
46 85
46 86
46 87
46 88
46 89
46 90
46 93
46 94
46 99
46 100
46 101
46 102
46 103
46 105
46 106
46 108
46 109
46 110
46 112
46 114
46 115
46 116
46 117
46 118
46 125
46 128
46 129
46 130
46 131
46 133
46 134
46 135
46 137
46 138
46 139
46 141
46 142
46 146
46 147
46 149
46 151
46 152
46 154
46 157
46 158
46 159
46 161
47 51
47 54
47 56
47 59
47 68
47 75
47 79
47 92
47 93
47 97
47 98
47 101
47 102
47 103
47 111
47 113
47 114
47 117
47 128
47 131
47 138
47 140
47 142
47 151
48 50
48 51
48 56
48 62
48 64
48 66
48 67
48 69
48 72
48 76
48 80
48 84
48 88
48 89
48 92
48 93
48 96
48 97
48 98
48 99
48 101
48 102
48 105
48 109
48 111
48 119
48 125
48 129
48 136
48 137
48 139
48 143
48 145
48 146
48 147
48 152
48 153
48 155
48 161
49 50
49 51
49 52
49 53
49 54
49 55
49 56
49 58
49 59
49 60
49 61
49 62
49 63
49 64
49 65
49 66
49 67
49 68
49 69
49 70
49 71
49 72
49 73
49 74
49 75
49 77
49 78
49 79
49 80
49 81
49 82
49 84
49 85
49 86
49 87
49 88
49 93
49 94
49 97
49 99
49 100
49 101
49 102
49 103
49 105
49 106
49 107
49 108
49 109
49 111
49 112
49 113
49 114
49 115
49 116
49 117
49 118
49 119
49 120
49 122
49 124
49 125
49 126
49 128
49 129
49 131
49 134
49 135
49 136
49 137
49 138
49 139
49 142
49 143
49 144
49 145
49 146
49 147
49 148
49 149
49 150
49 151
49 152
49 153
49 154
49 155
49 156
49 157
49 158
49 159
49 161
50 51
50 54
50 56
50 61
50 62
50 63
50 64
50 65
50 68
50 72
50 73
50 74
50 76
50 77
50 79
50 82
50 84
50 85
50 86
50 87
50 88
50 89
50 94
50 95
50 97
50 100
50 101
50 105
50 106
50 108
50 110
50 112
50 113
50 114
50 117
50 118
50 126
50 129
50 130
50 133
50 134
50 137
50 138
50 139
50 141
50 142
50 145
50 146
50 149
50 150
50 151
50 152
50 153
50 154
50 157
50 158
50 159
50 160
51 52
51 53
51 54
51 55
51 56
51 58
51 59
51 60
51 62
51 63
51 64
51 65
51 67
51 68
51 69
51 70
51 71
51 72
51 73
51 74
51 75
51 76
51 77
51 79
51 81
51 83
51 84
51 85
51 86
51 87
51 88
51 89
51 90
51 92
51 93
51 94
51 95
51 96
51 97
51 98
51 99
51 100
51 101
51 102
51 105
51 106
51 107
51 108
51 110
51 111
51 112
51 113
51 114
51 115
51 116
51 117
51 118
51 125
51 126
51 127
51 129
51 130
51 131
51 133
51 134
51 136
51 137
51 138
51 139
51 141
51 142
51 143
51 145
51 146
51 147
51 149
51 150
51 151
51 152
51 153
51 154
51 155
51 156
51 157
51 158
51 159
51 160
51 161
52 54
52 58
52 59
52 63
52 68
52 69
52 70
52 72
52 73
52 74
52 75
52 76
52 83
52 86
52 87
52 88
52 89
52 90
52 93
52 94
52 97
52 101
52 102
52 103
52 104
52 105
52 108
52 111
52 112
52 113
52 114
52 117
52 118
52 122
52 124
52 125
52 126
52 131
52 133
52 134
52 135
52 137
52 138
52 139
52 140
52 142
52 144
52 147
52 151
52 152
52 153
52 154
52 157
52 158
52 160
52 161
53 54
53 55
53 58
53 61
53 63
53 64
53 66
53 67
53 70
53 71
53 72
53 73
53 74
53 75
53 78
53 83
53 86
53 87
53 89
53 91
53 92
53 94
53 101
53 102
53 105
53 106
53 108
53 109
53 117
53 118
53 123
53 126
53 129
53 133
53 134
53 137
53 138
53 139
53 141
53 146
53 147
53 150
53 151
53 157
53 158
53 160
53 161
54 56
54 57
54 58
54 60
54 61
54 62
54 63
54 64
54 65
54 66
54 67
54 68
54 69
54 70
54 71
54 72
54 73
54 74
54 75
54 77
54 78
54 79
54 80
54 81
54 82
54 83
54 84
54 86
54 87
54 88
54 89
54 92
54 94
54 95
54 96
54 97
54 98
54 99
54 100
54 101
54 102
54 103
54 105
54 106
54 107
54 108
54 109
54 110
54 111
54 112
54 113
54 114
54 115
54 116
54 117
54 118
54 119
54 120
54 121
54 124
54 125
54 126
54 128
54 129
54 131
54 132
54 133
54 134
54 135
54 136
54 137
54 138
54 139
54 140
54 141
54 142
54 143
54 146
54 147
54 150
54 151
54 152
54 153
54 154
54 155
54 156
54 157
54 158
54 159
54 160
54 161
55 56
55 58
55 61
55 63
55 65
55 66
55 68
55 69
55 71
55 73
55 74
55 75
55 77
55 79
55 83
55 84
55 85
55 86
55 93
55 97
55 100
55 101
55 103
55 105
55 106
55 108
55 109
55 110
55 111
55 112
55 113
55 115
55 118
55 121
55 125
55 130
55 131
55 132
55 133
55 134
55 136
55 137
55 138
55 139
55 140
55 142
55 143
55 146
55 147
55 148
55 149
55 151
55 152
55 154
55 155
55 156
55 157
55 158
55 159
55 160
55 161
56 58
56 59
56 60
56 63
56 64
56 65
56 66
56 67
56 68
56 69
56 71
56 72
56 73
56 74
56 76
56 77
56 78
56 79
56 80
56 83
56 84
56 85
56 86
56 87
56 88
56 89
56 90
56 91
56 92
56 94
56 96
56 97
56 98
56 99
56 101
56 102
56 103
56 104
56 105
56 106
56 108
56 109
56 110
56 111
56 112
56 113
56 114
56 117
56 121
56 122
56 125
56 128
56 129
56 130
56 131
56 133
56 134
56 135
56 136
56 137
56 138
56 139
56 140
56 141
56 142
56 143
56 144
56 145
56 146
56 148
56 149
56 150
56 151
56 152
56 153
56 154
56 157
56 158
56 160
56 161
57 63
57 70
57 71
57 72
57 74
57 75
57 79
57 83
57 89
57 101
57 106
57 107
57 109
57 112
57 116
57 118
57 124
57 125
57 126
57 128
57 131
57 134
57 139
57 142
57 145
57 150
57 151
57 152
57 154
57 157
57 158
58 61
58 63
58 65
58 66
58 67
58 68
58 69
58 70
58 71
58 72
58 73
58 74
58 75
58 76
58 79
58 81
58 82
58 83
58 84
58 85
58 86
58 87
58 88
58 89
58 92
58 93
58 94
58 95
58 97
58 98
58 100
58 101
58 102
58 105
58 106
58 108
58 109
58 110
58 111
58 114
58 115
58 116
58 118
58 119
58 125
58 126
58 129
58 130
58 131
58 134
58 138
58 139
58 140
58 142
58 145
58 146
58 147
58 148
58 151
58 152
58 154
58 155
58 157
58 158
58 159
59 63
59 64
59 65
59 67
59 68
59 70
59 71
59 72
59 73
59 74
59 75
59 77
59 79
59 80
59 83
59 84
59 85
59 89
59 93
59 95
59 96
59 97
59 100
59 102
59 104
59 105
59 108
59 109
59 113
59 114
59 117
59 125
59 126
59 127
59 131
59 133
59 134
59 135
59 137
59 138
59 139
59 140
59 142
59 145
59 147
59 149
59 150
59 151
59 152
59 156
60 63
60 70
60 72
60 75
60 104
60 108
60 109
60 111
60 127
60 128
60 129
60 131
60 132
60 142
60 147
60 150
60 152
60 157
60 158
61 62
61 63
61 64
61 65
61 66
61 67
61 68
61 70
61 71
61 72
61 73
61 77
61 84
61 86
61 89
61 93
61 96
61 97
61 99
61 100
61 101
61 103
61 106
61 107
61 108
61 112
61 113
61 118
61 126
61 127
61 129
61 131
61 133
61 137
61 141
61 142
61 147
61 149
61 150
61 151
61 152
61 154
61 157
61 158
61 160
61 161
62 63
62 64
62 65
62 67
62 68
62 69
62 70
62 71
62 72
62 73
62 74
62 75
62 78
62 79
62 82
62 83
62 91
62 92
62 93
62 97
62 99
62 101
62 102
62 105
62 106
62 107
62 109
62 110
62 114
62 116
62 117
62 118
62 122
62 125
62 129
62 133
62 134
62 135
62 136
62 137
62 138
62 139
62 143
62 150
62 151
62 152
62 153
62 154
62 155
62 157
62 158
62 159
62 161
63 64
63 65
63 68
63 69
63 70
63 71
63 73
63 74
63 76
63 77
63 79
63 81
63 83
63 84
63 85
63 87
63 89
63 90
63 93
63 95
63 96
63 98
63 99
63 101
63 102
63 104
63 106
63 107
63 108
63 109
63 110
63 112
63 113
63 114
63 115
63 116
63 117
63 118
63 125
63 126
63 127
63 128
63 129
63 130
63 133
63 138
63 139
63 143
63 145
63 146
63 147
63 150
63 151
63 152
63 154
63 155
63 158
63 159
63 160
63 161
64 65
64 66
64 67
64 68
64 69
64 71
64 72
64 73
64 74
64 75
64 76
64 77
64 79
64 80
64 81
64 84
64 85
64 86
64 87
64 88
64 89
64 94
64 95
64 96
64 97
64 98
64 100
64 101
64 102
64 103
64 104
64 105
64 106
64 107
64 108
64 110
64 111
64 112
64 113
64 114
64 115
64 117
64 118
64 121
64 122
64 123
64 124
64 125
64 126
64 127
64 129
64 130
64 133
64 134
64 137
64 138
64 139
64 140
64 141
64 142
64 143
64 144
64 145
64 146
64 147
64 150
64 151
64 152
64 153
64 154
64 157
64 158
64 159
64 161
65 66
65 67
65 68
65 69
65 70
65 71
65 72
65 73
65 75
65 76
65 79
65 81
65 83
65 85
65 86
65 89
65 90
65 92
65 93
65 94
65 97
65 98
65 99
65 100
65 101
65 102
65 103
65 104
65 105
65 106
65 108
65 109
65 110
65 111
65 112
65 114
65 115
65 116
65 117
65 118
65 119
65 121
65 125
65 126
65 129
65 130
65 132
65 133
65 134
65 135
65 136
65 138
65 139
65 140
65 142
65 143
65 145
65 146
65 147
65 148
65 149
65 150
65 151
65 152
65 154
65 155
65 158
65 159
65 160
65 161
66 67
66 68
66 69
66 71
66 72
66 74
66 75
66 76
66 77
66 79
66 80
66 81
66 82
66 83
66 84
66 85
66 86
66 88
66 89
66 91
66 92
66 93
66 94
66 97
66 98
66 99
66 100
66 101
66 105
66 106
66 108
66 110
66 111
66 113
66 117
66 118
66 125
66 127
66 128
66 129
66 130
66 131
66 133
66 135
66 137
66 138
66 139
66 142
66 146
66 147
66 148
66 149
66 150
66 154
66 159
66 161
67 68
67 69
67 70
67 71
67 72
67 73
67 74
67 75
67 76
67 77
67 79
67 81
67 82
67 83
67 86
67 87
67 88
67 89
67 90
67 91
67 92
67 93
67 94
67 95
67 96
67 97
67 98
67 99
67 100
67 101
67 102
67 103
67 105
67 106
67 107
67 108
67 110
67 111
67 112
67 113
67 114
67 115
67 116
67 117
67 118
67 119
67 125
67 126
67 127
67 129
67 130
67 131
67 133
67 134
67 135
67 136
67 137
67 138
67 139
67 140
67 141
67 142
67 145
67 146
67 147
67 148
67 149
67 150
67 151
67 152
67 153
67 154
67 155
67 157
67 159
67 160
67 161
68 69
68 70
68 71
68 72
68 73
68 74
68 75
68 76
68 77
68 79
68 80
68 81
68 84
68 86
68 88
68 89
68 91
68 93
68 94
68 95
68 96
68 97
68 98
68 99
68 100
68 101
68 102
68 103
68 104
68 105
68 106
68 108
68 110
68 111
68 112
68 113
68 114
68 115
68 116
68 117
68 118
68 120
68 121
68 122
68 124
68 125
68 128
68 129
68 130
68 131
68 132
68 133
68 134
68 135
68 136
68 137
68 138
68 139
68 140
68 141
68 142
68 143
68 146
68 147
68 148
68 150
68 151
68 152
68 153
68 154
68 157
68 158
68 159
68 160
68 161
69 70
69 72
69 73
69 74
69 75
69 76
69 77
69 79
69 80
69 82
69 83
69 84
69 85
69 87
69 88
69 89
69 90
69 91
69 92
69 94
69 97
69 100
69 101
69 102
69 103
69 104
69 105
69 106
69 108
69 109
69 113
69 114
69 115
69 116
69 117
69 118
69 119
69 120
69 121
69 125
69 126
69 127
69 129
69 131
69 133
69 136
69 137
69 138
69 139
69 141
69 142
69 143
69 145
69 146
69 147
69 148
69 149
69 150
69 151
69 152
69 154
69 155
69 157
69 158
69 161
70 71
70 72
70 73
70 74
70 75
70 77
70 81
70 83
70 84
70 85
70 87
70 88
70 89
70 90
70 91
70 94
70 97
70 98
70 100
70 101
70 102
70 103
70 104
70 105
70 106
70 107
70 108
70 109
70 110
70 111
70 112
70 113
70 114
70 115
70 116
70 117
70 120
70 121
70 124
70 126
70 129
70 131
70 132
70 133
70 134
70 135
70 136
70 137
70 138
70 139
70 140
70 141
70 142
70 144
70 146
70 147
70 148
70 150
70 151
70 152
70 153
70 155
70 159
70 160
70 161
71 72
71 73
71 74
71 77
71 78
71 80
71 82
71 83
71 84
71 86
71 88
71 89
71 94
71 95
71 96
71 97
71 100
71 101
71 102
71 103
71 104
71 106
71 108
71 109
71 111
71 113
71 114
71 115
71 117
71 118
71 119
71 120
71 121
71 122
71 126
71 127
71 129
71 130
71 131
71 132
71 133
71 134
71 135
71 139
71 141
71 143
71 145
71 147
71 150
71 151
71 153
71 154
71 155
71 157
71 158
71 161
72 73
72 74
72 75
72 77
72 79
72 81
72 82
72 84
72 85
72 87
72 88
72 89
72 90
72 91
72 92
72 93
72 94
72 95
72 97
72 98
72 99
72 100
72 101
72 102
72 103
72 105
72 106
72 107
72 108
72 112
72 113
72 114
72 115
72 117
72 118
72 119
72 125
72 126
72 127
72 129
72 130
72 131
72 132
72 133
72 134
72 136
72 137
72 138
72 139
72 140
72 142
72 143
72 146
72 147
72 148
72 150
72 151
72 152
72 153
72 154
72 157
72 158
72 160
72 161
73 74
73 76
73 79
73 80
73 83
73 84
73 86
73 87
73 88
73 89
73 90
73 91
73 93
73 97
73 99
73 101
73 105
73 106
73 109
73 110
73 111
73 112
73 114
73 116
73 117
73 118
73 125
73 126
73 129
73 130
73 131
73 133
73 134
73 135
73 136
73 137
73 138
73 139
73 141
73 142
73 143
73 145
73 146
73 147
73 149
73 151
73 152
73 153
73 154
73 160
73 161
74 75
74 76
74 78
74 79
74 80
74 81
74 84
74 85
74 89
74 90
74 92
74 94
74 95
74 96
74 97
74 98
74 99
74 100
74 101
74 102
74 103
74 104
74 105
74 106
74 107
74 108
74 109
74 110
74 112
74 113
74 114
74 115
74 116
74 117
74 118
74 123
74 125
74 126
74 129
74 130
74 131
74 134
74 135
74 136
74 137
74 138
74 139
74 141
74 142
74 143
74 145
74 146
74 147
74 148
74 149
74 150
74 151
74 152
74 153
74 154
74 155
74 156
74 157
74 158
74 160
74 161
75 79
75 81
75 82
75 83
75 84
75 87
75 88
75 89
75 92
75 94
75 98
75 100
75 102
75 105
75 108
75 109
75 111
75 112
75 113
75 114
75 115
75 116
75 118
75 122
75 124
75 125
75 126
75 127
75 130
75 131
75 133
75 134
75 136
75 138
75 140
75 141
75 142
75 143
75 145
75 146
75 147
75 148
75 149
75 150
75 151
75 152
75 153
75 154
75 155
75 156
75 157
75 160
75 161
76 77
76 79
76 80
76 85
76 87
76 89
76 92
76 93
76 94
76 97
76 98
76 100
76 102
76 103
76 106
76 108
76 109
76 112
76 113
76 114
76 115
76 117
76 118
76 125
76 131
76 133
76 135
76 137
76 141
76 145
76 146
76 151
76 154
76 157
76 158
76 160
77 78
77 79
77 85
77 89
77 90
77 91
77 92
77 93
77 94
77 96
77 97
77 99
77 100
77 101
77 102
77 105
77 106
77 107
77 108
77 109
77 113
77 114
77 117
77 118
77 122
77 125
77 126
77 132
77 133
77 135
77 136
77 137
77 138
77 140
77 142
77 143
77 145
77 146
77 147
77 148
77 149
77 150
77 151
77 152
77 154
77 157
77 158
77 159
77 160
77 161
78 85
78 94
78 102
78 105
78 107
78 115
78 117
78 120
78 129
78 130
78 133
78 142
78 145
78 151
78 153
78 157
79 80
79 81
79 83
79 84
79 86
79 87
79 88
79 89
79 90
79 94
79 95
79 96
79 97
79 99
79 100
79 101
79 102
79 103
79 104
79 105
79 106
79 107
79 108
79 109
79 111
79 114
79 115
79 116
79 117
79 118
79 119
79 125
79 126
79 127
79 129
79 130
79 131
79 132
79 133
79 134
79 135
79 136
79 137
79 138
79 139
79 140
79 142
79 143
79 144
79 145
79 147
79 148
79 150
79 151
79 152
79 153
79 154
79 155
79 157
79 158
80 82
80 84
80 85
80 86
80 87
80 93
80 94
80 95
80 96
80 101
80 102
80 103
80 104
80 105
80 106
80 108
80 109
80 110
80 111
80 112
80 113
80 114
80 116
80 118
80 119
80 125
80 127
80 129
80 130
80 131
80 134
80 135
80 137
80 138
80 139
80 142
80 143
80 144
80 149
80 150
80 152
80 154
80 155
80 159
80 160
81 86
81 93
81 94
81 96
81 97
81 99
81 100
81 101
81 102
81 109
81 114
81 115
81 118
81 125
81 131
81 133
81 138
81 140
81 150
81 151
81 152
82 83
82 84
82 87
82 88
82 89
82 94
82 100
82 101
82 102
82 103
82 105
82 109
82 111
82 112
82 113
82 114
82 116
82 117
82 121
82 129
82 130
82 131
82 133
82 136
82 137
82 138
82 139
82 147
82 149
82 150
82 151
82 155
82 157
82 158
82 159
82 161
83 84
83 86
83 91
83 92
83 94
83 98
83 99
83 100
83 101
83 102
83 103
83 105
83 106
83 107
83 108
83 112
83 113
83 114
83 115
83 116
83 117
83 118
83 125
83 126
83 128
83 133
83 134
83 137
83 138
83 139
83 146
83 148
83 150
83 151
83 152
83 153
83 154
83 161
84 85
84 89
84 90
84 91
84 94
84 96
84 97
84 98
84 99
84 100
84 101
84 102
84 103
84 106
84 107
84 108
84 109
84 111
84 112
84 113
84 114
84 115
84 116
84 117
84 118
84 119
84 125
84 127
84 129
84 130
84 133
84 134
84 136
84 138
84 139
84 142
84 145
84 146
84 147
84 150
84 151
84 152
84 153
84 154
84 155
84 157
84 159
84 161
85 86
85 89
85 94
85 97
85 101
85 109
85 112
85 113
85 115
85 117
85 118
85 129
85 131
85 134
85 135
85 137
85 138
85 143
85 145
85 146
85 148
85 149
85 151
85 152
85 153
85 154
85 155
85 158
85 161
86 87
86 90
86 91
86 94
86 96
86 97
86 98
86 101
86 105
86 106
86 107
86 108
86 112
86 113
86 114
86 115
86 117
86 121
86 124
86 125
86 126
86 129
86 130
86 131
86 134
86 135
86 137
86 138
86 139
86 142
86 146
86 149
86 150
86 152
86 154
86 155
86 159
86 161
87 89
87 97
87 99
87 101
87 106
87 107
87 108
87 109
87 111
87 112
87 115
87 116
87 117
87 118
87 125
87 129
87 132
87 133
87 135
87 136
87 138
87 139
87 141
87 142
87 146
87 148
87 150
87 152
87 153
87 154
87 157
87 158
87 161
88 89
88 91
88 93
88 94
88 95
88 97
88 98
88 101
88 102
88 103
88 105
88 107
88 108
88 110
88 112
88 113
88 119
88 121
88 126
88 129
88 131
88 133
88 135
88 137
88 138
88 139
88 142
88 145
88 147
88 151
88 152
88 153
88 154
88 157
88 158
88 160
89 91
89 92
89 93
89 94
89 97
89 98
89 99
89 101
89 102
89 103
89 105
89 106
89 108
89 109
89 110
89 112
89 113
89 115
89 116
89 117
89 118
89 119
89 120
89 123
89 125
89 126
89 127
89 128
89 129
89 130
89 131
89 133
89 134
89 135
89 136
89 137
89 138
89 139
89 140
89 141
89 142
89 144
89 145
89 146
89 147
89 148
89 149
89 150
89 151
89 152
89 153
89 154
89 155
89 157
89 158
89 160
89 161
90 93
90 101
90 109
90 113
90 114
90 118
90 131
90 134
90 137
90 147
90 149
90 152
90 154
90 158
90 160
91 94
91 98
91 103
91 106
91 108
91 112
91 113
91 114
91 115
91 117
91 118
91 125
91 131
91 133
91 137
91 138
91 141
91 142
91 145
91 147
91 148
91 150
91 151
91 152
91 154
91 157
91 158
91 161
92 94
92 101
92 102
92 103
92 104
92 105
92 106
92 108
92 109
92 111
92 112
92 114
92 115
92 116
92 122
92 125
92 127
92 129
92 131
92 133
92 134
92 138
92 139
92 142
92 152
92 153
92 154
92 157
92 158
92 159
92 160
92 161
93 94
93 97
93 98
93 101
93 102
93 105
93 109
93 111
93 112
93 113
93 114
93 115
93 116
93 117
93 121
93 122
93 124
93 125
93 126
93 127
93 129
93 131
93 133
93 134
93 137
93 138
93 139
93 145
93 150
93 152
93 153
93 154
93 157
93 158
93 159
93 160
94 95
94 96
94 98
94 100
94 101
94 102
94 103
94 104
94 105
94 108
94 109
94 111
94 112
94 113
94 114
94 115
94 116
94 117
94 118
94 121
94 125
94 126
94 127
94 128
94 129
94 130
94 131
94 132
94 133
94 134
94 135
94 136
94 137
94 138
94 139
94 141
94 142
94 143
94 145
94 146
94 147
94 149
94 150
94 151
94 152
94 153
94 154
94 155
94 157
94 158
94 160
94 161
95 97
95 98
95 101
95 102
95 106
95 109
95 114
95 115
95 118
95 119
95 126
95 127
95 128
95 129
95 130
95 131
95 133
95 134
95 136
95 137
95 145
95 146
95 149
95 153
95 154
95 159
95 160
95 161
96 98
96 101
96 106
96 107
96 109
96 114
96 115
96 117
96 125
96 133
96 134
96 135
96 141
96 142
96 145
96 149
96 150
96 151
96 159
97 98
97 99
97 101
97 102
97 104
97 105
97 106
97 107
97 108
97 109
97 111
97 112
97 114
97 115
97 116
97 117
97 122
97 125
97 126
97 127
97 129
97 130
97 135
97 136
97 137
97 138
97 139
97 140
97 142
97 143
97 146
97 147
97 148
97 150
97 151
97 152
97 154
97 157
97 158
97 159
97 160
98 100
98 101
98 105
98 106
98 107
98 108
98 116
98 117
98 118
98 127
98 129
98 131
98 133
98 137
98 138
98 139
98 140
98 141
98 145
98 147
98 148
98 150
98 151
98 152
98 155
98 158
98 161
99 101
99 106
99 108
99 112
99 113
99 116
99 117
99 119
99 125
99 126
99 128
99 129
99 130
99 131
99 133
99 134
99 135
99 136
99 137
99 141
99 144
99 145
99 146
99 147
99 151
99 153
99 154
99 157
99 158
99 159
99 161
100 102
100 104
100 105
100 106
100 109
100 114
100 115
100 117
100 118
100 119
100 125
100 128
100 130
100 131
100 133
100 136
100 137
100 138
100 139
100 140
100 142
100 146
100 147
100 148
100 149
100 152
100 154
100 158
101 102
101 103
101 105
101 106
101 108
101 109
101 110
101 112
101 113
101 114
101 115
101 116
101 117
101 118
101 119
101 124
101 125
101 127
101 128
101 129
101 131
101 132
101 133
101 134
101 136
101 137
101 138
101 140
101 141
101 142
101 143
101 144
101 145
101 146
101 147
101 148
101 149
101 151
101 152
101 153
101 154
101 155
101 157
101 158
101 159
102 104
102 105
102 106
102 108
102 109
102 111
102 112
102 113
102 114
102 115
102 117
102 118
102 119
102 124
102 126
102 129
102 130
102 131
102 133
102 134
102 135
102 136
102 137
102 138
102 139
102 141
102 142
102 143
102 147
102 148
102 150
102 152
102 153
102 154
102 157
102 158
102 159
102 160
102 161
103 106
103 107
103 111
103 113
103 114
103 115
103 117
103 118
103 126
103 129
103 130
103 133
103 136
103 137
103 138
103 139
103 143
103 145
103 146
103 150
103 151
103 152
103 153
103 154
103 157
103 158
103 161
104 105
104 106
104 107
104 108
104 109
104 112
104 113
104 114
104 115
104 118
104 124
104 129
104 130
104 131
104 134
104 137
104 138
104 139
104 143
104 145
104 146
104 147
104 148
104 150
104 152
104 154
104 157
105 106
105 107
105 108
105 112
105 113
105 116
105 118
105 126
105 127
105 128
105 129
105 132
105 133
105 134
105 137
105 138
105 139
105 147
105 149
105 150
105 151
105 152
105 154
105 155
105 158
105 159
106 107
106 108
106 109
106 111
106 112
106 113
106 114
106 115
106 117
106 118
106 119
106 124
106 125
106 126
106 127
106 128
106 129
106 130
106 131
106 133
106 134
106 135
106 137
106 138
106 139
106 140
106 141
106 142
106 143
106 144
106 145
106 146
106 147
106 148
106 149
106 150
106 151
106 152
106 153
106 158
106 161
107 108
107 110
107 112
107 114
107 115
107 116
107 117
107 118
107 125
107 129
107 130
107 131
107 133
107 134
107 137
107 138
107 139
107 140
107 141
107 142
107 146
107 147
107 148
107 149
107 150
107 152
107 153
107 154
107 155
107 157
107 158
107 161
108 109
108 110
108 111
108 112
108 115
108 116
108 117
108 118
108 120
108 122
108 124
108 125
108 126
108 127
108 129
108 130
108 131
108 133
108 134
108 135
108 136
108 137
108 138
108 139
108 140
108 141
108 142
108 145
108 146
108 147
108 148
108 149
108 150
108 151
108 152
108 153
108 154
108 155
108 157
108 158
108 159
108 161
109 111
109 112
109 114
109 117
109 118
109 122
109 124
109 125
109 127
109 129
109 131
109 133
109 135
109 136
109 137
109 138
109 139
109 140
109 141
109 142
109 143
109 147
109 148
109 152
109 154
109 155
109 158
109 160
110 114
110 116
110 125
110 129
110 131
110 133
110 137
110 139
110 141
110 142
110 144
110 146
110 147
110 150
110 151
110 153
110 156
110 159
110 161
111 112
111 114
111 115
111 117
111 118
111 123
111 125
111 129
111 130
111 131
111 133
111 134
111 135
111 137
111 138
111 142
111 143
111 144
111 145
111 148
111 150
111 151
111 152
111 153
111 154
111 155
111 157
112 113
112 114
112 115
112 116
112 118
112 119
112 125
112 126
112 127
112 128
112 129
112 130
112 131
112 133
112 134
112 137
112 138
112 139
112 141
112 142
112 143
112 144
112 145
112 146
112 147
112 150
112 151
112 152
112 153
112 154
112 155
112 156
112 157
112 158
112 159
112 160
112 161
113 114
113 115
113 117
113 118
113 125
113 126
113 127
113 129
113 131
113 133
113 134
113 135
113 136
113 137
113 138
113 139
113 140
113 142
113 143
113 145
113 146
113 147
113 150
113 151
113 152
113 154
113 157
113 158
113 161
114 115
114 116
114 117
114 118
114 120
114 121
114 123
114 125
114 126
114 127
114 128
114 129
114 130
114 131
114 133
114 134
114 136
114 137
114 138
114 139
114 140
114 141
114 142
114 143
114 144
114 145
114 147
114 148
114 149
114 151
114 152
114 153
114 154
114 155
114 158
114 159
114 160
114 161
115 116
115 117
115 118
115 120
115 125
115 126
115 127
115 129
115 130
115 131
115 133
115 134
115 135
115 136
115 137
115 138
115 142
115 145
115 146
115 147
115 148
115 149
115 150
115 151
115 152
115 153
115 154
115 155
115 156
115 157
115 158
115 159
116 117
116 118
116 120
116 121
116 125
116 126
116 127
116 129
116 131
116 133
116 135
116 137
116 138
116 139
116 142
116 145
116 150
116 151
116 152
116 158
116 161
117 118
117 120
117 124
117 125
117 129
117 130
117 131
117 133
117 134
117 135
117 137
117 138
117 141
117 142
117 143
117 146
117 148
117 149
117 150
117 152
117 153
117 154
117 156
117 158
117 160
117 161
118 119
118 122
118 123
118 124
118 125
118 127
118 128
118 129
118 130
118 133
118 134
118 135
118 136
118 139
118 141
118 142
118 145
118 147
118 148
118 149
118 150
118 151
118 152
118 153
118 154
118 156
118 157
118 158
118 160
118 161
119 123
119 125
119 129
119 133
119 134
119 141
119 142
119 146
119 150
119 151
119 154
119 157
119 160
120 121
120 133
120 138
120 140
120 141
120 147
120 150
120 152
120 154
120 158
120 161
121 128
121 131
121 134
121 143
121 147
121 150
121 152
121 154
121 155
121 159
122 126
122 129
122 137
122 142
122 146
122 152
122 154
122 159
123 133
123 137
123 138
123 141
123 142
123 151
123 152
123 154
123 158
124 125
124 129
124 131
124 134
124 138
124 141
124 152
124 154
124 161
125 126
125 127
125 129
125 130
125 131
125 133
125 134
125 135
125 137
125 138
125 139
125 140
125 141
125 142
125 147
125 149
125 150
125 151
125 152
125 153
125 154
125 155
125 158
125 159
125 161
126 130
126 131
126 133
126 134
126 139
126 140
126 143
126 145
126 146
126 147
126 148
126 149
126 151
126 152
126 153
126 154
126 157
126 158
126 161
127 129
127 131
127 133
127 135
127 137
127 138
127 141
127 142
127 143
127 146
127 147
127 149
127 157
127 161
128 129
128 130
128 137
128 146
128 147
128 149
128 153
128 157
128 158
129 130
129 131
129 132
129 133
129 134
129 135
129 137
129 138
129 141
129 142
129 143
129 144
129 145
129 146
129 147
129 149
129 150
129 151
129 152
129 154
129 155
129 156
129 157
129 158
129 159
129 160
129 161
130 134
130 136
130 137
130 138
130 140
130 142
130 145
130 147
130 150
130 151
130 152
130 153
130 154
130 161
131 132
131 134
131 135
131 137
131 138
131 139
131 140
131 141
131 142
131 143
131 145
131 146
131 147
131 148
131 149
131 150
131 151
131 152
131 153
131 154
131 156
131 157
131 158
131 160
131 161
132 133
132 134
132 138
132 141
132 147
132 148
132 153
132 154
132 161
133 134
133 136
133 137
133 138
133 139
133 141
133 142
133 143
133 145
133 146
133 147
133 148
133 150
133 151
133 152
133 153
133 154
133 155
133 158
133 159
133 160
134 135
134 136
134 138
134 139
134 141
134 142
134 143
134 145
134 146
134 147
134 148
134 149
134 150
134 151
134 152
134 153
134 154
134 155
134 159
134 161
135 137
135 139
135 142
135 143
135 145
135 146
135 147
135 151
135 152
135 153
135 154
135 158
135 159
135 160
136 141
136 146
136 147
136 149
136 150
136 151
136 152
136 153
136 154
136 157
136 159
136 160
137 138
137 139
137 141
137 142
137 143
137 145
137 146
137 147
137 148
137 150
137 151
137 152
137 153
137 154
137 156
137 157
137 158
137 160
137 161
138 139
138 140
138 142
138 143
138 145
138 146
138 147
138 148
138 149
138 150
138 151
138 152
138 153
138 155
138 157
138 158
138 159
138 160
138 161
139 141
139 143
139 145
139 146
139 147
139 149
139 150
139 151
139 152
139 153
139 154
139 158
139 160
140 142
140 146
140 147
140 153
140 154
140 158
140 161
141 142
141 143
141 149
141 150
141 152
141 154
141 158
141 161
142 143
142 144
142 145
142 146
142 147
142 149
142 150
142 151
142 152
142 153
142 154
142 156
142 157
142 158
142 159
142 160
142 161
143 146
143 147
143 150
143 152
143 155
143 157
143 158
143 161
144 151
144 152
145 146
145 147
145 151
145 152
145 154
145 157
145 159
146 147
146 148
146 149
146 150
146 151
146 152
146 153
146 154
146 155
146 157
146 158
146 160
147 151
147 152
147 153
147 155
147 157
147 158
147 160
148 149
148 158
149 150
149 151
149 154
149 155
149 157
149 159
149 160
149 161
150 151
150 152
150 153
150 154
150 157
150 158
150 160
151 152
151 153
151 154
151 155
151 156
151 157
151 160
151 161
152 153
152 154
152 155
152 157
152 158
152 160
152 161
153 154
153 157
153 158
153 159
153 160
153 161
154 155
154 156
154 157
154 159
154 161
156 158
156 159
157 158
157 159
157 161
158 161
159 161
160 161
