0 4
0 6
0 9
0 11
0 12
0 13
0 14
0 18
0 19
0 21
0 23
0 24
0 25
0 26
0 30
0 31
0 32
0 35
0 40
0 41
0 44
0 45
0 46
0 49
0 51
0 52
0 54
0 56
0 58
0 62
0 64
0 65
0 66
0 68
0 69
0 70
0 74
0 75
0 76
0 77
0 79
0 80
0 84
0 89
0 90
0 92
0 94
0 95
0 97
0 99
0 100
0 101
0 102
0 103
0 105
0 106
0 108
0 111
0 113
0 114
0 115
0 117
0 120
0 131
0 133
0 134
0 138
0 139
0 141
0 144
0 146
0 147
0 152
0 154
0 155
0 158
0 160
1 4
1 7
1 8
1 9
1 10
1 12
1 14
1 19
1 22
1 26
1 29
1 30
1 32
1 35
1 37
1 38
1 39
1 40
1 42
1 43
1 46
1 48
1 49
1 51
1 54
1 56
1 61
1 63
1 67
1 68
1 70
1 71
1 72
1 74
1 76
1 79
1 86
1 87
1 89
1 90
1 91
1 92
1 93
1 94
1 95
1 97
1 101
1 102
1 103
1 105
1 106
1 109
1 111
1 112
1 113
1 114
1 115
1 116
1 118
1 119
1 125
1 128
1 129
1 130
1 131
1 133
1 134
1 138
1 142
1 145
1 147
1 148
1 152
1 153
1 155
1 157
1 158
1 160
2 4
2 6
2 8
2 10
2 11
2 12
2 13
2 17
2 19
2 21
2 22
2 25
2 26
2 30
2 36
2 37
2 39
2 44
2 45
2 51
2 54
2 67
2 70
2 73
2 74
2 75
2 79
2 81
2 84
2 88
2 95
2 97
2 100
2 102
2 109
2 113
2 114
2 115
2 117
2 124
2 129
2 131
2 133
2 145
2 146
2 147
2 148
2 150
2 151
2 152
3 7
3 11
3 13
3 14
3 19
3 21
3 22
3 25
3 31
3 37
3 40
3 42
3 49
3 51
3 53
3 54
3 56
3 59
3 64
3 66
3 67
3 68
3 69
3 70
3 71
3 74
3 76
3 81
3 82
3 84
3 86
3 87
3 90
3 92
3 101
3 102
3 103
3 106
3 107
3 109
3 111
3 114
3 115
3 116
3 122
3 125
3 126
3 127
3 131
3 133
3 134
3 139
3 142
3 147
3 150
3 152
3 154
3 157
3 158
3 161
4 6
4 7
4 8
4 9
4 10
4 11
4 13
4 15
4 16
4 18
4 19
4 20
4 21
4 22
4 23
4 25
4 26
4 29
4 30
4 31
4 32
4 35
4 37
4 38
4 41
4 43
4 45
4 46
4 48
4 51
4 52
4 53
4 54
4 55
4 56
4 58
4 59
4 61
4 63
4 64
4 65
4 67
4 68
4 69
4 70
4 71
4 72
4 74
4 75
4 76
4 77
4 79
4 80
4 83
4 84
4 87
4 88
4 89
4 90
4 91
4 92
4 93
4 94
4 95
4 97
4 98
4 99
4 101
4 102
4 103
4 106
4 107
4 108
4 109
4 111
4 113
4 114
4 115
4 117
4 118
4 119
4 123
4 125
4 126
4 127
4 128
4 129
4 130
4 131
4 132
4 134
4 135
4 136
4 137
4 138
4 139
4 142
4 143
4 145
4 146
4 148
4 149
4 150
4 151
4 152
4 153
4 154
4 157
4 158
4 161
5 6
5 9
5 11
5 13
5 14
5 16
5 20
5 23
5 28
5 31
5 38
5 40
5 44
5 45
5 46
5 48
5 49
5 50
5 51
5 52
5 53
5 63
5 64
5 65
5 66
5 69
5 70
5 71
5 72
5 75
5 77
5 79
5 80
5 81
5 85
5 86
5 94
5 97
5 110
5 113
5 115
5 119
5 126
5 127
5 129
5 131
5 133
5 134
5 138
5 141
5 145
5 146
5 148
5 149
5 151
5 152
5 159
6 7
6 11
6 12
6 13
6 15
6 16
6 18
6 19
6 20
6 21
6 24
6 26
6 27
6 28
6 31
6 32
6 34
6 36
6 38
6 39
6 40
6 41
6 42
6 43
6 44
6 45
6 46
6 48
6 49
6 50
6 51
6 52
6 53
6 54
6 55
6 56
6 58
6 59
6 61
6 62
6 63
6 64
6 65
6 66
6 67
6 68
6 69
6 70
6 71
6 72
6 73
6 74
6 75
6 76
6 77
6 79
6 80
6 83
6 84
6 86
6 87
6 89
6 90
6 93
6 94
6 95
6 97
6 98
6 99
6 101
6 104
6 105
6 106
6 108
6 109
6 111
6 112
6 113
6 116
6 117
6 118
6 119
6 123
6 125
6 126
6 127
6 129
6 131
6 133
6 134
6 135
6 136
6 137
6 138
6 139
6 141
6 142
6 143
6 145
6 146
6 147
6 150
6 151
6 152
6 153
6 154
6 155
6 157
6 158
6 161
7 8
7 9
7 10
7 11
7 14
7 18
7 19
7 20
7 21
7 22
7 24
7 25
7 26
7 27
7 29
7 30
7 31
7 32
7 34
7 35
7 36
7 38
7 40
7 42
7 44
7 49
7 50
7 51
7 53
7 54
7 55
7 58
7 59
7 60
7 62
7 63
7 64
7 65
7 66
7 67
7 68
7 69
7 70
7 71
7 72
7 74
7 75
7 76
7 77
7 78
7 79
7 80
7 82
7 83
7 84
7 85
7 86
7 88
7 89
7 90
7 91
7 92
7 93
7 94
7 95
7 97
7 98
7 99
7 100
7 101
7 102
7 103
7 104
7 105
7 106
7 107
7 108
7 109
7 111
7 112
7 113
7 114
7 115
7 117
7 118
7 119
7 120
7 122
7 125
7 126
7 128
7 129
7 130
7 131
7 132
7 133
7 134
7 135
7 136
7 137
7 138
7 139
7 141
7 142
7 143
7 145
7 146
7 147
7 149
7 150
7 151
7 152
7 153
7 154
7 156
7 158
7 159
7 161
8 9
8 13
8 14
8 16
8 19
8 20
8 21
8 26
8 36
8 38
8 45
8 49
8 51
8 54
8 56
8 58
8 62
8 64
8 65
8 66
8 68
8 69
8 72
8 73
8 74
8 76
8 87
8 93
8 96
8 97
8 98
8 101
8 102
8 103
8 107
8 108
8 112
8 114
8 116
8 117
8 118
8 119
8 127
8 129
8 133
8 136
8 138
8 139
8 142
8 147
8 148
8 150
8 152
8 157
8 158
9 10
9 12
9 13
9 14
9 15
9 16
9 18
9 19
9 21
9 25
9 26
9 28
9 30
9 31
9 32
9 34
9 35
9 37
9 40
9 43
9 44
9 45
9 46
9 47
9 48
9 49
9 50
9 51
9 52
9 53
9 54
9 55
9 56
9 59
9 61
9 64
9 65
9 67
9 68
9 69
9 70
9 72
9 73
9 74
9 76
9 79
9 80
9 84
9 87
9 88
9 89
9 90
9 91
9 93
9 94
9 95
9 96
9 97
9 99
9 100
9 102
9 103
9 106
9 107
9 108
9 109
9 110
9 111
9 114
9 115
9 117
9 118
9 125
9 126
9 128
9 129
9 133
9 134
9 137
9 139
9 142
9 143
9 144
9 145
9 147
9 148
9 150
9 151
9 152
9 154
9 158
9 160
10 13
10 14
10 19
10 23
10 24
10 25
10 26
10 32
10 34
10 36
10 37
10 38
10 40
10 44
10 45
10 46
10 48
10 49
10 51
10 57
10 59
10 61
10 63
10 65
10 68
10 70
10 71
10 72
10 73
10 74
10 75
10 77
10 79
10 80
10 84
10 85
10 88
10 89
10 90
10 93
10 95
10 97
10 99
10 101
10 102
10 103
10 105
10 106
10 108
10 113
10 116
10 117
10 118
10 124
10 128
10 129
10 130
10 131
10 133
10 134
10 136
10 137
10 138
10 141
10 142
10 145
10 146
10 147
10 151
10 152
10 155
10 157
10 158
11 13
11 14
11 15
11 18
11 19
11 20
11 21
11 22
11 23
11 25
11 26
11 29
11 30
11 31
11 32
11 34
11 35
11 40
11 41
11 44
11 46
11 48
11 49
11 50
11 51
11 52
11 53
11 54
11 55
11 56
11 58
11 61
11 63
11 64
11 65
11 66
11 67
11 68
11 69
11 70
11 71
11 72
11 73
11 74
11 75
11 76
11 79
11 81
11 87
11 89
11 91
11 93
11 94
11 95
11 97
11 98
11 99
11 101
11 102
11 103
11 104
11 106
11 107
11 108
11 109
11 110
11 111
11 112
11 113
11 115
11 116
11 117
11 118
11 123
11 126
11 127
11 128
11 129
11 130
11 131
11 132
11 133
11 134
11 135
11 137
11 138
11 139
11 140
11 141
11 142
11 143
11 145
11 146
11 147
11 151
11 152
11 153
11 154
11 155
11 156
11 157
11 158
11 159
11 161
12 13
12 14
12 19
12 21
12 24
12 26
12 30
12 34
12 35
12 36
12 38
12 40
12 41
12 42
12 43
12 44
12 45
12 47
12 49
12 50
12 54
12 55
12 56
12 58
12 59
12 61
12 63
12 64
12 68
12 69
12 70
12 71
12 72
12 73
12 76
12 79
12 80
12 83
12 87
12 88
12 89
12 100
12 101
12 103
12 106
12 109
12 112
12 114
12 116
12 117
12 118
12 122
12 125
12 126
12 130
12 131
12 134
12 135
12 136
12 141
12 142
12 147
12 148
12 152
12 155
12 156
12 158
13 14
13 18
13 21
13 28
13 30
13 31
13 32
13 33
13 34
13 35
13 40
13 41
13 42
13 43
13 44
13 45
13 49
13 50
13 51
13 52
13 53
13 54
13 58
13 60
13 63
13 64
13 65
13 66
13 67
13 68
13 69
13 70
13 72
13 73
13 76
13 79
13 82
13 83
13 85
13 86
13 87
13 89
13 92
13 97
13 99
13 102
13 105
13 106
13 108
13 109
13 112
13 113
13 115
13 117
13 120
13 126
13 129
13 130
13 133
13 134
13 139
13 142
13 143
13 145
13 146
13 150
13 152
13 154
13 159
13 161
14 15
14 18
14 19
14 20
14 21
14 23
14 24
14 25
14 26
14 27
14 28
14 29
14 30
14 31
14 32
14 33
14 35
14 36
14 37
14 38
14 39
14 40
14 42
14 43
14 44
14 45
14 46
14 48
14 49
14 50
14 51
14 52
14 53
14 54
14 55
14 56
14 57
14 58
14 59
14 61
14 62
14 63
14 64
14 65
14 66
14 67
14 68
14 69
14 70
14 71
14 72
14 73
14 74
14 75
14 76
14 77
14 78
14 79
14 80
14 81
14 82
14 83
14 84
14 85
14 86
14 87
14 88
14 89
14 91
14 94
14 95
14 97
14 98
14 99
14 100
14 101
14 102
14 103
14 104
14 105
14 106
14 107
14 109
14 111
14 112
14 113
14 114
14 115
14 116
14 117
14 118
14 119
14 120
14 121
14 122
14 123
14 124
14 125
14 126
14 127
14 129
14 130
14 131
14 133
14 134
14 136
14 137
14 138
14 139
14 140
14 141
14 142
14 143
14 146
14 147
14 148
14 149
14 150
14 151
14 152
14 153
14 154
14 155
14 157
14 158
14 159
14 160
14 161
15 16
15 19
15 21
15 25
15 26
15 31
15 32
15 36
15 37
15 38
15 39
15 43
15 44
15 49
15 50
15 51
15 52
15 54
15 55
15 56
15 61
15 62
15 63
15 64
15 65
15 66
15 67
15 68
15 69
15 70
15 71
15 72
15 73
15 75
15 77
15 78
15 79
15 80
15 81
15 82
15 85
15 86
15 91
15 94
15 96
15 97
15 98
15 100
15 101
15 102
15 104
15 105
15 106
15 108
15 110
15 114
15 115
15 117
15 118
15 119
15 123
15 125
15 129
15 133
15 134
15 135
15 137
15 140
15 141
15 142
15 147
15 149
15 150
15 152
15 157
15 158
15 161
16 19
16 22
16 26
16 30
16 31
16 34
16 35
16 37
16 38
16 39
16 50
16 56
16 59
16 61
16 64
16 67
16 69
16 70
16 72
16 73
16 74
16 75
16 79
16 86
16 89
16 96
16 97
16 108
16 111
16 112
16 114
16 115
16 116
16 128
16 129
16 133
16 134
16 137
16 138
16 139
16 142
16 149
16 152
16 154
16 155
16 158
17 22
17 24
17 25
17 35
17 37
17 38
17 45
17 50
17 52
17 55
17 56
17 61
17 62
17 64
17 68
17 73
17 74
17 101
17 105
17 112
17 126
17 131
17 135
17 157
17 161
18 19
18 26
18 28
18 29
18 30
18 31
18 32
18 34
18 35
18 38
18 39
18 44
18 49
18 50
18 51
18 53
18 54
18 56
18 58
18 64
18 66
18 67
18 68
18 72
18 73
18 74
18 75
18 79
18 83
18 84
18 87
18 90
18 92
18 94
18 98
18 101
18 102
18 104
18 106
18 107
18 108
18 109
18 111
18 112
18 113
18 115
18 116
18 117
18 118
18 119
18 127
18 129
18 130
18 131
18 133
18 134
18 136
18 137
18 138
18 142
18 145
18 147
18 151
18 152
18 154
18 157
18 158
18 161
19 20
19 21
19 22
19 24
19 25
19 26
19 28
19 29
19 30
19 31
19 32
19 35
19 36
19 37
19 38
19 40
19 42
19 43
19 44
19 45
19 46
19 49
19 50
19 51
19 52
19 54
19 55
19 57
19 59
19 61
19 63
19 64
19 65
19 66
19 67
19 69
19 70
19 71
19 72
19 73
19 74
19 75
19 76
19 77
19 78
19 79
19 80
19 82
19 83
19 84
19 85
19 86
19 87
19 88
19 89
19 90
19 91
19 92
19 93
19 94
19 95
19 98
19 100
19 101
19 102
19 103
19 104
19 106
19 107
19 108
19 109
19 114
19 116
19 118
19 119
19 125
19 126
19 127
19 128
19 129
19 131
19 132
19 133
19 134
19 135
19 137
19 138
19 139
19 140
19 142
19 143
19 145
19 146
19 147
19 148
19 150
19 151
19 152
19 153
19 154
19 157
19 158
19 159
19 161
20 22
20 24
20 25
20 28
20 29
20 31
20 32
20 39
20 40
20 42
20 49
20 50
20 56
20 59
20 61
20 64
20 65
20 68
20 70
20 71
20 72
20 77
20 79
20 80
20 84
20 88
20 89
20 90
20 93
20 94
20 96
20 97
20 101
20 102
20 109
20 116
20 117
20 125
20 131
20 133
20 136
20 138
20 142
20 149
20 151
20 152
20 161
21 24
21 25
21 26
21 27
21 28
21 29
21 30
21 31
21 32
21 33
21 34
21 35
21 36
21 37
21 38
21 40
21 44
21 45
21 47
21 49
21 50
21 51
21 52
21 53
21 54
21 56
21 59
21 62
21 63
21 64
21 65
21 66
21 67
21 68
21 69
21 70
21 71
21 72
21 73
21 74
21 75
21 76
21 79
21 80
21 81
21 82
21 84
21 85
21 86
21 88
21 89
21 90
21 91
21 92
21 93
21 94
21 98
21 99
21 100
21 101
21 102
21 103
21 104
21 105
21 106
21 108
21 109
21 110
21 111
21 112
21 114
21 115
21 116
21 117
21 118
21 124
21 125
21 126
21 129
21 131
21 132
21 133
21 134
21 135
21 136
21 137
21 139
21 140
21 141
21 142
21 144
21 145
21 146
21 147
21 148
21 150
21 151
21 152
21 154
21 155
21 156
21 158
21 159
21 161
22 24
22 29
22 30
22 31
22 32
22 34
22 35
22 40
22 43
22 44
22 49
22 51
22 55
22 56
22 57
22 58
22 64
22 65
22 66
22 67
22 70
22 72
22 73
22 74
22 77
22 78
22 79
22 80
22 83
22 85
22 86
22 88
22 89
22 91
22 97
22 101
22 102
22 104
22 109
22 113
22 117
22 121
22 133
22 134
22 145
22 147
22 151
22 154
22 158
22 161
23 32
23 34
23 40
23 52
23 54
23 56
23 64
23 67
23 68
23 69
23 70
23 72
23 76
23 89
23 91
23 98
23 99
23 102
23 105
23 106
23 111
23 114
23 115
23 117
23 118
23 125
23 126
23 128
23 131
23 134
23 135
23 137
23 141
23 142
23 143
23 145
23 146
23 147
23 148
23 153
23 157
23 158
23 161
24 26
24 31
24 32
24 33
24 36
24 40
24 42
24 46
24 49
24 50
24 51
24 54
24 56
24 61
24 62
24 63
24 64
24 65
24 69
24 70
24 72
24 73
24 74
24 75
24 79
24 80
24 84
24 86
24 89
24 90
24 93
24 94
24 100
24 102
24 109
24 110
24 111
24 113
24 114
24 117
24 118
24 122
24 124
24 125
24 127
24 130
24 131
24 133
24 139
24 141
24 142
24 147
24 148
24 152
24 154
24 157
24 158
25 29
25 30
25 31
25 32
25 34
25 35
25 36
25 37
25 38
25 42
25 45
25 46
25 49
25 51
25 54
25 55
25 57
25 58
25 59
25 63
25 64
25 65
25 66
25 67
25 69
25 70
25 71
25 72
25 73
25 74
25 75
25 79
25 80
25 82
25 84
25 87
25 89
25 90
25 94
25 98
25 100
25 101
25 102
25 103
25 105
25 106
25 107
25 108
25 109
25 110
25 113
25 114
25 117
25 118
25 120
25 121
25 124
25 125
25 129
25 131
25 133
25 137
25 138
25 140
25 141
25 142
25 143
25 145
25 146
25 148
25 149
25 150
25 151
25 152
25 153
25 154
25 155
25 157
25 158
25 160
26 27
26 28
26 29
26 30
26 31
26 32
26 34
26 35
26 36
26 38
26 40
26 41
26 42
26 43
26 44
26 45
26 47
26 48
26 49
26 50
26 51
26 52
26 53
26 54
26 55
26 56
26 58
26 59
26 61
26 62
26 63
26 64
26 66
26 67
26 68
26 69
26 70
26 71
26 72
26 73
26 74
26 75
26 76
26 77
26 79
26 80
26 81
26 83
26 84
26 85
26 86
26 89
26 90
26 91
26 92
26 93
26 94
26 97
26 100
26 101
26 102
26 105
26 106
26 108
26 109
26 111
26 112
26 114
26 116
26 117
26 118
26 120
26 121
26 124
26 125
26 126
26 127
26 128
26 129
26 130
26 131
26 133
26 134
26 135
26 136
26 137
26 138
26 139
26 141
26 143
26 144
26 145
26 146
26 147
26 148
26 149
26 150
26 151
26 152
26 153
26 154
26 155
26 156
26 157
26 158
26 159
26 160
26 161
27 29
27 35
27 36
27 37
27 40
27 43
27 44
27 49
27 56
27 63
27 70
27 73
27 84
27 86
27 88
27 89
27 92
27 94
27 101
27 103
27 106
27 108
27 115
27 118
27 133
27 134
27 138
27 140
27 143
27 150
27 151
27 152
27 153
27 154
28 29
28 31
28 34
28 35
28 38
28 40
28 43
28 45
28 51
28 54
28 55
28 58
28 59
28 63
28 65
28 67
28 68
28 72
28 73
28 74
28 76
28 77
28 79
28 83
28 84
28 86
28 89
28 92
28 93
28 95
28 97
28 101
28 102
28 104
28 106
28 107
28 108
28 110
28 111
28 112
28 115
28 117
28 118
28 119
28 120
28 123
28 128
28 130
28 133
28 138
28 140
28 142
28 143
28 145
28 146
28 148
28 150
28 153
28 154
28 156
28 157
28 158
29 31
29 38
29 40
29 41
29 50
29 56
29 59
29 67
29 68
29 69
29 71
29 72
29 73
29 75
29 77
29 79
29 84
29 85
29 86
29 89
29 93
29 101
29 102
29 105
29 107
29 108
29 109
29 112
29 118
29 124
29 130
29 131
29 137
29 143
29 145
29 146
29 150
29 154
29 157
30 31
30 32
30 36
30 37
30 38
30 41
30 42
30 43
30 44
30 45
30 46
30 48
30 50
30 51
30 53
30 54
30 58
30 59
30 60
30 61
30 62
30 63
30 65
30 66
30 67
30 68
30 69
30 70
30 71
30 72
30 73
30 74
30 76
30 81
30 82
30 84
30 85
30 86
30 88
30 89
30 90
30 94
30 95
30 99
30 100
30 101
30 102
30 105
30 107
30 108
30 109
30 111
30 112
30 113
30 114
30 115
30 116
30 117
30 118
30 119
30 122
30 124
30 126
30 127
30 128
30 130
30 131
30 132
30 133
30 134
30 135
30 137
30 139
30 140
30 142
30 146
30 149
30 150
30 152
30 153
30 154
30 155
30 157
30 160
31 32
31 33
31 34
31 35
31 36
31 37
31 39
31 40
31 42
31 44
31 45
31 47
31 48
31 49
31 50
31 51
31 52
31 53
31 54
31 55
31 56
31 57
31 58
31 59
31 60
31 62
31 63
31 64
31 65
31 66
31 67
31 68
31 69
31 70
31 71
31 72
31 73
31 74
31 76
31 77
31 78
31 79
31 80
31 81
31 82
31 83
31 84
31 86
31 87
31 88
31 89
31 90
31 91
31 92
31 93
31 94
31 96
31 97
31 98
31 101
31 102
31 103
31 104
31 105
31 107
31 108
31 109
31 111
31 112
31 113
31 114
31 115
31 116
31 117
31 118
31 120
31 124
31 125
31 129
31 132
31 133
31 134
31 135
31 137
31 139
31 142
31 144
31 145
31 146
31 147
31 148
31 150
31 151
31 152
31 153
31 154
31 155
31 156
31 157
31 158
31 159
31 161
32 33
32 34
32 36
32 37
32 38
32 39
32 40
32 41
32 43
32 44
32 45
32 46
32 47
32 48
32 49
32 51
32 53
32 55
32 56
32 59
32 64
32 65
32 67
32 68
32 69
32 70
32 71
32 74
32 75
32 76
32 77
32 79
32 82
32 83
32 85
32 86
32 87
32 88
32 89
32 92
32 94
32 95
32 96
32 98
32 101
32 102
32 103
32 104
32 105
32 106
32 107
32 108
32 109
32 114
32 116
32 117
32 118
32 125
32 129
32 130
32 131
32 132
32 133
32 134
32 135
32 136
32 137
32 138
32 139
32 140
32 141
32 142
32 144
32 145
32 146
32 147
32 148
32 149
32 150
32 151
32 155
32 156
32 157
32 158
32 160
33 36
33 39
33 40
33 43
33 44
33 48
33 49
33 50
33 52
33 53
33 54
33 55
33 62
33 68
33 69
33 73
33 74
33 75
33 89
33 93
33 94
33 99
33 103
33 105
33 106
33 109
33 112
33 114
33 115
33 116
33 117
33 118
33 125
33 131
33 133
33 137
33 138
33 150
33 152
33 154
33 158
33 160
33 161
34 35
34 36
34 40
34 41
34 45
34 49
34 50
34 53
34 54
34 55
34 57
34 58
34 59
34 60
34 63
34 65
34 66
34 67
34 70
34 72
34 74
34 75
34 77
34 79
34 81
34 82
34 83
34 84
34 87
34 90
34 93
34 96
34 97
34 101
34 102
34 104
34 106
34 109
34 112
34 114
34 117
34 118
34 121
34 122
34 125
34 126
34 127
34 129
34 131
34 133
34 134
34 135
34 136
34 137
34 143
34 148
34 149
34 151
34 152
34 158
34 160
34 161
35 38
35 40
35 42
35 44
35 45
35 46
35 47
35 49
35 51
35 52
35 54
35 55
35 58
35 59
35 62
35 63
35 64
35 65
35 66
35 67
35 68
35 69
35 70
35 71
35 72
35 73
35 74
35 75
35 77
35 79
35 83
35 84
35 85
35 89
35 90
35 93
35 95
35 97
35 98
35 100
35 101
35 104
35 106
35 108
35 109
35 111
35 113
35 114
35 115
35 116
35 118
35 124
35 126
35 127
35 129
35 130
35 132
35 133
35 134
35 135
35 136
35 137
35 138
35 139
35 140
35 142
35 143
35 146
35 147
35 149
35 150
35 151
35 152
35 153
35 154
35 155
35 156
35 157
35 158
35 161
36 39
36 40
36 42
36 43
36 44
36 45
36 46
36 48
36 53
36 54
36 55
36 56
36 62
36 64
36 65
36 66
36 67
36 68
36 69
36 70
36 71
36 72
36 74
36 75
36 77
36 79
36 83
36 84
36 88
36 89
36 90
36 93
36 96
36 97
36 98
36 100
36 102
36 103
36 105
36 107
36 108
36 113
36 114
36 115
36 116
36 117
36 122
36 125
36 126
36 130
36 131
36 132
36 133
36 134
36 137
36 138
36 140
36 142
36 146
36 147
36 148
36 150
36 151
36 152
36 153
36 154
36 157
36 158
36 159
36 161
37 38
37 40
37 45
37 46
37 49
37 51
37 54
37 56
37 58
37 61
37 64
37 67
37 68
37 69
37 70
37 71
37 72
37 74
37 76
37 77
37 80
37 82
37 84
37 86
37 88
37 91
37 98
37 99
37 100
37 101
37 102
37 105
37 107
37 108
37 110
37 111
37 113
37 114
37 115
37 116
37 118
37 125
37 127
37 129
37 130
37 133
37 134
37 135
37 138
37 140
37 141
37 142
37 143
37 144
37 145
37 149
37 151
37 152
37 153
37 154
37 155
37 157
37 158
37 159
38 40
38 42
38 43
38 47
38 48
38 49
38 50
38 51
38 52
38 53
38 54
38 56
38 61
38 63
38 64
38 65
38 66
38 67
38 68
38 71
38 72
38 73
38 75
38 77
38 79
38 81
38 82
38 83
38 84
38 85
38 87
38 88
38 89
38 90
38 92
38 93
38 94
38 97
38 98
38 100
38 101
38 102
38 105
38 106
38 107
38 108
38 109
38 110
38 111
38 112
38 113
38 114
38 117
38 118
38 119
38 121
38 123
38 125
38 126
38 129
38 130
38 131
38 133
38 134
38 136
38 138
38 140
38 141
38 142
38 143
38 146
38 147
38 150
38 151
38 152
38 153
38 154
38 157
38 158
38 159
38 161
39 40
39 44
39 45
39 49
39 50
39 51
39 53
39 58
39 59
39 61
39 63
39 64
39 65
39 66
39 67
39 68
39 70
39 71
39 72
39 73
39 75
39 76
39 77
39 78
39 79
39 84
39 93
39 94
39 97
39 98
39 102
39 105
39 106
39 107
39 112
39 114
39 115
39 118
39 119
39 127
39 129
39 132
39 133
39 134
39 135
39 137
39 138
39 141
39 144
39 145
39 150
39 151
39 152
40 42
40 43
40 44
40 45
40 46
40 49
40 50
40 52
40 53
40 55
40 56
40 57
40 58
40 59
40 60
40 63
40 64
40 65
40 66
40 67
40 68
40 69
40 70
40 71
40 72
40 73
40 74
40 75
40 76
40 77
40 80
40 82
40 83
40 86
40 87
40 88
40 89
40 92
40 93
40 94
40 95
40 96
40 98
40 99
40 100
40 101
40 102
40 103
40 105
40 106
40 108
40 109
40 110
40 111
40 112
40 113
40 114
40 115
40 116
40 117
40 118
40 119
40 121
40 125
40 127
40 129
40 130
40 131
40 132
40 133
40 135
40 136
40 137
40 138
40 139
40 141
40 142
40 143
40 146
40 147
40 150
40 151
40 152
40 153
40 154
40 155
40 158
40 159
40 160
40 161
41 44
41 49
41 50
41 51
41 52
41 53
41 67
41 68
41 69
41 72
41 74
41 80
41 84
41 85
41 91
41 94
41 97
41 99
41 100
41 101
41 105
41 112
41 114
41 118
41 127
41 128
41 129
41 131
41 133
41 134
41 138
41 142
41 147
41 151
41 153
41 154
41 155
41 160
42 48
42 49
42 51
42 52
42 53
42 54
42 56
42 57
42 58
42 59
42 62
42 63
42 64
42 67
42 68
42 69
42 70
42 72
42 76
42 77
42 79
42 83
42 87
42 89
42 93
42 94
42 99
42 101
42 105
42 108
42 111
42 112
42 113
42 115
42 116
42 117
42 118
42 125
42 129
42 130
42 134
42 135
42 137
42 153
42 154
42 158
43 44
43 45
43 46
43 49
43 50
43 51
43 52
43 54
43 55
43 56
43 58
43 61
43 63
43 65
43 66
43 67
43 68
43 69
43 70
43 71
43 74
43 76
43 77
43 79
43 80
43 84
43 86
43 88
43 89
43 90
43 92
43 94
43 95
43 99
43 102
43 104
43 105
43 106
43 108
43 109
43 110
43 113
43 114
43 115
43 116
43 118
43 125
43 126
43 129
43 131
43 132
43 133
43 134
43 135
43 138
43 140
43 142
43 145
43 147
43 148
43 149
43 151
43 152
43 154
43 161
44 46
44 49
44 50
44 51
44 52
44 53
44 54
44 58
44 59
44 61
44 62
44 63
44 64
44 65
44 66
44 67
44 68
44 69
44 70
44 71
44 72
44 73
44 74
44 76
44 77
44 79
44 82
44 83
44 84
44 86
44 88
44 89
44 90
44 94
44 96
44 97
44 100
44 101
44 102
44 103
44 104
44 106
44 109
44 110
44 113
44 114
44 115
44 116
44 117
44 118
44 119
44 120
44 125
44 126
44 128
44 129
44 130
44 131
44 132
44 133
44 136
44 137
44 138
44 139
44 140
44 141
44 142
44 144
44 146
44 147
44 149
44 150
44 152
44 153
44 154
44 155
44 157
44 158
44 161
45 49
45 50
45 51
45 52
45 54
45 55
45 56
45 57
45 58
45 59
45 61
45 62
45 63
45 64
45 65
45 67
45 68
45 70
45 71
45 73
45 74
45 75
45 76
45 77
45 79
45 80
45 81
45 82
45 83
45 86
45 87
45 88
45 90
45 92
45 93
45 94
45 97
45 98
45 99
45 100
45 101
45 102
45 103
45 104
45 106
45 107
45 109
45 110
45 111
45 112
45 113
45 114
45 116
45 117
45 118
45 119
45 120
45 121
45 122
45 123
45 124
45 125
45 126
45 128
45 129
45 130
45 131
45 132
45 133
45 134
45 137
45 138
45 139
45 140
45 141
45 142
45 143
45 145
45 146
45 147
45 148
45 149
45 150
45 151
45 152
45 153
45 155
45 157
45 158
45 160
45 161
46 49
46 50
46 51
46 52
46 53
46 54
46 55
46 56
46 58
46 59
46 60
46 62
46 64
46 65
46 68
46 69
46 70
46 72
46 75
46 76
46 77
46 79
46 83
46 84
46 88
46 89
46 93
46 94
46 96
46 97
46 101
46 103
46 105
46 106
46 108
46 109
46 112
46 113
46 115
46 116
46 117
46 118
46 120
46 121
46 124
46 125
46 127
46 128
46 129
46 130
46 131
46 133
46 135
46 136
46 138
46 141
46 142
46 145
46 147
46 150
46 151
46 152
46 154
46 158
46 161
47 60
47 64
47 68
47 70
47 97
47 101
47 102
47 107
47 108
47 112
47 113
47 114
47 123
47 126
47 129
47 134
47 137
47 139
47 141
47 142
47 150
47 153
47 154
48 54
48 59
48 63
48 64
48 67
48 68
48 70
48 71
48 72
48 75
48 92
48 93
48 96
48 97
48 101
48 107
48 109
48 112
48 113
48 114
48 115
48 117
48 121
48 125
48 130
48 131
48 133
48 138
48 142
48 147
48 152
48 154
48 157
48 158
48 161
49 51
49 52
49 54
49 56
49 57
49 61
49 62
49 64
49 65
49 67
49 69
49 70
49 71
49 72
49 73
49 75
49 76
49 78
49 79
49 80
49 81
49 82
49 83
49 84
49 86
49 87
49 88
49 89
49 92
49 93
49 94
49 95
49 97
49 98
49 99
49 100
49 101
49 102
49 104
49 105
49 106
49 107
49 108
49 109
49 110
49 111
49 112
49 113
49 114
49 115
49 116
49 117
49 118
49 126
49 127
49 128
49 129
49 130
49 131
49 132
49 133
49 134
49 135
49 137
49 138
49 139
49 140
49 141
49 142
49 146
49 147
49 148
49 149
49 150
49 151
49 152
49 153
49 154
49 155
49 157
49 158
49 159
49 160
50 54
50 56
50 59
50 62
50 63
50 64
50 65
50 67
50 69
50 71
50 72
50 73
50 74
50 75
50 77
50 84
50 87
50 88
50 89
50 91
50 93
50 94
50 96
50 98
50 99
50 100
50 101
50 102
50 103
50 104
50 105
50 109
50 111
50 112
50 113
50 115
50 117
50 118
50 120
50 125
50 126
50 133
50 134
50 137
50 138
50 141
50 142
50 145
50 146
50 147
50 151
50 152
50 154
50 155
50 157
50 158
51 52
51 53
51 54
51 55
51 56
51 57
51 58
51 59
51 61
51 62
51 63
51 64
51 65
51 66
51 68
51 69
51 70
51 71
51 72
51 73
51 74
51 75
51 76
51 77
51 79
51 80
51 82
51 83
51 87
51 88
51 89
51 92
51 94
51 96
51 97
51 98
51 99
51 100
51 101
51 102
51 104
51 106
51 107
51 108
51 109
51 110
51 111
51 112
51 113
51 114
51 115
51 117
51 118
51 121
51 122
51 123
51 125
51 126
51 127
51 129
51 130
51 131
51 132
51 133
51 134
51 135
51 136
51 137
51 138
51 139
51 140
51 142
51 143
51 144
51 145
51 146
51 147
51 149
51 150
51 153
51 154
51 155
51 156
51 158
51 159
52 56
52 57
52 58
52 61
52 63
52 64
52 65
52 66
52 69
52 70
52 72
52 73
52 77
52 82
52 83
52 84
52 86
52 93
52 94
52 97
52 98
52 100
52 101
52 103
52 105
52 106
52 108
52 109
52 111
52 113
52 115
52 122
52 125
52 129
52 130
52 133
52 135
52 138
52 141
52 145
52 146
52 147
52 149
52 150
52 151
52 152
52 153
52 154
52 159
52 160
53 63
53 66
53 67
53 68
53 69
53 74
53 75
53 79
53 80
53 81
53 98
53 100
53 102
53 108
53 111
53 112
53 113
53 114
53 116
53 117
53 119
53 125
53 129
53 131
53 137
53 138
53 140
53 145
53 146
53 148
53 150
53 154
53 155
53 158
54 55
54 56
54 57
54 58
54 59
54 60
54 62
54 63
54 64
54 65
54 66
54 67
54 68
54 69
54 70
54 71
54 72
54 73
54 74
54 75
54 76
54 77
54 78
54 79
54 81
54 83
54 85
54 89
54 90
54 92
54 93
54 94
54 95
54 97
54 98
54 99
54 100
54 101
54 102
54 104
54 105
54 106
54 107
54 108
54 109
54 110
54 112
54 113
54 115
54 116
54 117
54 118
54 119
54 120
54 122
54 123
54 124
54 125
54 126
54 128
54 129
54 130
54 131
54 132
54 133
54 135
54 136
54 137
54 138
54 139
54 141
54 142
54 145
54 146
54 147
54 148
54 149
54 150
54 151
54 152
54 153
54 154
54 155
54 158
54 159
54 161
55 56
55 57
55 58
55 60
55 61
55 62
55 64
55 65
55 66
55 67
55 68
55 69
55 71
55 72
55 73
55 74
55 75
55 76
55 79
55 82
55 85
55 86
55 89
55 91
55 92
55 94
55 97
55 98
55 100
55 101
55 105
55 106
55 108
55 111
55 112
55 113
55 114
55 115
55 116
55 117
55 125
55 126
55 127
55 128
55 133
55 134
55 135
55 136
55 137
55 138
55 139
55 142
55 147
55 149
55 150
55 151
55 152
55 154
55 155
55 158
55 159
56 58
56 59
56 61
56 63
56 64
56 66
56 67
56 68
56 69
56 70
56 71
56 72
56 73
56 74
56 75
56 76
56 78
56 79
56 80
56 82
56 83
56 84
56 85
56 86
56 87
56 88
56 89
56 91
56 93
56 94
56 97
56 98
56 100
56 101
56 102
56 106
56 107
56 108
56 109
56 110
56 111
56 112
56 113
56 115
56 116
56 117
56 118
56 120
56 121
56 122
56 123
56 124
56 126
56 127
56 129
56 131
56 133
56 134
56 137
56 138
56 140
56 142
56 143
56 144
56 145
56 147
56 149
56 150
56 151
56 152
56 153
56 154
56 157
56 158
56 159
56 160
56 161
57 59
57 60
57 64
57 66
57 67
57 68
57 69
57 70
57 75
57 76
57 79
57 84
57 85
57 86
57 94
57 99
57 101
57 102
57 105
57 106
57 108
57 110
57 117
57 118
57 137
57 138
57 146
57 154
57 158
57 159
58 61
58 62
58 64
58 65
58 66
58 67
58 68
58 69
58 70
58 71
58 73
58 74
58 76
58 78
58 79
58 80
58 81
58 83
58 84
58 86
58 88
58 89
58 90
58 92
58 93
58 94
58 97
58 99
58 100
58 101
58 102
58 103
58 106
58 107
58 108
58 110
58 112
58 114
58 115
58 116
58 118
58 121
58 125
58 126
58 129
58 131
58 134
58 135
58 136
58 137
58 138
58 139
58 140
58 141
58 146
58 147
58 149
58 152
58 153
58 154
58 159
58 161
59 61
59 64
59 66
59 67
59 68
59 69
59 73
59 74
59 75
59 78
59 79
59 80
59 81
59 83
59 85
59 86
59 87
59 88
59 91
59 92
59 94
59 98
59 100
59 101
59 103
59 106
59 108
59 111
59 112
59 114
59 116
59 117
59 119
59 125
59 126
59 129
59 131
59 133
59 134
59 136
59 137
59 138
59 139
59 142
59 143
59 146
59 150
59 151
59 152
59 154
59 158
59 159
60 64
60 67
60 68
60 70
60 71
60 76
60 79
60 90
60 92
60 93
60 99
60 108
60 109
60 112
60 114
60 125
60 129
60 133
60 134
60 136
60 143
60 147
60 149
60 151
60 155
60 159
61 66
61 67
61 68
61 69
61 72
61 74
61 75
61 76
61 79
61 80
61 83
61 84
61 86
61 87
61 89
61 92
61 94
61 95
61 97
61 98
61 99
61 101
61 102
61 107
61 108
61 109
61 113
61 114
61 115
61 117
61 118
61 120
61 126
61 130
61 133
61 136
61 137
61 138
61 140
61 142
61 143
61 145
61 147
61 150
61 152
61 153
61 154
61 157
61 158
62 63
62 64
62 65
62 67
62 69
62 70
62 72
62 77
62 79
62 83
62 88
62 89
62 90
62 92
62 94
62 100
62 101
62 102
62 106
62 108
62 109
62 112
62 114
62 118
62 125
62 127
62 131
62 133
62 140
62 142
62 146
62 147
62 149
62 151
62 154
62 156
62 158
62 159
63 64
63 65
63 66
63 67
63 68
63 70
63 71
63 72
63 73
63 77
63 80
63 82
63 84
63 85
63 87
63 88
63 89
63 91
63 94
63 95
63 99
63 100
63 101
63 102
63 105
63 106
63 108
63 110
63 111
63 112
63 114
63 115
63 116
63 117
63 118
63 122
63 125
63 127
63 129
63 131
63 132
63 133
63 134
63 137
63 138
63 140
63 141
63 142
63 143
63 145
63 146
63 147
63 148
63 149
63 150
63 152
63 153
63 154
63 158
63 160
63 161
64 65
64 66
64 67
64 68
64 69
64 70
64 71
64 72
64 75
64 76
64 77
64 79
64 81
64 82
64 83
64 84
64 85
64 87
64 88
64 89
64 90
64 91
64 93
64 94
64 95
64 96
64 97
64 100
64 101
64 102
64 104
64 105
64 106
64 107
64 108
64 109
64 111
64 112
64 113
64 115
64 116
64 117
64 123
64 126
64 127
64 128
64 130
64 132
64 135
64 136
64 137
64 138
64 139
64 140
64 141
64 142
64 143
64 144
64 146
64 147
64 149
64 150
64 151
64 152
64 154
64 156
64 157
64 160
64 161
65 67
65 68
65 69
65 70
65 71
65 73
65 74
65 75
65 77
65 80
65 83
65 84
65 85
65 88
65 89
65 90
65 93
65 94
65 95
65 96
65 97
65 99
65 100
65 101
65 102
65 103
65 104
65 105
65 106
65 107
65 108
65 109
65 110
65 111
65 112
65 113
65 114
65 115
65 116
65 121
65 124
65 125
65 126
65 128
65 129
65 131
65 132
65 133
65 134
65 135
65 137
65 138
65 139
65 140
65 141
65 142
65 143
65 146
65 147
65 148
65 150
65 151
65 152
65 154
65 157
65 159
65 160
65 161
66 67
66 69
66 70
66 71
66 72
66 73
66 74
66 77
66 78
66 79
66 83
66 84
66 88
66 90
66 92
66 93
66 94
66 99
66 100
66 101
66 102
66 105
66 106
66 107
66 108
66 110
66 111
66 112
66 113
66 114
66 115
66 116
66 117
66 125
66 127
66 129
66 130
66 131
66 132
66 137
66 138
66 140
66 141
66 142
66 146
66 147
66 148
66 149
66 150
66 151
66 152
66 154
66 159
67 68
67 69
67 72
67 73
67 74
67 77
67 78
67 79
67 80
67 83
67 84
67 86
67 87
67 88
67 89
67 91
67 93
67 94
67 95
67 96
67 97
67 98
67 99
67 100
67 101
67 102
67 103
67 105
67 106
67 107
67 108
67 109
67 110
67 111
67 112
67 113
67 114
67 115
67 116
67 117
67 118
67 126
67 127
67 128
67 129
67 130
67 131
67 132
67 133
67 134
67 136
67 137
67 138
67 139
67 140
67 141
67 142
67 143
67 144
67 145
67 146
67 147
67 149
67 150
67 151
67 152
67 153
67 154
67 155
67 156
67 157
67 158
67 159
67 161
68 69
68 71
68 72
68 73
68 74
68 75
68 76
68 77
68 79
68 80
68 82
68 83
68 84
68 85
68 86
68 87
68 88
68 89
68 90
68 91
68 92
68 93
68 94
68 99
68 101
68 102
68 105
68 106
68 107
68 108
68 109
68 111
68 112
68 114
68 115
68 116
68 117
68 118
68 120
68 123
68 125
68 126
68 127
68 129
68 130
68 131
68 132
68 133
68 134
68 136
68 137
68 141
68 142
68 145
68 146
68 147
68 148
68 149
68 150
68 151
68 152
68 153
68 154
68 155
68 157
68 158
68 160
68 161
69 70
69 71
69 74
69 76
69 79
69 80
69 82
69 83
69 86
69 87
69 88
69 89
69 92
69 93
69 94
69 95
69 97
69 98
69 99
69 100
69 101
69 103
69 105
69 106
69 107
69 109
69 111
69 112
69 113
69 114
69 115
69 116
69 117
69 118
69 119
69 120
69 121
69 122
69 125
69 126
69 130
69 131
69 133
69 136
69 137
69 138
69 140
69 141
69 142
69 143
69 145
69 146
69 147
69 148
69 150
69 151
69 152
69 153
69 154
69 155
69 157
69 159
69 160
69 161
70 71
70 72
70 73
70 74
70 75
70 76
70 77
70 79
70 80
70 81
70 82
70 84
70 85
70 86
70 87
70 88
70 89
70 90
70 92
70 93
70 94
70 97
70 98
70 99
70 101
70 102
70 103
70 104
70 105
70 106
70 107
70 108
70 109
70 111
70 112
70 113
70 114
70 115
70 117
70 118
70 119
70 121
70 126
70 127
70 129
70 131
70 133
70 134
70 135
70 137
70 138
70 139
70 141
70 142
70 143
70 145
70 146
70 147
70 148
70 149
70 151
70 152
70 153
70 154
70 155
70 158
70 159
70 160
70 161
71 72
71 73
71 74
71 78
71 79
71 80
71 81
71 82
71 83
71 86
71 87
71 88
71 89
71 90
71 91
71 92
71 93
71 94
71 95
71 97
71 98
71 99
71 100
71 101
71 102
71 103
71 107
71 108
71 109
71 112
71 115
71 116
71 118
71 119
71 124
71 127
71 129
71 130
71 131
71 133
71 135
71 136
71 137
71 138
71 139
71 141
71 142
71 143
71 145
71 146
71 147
71 150
71 151
71 152
71 154
71 156
71 157
71 158
71 160
71 161
72 74
72 75
72 76
72 77
72 79
72 80
72 82
72 83
72 84
72 85
72 87
72 89
72 91
72 92
72 93
72 94
72 96
72 97
72 98
72 99
72 100
72 101
72 102
72 103
72 104
72 105
72 106
72 107
72 108
72 109
72 112
72 113
72 114
72 115
72 117
72 119
72 120
72 122
72 123
72 126
72 127
72 128
72 129
72 130
72 131
72 133
72 134
72 135
72 137
72 138
72 139
72 140
72 141
72 142
72 144
72 146
72 147
72 149
72 150
72 151
72 152
72 154
72 155
72 157
72 158
72 159
72 160
72 161
73 74
73 75
73 79
73 80
73 81
73 84
73 85
73 87
73 89
73 92
73 94
73 97
73 99
73 100
73 101
73 102
73 103
73 105
73 106
73 107
73 108
73 109
73 110
73 112
73 113
73 114
73 116
73 117
73 118
73 119
73 120
73 125
73 126
73 127
73 129
73 131
73 134
73 137
73 138
73 139
73 141
73 142
73 143
73 145
73 146
73 147
73 148
73 150
73 151
73 152
73 153
73 154
73 155
73 156
73 157
73 158
73 161
74 75
74 76
74 77
74 79
74 80
74 82
74 84
74 85
74 86
74 87
74 88
74 89
74 90
74 91
74 92
74 93
74 94
74 95
74 96
74 98
74 99
74 100
74 101
74 102
74 103
74 105
74 106
74 107
74 108
74 109
74 110
74 111
74 112
74 113
74 114
74 115
74 116
74 117
74 118
74 119
74 120
74 125
74 126
74 128
74 129
74 130
74 131
74 132
74 133
74 134
74 135
74 137
74 139
74 141
74 142
74 143
74 145
74 147
74 148
74 149
74 150
74 151
74 152
74 153
74 154
74 155
74 156
74 157
74 158
74 159
74 160
74 161
75 77
75 78
75 79
75 80
75 81
75 82
75 83
75 84
75 85
75 87
75 89
75 91
75 92
75 93
75 94
75 97
75 98
75 101
75 102
75 105
75 106
75 107
75 108
75 109
75 110
75 111
75 112
75 113
75 114
75 115
75 117
75 118
75 126
75 129
75 130
75 131
75 132
75 133
75 134
75 137
75 141
75 143
75 147
75 149
75 150
75 151
75 152
75 153
75 154
75 157
75 158
75 160
75 161
76 79
76 80
76 82
76 84
76 85
76 86
76 87
76 88
76 89
76 92
76 94
76 96
76 98
76 100
76 101
76 102
76 105
76 108
76 110
76 111
76 112
76 115
76 126
76 130
76 132
76 133
76 134
76 138
76 147
76 148
76 150
76 151
76 152
76 153
76 157
76 158
76 161
77 78
77 79
77 81
77 89
77 91
77 92
77 93
77 94
77 97
77 98
77 101
77 102
77 103
77 105
77 106
77 107
77 108
77 109
77 110
77 112
77 113
77 114
77 115
77 117
77 120
77 121
77 122
77 126
77 128
77 129
77 130
77 131
77 134
77 137
77 138
77 139
77 141
77 142
77 143
77 144
77 145
77 146
77 147
77 148
77 151
77 152
77 154
77 157
77 158
78 80
78 106
78 108
78 111
78 114
78 116
78 118
78 120
78 126
78 131
78 135
78 137
78 153
78 155
78 160
79 80
79 83
79 84
79 85
79 87
79 88
79 89
79 90
79 91
79 92
79 94
79 95
79 97
79 100
79 101
79 102
79 104
79 105
79 106
79 107
79 108
79 109
79 113
79 114
79 115
79 116
79 117
79 118
79 119
79 120
79 123
79 124
79 125
79 128
79 129
79 130
79 131
79 133
79 134
79 135
79 137
79 138
79 139
79 141
79 142
79 144
79 145
79 146
79 147
79 148
79 149
79 150
79 151
79 152
79 154
79 155
79 157
79 158
79 159
79 160
79 161
80 81
80 82
80 86
80 88
80 89
80 92
80 93
80 94
80 95
80 96
80 101
80 103
80 105
80 107
80 108
80 109
80 111
80 114
80 115
80 116
80 117
80 118
80 122
80 124
80 126
80 127
80 129
80 131
80 133
80 134
80 137
80 138
80 139
80 142
80 145
80 146
80 149
80 150
80 151
80 152
80 153
80 157
80 158
80 160
81 88
81 89
81 94
81 97
81 98
81 101
81 106
81 107
81 108
81 110
81 113
81 114
81 115
81 117
81 118
81 126
81 130
81 134
81 137
81 138
81 139
81 141
81 142
81 150
81 151
81 152
81 154
81 158
81 160
81 161
82 83
82 84
82 88
82 89
82 92
82 95
82 97
82 98
82 101
82 103
82 105
82 106
82 112
82 114
82 115
82 116
82 117
82 118
82 123
82 127
82 129
82 130
82 131
82 134
82 138
82 141
82 142
82 146
82 149
82 151
82 152
82 153
82 154
82 161
83 85
83 86
83 88
83 89
83 90
83 98
83 101
83 102
83 106
83 107
83 110
83 111
83 113
83 118
83 121
83 128
83 129
83 130
83 131
83 132
83 133
83 136
83 142
83 147
83 148
83 149
83 150
83 151
83 152
83 153
83 158
83 159
84 86
84 87
84 88
84 89
84 90
84 92
84 93
84 94
84 96
84 97
84 98
84 100
84 101
84 105
84 106
84 109
84 110
84 112
84 113
84 114
84 115
84 116
84 117
84 118
84 120
84 122
84 124
84 125
84 126
84 127
84 128
84 129
84 131
84 133
84 136
84 137
84 141
84 142
84 143
84 146
84 149
84 152
84 153
84 154
84 157
84 158
84 159
84 160
84 161
85 89
85 92
85 93
85 94
85 97
85 100
85 101
85 103
85 106
85 108
85 109
85 113
85 114
85 115
85 116
85 118
85 119
85 129
85 131
85 133
85 137
85 140
85 146
85 147
85 149
85 150
85 151
85 152
85 158
85 159
86 87
86 89
86 91
86 93
86 94
86 97
86 99
86 101
86 102
86 103
86 105
86 106
86 107
86 109
86 114
86 115
86 116
86 117
86 118
86 120
86 128
86 129
86 130
86 131
86 133
86 137
86 138
86 139
86 141
86 145
86 146
86 147
86 148
86 150
86 157
86 158
86 159
87 88
87 91
87 93
87 97
87 98
87 101
87 105
87 106
87 108
87 111
87 114
87 116
87 117
87 118
87 122
87 126
87 129
87 130
87 131
87 134
87 135
87 138
87 142
87 147
87 148
87 152
87 156
87 157
87 158
87 161
88 91
88 93
88 94
88 98
88 99
88 102
88 105
88 107
88 109
88 112
88 113
88 114
88 116
88 117
88 118
88 124
88 125
88 126
88 127
88 131
88 133
88 134
88 137
88 138
88 141
88 142
88 147
88 148
88 151
88 153
88 154
88 158
88 160
88 161
89 91
89 92
89 93
89 94
89 95
89 97
89 98
89 99
89 100
89 101
89 102
89 104
89 105
89 106
89 107
89 108
89 109
89 110
89 112
89 113
89 114
89 115
89 116
89 117
89 119
89 122
89 125
89 126
89 127
89 128
89 129
89 130
89 132
89 133
89 134
89 136
89 137
89 138
89 139
89 140
89 141
89 142
89 143
89 145
89 146
89 147
89 148
89 149
89 150
89 151
89 152
89 153
89 154
89 155
89 157
89 159
89 160
89 161
90 92
90 94
90 97
90 101
90 105
90 108
90 109
90 112
90 115
90 117
90 125
90 126
90 131
90 133
90 134
90 135
90 138
90 139
90 145
90 152
90 154
90 158
90 159
90 160
91 92
91 93
91 96
91 98
91 99
91 101
91 102
91 104
91 106
91 108
91 109
91 112
91 113
91 114
91 115
91 116
91 117
91 121
91 123
91 125
91 128
91 129
91 131
91 134
91 136
91 137
91 139
91 140
91 141
91 145
91 146
91 147
91 149
91 150
91 151
91 153
91 155
91 158
92 94
92 95
92 101
92 102
92 104
92 105
92 109
92 113
92 114
92 115
92 118
92 120
92 130
92 133
92 134
92 138
92 141
92 143
92 145
92 146
92 147
92 149
92 151
92 152
92 154
92 158
92 160
93 94
93 96
93 97
93 98
93 99
93 100
93 102
93 104
93 106
93 107
93 108
93 109
93 111
93 112
93 113
93 114
93 115
93 118
93 119
93 122
93 125
93 127
93 129
93 131
93 133
93 134
93 137
93 138
93 139
93 142
93 143
93 146
93 147
93 150
93 151
93 152
93 153
93 154
93 155
93 156
93 157
93 158
93 159
93 160
93 161
94 97
94 98
94 99
94 100
94 101
94 102
94 103
94 105
94 106
94 107
94 109
94 110
94 111
94 112
94 113
94 114
94 115
94 116
94 117
94 118
94 119
94 123
94 125
94 126
94 127
94 129
94 130
94 131
94 133
94 134
94 135
94 137
94 138
94 139
94 140
94 141
94 142
94 143
94 145
94 147
94 150
94 151
94 152
94 153
94 154
94 155
94 156
94 158
94 159
94 160
94 161
95 97
95 101
95 102
95 105
95 106
95 108
95 109
95 111
95 112
95 114
95 115
95 116
95 117
95 118
95 125
95 128
95 131
95 134
95 139
95 140
95 142
95 146
95 150
95 151
95 152
95 153
95 155
96 102
96 104
96 106
96 108
96 113
96 114
96 115
96 116
96 117
96 126
96 129
96 131
96 135
96 137
96 142
96 147
96 150
96 154
96 155
96 160
96 161
97 99
97 101
97 102
97 103
97 104
97 105
97 106
97 108
97 109
97 111
97 113
97 114
97 115
97 116
97 117
97 118
97 124
97 125
97 127
97 129
97 130
97 131
97 133
97 134
97 135
97 136
97 137
97 138
97 139
97 141
97 143
97 144
97 145
97 146
97 148
97 149
97 150
97 151
97 152
97 153
97 155
97 157
97 158
97 160
97 161
98 101
98 103
98 105
98 106
98 108
98 110
98 113
98 115
98 117
98 118
98 125
98 127
98 128
98 130
98 131
98 133
98 134
98 135
98 138
98 142
98 147
98 149
98 150
98 151
98 152
98 154
98 160
99 101
99 102
99 103
99 106
99 107
99 108
99 112
99 114
99 115
99 118
99 119
99 125
99 126
99 130
99 131
99 133
99 134
99 136
99 138
99 139
99 140
99 142
99 147
99 150
99 151
99 152
99 153
99 154
99 158
100 101
100 102
100 105
100 106
100 108
100 109
100 112
100 113
100 114
100 116
100 117
100 118
100 128
100 129
100 131
100 132
100 133
100 134
100 136
100 137
100 138
100 139
100 142
100 145
100 147
100 149
100 151
100 154
101 102
101 103
101 104
101 105
101 106
101 107
101 108
101 109
101 111
101 112
101 113
101 114
101 115
101 117
101 118
101 122
101 123
101 127
101 128
101 130
101 131
101 133
101 134
101 135
101 136
101 137
101 138
101 139
101 140
101 141
101 142
101 143
101 145
101 147
101 150
101 151
101 153
101 154
101 155
101 157
101 158
102 105
102 106
102 107
102 108
102 109
102 111
102 112
102 113
102 114
102 115
102 116
102 117
102 118
102 120
102 121
102 125
102 126
102 127
102 128
102 129
102 130
102 131
102 133
102 134
102 137
102 138
102 139
102 141
102 142
102 143
102 146
102 147
102 148
102 150
102 151
102 154
102 158
102 159
102 160
102 161
103 105
103 107
103 109
103 113
103 114
103 115
103 118
103 119
103 124
103 129
103 131
103 134
103 135
103 136
103 138
103 140
103 142
103 143
103 145
103 146
103 147
103 150
103 151
103 152
103 153
103 155
103 157
103 158
103 159
103 161
104 105
104 106
104 107
104 108
104 109
104 111
104 112
104 115
104 117
104 118
104 124
104 125
104 129
104 133
104 135
104 136
104 137
104 139
104 142
104 147
104 148
104 151
104 153
104 158
104 159
104 160
105 106
105 109
105 110
105 111
105 112
105 113
105 114
105 116
105 117
105 118
105 119
105 121
105 127
105 129
105 131
105 132
105 133
105 134
105 135
105 136
105 137
105 138
105 139
105 141
105 142
105 146
105 147
105 148
105 152
105 154
105 155
105 158
105 159
105 161
106 107
106 108
106 109
106 111
106 113
106 114
106 115
106 116
106 117
106 118
106 119
106 120
106 121
106 123
106 125
106 128
106 129
106 130
106 131
106 133
106 134
106 135
106 137
106 138
106 139
106 140
106 141
106 142
106 143
106 144
106 145
106 146
106 147
106 148
106 150
106 151
106 153
106 154
106 156
106 157
106 159
106 160
106 161
107 109
107 111
107 112
107 114
107 115
107 116
107 117
107 118
107 126
107 133
107 134
107 136
107 138
107 140
107 142
107 144
107 145
107 147
107 148
107 151
107 154
107 155
107 160
107 161
108 109
108 110
108 111
108 112
108 113
108 114
108 115
108 116
108 117
108 118
108 121
108 125
108 126
108 127
108 129
108 130
108 131
108 133
108 134
108 135
108 136
108 137
108 138
108 140
108 141
108 142
108 143
108 145
108 146
108 147
108 148
108 149
108 150
108 151
108 152
108 153
108 154
108 155
108 156
108 157
108 158
108 159
108 160
108 161
109 110
109 111
109 112
109 113
109 114
109 115
109 116
109 117
109 118
109 120
109 121
109 125
109 126
109 127
109 129
109 130
109 131
109 132
109 133
109 134
109 135
109 136
109 137
109 138
109 141
109 142
109 143
109 144
109 145
109 146
109 147
109 149
109 150
109 152
109 153
109 155
109 157
109 158
109 159
109 160
109 161
110 114
110 117
110 118
110 125
110 126
110 131
110 133
110 139
110 147
110 151
110 153
110 154
110 157
110 160
111 112
111 115
111 116
111 118
111 119
111 123
111 124
111 126
111 129
111 131
111 132
111 133
111 134
111 138
111 141
111 146
111 149
111 152
111 153
111 154
111 156
111 158
111 161
112 113
112 114
112 115
112 116
112 117
112 118
112 120
112 123
112 125
112 126
112 129
112 130
112 133
112 134
112 137
112 138
112 139
112 142
112 146
112 147
112 149
112 150
112 151
112 152
112 153
112 154
112 155
112 157
112 158
112 161
113 114
113 115
113 116
113 117
113 118
113 125
113 126
113 127
113 129
113 131
113 133
113 134
113 137
113 138
113 139
113 140
113 141
113 142
113 143
113 145
113 146
113 147
113 150
113 151
113 152
113 153
113 154
113 157
113 158
114 117
114 118
114 119
114 121
114 123
114 124
114 128
114 129
114 130
114 131
114 132
114 133
114 134
114 135
114 137
114 138
114 139
114 140
114 142
114 143
114 145
114 146
114 147
114 150
114 152
114 154
114 157
114 158
114 159
115 117
115 118
115 122
115 124
115 125
115 126
115 127
115 128
115 129
115 130
115 131
115 132
115 133
115 134
115 135
115 136
115 137
115 138
115 139
115 140
115 141
115 142
115 143
115 145
115 146
115 147
115 148
115 149
115 150
115 151
115 152
115 153
115 154
115 155
115 156
115 157
115 158
115 159
115 160
116 117
116 118
116 121
116 125
116 126
116 127
116 129
116 131
116 134
116 137
116 138
116 140
116 142
116 144
116 146
116 151
116 152
116 153
116 156
116 157
116 159
117 118
117 120
117 122
117 126
117 127
117 129
117 130
117 131
117 133
117 134
117 135
117 136
117 137
117 138
117 139
117 140
117 141
117 145
117 146
117 147
117 148
117 149
117 150
117 151
117 152
117 154
117 158
117 159
117 160
117 161
118 119
118 122
118 123
118 125
118 126
118 127
118 129
118 130
118 131
118 132
118 133
118 134
118 135
118 136
118 137
118 138
118 140
118 141
118 142
118 143
118 146
118 147
118 148
118 149
118 150
118 151
118 153
118 154
118 155
118 157
118 158
118 160
118 161
119 123
119 129
119 135
119 142
119 146
119 149
119 150
119 152
119 153
119 154
119 159
120 128
120 130
120 132
120 133
120 134
120 142
120 143
120 146
120 147
120 148
120 151
120 152
120 157
120 158
120 161
121 129
121 130
121 131
121 138
121 145
121 149
121 152
121 161
122 141
122 142
122 151
122 154
122 157
123 133
123 137
123 142
123 152
123 154
123 159
124 135
124 145
124 147
124 149
124 150
124 151
124 158
124 160
125 126
125 127
125 129
125 130
125 131
125 133
125 134
125 136
125 137
125 138
125 139
125 140
125 141
125 142
125 147
125 149
125 150
125 151
125 152
125 153
125 154
125 155
125 157
125 158
125 161
126 130
126 133
126 137
126 138
126 139
126 141
126 142
126 143
126 145
126 146
126 150
126 152
126 153
126 154
126 158
126 159
126 161
127 129
127 130
127 132
127 135
127 136
127 138
127 139
127 142
127 147
127 150
127 151
127 152
127 153
127 154
127 155
127 157
127 158
127 159
127 161
128 129
128 131
128 132
128 134
128 135
128 137
128 138
128 142
128 146
128 147
128 150
128 151
128 153
128 158
128 159
128 160
129 130
129 131
129 133
129 134
129 135
129 136
129 137
129 138
129 139
129 140
129 141
129 142
129 143
129 145
129 147
129 148
129 149
129 150
129 151
129 152
129 153
129 154
129 157
129 158
129 159
130 133
130 134
130 137
130 138
130 140
130 142
130 146
130 147
130 151
130 152
130 153
130 154
130 157
130 158
130 159
130 161
131 133
131 134
131 135
131 136
131 137
131 138
131 139
131 140
131 141
131 142
131 145
131 146
131 147
131 148
131 149
131 150
131 151
131 152
131 153
131 156
131 157
131 158
131 159
131 160
131 161
132 133
132 137
132 138
132 143
132 146
132 147
132 151
132 152
133 136
133 137
133 138
133 140
133 141
133 142
133 145
133 146
133 147
133 148
133 149
133 150
133 151
133 153
133 154
133 155
133 157
133 158
133 160
133 161
134 135
134 136
134 137
134 138
134 139
134 140
134 141
134 142
134 144
134 145
134 146
134 147
134 148
134 149
134 150
134 151
134 152
134 153
134 154
134 157
134 158
134 159
134 160
134 161
135 138
135 141
135 142
135 143
135 145
135 146
135 147
135 148
135 149
135 151
135 152
135 153
135 154
135 155
135 157
135 158
135 160
136 137
136 138
136 139
136 141
136 142
136 146
136 147
136 150
136 152
136 155
136 157
136 158
137 138
137 139
137 140
137 141
137 142
137 143
137 145
137 146
137 147
137 148
137 149
137 151
137 152
137 153
137 154
137 155
137 157
137 158
137 160
137 161
138 139
138 142
138 143
138 144
138 145
138 146
138 148
138 149
138 150
138 152
138 154
138 156
138 158
138 159
138 160
138 161
139 140
139 141
139 142
139 144
139 145
139 146
139 147
139 148
139 149
139 150
139 151
139 152
139 154
139 157
139 158
139 159
139 160
140 141
140 142
140 147
140 148
140 151
140 152
140 154
140 158
140 160
141 146
141 147
141 151
141 152
141 153
141 155
141 157
141 159
142 145
142 146
142 147
142 149
142 150
142 151
142 152
142 154
142 156
142 157
142 158
142 159
142 160
143 150
143 152
143 153
143 157
143 158
143 159
143 161
144 146
144 147
144 150
144 160
145 147
145 152
145 153
145 154
145 159
146 147
146 150
146 151
146 152
146 153
146 158
146 159
147 148
147 150
147 151
147 152
147 153
147 154
147 158
147 159
147 160
147 161
148 152
148 153
148 154
148 158
148 159
149 151
149 152
149 153
149 156
149 158
149 161
150 152
150 154
150 155
150 156
150 157
150 158
150 159
150 161
151 152
151 153
151 154
151 155
151 157
151 159
151 161
152 153
152 154
152 157
152 158
152 159
152 160
152 161
153 154
153 155
153 156
153 157
153 158
153 159
153 160
153 161
154 155
154 157
154 158
154 159
154 161
155 159
155 160
156 161
158 159
158 161
159 160
160 161
