0 1
0 2
0 6
0 7
0 9
0 10
0 11
0 15
0 19
0 22
0 25
0 26
0 30
0 36
0 37
0 40
0 41
0 44
0 49
0 50
0 51
0 54
0 55
0 56
0 58
0 64
0 67
0 69
0 70
0 71
0 72
0 74
0 75
0 79
0 80
0 81
0 86
0 89
0 90
0 92
0 97
0 99
0 101
0 102
0 104
0 105
0 106
0 108
0 109
0 110
0 111
0 115
0 117
0 126
0 129
0 133
0 135
0 136
0 137
0 138
0 140
0 141
0 142
0 145
0 146
0 147
0 148
0 152
0 154
0 156
0 157
0 158
0 160
0 161
1 3
1 4
1 6
1 7
1 12
1 13
1 14
1 16
1 18
1 19
1 20
1 22
1 25
1 28
1 31
1 33
1 37
1 45
1 46
1 50
1 51
1 54
1 55
1 63
1 64
1 67
1 68
1 69
1 70
1 73
1 76
1 77
1 79
1 84
1 87
1 88
1 91
1 92
1 93
1 94
1 97
1 102
1 103
1 105
1 106
1 109
1 115
1 118
1 119
1 124
1 129
1 131
1 133
1 134
1 135
1 138
1 141
1 145
1 146
1 147
1 150
1 152
1 153
1 158
2 3
2 6
2 9
2 11
2 13
2 14
2 24
2 25
2 31
2 40
2 42
2 44
2 45
2 49
2 50
2 51
2 54
2 55
2 56
2 64
2 65
2 67
2 69
2 70
2 71
2 77
2 82
2 88
2 91
2 94
2 98
2 101
2 105
2 106
2 108
2 109
2 114
2 115
2 116
2 117
2 118
2 130
2 137
2 141
2 142
2 145
2 146
2 147
2 151
2 154
2 158
2 159
2 161
3 6
3 7
3 9
3 10
3 19
3 24
3 25
3 26
3 28
3 31
3 32
3 36
3 38
3 40
3 45
3 48
3 49
3 51
3 54
3 55
3 56
3 62
3 63
3 64
3 66
3 67
3 68
3 69
3 70
3 72
3 86
3 89
3 97
3 101
3 103
3 106
3 108
3 110
3 115
3 117
3 127
3 129
3 131
3 133
3 136
3 137
3 138
3 146
3 149
3 150
3 151
3 154
3 157
3 158
4 5
4 7
4 8
4 9
4 10
4 11
4 12
4 13
4 14
4 15
4 19
4 20
4 21
4 22
4 23
4 24
4 25
4 26
4 28
4 30
4 31
4 32
4 33
4 35
4 36
4 37
4 38
4 39
4 40
4 41
4 42
4 43
4 44
4 45
4 46
4 49
4 50
4 51
4 52
4 53
4 54
4 55
4 56
4 57
4 58
4 59
4 61
4 62
4 63
4 64
4 65
4 66
4 67
4 68
4 69
4 70
4 71
4 72
4 73
4 75
4 76
4 77
4 78
4 79
4 80
4 83
4 84
4 87
4 88
4 89
4 90
4 91
4 92
4 93
4 94
4 95
4 96
4 97
4 99
4 100
4 101
4 102
4 103
4 105
4 106
4 107
4 108
4 109
4 110
4 111
4 112
4 113
4 114
4 115
4 116
4 117
4 118
4 119
4 125
4 129
4 130
4 131
4 133
4 135
4 137
4 138
4 139
4 141
4 142
4 144
4 145
4 146
4 147
4 149
4 150
4 151
4 152
4 153
4 154
4 155
4 157
4 159
4 161
5 6
5 7
5 12
5 14
5 15
5 18
5 23
5 26
5 28
5 31
5 35
5 36
5 38
5 39
5 43
5 49
5 50
5 52
5 54
5 56
5 57
5 62
5 64
5 66
5 68
5 69
5 70
5 71
5 73
5 75
5 77
5 79
5 80
5 85
5 87
5 89
5 91
5 92
5 93
5 94
5 99
5 101
5 106
5 107
5 110
5 112
5 114
5 118
5 127
5 130
5 133
5 134
5 137
5 138
5 139
5 147
5 148
5 149
5 150
5 151
5 154
5 158
5 160
6 7
6 8
6 9
6 10
6 11
6 12
6 13
6 14
6 16
6 18
6 19
6 20
6 21
6 22
6 23
6 25
6 26
6 29
6 30
6 31
6 32
6 35
6 36
6 37
6 38
6 39
6 40
6 42
6 44
6 45
6 46
6 48
6 49
6 50
6 51
6 52
6 54
6 57
6 59
6 62
6 63
6 64
6 66
6 67
6 69
6 70
6 71
6 72
6 73
6 74
6 75
6 77
6 79
6 81
6 85
6 86
6 87
6 89
6 91
6 92
6 93
6 94
6 95
6 96
6 97
6 99
6 100
6 101
6 103
6 105
6 106
6 107
6 108
6 109
6 110
6 111
6 112
6 113
6 114
6 115
6 116
6 117
6 119
6 120
6 122
6 124
6 125
6 126
6 127
6 128
6 129
6 130
6 131
6 133
6 137
6 139
6 141
6 142
6 143
6 147
6 149
6 150
6 151
6 152
6 153
6 154
6 156
6 157
6 158
6 159
6 160
6 161
7 8
7 9
7 10
7 11
7 12
7 14
7 15
7 16
7 17
7 18
7 19
7 20
7 21
7 22
7 24
7 25
7 26
7 28
7 29
7 30
7 31
7 32
7 34
7 35
7 37
7 38
7 39
7 40
7 43
7 44
7 45
7 48
7 49
7 50
7 51
7 52
7 54
7 56
7 57
7 62
7 63
7 64
7 65
7 66
7 67
7 68
7 69
7 70
7 71
7 72
7 73
7 74
7 75
7 77
7 78
7 79
7 80
7 83
7 84
7 85
7 86
7 87
7 89
7 90
7 91
7 92
7 93
7 94
7 95
7 96
7 97
7 98
7 100
7 101
7 102
7 103
7 104
7 105
7 106
7 108
7 110
7 111
7 112
7 113
7 114
7 117
7 118
7 119
7 120
7 123
7 124
7 125
7 126
7 127
7 128
7 129
7 130
7 131
7 132
7 133
7 134
7 135
7 137
7 139
7 140
7 141
7 142
7 145
7 147
7 148
7 150
7 151
7 152
7 153
7 154
7 155
7 156
7 157
7 159
8 11
8 14
8 16
8 18
8 19
8 21
8 25
8 26
8 30
8 31
8 34
8 46
8 51
8 56
8 63
8 64
8 65
8 68
8 70
8 72
8 76
8 79
8 93
8 94
8 99
8 102
8 108
8 110
8 112
8 114
8 115
8 117
8 118
8 121
8 125
8 127
8 130
8 131
8 133
8 135
8 136
8 137
8 138
8 149
8 150
8 151
8 154
8 155
8 158
9 10
9 11
9 13
9 14
9 15
9 18
9 19
9 21
9 26
9 27
9 30
9 31
9 32
9 33
9 36
9 38
9 43
9 45
9 46
9 47
9 49
9 50
9 51
9 52
9 53
9 54
9 55
9 56
9 59
9 61
9 62
9 64
9 65
9 66
9 67
9 68
9 70
9 72
9 73
9 74
9 77
9 78
9 79
9 81
9 83
9 84
9 87
9 88
9 89
9 90
9 91
9 93
9 94
9 99
9 101
9 102
9 103
9 105
9 106
9 108
9 109
9 111
9 112
9 113
9 114
9 115
9 116
9 118
9 125
9 126
9 127
9 128
9 133
9 134
9 137
9 138
9 142
9 144
9 145
9 146
9 148
9 150
9 151
9 152
9 153
9 154
9 157
9 160
9 161
10 11
10 13
10 14
10 15
10 16
10 21
10 24
10 26
10 27
10 28
10 30
10 31
10 32
10 35
10 36
10 38
10 39
10 40
10 43
10 45
10 46
10 48
10 49
10 50
10 51
10 52
10 54
10 56
10 57
10 61
10 63
10 64
10 65
10 66
10 67
10 68
10 69
10 70
10 71
10 72
10 73
10 75
10 79
10 80
10 84
10 86
10 87
10 89
10 94
10 96
10 98
10 99
10 100
10 101
10 102
10 105
10 106
10 114
10 115
10 116
10 117
10 118
10 125
10 129
10 130
10 131
10 133
10 134
10 138
10 141
10 142
10 146
10 147
10 150
10 151
10 152
10 154
10 161
11 13
11 15
11 19
11 21
11 22
11 23
11 25
11 28
11 29
11 30
11 31
11 33
11 36
11 38
11 39
11 40
11 42
11 44
11 46
11 50
11 51
11 52
11 54
11 55
11 56
11 57
11 58
11 59
11 60
11 61
11 64
11 65
11 67
11 68
11 70
11 72
11 73
11 74
11 76
11 77
11 78
11 79
11 80
11 84
11 86
11 87
11 88
11 89
11 91
11 92
11 93
11 94
11 95
11 96
11 98
11 99
11 100
11 101
11 102
11 105
11 106
11 108
11 109
11 110
11 112
11 114
11 115
11 116
11 117
11 118
11 121
11 125
11 126
11 127
11 129
11 131
11 133
11 135
11 136
11 137
11 138
11 141
11 142
11 145
11 147
11 149
11 150
11 152
11 153
11 154
11 156
11 157
11 158
11 159
11 160
11 161
12 13
12 14
12 15
12 16
12 19
12 21
12 22
12 25
12 26
12 30
12 32
12 34
12 35
12 37
12 40
12 41
12 43
12 44
12 45
12 48
12 49
12 50
12 51
12 54
12 55
12 57
12 58
12 59
12 60
12 63
12 64
12 65
12 66
12 67
12 68
12 70
12 71
12 72
12 74
12 79
12 80
12 84
12 86
12 87
12 91
12 93
12 96
12 97
12 100
12 101
12 103
12 104
12 105
12 109
12 112
12 113
12 114
12 115
12 116
12 119
12 125
12 126
12 129
12 131
12 132
12 133
12 135
12 137
12 138
12 140
12 141
12 142
12 143
12 145
12 146
12 149
12 151
12 152
12 157
12 158
12 160
13 14
13 16
13 19
13 21
13 27
13 29
13 30
13 31
13 37
13 38
13 40
13 41
13 42
13 43
13 44
13 45
13 48
13 50
13 51
13 54
13 56
13 57
13 58
13 59
13 63
13 64
13 65
13 67
13 68
13 69
13 70
13 71
13 72
13 73
13 74
13 77
13 79
13 80
13 81
13 84
13 86
13 89
13 94
13 96
13 97
13 98
13 99
13 100
13 101
13 102
13 104
13 105
13 106
13 108
13 110
13 111
13 113
13 114
13 115
13 116
13 117
13 118
13 120
13 121
13 127
13 130
13 133
13 134
13 135
13 137
13 139
13 140
13 141
13 142
13 147
13 148
13 150
13 151
13 152
13 158
13 160
13 161
14 15
14 16
14 18
14 19
14 20
14 21
14 23
14 24
14 25
14 26
14 27
14 29
14 30
14 31
14 32
14 33
14 34
14 35
14 36
14 37
14 38
14 40
14 42
14 43
14 44
14 45
14 46
14 48
14 49
14 50
14 51
14 52
14 53
14 54
14 56
14 57
14 58
14 59
14 61
14 63
14 64
14 65
14 67
14 68
14 69
14 70
14 72
14 74
14 75
14 76
14 77
14 80
14 83
14 84
14 86
14 87
14 89
14 92
14 93
14 94
14 97
14 98
14 99
14 100
14 101
14 102
14 103
14 104
14 105
14 106
14 107
14 108
14 111
14 112
14 113
14 114
14 115
14 116
14 117
14 119
14 120
14 122
14 124
14 125
14 126
14 127
14 128
14 129
14 130
14 131
14 132
14 135
14 136
14 137
14 138
14 139
14 140
14 141
14 142
14 143
14 145
14 146
14 147
14 149
14 150
14 151
14 152
14 153
14 154
14 155
14 157
14 158
14 159
14 160
14 161
15 19
15 23
15 25
15 26
15 28
15 29
15 30
15 31
15 36
15 37
15 38
15 39
15 40
15 44
15 45
15 46
15 50
15 51
15 52
15 54
15 55
15 57
15 58
15 59
15 64
15 65
15 66
15 67
15 68
15 70
15 71
15 72
15 73
15 74
15 77
15 79
15 80
15 82
15 89
15 91
15 101
15 102
15 106
15 109
15 111
15 113
15 115
15 116
15 118
15 120
15 125
15 126
15 131
15 133
15 134
15 135
15 137
15 139
15 142
15 146
15 149
15 150
15 151
15 152
15 153
15 154
15 159
15 161
16 19
16 25
16 29
16 31
16 35
16 36
16 38
16 40
16 41
16 44
16 45
16 49
16 54
16 56
16 57
16 58
16 67
16 69
16 72
16 74
16 75
16 79
16 80
16 88
16 89
16 90
16 92
16 93
16 94
16 102
16 104
16 105
16 106
16 110
16 114
16 116
16 123
16 127
16 128
16 129
16 133
16 135
16 136
16 137
16 142
16 143
16 146
16 147
16 152
16 153
16 154
16 158
17 20
17 30
17 35
17 39
17 40
17 44
17 49
17 51
17 52
17 63
17 65
17 68
17 70
17 72
17 75
17 92
17 94
17 99
17 101
17 102
17 107
17 108
17 114
17 115
17 126
17 129
17 133
17 142
17 143
17 153
18 19
18 20
18 21
18 22
18 25
18 26
18 27
18 28
18 32
18 33
18 35
18 40
18 43
18 44
18 45
18 46
18 49
18 53
18 56
18 58
18 59
18 64
18 65
18 66
18 67
18 68
18 69
18 70
18 72
18 73
18 75
18 77
18 79
18 83
18 85
18 87
18 89
18 91
18 93
18 94
18 96
18 97
18 101
18 105
18 108
18 111
18 115
18 123
18 129
18 131
18 134
18 135
18 137
18 138
18 139
18 142
18 145
18 146
18 147
18 148
18 149
18 151
18 153
18 154
18 155
18 157
18 158
18 159
18 160
18 161
19 20
19 21
19 25
19 26
19 27
19 28
19 30
19 31
19 32
19 33
19 35
19 36
19 37
19 38
19 40
19 41
19 42
19 44
19 45
19 46
19 49
19 50
19 51
19 52
19 54
19 56
19 58
19 61
19 63
19 64
19 65
19 68
19 69
19 70
19 71
19 72
19 73
19 74
19 75
19 76
19 77
19 78
19 79
19 80
19 82
19 83
19 84
19 86
19 87
19 88
19 89
19 91
19 92
19 93
19 94
19 95
19 97
19 100
19 101
19 102
19 103
19 105
19 106
19 107
19 108
19 110
19 111
19 112
19 113
19 114
19 115
19 116
19 117
19 118
19 120
19 122
19 125
19 126
19 127
19 128
19 129
19 130
19 131
19 133
19 134
19 135
19 137
19 138
19 140
19 142
19 143
19 147
19 148
19 149
19 150
19 151
19 152
19 153
19 154
19 155
19 157
19 158
19 159
19 160
19 161
20 21
20 23
20 26
20 30
20 35
20 40
20 45
20 50
20 51
20 54
20 57
20 60
20 64
20 66
20 69
20 70
20 72
20 74
20 76
20 77
20 79
20 82
20 85
20 88
20 90
20 95
20 97
20 99
20 100
20 102
20 103
20 104
20 108
20 111
20 115
20 116
20 118
20 125
20 126
20 131
20 134
20 136
20 137
20 138
20 141
20 142
20 147
20 151
20 153
20 154
20 158
21 23
21 26
21 28
21 30
21 31
21 32
21 34
21 35
21 36
21 37
21 38
21 39
21 40
21 41
21 42
21 43
21 44
21 45
21 46
21 49
21 50
21 52
21 53
21 54
21 55
21 56
21 57
21 58
21 61
21 64
21 65
21 66
21 67
21 68
21 69
21 70
21 71
21 72
21 73
21 75
21 76
21 77
21 79
21 80
21 81
21 83
21 84
21 85
21 86
21 88
21 91
21 92
21 94
21 95
21 97
21 99
21 100
21 101
21 102
21 105
21 106
21 107
21 108
21 109
21 110
21 112
21 114
21 115
21 116
21 117
21 125
21 126
21 128
21 129
21 130
21 131
21 134
21 135
21 136
21 138
21 139
21 140
21 142
21 143
21 145
21 147
21 149
21 150
21 151
21 152
21 154
21 156
21 157
21 158
21 159
21 160
22 26
22 32
22 33
22 38
22 39
22 41
22 42
22 45
22 47
22 49
22 50
22 51
22 54
22 55
22 58
22 61
22 64
22 65
22 66
22 67
22 68
22 69
22 71
22 72
22 73
22 74
22 76
22 79
22 80
22 82
22 86
22 89
22 93
22 98
22 101
22 102
22 103
22 104
22 109
22 111
22 112
22 113
22 114
22 118
22 124
22 125
22 126
22 129
22 131
22 132
22 133
22 136
22 137
22 138
22 139
22 140
22 141
22 143
22 147
22 150
22 152
22 154
22 155
22 156
23 25
23 27
23 31
23 32
23 36
23 40
23 45
23 47
23 50
23 54
23 63
23 64
23 66
23 70
23 72
23 74
23 76
23 80
23 82
23 89
23 101
23 105
23 113
23 115
23 125
23 129
23 130
23 131
23 133
23 137
23 138
23 141
23 146
23 147
23 153
23 154
23 157
23 160
24 26
24 30
24 35
24 37
24 38
24 40
24 45
24 51
24 53
24 54
24 56
24 58
24 62
24 63
24 64
24 65
24 66
24 68
24 70
24 73
24 74
24 75
24 76
24 79
24 83
24 84
24 85
24 88
24 90
24 93
24 95
24 96
24 98
24 100
24 101
24 104
24 106
24 108
24 109
24 112
24 113
24 115
24 117
24 118
24 123
24 125
24 129
24 131
24 132
24 134
24 138
24 141
24 142
24 143
24 147
24 151
24 152
24 153
24 154
24 157
24 159
24 160
25 26
25 28
25 30
25 31
25 35
25 36
25 37
25 38
25 40
25 41
25 43
25 44
25 45
25 46
25 47
25 49
25 53
25 54
25 56
25 58
25 63
25 64
25 65
25 66
25 67
25 68
25 69
25 71
25 72
25 73
25 74
25 75
25 80
25 83
25 84
25 86
25 88
25 90
25 92
25 96
25 97
25 99
25 100
25 101
25 105
25 106
25 108
25 109
25 110
25 113
25 114
25 115
25 116
25 118
25 123
25 125
25 126
25 127
25 129
25 130
25 131
25 133
25 134
25 135
25 138
25 142
25 146
25 147
25 149
25 150
25 151
25 152
25 154
25 157
25 158
25 159
25 161
26 27
26 31
26 32
26 34
26 37
26 38
26 40
26 41
26 43
26 44
26 45
26 46
26 48
26 49
26 50
26 51
26 52
26 54
26 55
26 56
26 58
26 59
26 60
26 61
26 62
26 63
26 64
26 65
26 66
26 67
26 68
26 69
26 70
26 71
26 72
26 73
26 74
26 75
26 76
26 77
26 78
26 79
26 81
26 82
26 83
26 84
26 86
26 87
26 88
26 89
26 91
26 92
26 93
26 94
26 95
26 96
26 97
26 98
26 99
26 100
26 101
26 102
26 103
26 104
26 105
26 106
26 107
26 108
26 112
26 113
26 114
26 115
26 116
26 117
26 118
26 119
26 124
26 125
26 126
26 127
26 129
26 130
26 131
26 132
26 133
26 134
26 135
26 136
26 137
26 138
26 140
26 141
26 142
26 143
26 145
26 146
26 147
26 149
26 150
26 151
26 153
26 154
26 156
26 158
26 160
26 161
27 28
27 31
27 40
27 51
27 52
27 54
27 58
27 64
27 67
27 77
27 93
27 94
27 97
27 106
27 111
27 112
27 115
27 119
27 127
27 129
27 131
27 134
27 135
27 136
27 137
27 139
27 140
27 147
27 151
27 153
27 155
27 161
28 31
28 32
28 35
28 40
28 45
28 46
28 49
28 51
28 52
28 56
28 58
28 59
28 63
28 64
28 65
28 66
28 67
28 69
28 73
28 80
28 81
28 88
28 89
28 93
28 94
28 95
28 96
28 101
28 102
28 103
28 104
28 106
28 108
28 110
28 112
28 113
28 114
28 116
28 117
28 118
28 122
28 130
28 131
28 136
28 142
28 146
28 147
28 150
28 152
28 157
28 158
28 161
29 30
29 31
29 34
29 37
29 38
29 42
29 44
29 45
29 49
29 52
29 54
29 55
29 59
29 64
29 68
29 70
29 75
29 76
29 77
29 79
29 89
29 92
29 97
29 100
29 102
29 106
29 107
29 109
29 112
29 113
29 114
29 115
29 126
29 129
29 133
29 137
29 138
29 139
29 142
29 147
29 149
29 150
29 151
29 152
29 153
29 154
29 158
30 31
30 32
30 34
30 35
30 36
30 37
30 38
30 40
30 41
30 42
30 43
30 44
30 45
30 46
30 48
30 49
30 51
30 52
30 54
30 56
30 58
30 59
30 61
30 63
30 64
30 65
30 68
30 69
30 70
30 71
30 72
30 73
30 74
30 77
30 78
30 80
30 82
30 84
30 85
30 86
30 88
30 89
30 91
30 92
30 93
30 94
30 95
30 97
30 100
30 101
30 102
30 106
30 107
30 108
30 109
30 112
30 113
30 114
30 115
30 116
30 117
30 118
30 119
30 121
30 125
30 126
30 127
30 128
30 129
30 130
30 131
30 133
30 134
30 137
30 138
30 139
30 140
30 141
30 142
30 143
30 145
30 146
30 147
30 148
30 149
30 150
30 151
30 154
30 155
30 156
30 157
30 158
30 160
30 161
31 32
31 33
31 34
31 35
31 36
31 37
31 38
31 40
31 41
31 42
31 43
31 44
31 45
31 47
31 49
31 50
31 51
31 52
31 53
31 54
31 55
31 56
31 58
31 59
31 60
31 61
31 62
31 63
31 64
31 65
31 66
31 67
31 68
31 70
31 71
31 72
31 73
31 74
31 75
31 77
31 79
31 80
31 81
31 84
31 85
31 86
31 88
31 89
31 90
31 91
31 93
31 94
31 96
31 97
31 99
31 101
31 102
31 103
31 105
31 106
31 107
31 108
31 110
31 111
31 112
31 113
31 114
31 115
31 116
31 117
31 118
31 119
31 121
31 124
31 125
31 128
31 129
31 131
31 133
31 134
31 136
31 137
31 138
31 139
31 140
31 141
31 142
31 143
31 146
31 147
31 148
31 150
31 151
31 152
31 153
31 154
31 155
31 157
31 158
31 159
31 160
31 161
32 33
32 35
32 36
32 38
32 40
32 43
32 44
32 45
32 48
32 49
32 51
32 52
32 54
32 55
32 56
32 57
32 59
32 61
32 63
32 64
32 65
32 66
32 67
32 68
32 69
32 70
32 71
32 73
32 74
32 76
32 77
32 78
32 79
32 80
32 82
32 83
32 86
32 87
32 88
32 89
32 90
32 91
32 93
32 94
32 95
32 96
32 97
32 98
32 99
32 100
32 101
32 102
32 105
32 106
32 107
32 108
32 110
32 111
32 113
32 114
32 115
32 118
32 119
32 121
32 124
32 125
32 126
32 127
32 128
32 129
32 130
32 131
32 132
32 134
32 136
32 137
32 138
32 141
32 142
32 143
32 146
32 147
32 152
32 153
32 154
32 155
32 157
32 159
32 161
33 40
33 43
33 50
33 51
33 52
33 55
33 57
33 58
33 59
33 64
33 65
33 68
33 71
33 73
33 75
33 101
33 104
33 107
33 110
33 111
33 112
33 117
33 118
33 120
33 127
33 129
33 131
33 134
33 137
33 138
33 142
33 147
33 149
33 150
33 152
33 157
33 158
34 36
34 38
34 40
34 44
34 45
34 48
34 49
34 51
34 52
34 54
34 56
34 62
34 64
34 65
34 66
34 67
34 68
34 69
34 70
34 72
34 73
34 74
34 79
34 83
34 84
34 87
34 89
34 91
34 93
34 94
34 95
34 97
34 98
34 101
34 102
34 103
34 104
34 105
34 107
34 108
34 109
34 111
34 112
34 113
34 114
34 115
34 117
34 118
34 125
34 127
34 129
34 131
34 133
34 134
34 138
34 140
34 141
34 143
34 146
34 150
34 151
34 152
34 154
34 156
34 157
34 158
34 159
34 160
35 40
35 41
35 44
35 45
35 46
35 47
35 49
35 50
35 54
35 56
35 58
35 61
35 62
35 63
35 64
35 65
35 66
35 67
35 68
35 69
35 70
35 71
35 72
35 73
35 74
35 75
35 76
35 79
35 80
35 81
35 82
35 83
35 86
35 88
35 89
35 91
35 93
35 94
35 95
35 97
35 98
35 101
35 103
35 104
35 106
35 107
35 108
35 109
35 110
35 112
35 113
35 114
35 115
35 116
35 117
35 118
35 122
35 126
35 128
35 131
35 133
35 134
35 135
35 137
35 138
35 140
35 141
35 142
35 143
35 146
35 147
35 150
35 152
35 154
35 155
35 156
35 158
35 160
36 37
36 42
36 43
36 44
36 45
36 47
36 48
36 49
36 51
36 58
36 59
36 60
36 63
36 64
36 65
36 66
36 67
36 68
36 69
36 70
36 72
36 73
36 74
36 75
36 76
36 77
36 78
36 79
36 80
36 81
36 83
36 84
36 87
36 88
36 89
36 92
36 94
36 95
36 97
36 98
36 99
36 100
36 101
36 102
36 103
36 105
36 106
36 107
36 108
36 109
36 112
36 113
36 114
36 117
36 118
36 120
36 123
36 125
36 126
36 129
36 131
36 134
36 136
36 138
36 139
36 140
36 146
36 147
36 150
36 151
36 152
36 154
36 155
36 157
36 158
36 159
36 161
37 38
37 40
37 41
37 42
37 43
37 44
37 45
37 51
37 54
37 56
37 58
37 59
37 64
37 65
37 67
37 69
37 70
37 72
37 73
37 74
37 75
37 77
37 81
37 83
37 87
37 88
37 89
37 90
37 93
37 94
37 95
37 96
37 97
37 98
37 99
37 101
37 102
37 107
37 109
37 112
37 113
37 114
37 115
37 117
37 118
37 119
37 121
37 122
37 125
37 126
37 129
37 130
37 131
37 133
37 135
37 137
37 142
37 145
37 146
37 147
37 149
37 150
37 152
37 153
37 154
37 158
37 159
37 160
38 40
38 41
38 43
38 45
38 46
38 48
38 49
38 50
38 51
38 52
38 54
38 55
38 56
38 57
38 58
38 59
38 63
38 64
38 65
38 66
38 67
38 68
38 69
38 70
38 72
38 73
38 74
38 75
38 77
38 79
38 80
38 81
38 83
38 84
38 85
38 87
38 88
38 89
38 90
38 92
38 96
38 97
38 98
38 99
38 100
38 101
38 102
38 103
38 105
38 106
38 107
38 108
38 109
38 110
38 112
38 113
38 114
38 116
38 117
38 119
38 122
38 125
38 128
38 129
38 130
38 131
38 133
38 134
38 136
38 137
38 138
38 139
38 141
38 142
38 143
38 146
38 147
38 149
38 150
38 151
38 152
38 153
38 154
38 157
38 158
38 159
38 161
39 40
39 44
39 45
39 46
39 47
39 49
39 50
39 51
39 54
39 56
39 58
39 59
39 61
39 62
39 63
39 66
39 67
39 68
39 70
39 71
39 74
39 75
39 77
39 80
39 83
39 89
39 91
39 92
39 97
39 98
39 101
39 102
39 103
39 106
39 107
39 108
39 109
39 111
39 112
39 114
39 115
39 116
39 117
39 118
39 120
39 125
39 126
39 129
39 130
39 131
39 135
39 136
39 137
39 138
39 142
39 143
39 145
39 150
39 151
39 152
39 154
39 158
39 160
40 42
40 43
40 44
40 45
40 46
40 47
40 49
40 50
40 51
40 52
40 53
40 54
40 55
40 56
40 58
40 61
40 62
40 63
40 64
40 65
40 66
40 67
40 68
40 69
40 70
40 71
40 72
40 73
40 74
40 75
40 76
40 77
40 79
40 80
40 83
40 84
40 85
40 86
40 87
40 89
40 90
40 91
40 92
40 93
40 94
40 97
40 98
40 99
40 100
40 101
40 106
40 108
40 109
40 110
40 111
40 112
40 113
40 114
40 115
40 116
40 117
40 118
40 119
40 120
40 121
40 123
40 125
40 126
40 128
40 129
40 130
40 131
40 132
40 133
40 134
40 135
40 136
40 137
40 139
40 140
40 141
40 142
40 143
40 144
40 145
40 146
40 147
40 149
40 150
40 151
40 152
40 153
40 154
40 155
40 157
40 158
40 159
40 160
40 161
41 44
41 45
41 49
41 52
41 56
41 58
41 61
41 62
41 64
41 68
41 70
41 71
41 77
41 82
41 84
41 92
41 94
41 97
41 98
41 101
41 105
41 108
41 109
41 110
41 112
41 114
41 117
41 120
41 125
41 131
41 134
41 137
41 138
41 139
41 141
41 152
41 158
41 161
42 46
42 47
42 51
42 52
42 55
42 62
42 66
42 68
42 69
42 70
42 71
42 76
42 79
42 87
42 88
42 89
42 90
42 92
42 97
42 99
42 101
42 102
42 103
42 105
42 106
42 107
42 108
42 109
42 110
42 112
42 113
42 114
42 115
42 117
42 118
42 121
42 127
42 129
42 133
42 134
42 136
42 137
42 138
42 140
42 142
42 143
42 147
42 149
42 150
42 151
42 152
42 154
42 155
42 157
42 158
43 48
43 51
43 52
43 54
43 58
43 59
43 62
43 64
43 66
43 68
43 69
43 70
43 71
43 72
43 78
43 79
43 84
43 87
43 88
43 89
43 91
43 92
43 94
43 95
43 96
43 99
43 101
43 102
43 103
43 105
43 106
43 107
43 108
43 111
43 112
43 113
43 114
43 115
43 116
43 117
43 118
43 122
43 125
43 126
43 127
43 129
43 131
43 133
43 134
43 136
43 137
43 138
43 139
43 140
43 141
43 142
43 143
43 147
43 149
43 150
43 153
43 154
43 157
43 158
43 161
44 45
44 47
44 50
44 51
44 52
44 53
44 54
44 55
44 56
44 58
44 59
44 61
44 62
44 63
44 65
44 66
44 67
44 68
44 70
44 71
44 72
44 74
44 77
44 79
44 80
44 82
44 83
44 84
44 88
44 89
44 91
44 92
44 94
44 97
44 99
44 102
44 103
44 106
44 108
44 109
44 113
44 114
44 115
44 118
44 125
44 127
44 129
44 130
44 131
44 132
44 133
44 134
44 138
44 142
44 143
44 146
44 147
44 148
44 149
44 150
44 151
44 152
44 153
44 154
44 155
44 158
45 46
45 48
45 49
45 50
45 51
45 52
45 54
45 55
45 56
45 62
45 63
45 65
45 66
45 67
45 68
45 69
45 71
45 72
45 73
45 74
45 75
45 76
45 77
45 79
45 80
45 81
45 82
45 83
45 84
45 85
45 86
45 87
45 89
45 91
45 93
45 94
45 95
45 97
45 98
45 99
45 102
45 103
45 106
45 107
45 108
45 109
45 112
45 113
45 114
45 115
45 117
45 118
45 125
45 126
45 127
45 129
45 130
45 131
45 133
45 134
45 135
45 136
45 137
45 139
45 140
45 141
45 142
45 143
45 145
45 146
45 147
45 149
45 150
45 151
45 153
45 154
45 157
45 158
45 161
46 47
46 49
46 54
46 56
46 57
46 58
46 62
46 64
46 65
46 66
46 68
46 69
46 70
46 71
46 72
46 73
46 74
46 75
46 77
46 79
46 83
46 84
46 85
46 88
46 93
46 94
46 95
46 96
46 97
46 98
46 99
46 101
46 102
46 105
46 106
46 107
46 108
46 109
46 110
46 111
46 113
46 114
46 118
46 123
46 125
46 126
46 127
46 130
46 133
46 134
46 135
46 137
46 138
46 140
46 141
46 142
46 145
46 150
46 151
46 152
46 153
46 154
46 155
46 157
46 158
46 159
46 160
47 51
47 54
47 59
47 63
47 64
47 65
47 66
47 67
47 69
47 70
47 72
47 74
47 77
47 94
47 97
47 99
47 103
47 108
47 111
47 112
47 113
47 115
47 117
47 118
47 131
47 139
47 143
47 152
47 158
47 161
48 50
48 51
48 54
48 56
48 64
48 67
48 68
48 69
48 73
48 79
48 82
48 86
48 89
48 93
48 102
48 107
48 108
48 113
48 114
48 115
48 126
48 127
48 128
48 129
48 130
48 131
48 133
48 134
48 138
48 139
48 140
48 142
48 143
48 145
48 148
48 152
48 154
48 158
48 161
49 50
49 51
49 52
49 54
49 55
49 56
49 58
49 59
49 61
49 62
49 63
49 64
49 65
49 66
49 67
49 68
49 69
49 70
49 71
49 72
49 73
49 74
49 75
49 76
49 77
49 81
49 84
49 86
49 88
49 89
49 92
49 94
49 95
49 96
49 98
49 99
49 100
49 101
49 102
49 104
49 106
49 107
49 108
49 109
49 111
49 112
49 113
49 114
49 115
49 117
49 118
49 119
49 122
49 123
49 125
49 126
49 127
49 129
49 130
49 131
49 132
49 133
49 134
49 135
49 136
49 137
49 138
49 139
49 140
49 141
49 142
49 143
49 145
49 146
49 147
49 150
49 151
49 152
49 153
49 154
49 155
49 156
49 157
49 158
49 159
49 160
49 161
50 51
50 52
50 54
50 55
50 56
50 58
50 59
50 61
50 62
50 64
50 65
50 66
50 67
50 69
50 70
50 71
50 72
50 73
50 74
50 76
50 79
50 83
50 85
50 86
50 87
50 89
50 91
50 97
50 99
50 100
50 102
50 105
50 106
50 108
50 111
50 112
50 113
50 114
50 115
50 117
50 118
50 119
50 121
50 122
50 126
50 130
50 133
50 134
50 135
50 136
50 137
50 138
50 142
50 146
50 147
50 149
50 152
50 153
50 154
50 157
50 159
51 52
51 53
51 54
51 55
51 56
51 57
51 58
51 61
51 62
51 63
51 64
51 65
51 66
51 67
51 68
51 69
51 70
51 71
51 72
51 73
51 74
51 75
51 76
51 77
51 79
51 83
51 84
51 85
51 86
51 88
51 89
51 90
51 92
51 93
51 94
51 96
51 97
51 98
51 100
51 101
51 102
51 103
51 104
51 106
51 107
51 108
51 109
51 110
51 111
51 112
51 113
51 114
51 115
51 116
51 117
51 118
51 119
51 120
51 122
51 123
51 124
51 125
51 127
51 128
51 129
51 130
51 131
51 132
51 133
51 134
51 135
51 136
51 137
51 138
51 139
51 140
51 142
51 143
51 144
51 145
51 146
51 147
51 148
51 149
51 150
51 151
51 152
51 153
51 154
51 155
51 156
51 157
51 158
51 159
51 160
51 161
52 56
52 59
52 61
52 62
52 63
52 64
52 65
52 66
52 67
52 68
52 69
52 70
52 71
52 72
52 75
52 79
52 84
52 85
52 86
52 87
52 89
52 93
52 101
52 102
52 104
52 108
52 109
52 112
52 114
52 117
52 118
52 124
52 125
52 126
52 129
52 131
52 133
52 134
52 136
52 137
52 138
52 139
52 147
52 149
52 150
52 151
52 152
52 153
52 154
52 155
52 157
52 158
52 159
53 57
53 65
53 69
53 70
53 72
53 74
53 80
53 85
53 89
53 91
53 93
53 98
53 99
53 100
53 101
53 103
53 105
53 108
53 117
53 125
53 128
53 129
53 130
53 131
53 132
53 133
53 137
53 142
53 144
53 147
53 150
53 151
53 152
53 153
53 154
53 157
53 158
54 55
54 58
54 59
54 60
54 61
54 62
54 63
54 64
54 65
54 67
54 68
54 69
54 70
54 71
54 72
54 74
54 75
54 77
54 80
54 83
54 84
54 85
54 86
54 87
54 88
54 89
54 90
54 92
54 93
54 94
54 97
54 99
54 100
54 101
54 102
54 103
54 104
54 106
54 107
54 108
54 109
54 110
54 111
54 112
54 113
54 114
54 115
54 116
54 117
54 118
54 121
54 126
54 127
54 129
54 130
54 131
54 132
54 133
54 134
54 135
54 136
54 137
54 138
54 139
54 140
54 141
54 142
54 143
54 144
54 145
54 146
54 147
54 148
54 149
54 150
54 151
54 152
54 153
54 154
54 155
54 157
54 158
54 160
54 161
55 56
55 58
55 59
55 61
55 67
55 68
55 70
55 71
55 72
55 73
55 74
55 79
55 81
55 82
55 88
55 89
55 90
55 91
55 93
55 95
55 97
55 99
55 100
55 101
55 103
55 105
55 112
55 113
55 115
55 118
55 125
55 127
55 128
55 130
55 131
55 138
55 140
55 142
55 145
55 146
55 147
55 149
55 150
55 151
55 154
55 157
56 57
56 58
56 59
56 60
56 61
56 62
56 63
56 64
56 65
56 66
56 68
56 69
56 70
56 71
56 72
56 74
56 75
56 76
56 79
56 80
56 82
56 83
56 85
56 86
56 87
56 88
56 89
56 90
56 92
56 93
56 94
56 97
56 98
56 99
56 100
56 101
56 102
56 105
56 106
56 108
56 110
56 112
56 113
56 114
56 115
56 116
56 117
56 118
56 119
56 128
56 129
56 130
56 131
56 133
56 134
56 136
56 137
56 138
56 139
56 140
56 141
56 142
56 143
56 145
56 146
56 147
56 150
56 152
56 153
56 154
56 157
56 158
56 159
56 160
56 161
57 58
57 59
57 61
57 62
57 64
57 65
57 67
57 69
57 70
57 71
57 74
57 75
57 83
57 89
57 91
57 93
57 94
57 95
57 96
57 97
57 98
57 101
57 102
57 106
57 108
57 112
57 113
57 115
57 117
57 119
57 125
57 126
57 130
57 133
57 134
57 142
57 150
57 151
57 154
58 59
58 60
58 61
58 64
58 65
58 66
58 67
58 68
58 70
58 71
58 72
58 73
58 74
58 75
58 80
58 84
58 85
58 86
58 87
58 89
58 91
58 93
58 94
58 97
58 101
58 104
58 106
58 107
58 108
58 109
58 111
58 112
58 113
58 114
58 116
58 117
58 120
58 125
58 126
58 127
58 128
58 130
58 131
58 134
58 135
58 136
58 137
58 138
58 139
58 142
58 146
58 147
58 150
58 152
58 153
58 154
58 155
58 158
58 159
58 161
59 61
59 62
59 64
59 65
59 66
59 67
59 68
59 69
59 71
59 72
59 73
59 74
59 78
59 79
59 81
59 83
59 84
59 85
59 87
59 88
59 89
59 91
59 94
59 97
59 98
59 100
59 101
59 103
59 104
59 105
59 111
59 112
59 114
59 115
59 117
59 121
59 125
59 126
59 129
59 130
59 131
59 133
59 137
59 138
59 141
59 142
59 147
59 149
59 150
59 151
59 152
59 153
59 154
59 157
59 158
59 160
59 161
60 63
60 64
60 65
60 68
60 72
60 77
60 79
60 80
60 85
60 87
60 96
60 97
60 101
60 103
60 107
60 108
60 111
60 112
60 115
60 123
60 131
60 138
60 142
60 157
61 62
61 63
61 64
61 67
61 68
61 69
61 70
61 71
61 73
61 74
61 75
61 77
61 79
61 80
61 81
61 86
61 89
61 91
61 92
61 94
61 97
61 101
61 102
61 104
61 106
61 107
61 108
61 113
61 115
61 118
61 121
61 125
61 127
61 129
61 131
61 132
61 134
61 135
61 138
61 139
61 141
61 142
61 146
61 147
61 149
61 150
61 152
61 154
61 155
61 158
61 159
61 160
62 63
62 64
62 65
62 70
62 73
62 74
62 79
62 84
62 89
62 92
62 94
62 96
62 97
62 98
62 99
62 101
62 102
62 104
62 105
62 106
62 108
62 109
62 113
62 114
62 117
62 118
62 125
62 129
62 131
62 133
62 134
62 135
62 136
62 138
62 139
62 141
62 142
62 144
62 146
62 151
62 158
62 159
63 64
63 66
63 67
63 68
63 69
63 70
63 71
63 72
63 73
63 74
63 75
63 76
63 77
63 80
63 83
63 84
63 87
63 88
63 93
63 94
63 97
63 98
63 100
63 101
63 102
63 104
63 105
63 106
63 107
63 108
63 109
63 111
63 113
63 115
63 117
63 118
63 119
63 120
63 126
63 127
63 129
63 130
63 131
63 132
63 133
63 134
63 137
63 139
63 141
63 142
63 145
63 147
63 148
63 149
63 151
63 152
63 154
63 158
64 65
64 66
64 67
64 68
64 69
64 70
64 72
64 73
64 74
64 75
64 76
64 80
64 81
64 82
64 84
64 86
64 88
64 89
64 91
64 92
64 93
64 94
64 95
64 96
64 98
64 100
64 101
64 103
64 104
64 106
64 108
64 109
64 111
64 112
64 113
64 114
64 115
64 116
64 118
64 120
64 121
64 125
64 126
64 128
64 129
64 130
64 131
64 132
64 133
64 134
64 135
64 136
64 137
64 138
64 139
64 140
64 141
64 142
64 145
64 146
64 147
64 148
64 149
64 150
64 152
64 153
64 154
64 155
64 157
64 158
64 159
64 160
64 161
65 66
65 67
65 68
65 69
65 71
65 72
65 73
65 74
65 75
65 77
65 79
65 80
65 81
65 85
65 86
65 87
65 88
65 89
65 90
65 92
65 93
65 94
65 97
65 98
65 100
65 101
65 102
65 103
65 104
65 105
65 106
65 107
65 108
65 111
65 112
65 113
65 114
65 117
65 118
65 120
65 121
65 123
65 124
65 125
65 126
65 127
65 128
65 129
65 130
65 131
65 133
65 134
65 135
65 137
65 138
65 139
65 140
65 141
65 142
65 143
65 145
65 146
65 147
65 149
65 150
65 151
65 152
65 153
65 158
65 159
65 161
66 67
66 68
66 70
66 72
66 73
66 74
66 75
66 77
66 79
66 81
66 82
66 84
66 85
66 88
66 89
66 92
66 93
66 94
66 96
66 97
66 100
66 101
66 102
66 103
66 105
66 106
66 107
66 108
66 109
66 110
66 113
66 114
66 115
66 116
66 117
66 119
66 120
66 124
66 131
66 133
66 134
66 135
66 137
66 138
66 141
66 143
66 145
66 147
66 149
66 150
66 151
66 152
66 153
66 154
66 155
66 158
66 159
66 160
66 161
67 68
67 69
67 70
67 71
67 72
67 73
67 74
67 75
67 76
67 77
67 79
67 80
67 82
67 83
67 90
67 91
67 92
67 93
67 94
67 95
67 97
67 98
67 99
67 100
67 101
67 102
67 103
67 104
67 106
67 107
67 108
67 109
67 110
67 111
67 112
67 113
67 114
67 115
67 116
67 117
67 118
67 119
67 120
67 121
67 123
67 124
67 125
67 126
67 128
67 129
67 131
67 132
67 133
67 134
67 135
67 138
67 140
67 142
67 145
67 146
67 147
67 148
67 150
67 151
67 152
67 153
67 155
67 157
67 158
67 159
67 161
68 69
68 70
68 71
68 72
68 73
68 74
68 75
68 77
68 78
68 79
68 80
68 83
68 84
68 86
68 87
68 88
68 89
68 91
68 92
68 95
68 96
68 97
68 100
68 101
68 102
68 104
68 105
68 106
68 107
68 108
68 109
68 110
68 111
68 112
68 113
68 115
68 117
68 118
68 119
68 120
68 121
68 123
68 125
68 127
68 128
68 129
68 130
68 131
68 132
68 133
68 134
68 135
68 136
68 137
68 138
68 139
68 140
68 141
68 142
68 143
68 145
68 146
68 147
68 150
68 153
68 154
68 155
68 157
68 158
68 160
68 161
69 70
69 71
69 72
69 73
69 74
69 75
69 76
69 77
69 79
69 80
69 84
69 86
69 87
69 88
69 89
69 90
69 92
69 93
69 94
69 95
69 96
69 97
69 98
69 99
69 100
69 102
69 103
69 104
69 105
69 106
69 108
69 109
69 110
69 112
69 113
69 114
69 115
69 116
69 117
69 118
69 119
69 125
69 126
69 129
69 130
69 131
69 133
69 134
69 135
69 136
69 137
69 138
69 139
69 141
69 142
69 143
69 145
69 147
69 148
69 150
69 151
69 152
69 154
69 155
69 156
69 157
69 160
69 161
70 71
70 72
70 73
70 75
70 76
70 77
70 79
70 80
70 83
70 84
70 86
70 87
70 89
70 91
70 93
70 94
70 97
70 98
70 99
70 100
70 101
70 103
70 104
70 105
70 106
70 107
70 108
70 109
70 110
70 111
70 112
70 113
70 114
70 115
70 117
70 118
70 125
70 126
70 129
70 130
70 131
70 132
70 133
70 134
70 136
70 137
70 138
70 141
70 142
70 147
70 149
70 151
70 152
70 153
70 154
70 155
70 157
70 158
70 159
70 160
70 161
71 72
71 73
71 75
71 77
71 80
71 82
71 84
71 85
71 86
71 87
71 89
71 91
71 92
71 94
71 95
71 97
71 98
71 99
71 100
71 101
71 102
71 105
71 106
71 107
71 108
71 109
71 114
71 115
71 116
71 117
71 118
71 119
71 123
71 127
71 129
71 130
71 131
71 133
71 134
71 137
71 138
71 140
71 141
71 142
71 145
71 146
71 150
71 151
71 152
71 154
71 157
71 158
71 159
71 160
71 161
72 73
72 74
72 76
72 77
72 79
72 80
72 81
72 82
72 83
72 84
72 87
72 88
72 89
72 90
72 91
72 92
72 94
72 96
72 97
72 98
72 99
72 100
72 101
72 103
72 104
72 105
72 106
72 108
72 109
72 110
72 111
72 112
72 113
72 114
72 115
72 116
72 117
72 118
72 119
72 120
72 124
72 125
72 126
72 127
72 129
72 131
72 133
72 134
72 135
72 136
72 137
72 138
72 139
72 140
72 141
72 142
72 143
72 145
72 146
72 147
72 148
72 149
72 150
72 151
72 152
72 153
72 155
72 157
72 158
72 159
72 160
72 161
73 75
73 77
73 79
73 80
73 83
73 84
73 86
73 89
73 92
73 93
73 95
73 97
73 98
73 102
73 103
73 105
73 106
73 107
73 108
73 109
73 111
73 112
73 113
73 114
73 115
73 116
73 117
73 118
73 126
73 129
73 130
73 133
73 137
73 138
73 142
73 143
73 145
73 147
73 151
73 152
73 155
73 161
74 75
74 76
74 77
74 78
74 79
74 81
74 83
74 84
74 85
74 86
74 87
74 88
74 89
74 90
74 92
74 93
74 94
74 97
74 98
74 100
74 101
74 102
74 103
74 105
74 106
74 107
74 108
74 109
74 110
74 111
74 112
74 113
74 114
74 115
74 117
74 118
74 124
74 126
74 127
74 128
74 129
74 131
74 132
74 133
74 134
74 136
74 137
74 138
74 139
74 141
74 142
74 143
74 145
74 146
74 147
74 148
74 149
74 150
74 152
74 153
74 154
74 155
74 156
74 157
74 158
74 160
74 161
75 76
75 77
75 78
75 79
75 83
75 84
75 88
75 89
75 92
75 94
75 97
75 99
75 100
75 101
75 102
75 105
75 106
75 108
75 109
75 111
75 112
75 113
75 114
75 115
75 117
75 118
75 125
75 126
75 129
75 130
75 131
75 133
75 134
75 136
75 138
75 140
75 142
75 145
75 146
75 147
75 148
75 149
75 150
75 151
75 152
75 153
75 154
75 157
75 158
76 80
76 83
76 84
76 85
76 86
76 87
76 88
76 89
76 91
76 93
76 94
76 95
76 97
76 98
76 102
76 105
76 106
76 107
76 108
76 111
76 112
76 114
76 117
76 118
76 119
76 122
76 125
76 127
76 128
76 130
76 131
76 132
76 133
76 134
76 136
76 137
76 138
76 139
76 142
76 143
76 145
76 146
76 147
76 151
76 152
76 153
76 154
76 157
76 158
76 161
77 79
77 80
77 82
77 83
77 85
77 89
77 90
77 91
77 92
77 93
77 97
77 100
77 101
77 102
77 106
77 107
77 108
77 109
77 110
77 111
77 112
77 113
77 114
77 115
77 117
77 118
77 119
77 122
77 125
77 126
77 127
77 128
77 129
77 130
77 131
77 132
77 133
77 134
77 135
77 136
77 137
77 138
77 139
77 141
77 142
77 144
77 145
77 147
77 149
77 150
77 151
77 152
77 158
77 161
78 88
78 89
78 94
78 96
78 99
78 101
78 107
78 116
78 125
78 129
78 133
78 139
78 142
78 147
78 157
78 161
79 80
79 83
79 84
79 85
79 87
79 89
79 91
79 96
79 98
79 100
79 101
79 102
79 104
79 105
79 106
79 107
79 108
79 109
79 111
79 112
79 113
79 114
79 115
79 116
79 117
79 118
79 120
79 122
79 124
79 125
79 126
79 127
79 128
79 129
79 130
79 131
79 133
79 135
79 136
79 137
79 138
79 139
79 141
79 142
79 143
79 145
79 146
79 147
79 149
79 151
79 152
79 154
79 155
79 157
79 158
79 159
79 160
79 161
80 84
80 87
80 88
80 90
80 92
80 93
80 94
80 95
80 97
80 100
80 101
80 102
80 103
80 106
80 107
80 109
80 110
80 111
80 112
80 113
80 114
80 115
80 116
80 117
80 118
80 125
80 126
80 129
80 130
80 131
80 133
80 134
80 136
80 138
80 139
80 141
80 142
80 146
80 149
80 150
80 151
80 152
80 154
80 157
80 159
80 161
81 84
81 85
81 88
81 93
81 94
81 97
81 98
81 99
81 102
81 105
81 106
81 107
81 108
81 114
81 115
81 118
81 125
81 126
81 128
81 129
81 130
81 131
81 138
81 141
81 145
81 146
81 150
81 151
81 152
81 158
82 84
82 87
82 89
82 94
82 97
82 98
82 103
82 107
82 109
82 113
82 114
82 116
82 125
82 126
82 129
82 130
82 131
82 133
82 138
82 139
82 142
82 146
82 147
82 151
82 152
82 154
83 84
83 85
83 86
83 89
83 91
83 92
83 101
83 102
83 106
83 108
83 112
83 113
83 114
83 115
83 116
83 117
83 118
83 119
83 124
83 125
83 129
83 130
83 131
83 133
83 136
83 137
83 138
83 139
83 145
83 147
83 151
83 152
83 155
83 158
83 160
83 161
84 86
84 88
84 91
84 92
84 93
84 94
84 95
84 97
84 98
84 100
84 101
84 103
84 104
84 105
84 106
84 107
84 110
84 111
84 112
84 113
84 114
84 115
84 118
84 120
84 121
84 126
84 127
84 128
84 129
84 130
84 131
84 133
84 137
84 138
84 139
84 141
84 142
84 143
84 149
84 150
84 151
84 152
84 153
84 154
84 155
84 156
84 157
84 158
84 159
84 160
85 89
85 92
85 93
85 94
85 97
85 99
85 101
85 102
85 106
85 107
85 108
85 109
85 111
85 112
85 114
85 117
85 126
85 128
85 129
85 131
85 137
85 138
85 139
85 143
85 146
85 147
85 152
85 153
85 154
85 158
85 159
85 160
86 87
86 88
86 94
86 96
86 98
86 100
86 101
86 108
86 112
86 113
86 114
86 115
86 124
86 129
86 133
86 135
86 136
86 137
86 138
86 139
86 141
86 142
86 145
86 146
86 147
86 149
86 150
86 152
86 154
86 157
86 158
86 160
86 161
87 89
87 90
87 92
87 94
87 97
87 101
87 102
87 104
87 105
87 108
87 109
87 112
87 114
87 115
87 116
87 118
87 119
87 121
87 125
87 126
87 131
87 138
87 139
87 140
87 142
87 145
87 147
87 150
87 152
87 153
87 154
88 94
88 97
88 101
88 103
88 104
88 105
88 107
88 108
88 109
88 111
88 112
88 113
88 114
88 117
88 118
88 123
88 126
88 131
88 133
88 134
88 135
88 136
88 137
88 141
88 145
88 146
88 147
88 150
88 151
88 152
88 154
88 155
88 158
88 159
88 160
88 161
89 90
89 91
89 93
89 94
89 95
89 97
89 101
89 102
89 104
89 105
89 107
89 109
89 112
89 113
89 114
89 115
89 116
89 117
89 118
89 119
89 122
89 124
89 125
89 126
89 128
89 129
89 130
89 131
89 133
89 134
89 135
89 136
89 137
89 138
89 139
89 140
89 141
89 142
89 143
89 144
89 145
89 146
89 147
89 148
89 149
89 150
89 151
89 152
89 153
89 154
89 155
89 157
89 158
89 159
89 160
89 161
90 98
90 101
90 104
90 105
90 106
90 109
90 117
90 118
90 127
90 133
90 135
90 137
90 138
90 142
90 145
90 158
91 94
91 98
91 101
91 102
91 103
91 105
91 107
91 108
91 109
91 110
91 113
91 115
91 118
91 130
91 131
91 134
91 136
91 137
91 138
91 139
91 141
91 142
91 143
91 147
91 149
91 150
91 153
91 154
91 156
91 157
91 158
91 161
92 97
92 100
92 101
92 102
92 103
92 105
92 108
92 109
92 110
92 114
92 115
92 117
92 118
92 124
92 125
92 126
92 127
92 130
92 131
92 133
92 135
92 136
92 137
92 139
92 141
92 142
92 143
92 147
92 150
92 151
92 152
92 154
92 157
92 161
93 94
93 97
93 99
93 101
93 102
93 106
93 107
93 108
93 109
93 111
93 112
93 113
93 114
93 115
93 118
93 123
93 124
93 129
93 130
93 133
93 136
93 138
93 142
93 146
93 147
93 148
93 152
93 153
93 154
93 155
93 158
93 160
94 96
94 97
94 99
94 100
94 101
94 102
94 103
94 105
94 106
94 108
94 109
94 110
94 111
94 112
94 113
94 114
94 115
94 116
94 118
94 119
94 123
94 124
94 125
94 126
94 127
94 129
94 130
94 131
94 133
94 134
94 135
94 136
94 137
94 138
94 141
94 142
94 144
94 146
94 147
94 150
94 151
94 152
94 153
94 154
94 156
94 157
94 158
94 159
94 160
94 161
95 98
95 100
95 106
95 108
95 109
95 111
95 114
95 121
95 125
95 126
95 129
95 131
95 132
95 133
95 135
95 136
95 141
95 149
95 150
95 151
95 152
95 154
95 157
95 161
96 97
96 98
96 101
96 102
96 104
96 105
96 106
96 108
96 109
96 111
96 115
96 116
96 117
96 118
96 125
96 126
96 130
96 131
96 134
96 136
96 139
96 147
96 149
96 150
96 159
96 161
97 98
97 100
97 101
97 102
97 103
97 104
97 106
97 107
97 109
97 110
97 112
97 113
97 114
97 115
97 116
97 117
97 119
97 124
97 125
97 126
97 127
97 129
97 130
97 131
97 133
97 134
97 135
97 137
97 138
97 140
97 141
97 142
97 145
97 146
97 150
97 151
97 152
97 153
97 154
97 155
97 158
98 99
98 100
98 101
98 102
98 106
98 108
98 109
98 111
98 114
98 116
98 118
98 120
98 124
98 125
98 126
98 131
98 134
98 136
98 138
98 139
98 140
98 141
98 143
98 146
98 147
98 151
98 152
98 153
98 154
98 158
98 160
99 100
99 101
99 102
99 103
99 108
99 113
99 114
99 115
99 116
99 118
99 120
99 125
99 126
99 129
99 133
99 134
99 138
99 139
99 140
99 141
99 142
99 143
99 146
99 147
99 150
99 151
99 152
99 153
99 154
99 155
99 158
99 159
99 160
99 161
100 101
100 103
100 105
100 106
100 111
100 112
100 113
100 115
100 117
100 118
100 120
100 121
100 126
100 129
100 131
100 133
100 134
100 138
100 139
100 145
100 147
100 152
100 154
100 157
100 158
101 102
101 103
101 104
101 105
101 106
101 108
101 109
101 110
101 111
101 112
101 113
101 115
101 116
101 117
101 118
101 119
101 122
101 123
101 125
101 126
101 127
101 128
101 129
101 130
101 131
101 133
101 134
101 137
101 138
101 139
101 140
101 141
101 142
101 143
101 146
101 147
101 148
101 149
101 150
101 151
101 152
101 153
101 154
101 155
101 156
101 157
101 158
101 159
101 161
102 103
102 104
102 106
102 107
102 108
102 110
102 111
102 114
102 115
102 117
102 118
102 124
102 126
102 127
102 128
102 129
102 130
102 131
102 133
102 134
102 136
102 137
102 138
102 140
102 141
102 142
102 146
102 147
102 149
102 150
102 151
102 152
102 153
102 154
102 158
102 159
102 160
102 161
103 104
103 106
103 107
103 113
103 114
103 117
103 126
103 130
103 131
103 132
103 134
103 135
103 136
103 137
103 138
103 141
103 142
103 144
103 145
103 146
103 148
103 150
103 151
103 152
103 154
103 157
103 158
104 105
104 106
104 107
104 109
104 110
104 111
104 112
104 113
104 115
104 117
104 122
104 127
104 129
104 131
104 132
104 133
104 134
104 137
104 138
104 139
104 141
104 145
104 146
104 148
104 149
104 150
104 152
104 158
104 161
105 106
105 108
105 112
105 114
105 115
105 117
105 118
105 125
105 127
105 128
105 129
105 130
105 131
105 133
105 136
105 137
105 138
105 139
105 140
105 141
105 142
105 146
105 147
105 150
105 151
105 152
105 153
105 154
105 155
105 157
105 158
106 107
106 108
106 109
106 112
106 113
106 114
106 115
106 117
106 118
106 120
106 124
106 126
106 128
106 129
106 130
106 131
106 133
106 134
106 135
106 137
106 139
106 140
106 141
106 142
106 145
106 146
106 147
106 148
106 149
106 150
106 151
106 153
106 154
106 155
106 158
106 159
106 160
106 161
107 108
107 110
107 111
107 112
107 114
107 115
107 118
107 122
107 125
107 127
107 128
107 129
107 131
107 133
107 134
107 135
107 137
107 138
107 139
107 140
107 142
107 146
107 147
107 150
107 151
107 152
107 153
107 154
107 155
107 157
107 158
107 160
107 161
108 109
108 110
108 112
108 113
108 114
108 115
108 116
108 117
108 118
108 120
108 122
108 125
108 126
108 129
108 130
108 131
108 133
108 134
108 135
108 136
108 137
108 138
108 141
108 142
108 143
108 146
108 147
108 149
108 151
108 152
108 153
108 154
108 156
108 158
108 161
109 110
109 111
109 112
109 113
109 114
109 115
109 116
109 117
109 118
109 125
109 126
109 127
109 128
109 129
109 130
109 131
109 133
109 137
109 138
109 139
109 141
109 142
109 145
109 147
109 148
109 149
109 150
109 151
109 152
109 153
109 154
109 155
109 157
109 158
109 161
110 114
110 115
110 118
110 125
110 126
110 130
110 131
110 136
110 138
110 139
110 145
110 150
110 151
110 152
110 153
110 161
111 114
111 115
111 117
111 118
111 125
111 126
111 127
111 130
111 131
111 133
111 134
111 135
111 136
111 137
111 138
111 139
111 145
111 147
111 149
111 150
111 152
111 153
111 154
111 161
112 113
112 114
112 115
112 116
112 117
112 118
112 119
112 125
112 126
112 128
112 130
112 131
112 132
112 134
112 135
112 136
112 137
112 138
112 139
112 141
112 145
112 147
112 148
112 149
112 150
112 151
112 152
112 153
112 154
112 157
112 158
112 159
112 160
112 161
113 114
113 115
113 116
113 118
113 119
113 120
113 123
113 125
113 126
113 127
113 128
113 129
113 130
113 131
113 133
113 134
113 135
113 137
113 138
113 139
113 141
113 142
113 144
113 147
113 149
113 150
113 151
113 152
113 153
113 154
113 155
113 157
113 158
113 159
113 160
113 161
114 115
114 116
114 117
114 118
114 119
114 120
114 125
114 126
114 127
114 128
114 129
114 130
114 131
114 132
114 133
114 135
114 136
114 137
114 138
114 139
114 141
114 142
114 145
114 146
114 147
114 148
114 149
114 150
114 151
114 152
114 154
114 155
114 157
114 158
114 159
114 160
114 161
115 116
115 117
115 118
115 120
115 121
115 122
115 125
115 126
115 129
115 130
115 131
115 132
115 133
115 134
115 135
115 136
115 137
115 138
115 142
115 145
115 146
115 147
115 148
115 149
115 150
115 151
115 152
115 153
115 154
115 155
115 158
115 159
115 160
115 161
116 124
116 133
116 134
116 143
116 145
116 147
116 151
116 153
116 154
116 155
116 157
116 158
116 159
116 161
117 119
117 123
117 125
117 126
117 127
117 129
117 130
117 131
117 133
117 134
117 135
117 136
117 137
117 138
117 139
117 140
117 142
117 146
117 147
117 149
117 150
117 151
117 152
117 153
117 154
117 155
117 157
117 158
117 160
118 119
118 121
118 122
118 124
118 125
118 126
118 127
118 128
118 129
118 130
118 131
118 132
118 133
118 134
118 135
118 137
118 138
118 139
118 141
118 142
118 143
118 147
118 149
118 150
118 151
118 152
118 153
118 154
118 157
118 158
118 159
118 161
119 131
119 133
119 135
119 138
119 139
119 147
119 152
119 158
119 159
120 129
120 131
120 135
120 138
120 147
120 150
120 154
120 159
121 122
121 126
121 129
121 131
121 134
121 136
121 140
121 142
121 154
121 161
122 134
122 135
122 137
122 142
122 146
122 151
122 155
122 158
122 161
123 125
123 128
123 129
123 133
123 134
123 138
123 142
123 146
123 154
123 156
124 131
124 133
124 143
124 151
124 152
124 154
124 158
125 126
125 129
125 130
125 131
125 135
125 137
125 138
125 139
125 140
125 141
125 142
125 143
125 145
125 147
125 149
125 150
125 151
125 152
125 153
125 154
125 157
125 158
126 129
126 133
126 134
126 136
126 138
126 141
126 142
126 145
126 146
126 147
126 149
126 150
126 151
126 152
126 153
126 154
126 157
126 158
126 160
126 161
127 129
127 130
127 131
127 133
127 134
127 136
127 137
127 138
127 139
127 142
127 146
127 147
127 148
127 150
127 151
127 152
127 153
127 154
127 157
127 158
127 160
128 131
128 133
128 134
128 137
128 141
128 142
128 144
128 151
128 152
128 154
128 155
128 158
128 159
128 161
129 133
129 134
129 136
129 137
129 138
129 139
129 140
129 141
129 142
129 143
129 145
129 147
129 148
129 149
129 150
129 151
129 152
129 153
129 154
129 155
129 156
129 157
129 158
129 159
129 160
129 161
130 131
130 133
130 136
130 137
130 138
130 141
130 142
130 144
130 147
130 149
130 151
130 152
130 154
130 157
130 160
130 161
131 134
131 136
131 137
131 138
131 139
131 140
131 141
131 142
131 143
131 146
131 147
131 149
131 150
131 151
131 153
131 154
131 157
131 158
131 159
131 160
132 151
132 152
132 153
132 154
132 155
132 158
133 134
133 135
133 136
133 137
133 138
133 139
133 141
133 142
133 143
133 144
133 145
133 148
133 149
133 151
133 152
133 153
133 154
133 156
133 157
133 158
133 159
133 160
133 161
134 135
134 136
134 137
134 138
134 139
134 140
134 141
134 142
134 145
134 146
134 147
134 148
134 149
134 150
134 151
134 152
134 153
134 154
134 155
134 156
134 157
134 158
134 159
134 160
134 161
135 136
135 137
135 138
135 141
135 142
135 147
135 150
135 151
135 152
135 154
135 157
135 158
136 138
136 139
136 141
136 145
136 146
136 147
136 150
136 151
136 152
136 154
136 158
137 138
137 139
137 142
137 145
137 146
137 149
137 150
137 151
137 152
137 156
137 157
137 158
137 159
137 160
137 161
138 139
138 140
138 141
138 142
138 143
138 145
138 147
138 148
138 150
138 151
138 152
138 154
138 155
138 157
138 158
138 159
138 161
139 140
139 141
139 142
139 145
139 146
139 147
139 149
139 150
139 151
139 153
139 154
139 156
139 157
139 158
139 160
140 144
140 145
140 147
140 148
140 149
140 151
140 158
140 160
141 142
141 145
141 146
141 147
141 148
141 149
141 151
141 153
141 154
141 156
141 158
142 143
142 144
142 145
142 146
142 147
142 149
142 150
142 151
142 152
142 153
142 154
142 155
142 157
142 158
142 160
143 146
143 150
143 153
143 154
143 157
143 161
144 145
144 157
145 146
145 150
145 151
145 152
145 154
145 158
145 160
145 161
146 147
146 148
146 150
146 151
146 152
146 153
146 154
146 156
146 157
146 158
146 159
146 161
147 148
147 149
147 153
147 154
147 157
147 158
147 161
148 151
148 152
148 153
148 154
148 158
148 159
149 150
149 151
149 153
149 154
149 155
149 157
149 158
149 160
150 151
150 152
150 154
150 158
151 152
151 153
151 154
151 155
151 156
151 157
151 158
151 159
151 160
151 161
152 154
152 155
152 157
152 158
152 159
152 160
152 161
153 154
153 157
153 158
153 159
153 161
154 155
154 156
154 157
154 158
154 159
154 160
154 161
155 161
156 157
157 160
158 160
