0 4
0 6
0 8
0 10
0 14
0 15
0 19
0 21
0 26
0 27
0 30
0 31
0 32
0 34
0 36
0 42
0 44
0 45
0 47
0 49
0 54
0 55
0 56
0 58
0 59
0 61
0 64
0 65
0 66
0 67
0 68
0 69
0 70
0 71
0 73
0 74
0 76
0 79
0 80
0 83
0 89
0 94
0 97
0 100
0 101
0 102
0 105
0 106
0 107
0 108
0 111
0 112
0 113
0 117
0 118
0 119
0 121
0 122
0 125
0 129
0 133
0 135
0 137
0 138
0 141
0 145
0 146
0 149
0 150
0 152
0 153
0 154
0 156
0 157
1 4
1 6
1 7
1 9
1 11
1 14
1 15
1 19
1 21
1 25
1 26
1 28
1 30
1 31
1 32
1 34
1 35
1 36
1 38
1 39
1 45
1 46
1 49
1 51
1 56
1 59
1 65
1 66
1 67
1 68
1 69
1 70
1 71
1 72
1 74
1 75
1 78
1 79
1 82
1 83
1 84
1 88
1 89
1 93
1 97
1 98
1 99
1 101
1 102
1 104
1 105
1 106
1 108
1 109
1 112
1 113
1 114
1 115
1 117
1 119
1 124
1 125
1 129
1 134
1 136
1 138
1 140
1 141
1 142
1 146
1 147
1 150
1 152
1 153
1 157
1 158
1 159
1 160
1 161
2 7
2 13
2 15
2 21
2 22
2 26
2 31
2 32
2 34
2 35
2 36
2 40
2 41
2 42
2 45
2 51
2 54
2 56
2 58
2 63
2 64
2 65
2 66
2 68
2 71
2 74
2 77
2 80
2 84
2 85
2 86
2 94
2 95
2 98
2 99
2 102
2 103
2 105
2 108
2 109
2 112
2 118
2 125
2 129
2 130
2 131
2 133
2 137
2 147
2 152
2 153
2 160
3 10
3 11
3 14
3 15
3 16
3 19
3 23
3 26
3 28
3 30
3 31
3 32
3 34
3 38
3 40
3 49
3 51
3 54
3 56
3 67
3 68
3 71
3 74
3 76
3 79
3 84
3 92
3 93
3 95
3 98
3 99
3 100
3 105
3 108
3 111
3 115
3 117
3 118
3 129
3 133
3 141
3 142
3 148
3 152
3 153
3 154
3 157
3 158
3 159
4 6
4 7
4 8
4 9
4 10
4 12
4 13
4 14
4 15
4 17
4 19
4 20
4 21
4 22
4 24
4 25
4 26
4 27
4 28
4 30
4 31
4 34
4 36
4 37
4 38
4 39
4 40
4 44
4 45
4 47
4 48
4 49
4 51
4 52
4 54
4 55
4 56
4 57
4 58
4 59
4 63
4 64
4 65
4 66
4 67
4 68
4 69
4 70
4 71
4 72
4 73
4 74
4 75
4 76
4 79
4 80
4 82
4 83
4 84
4 85
4 86
4 87
4 88
4 89
4 90
4 91
4 93
4 94
4 95
4 97
4 98
4 99
4 100
4 101
4 102
4 103
4 104
4 105
4 106
4 107
4 108
4 109
4 110
4 112
4 113
4 114
4 115
4 116
4 117
4 119
4 120
4 121
4 122
4 125
4 126
4 127
4 128
4 129
4 131
4 133
4 134
4 136
4 137
4 138
4 139
4 142
4 143
4 146
4 147
4 148
4 150
4 151
4 152
4 154
4 156
4 157
4 158
4 161
5 6
5 9
5 21
5 25
5 26
5 28
5 30
5 31
5 33
5 35
5 43
5 44
5 45
5 46
5 48
5 51
5 52
5 54
5 55
5 56
5 59
5 65
5 67
5 68
5 69
5 72
5 74
5 75
5 83
5 88
5 89
5 92
5 93
5 95
5 97
5 98
5 101
5 105
5 106
5 109
5 113
5 114
5 115
5 118
5 120
5 132
5 133
5 135
5 137
5 141
5 142
5 147
5 148
5 151
5 152
5 153
5 158
5 160
5 161
6 7
6 9
6 11
6 12
6 13
6 14
6 16
6 18
6 19
6 20
6 21
6 22
6 24
6 25
6 26
6 27
6 28
6 29
6 30
6 31
6 32
6 33
6 34
6 35
6 36
6 37
6 38
6 39
6 40
6 42
6 43
6 44
6 45
6 46
6 47
6 48
6 49
6 51
6 53
6 54
6 55
6 56
6 58
6 61
6 62
6 64
6 65
6 66
6 67
6 68
6 69
6 70
6 71
6 72
6 73
6 74
6 76
6 77
6 78
6 79
6 80
6 82
6 84
6 85
6 86
6 87
6 88
6 89
6 90
6 91
6 92
6 93
6 94
6 95
6 96
6 97
6 99
6 100
6 101
6 102
6 106
6 107
6 108
6 109
6 110
6 112
6 114
6 115
6 116
6 117
6 118
6 119
6 120
6 121
6 122
6 125
6 126
6 127
6 129
6 130
6 131
6 132
6 133
6 134
6 135
6 138
6 140
6 141
6 142
6 143
6 145
6 146
6 147
6 149
6 150
6 151
6 152
6 153
6 154
6 156
6 159
6 160
6 161
7 8
7 10
7 11
7 12
7 14
7 15
7 16
7 17
7 19
7 20
7 21
7 22
7 23
7 24
7 26
7 27
7 28
7 29
7 30
7 31
7 32
7 33
7 34
7 35
7 36
7 38
7 39
7 40
7 41
7 43
7 44
7 45
7 48
7 50
7 51
7 52
7 53
7 54
7 55
7 56
7 57
7 58
7 60
7 63
7 64
7 65
7 66
7 67
7 68
7 69
7 70
7 71
7 72
7 73
7 74
7 75
7 79
7 80
7 81
7 82
7 83
7 86
7 87
7 89
7 90
7 92
7 93
7 94
7 95
7 96
7 97
7 98
7 99
7 101
7 102
7 103
7 104
7 105
7 106
7 107
7 108
7 109
7 110
7 112
7 113
7 114
7 115
7 116
7 117
7 118
7 120
7 124
7 125
7 126
7 129
7 131
7 132
7 133
7 134
7 135
7 137
7 138
7 139
7 142
7 143
7 146
7 147
7 148
7 149
7 150
7 151
7 152
7 153
7 154
7 155
7 157
7 159
7 161
8 9
8 12
8 19
8 21
8 24
8 30
8 31
8 32
8 33
8 38
8 41
8 44
8 45
8 46
8 49
8 51
8 52
8 54
8 56
8 57
8 62
8 63
8 66
8 69
8 71
8 74
8 79
8 92
8 93
8 94
8 97
8 101
8 102
8 105
8 106
8 108
8 115
8 117
8 119
8 129
8 131
8 133
8 138
8 139
8 140
8 147
8 151
8 152
8 154
8 158
8 160
8 161
9 13
9 14
9 15
9 16
9 18
9 19
9 20
9 21
9 24
9 25
9 26
9 28
9 29
9 30
9 31
9 32
9 35
9 36
9 37
9 38
9 40
9 41
9 45
9 47
9 49
9 52
9 53
9 54
9 55
9 56
9 58
9 59
9 61
9 62
9 64
9 67
9 68
9 69
9 72
9 75
9 79
9 80
9 81
9 83
9 89
9 92
9 93
9 96
9 97
9 98
9 99
9 100
9 101
9 102
9 104
9 105
9 107
9 108
9 109
9 110
9 112
9 113
9 114
9 115
9 116
9 117
9 124
9 125
9 126
9 127
9 128
9 129
9 130
9 133
9 134
9 136
9 138
9 139
9 141
9 142
9 143
9 147
9 149
9 150
9 151
9 152
9 153
9 154
9 155
9 157
9 160
9 161
10 11
10 14
10 17
10 18
10 19
10 23
10 24
10 26
10 30
10 31
10 32
10 33
10 34
10 36
10 37
10 38
10 40
10 44
10 45
10 46
10 50
10 51
10 52
10 53
10 54
10 55
10 56
10 59
10 60
10 64
10 67
10 68
10 69
10 70
10 72
10 73
10 74
10 75
10 77
10 79
10 84
10 87
10 88
10 90
10 93
10 94
10 96
10 97
10 98
10 100
10 101
10 102
10 103
10 106
10 107
10 108
10 113
10 114
10 115
10 127
10 129
10 132
10 134
10 136
10 137
10 138
10 141
10 142
10 145
10 146
10 149
10 151
10 152
10 153
10 154
10 157
10 158
11 12
11 13
11 16
11 18
11 19
11 20
11 22
11 23
11 24
11 25
11 26
11 28
11 30
11 31
11 32
11 34
11 35
11 38
11 40
11 42
11 43
11 45
11 46
11 48
11 49
11 51
11 54
11 55
11 56
11 58
11 59
11 61
11 62
11 63
11 64
11 65
11 66
11 67
11 68
11 69
11 70
11 71
11 72
11 73
11 74
11 75
11 77
11 79
11 84
11 86
11 88
11 89
11 91
11 93
11 94
11 97
11 98
11 100
11 101
11 102
11 104
11 105
11 106
11 107
11 108
11 109
11 111
11 112
11 114
11 115
11 116
11 117
11 118
11 122
11 125
11 127
11 128
11 129
11 130
11 135
11 138
11 139
11 140
11 141
11 142
11 143
11 144
11 145
11 146
11 147
11 149
11 150
11 151
11 152
11 153
11 154
11 155
11 157
11 158
11 160
11 161
12 13
12 14
12 16
12 19
12 21
12 25
12 26
12 31
12 34
12 35
12 36
12 40
12 41
12 42
12 43
12 44
12 46
12 49
12 50
12 51
12 53
12 54
12 55
12 61
12 63
12 64
12 66
12 69
12 72
12 73
12 74
12 75
12 77
12 79
12 81
12 82
12 86
12 89
12 91
12 92
12 97
12 98
12 99
12 101
12 104
12 106
12 107
12 108
12 109
12 112
12 113
12 114
12 117
12 118
12 122
12 125
12 129
12 130
12 131
12 134
12 137
12 138
12 139
12 140
12 141
12 142
12 145
12 147
12 149
12 150
12 151
12 152
12 154
12 158
13 14
13 16
13 19
13 21
13 25
13 30
13 31
13 33
13 34
13 35
13 38
13 39
13 40
13 41
13 42
13 45
13 46
13 48
13 49
13 50
13 51
13 52
13 53
13 54
13 55
13 56
13 58
13 62
13 65
13 66
13 67
13 68
13 69
13 70
13 71
13 72
13 73
13 74
13 77
13 79
13 80
13 82
13 86
13 87
13 88
13 91
13 93
13 97
13 98
13 100
13 101
13 109
13 113
13 114
13 115
13 117
13 119
13 122
13 125
13 126
13 128
13 131
13 132
13 133
13 134
13 136
13 138
13 142
13 143
13 145
13 146
13 147
13 148
13 150
13 152
13 153
13 154
13 157
13 158
13 161
14 15
14 16
14 18
14 19
14 20
14 21
14 22
14 24
14 26
14 28
14 30
14 31
14 32
14 34
14 35
14 36
14 37
14 38
14 40
14 41
14 42
14 43
14 44
14 45
14 46
14 47
14 49
14 51
14 52
14 53
14 54
14 55
14 56
14 57
14 59
14 60
14 61
14 62
14 63
14 64
14 65
14 66
14 67
14 68
14 69
14 70
14 71
14 73
14 74
14 75
14 76
14 77
14 79
14 80
14 83
14 84
14 86
14 88
14 89
14 90
14 91
14 92
14 93
14 94
14 96
14 97
14 98
14 99
14 100
14 101
14 102
14 103
14 104
14 105
14 106
14 107
14 108
14 109
14 110
14 111
14 112
14 113
14 114
14 115
14 116
14 117
14 118
14 119
14 120
14 121
14 122
14 123
14 125
14 126
14 128
14 129
14 130
14 131
14 132
14 133
14 134
14 136
14 137
14 138
14 139
14 140
14 141
14 142
14 145
14 146
14 147
14 148
14 149
14 150
14 151
14 152
14 153
14 154
14 155
14 157
14 158
14 159
14 160
14 161
15 16
15 19
15 21
15 25
15 26
15 28
15 29
15 31
15 35
15 38
15 40
15 43
15 44
15 45
15 49
15 51
15 52
15 55
15 57
15 59
15 61
15 62
15 63
15 64
15 66
15 68
15 69
15 70
15 71
15 72
15 73
15 74
15 75
15 77
15 83
15 86
15 92
15 94
15 95
15 97
15 99
15 102
15 105
15 106
15 107
15 108
15 112
15 118
15 119
15 120
15 121
15 125
15 126
15 128
15 129
15 130
15 131
15 133
15 134
15 138
15 139
15 141
15 142
15 145
15 146
15 147
15 149
15 150
15 153
15 154
15 156
15 157
15 158
15 159
15 160
16 22
16 23
16 24
16 25
16 30
16 32
16 35
16 40
16 42
16 43
16 45
16 49
16 55
16 56
16 62
16 68
16 72
16 73
16 77
16 80
16 85
16 86
16 88
16 89
16 94
16 100
16 105
16 106
16 107
16 108
16 109
16 113
16 114
16 115
16 116
16 117
16 126
16 127
16 128
16 129
16 131
16 133
16 134
16 136
16 138
16 139
16 141
16 142
16 143
16 146
16 150
16 152
16 154
16 157
16 158
17 28
17 40
17 42
17 44
17 49
17 50
17 56
17 64
17 65
17 66
17 68
17 76
17 77
17 88
17 97
17 106
17 108
17 109
17 111
17 113
17 115
17 118
17 125
17 126
17 133
17 138
17 141
17 145
17 151
17 152
17 158
18 19
18 20
18 21
18 26
18 30
18 31
18 32
18 36
18 38
18 40
18 45
18 49
18 51
18 53
18 54
18 55
18 56
18 64
18 65
18 67
18 68
18 70
18 72
18 73
18 74
18 79
18 86
18 87
18 88
18 92
18 94
18 97
18 99
18 100
18 101
18 102
18 104
18 105
18 107
18 114
18 115
18 116
18 117
18 125
18 129
18 133
18 134
18 135
18 137
18 139
18 140
18 141
18 142
18 152
18 154
18 157
18 158
18 159
18 161
19 20
19 21
19 22
19 25
19 26
19 28
19 31
19 33
19 34
19 35
19 37
19 38
19 39
19 40
19 41
19 42
19 43
19 44
19 45
19 46
19 48
19 49
19 50
19 51
19 52
19 54
19 56
19 57
19 58
19 59
19 61
19 62
19 63
19 64
19 65
19 66
19 67
19 69
19 70
19 71
19 72
19 73
19 74
19 75
19 77
19 79
19 80
19 84
19 85
19 86
19 87
19 88
19 89
19 91
19 92
19 94
19 96
19 97
19 98
19 99
19 100
19 101
19 102
19 103
19 104
19 105
19 106
19 107
19 108
19 109
19 111
19 113
19 114
19 115
19 117
19 118
19 120
19 121
19 126
19 127
19 128
19 129
19 130
19 131
19 134
19 135
19 136
19 137
19 138
19 139
19 141
19 142
19 143
19 145
19 146
19 147
19 148
19 150
19 151
19 152
19 153
19 154
19 157
19 158
19 159
19 161
20 22
20 26
20 32
20 39
20 40
20 43
20 47
20 50
20 63
20 64
20 65
20 66
20 70
20 72
20 73
20 74
20 77
20 80
20 84
20 87
20 90
20 94
20 96
20 102
20 106
20 109
20 115
20 125
20 126
20 134
20 136
20 138
20 140
20 142
20 145
20 146
20 147
20 151
20 152
20 154
20 155
21 22
21 23
21 26
21 28
21 29
21 30
21 32
21 33
21 34
21 35
21 36
21 37
21 38
21 39
21 40
21 42
21 43
21 44
21 45
21 46
21 48
21 49
21 50
21 51
21 53
21 55
21 56
21 57
21 58
21 59
21 62
21 64
21 65
21 66
21 67
21 68
21 69
21 70
21 71
21 72
21 73
21 74
21 77
21 79
21 82
21 83
21 84
21 85
21 86
21 87
21 88
21 89
21 91
21 93
21 94
21 96
21 98
21 99
21 100
21 101
21 103
21 104
21 107
21 108
21 110
21 112
21 113
21 114
21 115
21 116
21 117
21 118
21 119
21 122
21 124
21 127
21 129
21 130
21 131
21 133
21 134
21 135
21 136
21 137
21 138
21 139
21 140
21 141
21 142
21 143
21 144
21 147
21 149
21 150
21 153
21 154
21 158
21 159
21 160
21 161
22 24
22 26
22 34
22 36
22 42
22 46
22 49
22 51
22 54
22 55
22 56
22 64
22 65
22 67
22 68
22 72
22 73
22 75
22 79
22 84
22 85
22 87
22 93
22 94
22 100
22 101
22 112
22 113
22 114
22 115
22 116
22 118
22 127
22 129
22 131
22 133
22 134
22 135
22 137
22 138
22 143
22 146
22 150
22 151
22 154
22 158
23 26
23 31
23 51
23 52
23 54
23 63
23 64
23 65
23 72
23 74
23 84
23 91
23 95
23 97
23 105
23 106
23 108
23 109
23 114
23 115
23 120
23 126
23 129
23 131
23 134
23 138
23 139
23 142
23 146
23 147
23 150
23 151
23 152
23 158
23 159
23 160
24 26
24 28
24 30
24 32
24 37
24 40
24 42
24 43
24 45
24 46
24 49
24 51
24 53
24 54
24 55
24 56
24 58
24 61
24 63
24 64
24 66
24 67
24 68
24 70
24 71
24 72
24 74
24 75
24 76
24 77
24 78
24 79
24 82
24 88
24 89
24 91
24 93
24 94
24 95
24 97
24 101
24 102
24 106
24 109
24 115
24 117
24 118
24 125
24 129
24 130
24 131
24 133
24 134
24 138
24 139
24 142
24 143
24 147
24 149
24 150
24 152
24 160
25 26
25 29
25 30
25 31
25 35
25 38
25 39
25 40
25 43
25 44
25 45
25 46
25 47
25 49
25 50
25 51
25 54
25 55
25 58
25 61
25 64
25 66
25 67
25 68
25 69
25 70
25 71
25 72
25 73
25 74
25 75
25 76
25 77
25 79
25 84
25 87
25 88
25 89
25 90
25 91
25 92
25 93
25 94
25 96
25 97
25 99
25 101
25 102
25 103
25 106
25 109
25 110
25 112
25 113
25 114
25 115
25 116
25 117
25 118
25 120
25 121
25 123
25 124
25 125
25 126
25 128
25 129
25 130
25 131
25 132
25 133
25 134
25 137
25 138
25 139
25 140
25 141
25 142
25 143
25 145
25 147
25 148
25 150
25 151
25 152
25 154
25 155
25 157
25 159
26 27
26 28
26 29
26 31
26 32
26 34
26 35
26 36
26 37
26 38
26 39
26 40
26 41
26 43
26 44
26 45
26 46
26 47
26 49
26 50
26 51
26 52
26 53
26 54
26 55
26 56
26 57
26 58
26 59
26 61
26 62
26 63
26 64
26 65
26 66
26 67
26 69
26 70
26 71
26 72
26 73
26 74
26 76
26 77
26 78
26 79
26 80
26 82
26 83
26 84
26 86
26 87
26 89
26 90
26 91
26 92
26 93
26 94
26 95
26 97
26 98
26 99
26 100
26 101
26 102
26 103
26 104
26 105
26 106
26 107
26 108
26 109
26 112
26 114
26 115
26 116
26 117
26 118
26 120
26 121
26 122
26 123
26 124
26 125
26 126
26 129
26 130
26 132
26 133
26 134
26 136
26 137
26 138
26 140
26 141
26 142
26 143
26 144
26 145
26 146
26 147
26 148
26 149
26 150
26 152
26 153
26 154
26 156
26 157
26 158
26 160
27 30
27 31
27 35
27 38
27 44
27 45
27 49
27 50
27 51
27 54
27 58
27 64
27 68
27 70
27 72
27 79
27 86
27 88
27 94
27 99
27 100
27 102
27 106
27 118
27 125
27 133
27 134
27 135
27 137
27 138
27 141
27 145
27 150
27 151
27 154
27 158
28 30
28 31
28 35
28 38
28 39
28 40
28 41
28 43
28 46
28 49
28 56
28 58
28 59
28 61
28 62
28 63
28 64
28 65
28 67
28 70
28 71
28 72
28 73
28 74
28 76
28 79
28 80
28 82
28 83
28 84
28 87
28 89
28 94
28 97
28 101
28 102
28 108
28 109
28 112
28 113
28 115
28 117
28 118
28 122
28 125
28 128
28 129
28 131
28 133
28 134
28 136
28 137
28 138
28 139
28 143
28 147
28 148
28 149
28 150
28 151
28 152
28 155
28 158
28 159
28 161
29 30
29 31
29 33
29 34
29 38
29 43
29 46
29 49
29 51
29 58
29 59
29 61
29 63
29 64
29 68
29 75
29 79
29 80
29 82
29 83
29 84
29 89
29 90
29 91
29 95
29 96
29 97
29 101
29 105
29 106
29 107
29 108
29 109
29 113
29 115
29 116
29 118
29 126
29 127
29 129
29 130
29 131
29 133
29 136
29 137
29 138
29 139
29 141
29 146
29 153
29 154
29 157
29 158
30 31
30 32
30 34
30 35
30 36
30 37
30 38
30 39
30 40
30 42
30 43
30 44
30 45
30 46
30 47
30 49
30 51
30 53
30 56
30 59
30 60
30 61
30 62
30 63
30 64
30 65
30 67
30 68
30 69
30 70
30 71
30 72
30 73
30 74
30 77
30 79
30 80
30 81
30 83
30 84
30 85
30 90
30 91
30 92
30 93
30 94
30 95
30 97
30 98
30 100
30 102
30 103
30 104
30 105
30 106
30 107
30 109
30 110
30 112
30 113
30 115
30 116
30 117
30 118
30 120
30 121
30 126
30 127
30 128
30 129
30 131
30 133
30 134
30 136
30 139
30 141
30 142
30 143
30 146
30 147
30 148
30 149
30 150
30 151
30 152
30 153
30 155
30 157
30 158
30 160
30 161
31 32
31 34
31 35
31 36
31 37
31 38
31 39
31 40
31 43
31 44
31 45
31 49
31 50
31 51
31 52
31 54
31 56
31 57
31 58
31 59
31 60
31 61
31 62
31 63
31 64
31 65
31 67
31 68
31 69
31 70
31 71
31 72
31 73
31 74
31 75
31 77
31 79
31 80
31 81
31 82
31 84
31 85
31 86
31 87
31 89
31 91
31 92
31 93
31 94
31 95
31 96
31 97
31 98
31 99
31 100
31 101
31 102
31 103
31 105
31 107
31 108
31 109
31 110
31 111
31 112
31 113
31 115
31 116
31 118
31 121
31 122
31 123
31 124
31 125
31 127
31 128
31 129
31 132
31 133
31 134
31 135
31 136
31 138
31 139
31 140
31 141
31 142
31 145
31 146
31 147
31 148
31 149
31 150
31 151
31 152
31 153
31 154
31 155
31 156
31 157
31 158
31 159
31 160
31 161
32 35
32 36
32 39
32 40
32 41
32 43
32 45
32 48
32 50
32 51
32 52
32 53
32 55
32 56
32 57
32 58
32 62
32 63
32 64
32 65
32 66
32 67
32 69
32 70
32 71
32 72
32 73
32 74
32 75
32 77
32 79
32 80
32 83
32 84
32 87
32 88
32 89
32 91
32 92
32 94
32 97
32 99
32 101
32 102
32 103
32 104
32 105
32 106
32 110
32 113
32 114
32 115
32 117
32 119
32 120
32 125
32 126
32 128
32 129
32 130
32 131
32 133
32 135
32 137
32 138
32 142
32 143
32 144
32 146
32 147
32 148
32 149
32 151
32 152
32 157
32 158
32 159
32 160
33 37
33 43
33 44
33 46
33 50
33 51
33 59
33 66
33 68
33 69
33 70
33 71
33 74
33 88
33 89
33 91
33 92
33 93
33 95
33 101
33 102
33 106
33 113
33 114
33 125
33 126
33 129
33 130
33 134
33 150
33 151
33 152
33 153
33 154
34 35
34 36
34 38
34 39
34 40
34 43
34 44
34 54
34 55
34 58
34 62
34 63
34 64
34 67
34 68
34 69
34 70
34 72
34 73
34 74
34 75
34 76
34 77
34 81
34 86
34 87
34 88
34 89
34 91
34 94
34 95
34 100
34 108
34 110
34 111
34 112
34 114
34 118
34 120
34 122
34 125
34 129
34 130
34 131
34 132
34 133
34 134
34 137
34 138
34 141
34 142
34 146
34 150
34 152
34 153
34 154
34 157
34 158
34 159
35 37
35 38
35 40
35 43
35 45
35 46
35 48
35 49
35 50
35 51
35 52
35 54
35 55
35 56
35 59
35 61
35 63
35 64
35 65
35 67
35 68
35 70
35 71
35 72
35 73
35 74
35 77
35 79
35 80
35 83
35 85
35 86
35 89
35 92
35 94
35 96
35 97
35 99
35 100
35 101
35 102
35 104
35 105
35 106
35 107
35 108
35 110
35 111
35 112
35 113
35 114
35 115
35 116
35 117
35 118
35 121
35 122
35 124
35 125
35 126
35 127
35 129
35 133
35 134
35 135
35 137
35 138
35 139
35 142
35 143
35 144
35 145
35 146
35 147
35 148
35 149
35 150
35 151
35 152
35 153
35 154
35 158
35 159
35 161
36 38
36 39
36 40
36 41
36 42
36 44
36 45
36 46
36 49
36 50
36 51
36 52
36 54
36 55
36 56
36 59
36 62
36 63
36 64
36 65
36 67
36 69
36 70
36 71
36 72
36 73
36 74
36 75
36 77
36 79
36 80
36 81
36 82
36 83
36 84
36 87
36 89
36 93
36 94
36 95
36 99
36 100
36 101
36 102
36 103
36 104
36 105
36 106
36 108
36 109
36 112
36 113
36 114
36 116
36 117
36 123
36 125
36 126
36 127
36 129
36 130
36 131
36 133
36 134
36 136
36 138
36 139
36 141
36 142
36 143
36 145
36 146
36 147
36 149
36 150
36 152
36 153
36 154
36 158
36 159
36 160
36 161
37 40
37 43
37 44
37 45
37 49
37 50
37 53
37 54
37 55
37 56
37 59
37 62
37 64
37 66
37 68
37 69
37 71
37 72
37 73
37 79
37 80
37 84
37 88
37 89
37 91
37 92
37 93
37 96
37 99
37 101
37 105
37 106
37 111
37 114
37 115
37 116
37 122
37 126
37 127
37 128
37 129
37 130
37 131
37 133
37 134
37 138
37 139
37 141
37 142
37 145
37 146
37 147
37 149
37 152
37 154
37 157
37 160
38 40
38 41
38 43
38 44
38 45
38 46
38 47
38 49
38 51
38 53
38 54
38 56
38 57
38 58
38 59
38 60
38 61
38 64
38 65
38 66
38 67
38 68
38 69
38 70
38 71
38 72
38 73
38 74
38 75
38 76
38 79
38 81
38 83
38 84
38 86
38 87
38 89
38 90
38 91
38 92
38 93
38 94
38 96
38 97
38 98
38 99
38 100
38 101
38 102
38 103
38 104
38 109
38 110
38 111
38 113
38 114
38 115
38 116
38 117
38 118
38 123
38 125
38 126
38 127
38 128
38 129
38 130
38 131
38 134
38 135
38 136
38 137
38 138
38 140
38 141
38 142
38 145
38 146
38 147
38 148
38 149
38 150
38 151
38 152
38 153
38 154
38 158
38 160
38 161
39 40
39 45
39 46
39 49
39 51
39 54
39 55
39 56
39 60
39 64
39 65
39 67
39 70
39 71
39 72
39 73
39 74
39 76
39 78
39 79
39 81
39 86
39 89
39 94
39 95
39 97
39 101
39 103
39 106
39 108
39 109
39 112
39 113
39 114
39 117
39 121
39 127
39 128
39 129
39 131
39 133
39 134
39 135
39 137
39 138
39 139
39 142
39 143
39 145
39 146
39 148
39 150
39 151
39 152
39 153
39 154
39 158
39 159
40 43
40 44
40 45
40 48
40 49
40 51
40 52
40 53
40 54
40 55
40 56
40 57
40 58
40 59
40 60
40 61
40 63
40 64
40 65
40 66
40 67
40 68
40 70
40 71
40 72
40 73
40 74
40 75
40 76
40 77
40 79
40 80
40 81
40 84
40 88
40 89
40 90
40 91
40 93
40 94
40 96
40 97
40 98
40 101
40 102
40 103
40 104
40 105
40 106
40 107
40 108
40 109
40 110
40 111
40 112
40 113
40 115
40 116
40 117
40 118
40 119
40 120
40 121
40 124
40 125
40 126
40 127
40 129
40 131
40 133
40 134
40 135
40 136
40 138
40 139
40 141
40 142
40 143
40 144
40 146
40 147
40 148
40 150
40 151
40 152
40 153
40 154
40 155
40 157
40 158
40 161
41 46
41 52
41 54
41 63
41 64
41 67
41 68
41 69
41 70
41 71
41 72
41 77
41 80
41 84
41 89
41 90
41 93
41 102
41 106
41 109
41 115
41 117
41 118
41 125
41 127
41 131
41 132
41 133
41 135
41 137
41 146
41 151
41 154
41 156
41 158
41 159
41 160
42 43
42 50
42 51
42 52
42 53
42 54
42 56
42 57
42 61
42 65
42 67
42 68
42 69
42 70
42 71
42 72
42 74
42 76
42 78
42 79
42 83
42 86
42 89
42 91
42 97
42 98
42 99
42 101
42 102
42 103
42 104
42 108
42 109
42 113
42 115
42 117
42 118
42 123
42 124
42 125
42 127
42 138
42 141
42 146
42 147
42 148
42 149
42 151
42 152
42 153
42 154
42 157
42 158
42 161
43 45
43 46
43 48
43 49
43 50
43 51
43 54
43 61
43 62
43 64
43 65
43 66
43 67
43 68
43 69
43 70
43 72
43 75
43 76
43 77
43 79
43 81
43 83
43 84
43 85
43 87
43 89
43 90
43 91
43 92
43 94
43 98
43 100
43 101
43 103
43 104
43 106
43 108
43 109
43 112
43 113
43 114
43 115
43 117
43 118
43 119
43 122
43 125
43 129
43 130
43 131
43 133
43 134
43 136
43 137
43 138
43 140
43 142
43 143
43 147
43 149
43 150
43 151
43 153
43 157
43 158
43 159
43 161
44 45
44 46
44 49
44 51
44 52
44 54
44 55
44 56
44 57
44 58
44 59
44 61
44 64
44 65
44 67
44 68
44 69
44 70
44 71
44 72
44 73
44 74
44 77
44 79
44 80
44 81
44 83
44 87
44 88
44 89
44 90
44 92
44 94
44 97
44 99
44 101
44 102
44 103
44 104
44 106
44 108
44 109
44 112
44 113
44 114
44 115
44 117
44 118
44 119
44 120
44 125
44 127
44 128
44 129
44 130
44 131
44 133
44 134
44 135
44 136
44 137
44 138
44 139
44 142
44 143
44 145
44 146
44 147
44 150
44 152
44 153
44 154
44 157
44 158
44 159
45 46
45 47
45 48
45 49
45 50
45 51
45 52
45 54
45 55
45 56
45 58
45 59
45 60
45 61
45 62
45 63
45 64
45 65
45 66
45 67
45 69
45 70
45 71
45 72
45 73
45 74
45 75
45 76
45 77
45 79
45 80
45 81
45 82
45 84
45 85
45 87
45 88
45 89
45 91
45 94
45 96
45 97
45 98
45 100
45 101
45 102
45 103
45 105
45 106
45 107
45 108
45 109
45 110
45 111
45 112
45 113
45 114
45 115
45 116
45 117
45 118
45 119
45 120
45 121
45 124
45 125
45 126
45 127
45 128
45 129
45 131
45 133
45 134
45 138
45 139
45 140
45 141
45 142
45 143
45 144
45 145
45 146
45 147
45 149
45 151
45 152
45 153
45 154
45 155
45 156
45 157
45 158
45 159
45 160
46 48
46 49
46 50
46 51
46 54
46 56
46 57
46 58
46 61
46 63
46 64
46 67
46 68
46 71
46 73
46 74
46 75
46 77
46 79
46 81
46 82
46 84
46 86
46 89
46 93
46 94
46 96
46 97
46 99
46 102
46 105
46 107
46 108
46 109
46 112
46 113
46 115
46 116
46 117
46 125
46 127
46 128
46 129
46 130
46 133
46 137
46 138
46 139
46 140
46 141
46 142
46 146
46 147
46 150
46 151
46 152
46 153
46 154
46 156
46 157
46 158
46 159
46 160
47 61
47 64
47 67
47 68
47 69
47 82
47 86
47 90
47 94
47 99
47 101
47 102
47 105
47 106
47 108
47 109
47 114
47 115
47 130
47 132
47 134
47 135
47 139
47 147
47 150
47 152
47 160
48 51
48 53
48 54
48 56
48 57
48 64
48 66
48 68
48 69
48 70
48 79
48 93
48 94
48 97
48 98
48 113
48 114
48 115
48 118
48 128
48 130
48 131
48 133
48 135
48 137
48 138
48 139
48 141
48 142
48 145
48 151
48 152
48 154
48 158
48 161
49 50
49 52
49 53
49 54
49 55
49 56
49 58
49 63
49 64
49 65
49 67
49 68
49 69
49 70
49 72
49 73
49 74
49 76
49 77
49 79
49 81
49 84
49 85
49 87
49 88
49 89
49 90
49 91
49 92
49 93
49 94
49 95
49 96
49 98
49 99
49 102
49 104
49 105
49 106
49 107
49 108
49 109
49 111
49 112
49 113
49 114
49 115
49 116
49 117
49 118
49 119
49 124
49 125
49 126
49 129
49 131
49 133
49 134
49 135
49 136
49 137
49 138
49 139
49 140
49 141
49 142
49 143
49 147
49 148
49 149
49 150
49 151
49 152
49 153
49 154
49 157
49 158
49 159
49 160
49 161
50 51
50 54
50 55
50 56
50 60
50 61
50 64
50 65
50 67
50 69
50 70
50 71
50 74
50 75
50 76
50 77
50 79
50 80
50 83
50 87
50 89
50 90
50 93
50 94
50 95
50 101
50 102
50 105
50 107
50 108
50 111
50 112
50 113
50 115
50 116
50 117
50 122
50 124
50 126
50 129
50 130
50 133
50 134
50 137
50 138
50 139
50 145
50 146
50 147
50 149
50 150
50 151
50 154
50 155
50 158
50 161
51 52
51 53
51 54
51 55
51 57
51 58
51 59
51 61
51 62
51 64
51 65
51 66
51 67
51 68
51 69
51 70
51 71
51 72
51 73
51 74
51 75
51 77
51 78
51 79
51 80
51 82
51 84
51 85
51 86
51 87
51 88
51 89
51 92
51 93
51 94
51 95
51 96
51 97
51 98
51 100
51 102
51 103
51 105
51 107
51 108
51 109
51 110
51 112
51 113
51 114
51 115
51 116
51 117
51 118
51 120
51 121
51 122
51 125
51 126
51 127
51 128
51 129
51 130
51 131
51 133
51 134
51 137
51 138
51 139
51 141
51 142
51 145
51 146
51 147
51 148
51 149
51 150
51 151
51 152
51 154
51 155
51 156
51 157
51 158
51 160
51 161
52 55
52 56
52 58
52 61
52 63
52 64
52 65
52 66
52 67
52 68
52 69
52 72
52 73
52 74
52 79
52 89
52 91
52 94
52 96
52 100
52 101
52 104
52 105
52 106
52 109
52 110
52 111
52 112
52 114
52 115
52 116
52 118
52 125
52 129
52 133
52 137
52 138
52 139
52 141
52 142
52 143
52 144
52 146
52 147
52 150
52 151
52 152
52 153
52 157
53 56
53 62
53 64
53 65
53 66
53 67
53 68
53 69
53 70
53 72
53 74
53 76
53 79
53 80
53 84
53 89
53 94
53 100
53 101
53 102
53 105
53 106
53 108
53 109
53 111
53 113
53 115
53 117
53 118
53 125
53 133
53 146
53 150
53 151
53 153
53 154
53 157
53 158
54 55
54 56
54 57
54 58
54 59
54 62
54 64
54 65
54 66
54 67
54 68
54 69
54 70
54 71
54 72
54 73
54 74
54 75
54 76
54 77
54 78
54 79
54 80
54 82
54 83
54 84
54 85
54 86
54 87
54 88
54 90
54 92
54 93
54 94
54 95
54 97
54 98
54 100
54 101
54 102
54 104
54 105
54 106
54 107
54 108
54 109
54 110
54 111
54 112
54 113
54 114
54 115
54 116
54 117
54 118
54 119
54 120
54 123
54 124
54 125
54 129
54 130
54 131
54 132
54 133
54 134
54 135
54 136
54 137
54 138
54 139
54 140
54 142
54 143
54 144
54 145
54 147
54 148
54 149
54 150
54 151
54 152
54 153
54 154
54 155
54 156
54 157
54 158
54 159
54 160
55 56
55 58
55 59
55 64
55 65
55 66
55 67
55 68
55 69
55 70
55 71
55 73
55 74
55 75
55 77
55 79
55 80
55 82
55 83
55 84
55 85
55 87
55 89
55 90
55 93
55 94
55 98
55 99
55 100
55 101
55 102
55 103
55 105
55 106
55 107
55 108
55 109
55 111
55 113
55 114
55 115
55 117
55 118
55 126
55 127
55 129
55 130
55 131
55 133
55 134
55 135
55 137
55 139
55 142
55 146
55 148
55 150
55 152
55 153
55 154
55 155
55 158
55 159
56 57
56 59
56 60
56 61
56 64
56 65
56 66
56 68
56 69
56 70
56 71
56 72
56 74
56 75
56 76
56 77
56 79
56 82
56 83
56 84
56 85
56 86
56 87
56 88
56 89
56 94
56 95
56 97
56 98
56 99
56 100
56 101
56 102
56 103
56 104
56 105
56 107
56 108
56 110
56 112
56 113
56 114
56 115
56 116
56 117
56 118
56 120
56 122
56 124
56 125
56 127
56 128
56 129
56 130
56 131
56 133
56 134
56 135
56 136
56 138
56 139
56 140
56 142
56 143
56 146
56 147
56 148
56 149
56 150
56 151
56 152
56 153
56 154
56 155
56 157
56 158
56 160
56 161
57 63
57 64
57 65
57 67
57 68
57 69
57 70
57 79
57 81
57 84
57 87
57 89
57 91
57 93
57 94
57 100
57 101
57 103
57 105
57 106
57 118
57 125
57 129
57 131
57 133
57 134
57 135
57 137
57 142
57 151
57 152
57 154
57 155
57 157
57 158
58 64
58 65
58 66
58 67
58 68
58 69
58 70
58 72
58 73
58 74
58 75
58 76
58 79
58 80
58 82
58 83
58 84
58 86
58 87
58 88
58 89
58 90
58 95
58 97
58 101
58 102
58 106
58 107
58 108
58 109
58 111
58 114
58 116
58 117
58 118
58 126
58 129
58 130
58 131
58 133
58 136
58 137
58 138
58 139
58 141
58 142
58 143
58 147
58 150
58 151
58 152
58 153
58 154
58 158
58 160
59 60
59 61
59 63
59 64
59 66
59 71
59 72
59 73
59 74
59 77
59 79
59 80
59 83
59 86
59 87
59 89
59 93
59 94
59 97
59 102
59 103
59 105
59 106
59 107
59 108
59 113
59 114
59 115
59 116
59 118
59 119
59 125
59 132
59 133
59 138
59 145
59 149
59 150
59 152
59 153
59 157
59 158
59 159
59 160
60 66
60 67
60 74
60 79
60 91
60 101
60 109
60 114
60 133
60 134
60 138
60 143
60 152
60 160
61 63
61 64
61 66
61 67
61 70
61 71
61 74
61 75
61 76
61 77
61 78
61 79
61 83
61 86
61 88
61 89
61 93
61 94
61 95
61 97
61 98
61 99
61 100
61 101
61 102
61 104
61 105
61 106
61 108
61 112
61 113
61 114
61 115
61 116
61 117
61 118
61 125
61 127
61 129
61 131
61 134
61 137
61 141
61 142
61 145
61 150
61 153
61 154
61 155
61 158
61 160
61 161
62 66
62 68
62 69
62 70
62 71
62 72
62 73
62 76
62 77
62 79
62 84
62 86
62 87
62 88
62 93
62 94
62 96
62 97
62 98
62 100
62 101
62 102
62 105
62 107
62 108
62 109
62 112
62 113
62 114
62 115
62 116
62 121
62 126
62 128
62 131
62 134
62 136
62 139
62 142
62 143
62 147
62 148
62 150
62 151
62 152
62 158
62 160
63 64
63 65
63 66
63 67
63 68
63 70
63 72
63 73
63 74
63 77
63 78
63 79
63 80
63 81
63 82
63 83
63 84
63 88
63 89
63 91
63 93
63 94
63 97
63 99
63 100
63 101
63 102
63 103
63 106
63 107
63 108
63 109
63 112
63 113
63 114
63 115
63 116
63 117
63 120
63 124
63 126
63 127
63 128
63 129
63 130
63 131
63 133
63 135
63 136
63 137
63 138
63 139
63 141
63 142
63 145
63 146
63 147
63 149
63 150
63 151
63 153
63 155
63 157
63 160
63 161
64 65
64 66
64 67
64 68
64 69
64 70
64 71
64 73
64 74
64 75
64 76
64 77
64 79
64 80
64 82
64 83
64 84
64 85
64 86
64 88
64 89
64 91
64 92
64 94
64 95
64 97
64 98
64 99
64 100
64 101
64 102
64 104
64 105
64 106
64 108
64 109
64 110
64 111
64 112
64 113
64 114
64 115
64 116
64 117
64 118
64 122
64 124
64 125
64 126
64 127
64 128
64 129
64 130
64 131
64 133
64 134
64 135
64 137
64 138
64 139
64 141
64 142
64 143
64 145
64 146
64 147
64 149
64 150
64 151
64 152
64 155
64 156
64 157
64 158
64 159
64 161
65 66
65 67
65 68
65 69
65 70
65 71
65 72
65 73
65 74
65 75
65 76
65 77
65 78
65 79
65 80
65 81
65 83
65 84
65 85
65 87
65 88
65 91
65 92
65 93
65 94
65 95
65 96
65 97
65 98
65 100
65 101
65 102
65 103
65 104
65 106
65 107
65 108
65 109
65 110
65 111
65 112
65 113
65 114
65 115
65 116
65 117
65 118
65 125
65 126
65 127
65 128
65 129
65 130
65 131
65 132
65 133
65 134
65 135
65 136
65 137
65 138
65 139
65 141
65 142
65 146
65 147
65 148
65 149
65 150
65 151
65 152
65 153
65 154
65 157
65 158
65 159
65 160
65 161
66 67
66 68
66 69
66 70
66 73
66 74
66 75
66 77
66 80
66 82
66 83
66 84
66 85
66 88
66 89
66 91
66 94
66 100
66 101
66 102
66 106
66 108
66 109
66 110
66 111
66 112
66 113
66 114
66 115
66 117
66 121
66 125
66 126
66 129
66 133
66 134
66 135
66 138
66 139
66 142
66 143
66 146
66 150
66 151
66 152
66 153
66 154
66 157
66 158
66 159
66 161
67 68
67 69
67 70
67 71
67 72
67 73
67 75
67 76
67 77
67 79
67 80
67 82
67 83
67 84
67 85
67 86
67 87
67 88
67 89
67 91
67 92
67 93
67 94
67 95
67 97
67 98
67 99
67 100
67 101
67 102
67 103
67 104
67 105
67 106
67 108
67 109
67 111
67 112
67 113
67 114
67 115
67 116
67 119
67 120
67 121
67 125
67 126
67 127
67 129
67 130
67 131
67 133
67 134
67 135
67 136
67 137
67 138
67 139
67 140
67 141
67 142
67 143
67 144
67 145
67 146
67 147
67 148
67 150
67 151
67 152
67 153
67 154
67 155
67 157
67 158
67 159
67 160
67 161
68 69
68 70
68 71
68 72
68 73
68 74
68 75
68 76
68 77
68 79
68 80
68 81
68 82
68 83
68 84
68 85
68 86
68 88
68 89
68 90
68 91
68 92
68 93
68 94
68 95
68 96
68 97
68 98
68 99
68 100
68 102
68 103
68 104
68 105
68 106
68 107
68 108
68 109
68 110
68 111
68 112
68 113
68 114
68 115
68 116
68 117
68 118
68 122
68 125
68 126
68 128
68 129
68 130
68 131
68 133
68 134
68 135
68 136
68 137
68 138
68 139
68 141
68 142
68 143
68 145
68 146
68 147
68 148
68 150
68 151
68 152
68 154
68 155
68 156
68 157
68 158
68 159
68 160
68 161
69 70
69 71
69 72
69 74
69 75
69 76
69 77
69 78
69 80
69 81
69 83
69 85
69 87
69 89
69 90
69 92
69 93
69 94
69 96
69 97
69 98
69 99
69 101
69 102
69 104
69 105
69 106
69 108
69 109
69 110
69 111
69 112
69 113
69 114
69 115
69 116
69 117
69 118
69 122
69 124
69 125
69 126
69 127
69 128
69 129
69 130
69 131
69 133
69 134
69 135
69 136
69 137
69 138
69 139
69 141
69 142
69 143
69 144
69 145
69 146
69 147
69 149
69 150
69 151
69 152
69 154
69 157
69 158
69 159
69 160
69 161
70 71
70 72
70 73
70 74
70 75
70 76
70 77
70 78
70 80
70 81
70 84
70 86
70 87
70 88
70 89
70 91
70 93
70 94
70 95
70 96
70 97
70 98
70 99
70 100
70 101
70 102
70 103
70 104
70 106
70 107
70 108
70 109
70 110
70 111
70 112
70 113
70 114
70 115
70 117
70 118
70 119
70 122
70 123
70 124
70 125
70 126
70 127
70 128
70 129
70 130
70 131
70 133
70 134
70 135
70 137
70 139
70 141
70 142
70 145
70 146
70 147
70 150
70 151
70 152
70 153
70 154
70 155
70 156
70 157
70 158
70 159
70 160
70 161
71 72
71 73
71 76
71 79
71 80
71 81
71 83
71 84
71 85
71 87
71 89
71 92
71 93
71 94
71 95
71 97
71 98
71 99
71 100
71 101
71 103
71 105
71 109
71 111
71 112
71 113
71 114
71 115
71 117
71 118
71 127
71 128
71 129
71 130
71 131
71 133
71 134
71 136
71 137
71 138
71 139
71 140
71 142
71 143
71 146
71 147
71 149
71 151
71 152
71 153
71 154
71 155
71 157
71 158
71 159
71 161
72 74
72 75
72 76
72 77
72 78
72 79
72 80
72 81
72 83
72 84
72 85
72 86
72 87
72 88
72 89
72 90
72 91
72 92
72 93
72 94
72 95
72 97
72 98
72 100
72 101
72 102
72 104
72 105
72 106
72 107
72 108
72 110
72 111
72 112
72 113
72 114
72 115
72 116
72 117
72 119
72 123
72 125
72 126
72 127
72 129
72 130
72 131
72 133
72 134
72 136
72 137
72 138
72 139
72 141
72 142
72 143
72 145
72 146
72 148
72 149
72 150
72 152
72 154
72 158
72 159
72 160
73 74
73 76
73 77
73 80
73 81
73 82
73 84
73 85
73 87
73 88
73 89
73 90
73 94
73 95
73 97
73 98
73 99
73 101
73 103
73 104
73 105
73 106
73 107
73 108
73 109
73 112
73 114
73 117
73 118
73 120
73 125
73 126
73 127
73 129
73 131
73 133
73 134
73 135
73 137
73 138
73 139
73 140
73 141
73 142
73 145
73 146
73 147
73 148
73 149
73 150
73 151
73 152
73 153
73 154
73 155
73 156
73 158
73 161
74 76
74 77
74 79
74 80
74 81
74 82
74 83
74 84
74 85
74 86
74 87
74 88
74 89
74 90
74 91
74 93
74 94
74 95
74 97
74 98
74 99
74 101
74 102
74 103
74 104
74 105
74 106
74 107
74 108
74 109
74 111
74 112
74 113
74 114
74 115
74 116
74 117
74 118
74 119
74 120
74 122
74 124
74 125
74 126
74 127
74 128
74 129
74 130
74 132
74 135
74 136
74 137
74 138
74 141
74 142
74 143
74 145
74 147
74 148
74 150
74 152
74 153
74 154
74 155
74 157
74 158
74 159
74 160
74 161
75 76
75 78
75 79
75 80
75 85
75 86
75 88
75 89
75 93
75 94
75 97
75 98
75 99
75 101
75 102
75 103
75 105
75 106
75 107
75 108
75 109
75 111
75 113
75 114
75 115
75 116
75 117
75 118
75 119
75 124
75 125
75 126
75 127
75 130
75 131
75 133
75 134
75 135
75 136
75 137
75 138
75 139
75 143
75 145
75 147
75 149
75 150
75 151
75 152
75 153
75 154
75 157
75 158
75 160
75 161
76 77
76 83
76 84
76 87
76 95
76 97
76 98
76 101
76 104
76 105
76 106
76 107
76 108
76 109
76 112
76 113
76 114
76 115
76 119
76 126
76 131
76 132
76 134
76 137
76 138
76 142
76 143
76 145
76 146
76 147
76 148
76 149
76 150
76 151
76 152
76 154
76 157
76 158
76 159
76 161
77 79
77 80
77 82
77 83
77 84
77 88
77 89
77 91
77 93
77 97
77 98
77 99
77 100
77 101
77 102
77 103
77 105
77 107
77 108
77 112
77 113
77 114
77 115
77 117
77 123
77 125
77 126
77 128
77 129
77 131
77 134
77 136
77 137
77 138
77 140
77 142
77 143
77 147
77 150
77 151
77 152
77 156
77 157
77 158
77 159
77 161
78 89
78 91
78 106
78 109
78 113
78 115
78 117
78 125
78 126
78 129
78 138
78 147
78 149
78 152
78 153
78 157
79 80
79 81
79 82
79 83
79 84
79 85
79 86
79 87
79 88
79 89
79 91
79 93
79 94
79 95
79 97
79 98
79 100
79 101
79 102
79 103
79 105
79 106
79 107
79 108
79 109
79 110
79 111
79 112
79 113
79 114
79 115
79 116
79 117
79 118
79 121
79 125
79 126
79 127
79 128
79 129
79 131
79 132
79 133
79 134
79 137
79 138
79 139
79 140
79 143
79 145
79 146
79 147
79 149
79 150
79 151
79 152
79 154
79 155
79 157
79 158
79 159
79 160
79 161
80 81
80 83
80 84
80 86
80 94
80 99
80 100
80 101
80 102
80 103
80 104
80 106
80 107
80 108
80 110
80 112
80 113
80 114
80 115
80 117
80 125
80 129
80 130
80 131
80 135
80 138
80 139
80 142
80 143
80 145
80 147
80 151
80 152
80 153
80 154
80 156
80 157
80 159
81 91
81 97
81 101
81 102
81 107
81 108
81 112
81 114
81 120
81 128
81 129
81 134
81 135
81 137
81 138
81 147
81 150
81 151
81 153
81 154
81 157
81 158
81 160
81 161
82 88
82 89
82 91
82 94
82 97
82 101
82 107
82 108
82 109
82 111
82 112
82 113
82 114
82 116
82 118
82 124
82 127
82 128
82 129
82 131
82 133
82 134
82 138
82 139
82 141
82 142
82 145
82 147
82 149
82 151
82 152
82 157
82 158
82 159
83 84
83 94
83 101
83 102
83 103
83 104
83 105
83 106
83 109
83 110
83 113
83 114
83 115
83 117
83 118
83 122
83 125
83 127
83 131
83 133
83 137
83 138
83 139
83 140
83 141
83 142
83 146
83 147
83 150
83 151
83 153
83 154
83 157
84 86
84 89
84 90
84 91
84 92
84 95
84 97
84 99
84 100
84 101
84 102
84 103
84 106
84 107
84 108
84 109
84 112
84 113
84 114
84 115
84 117
84 118
84 122
84 123
84 125
84 126
84 127
84 129
84 130
84 131
84 134
84 135
84 136
84 137
84 141
84 142
84 143
84 145
84 146
84 147
84 149
84 150
84 152
84 153
84 154
84 155
84 157
84 158
84 160
84 161
85 86
85 87
85 89
85 92
85 97
85 98
85 101
85 102
85 105
85 108
85 111
85 113
85 115
85 116
85 117
85 119
85 124
85 125
85 129
85 131
85 135
85 136
85 137
85 138
85 139
85 141
85 142
85 146
85 150
85 151
85 154
86 87
86 89
86 90
86 91
86 92
86 96
86 98
86 102
86 104
86 109
86 112
86 113
86 114
86 117
86 118
86 120
86 122
86 127
86 128
86 129
86 131
86 133
86 135
86 137
86 138
86 141
86 142
86 146
86 147
86 149
86 150
86 152
86 153
86 154
86 158
86 160
87 89
87 90
87 95
87 97
87 98
87 100
87 102
87 105
87 106
87 107
87 109
87 112
87 114
87 115
87 116
87 117
87 118
87 125
87 126
87 127
87 129
87 130
87 132
87 133
87 134
87 135
87 138
87 139
87 142
87 145
87 147
87 150
87 152
87 153
87 154
87 156
87 158
87 160
88 89
88 94
88 96
88 97
88 103
88 106
88 108
88 109
88 111
88 112
88 113
88 114
88 117
88 118
88 119
88 126
88 134
88 135
88 137
88 139
88 140
88 142
88 143
88 146
88 147
88 152
88 154
88 158
88 159
88 160
88 161
89 90
89 91
89 93
89 94
89 95
89 96
89 97
89 101
89 102
89 103
89 104
89 105
89 106
89 107
89 108
89 109
89 110
89 112
89 114
89 115
89 116
89 117
89 118
89 119
89 121
89 122
89 125
89 126
89 127
89 128
89 129
89 130
89 133
89 134
89 136
89 137
89 138
89 139
89 140
89 141
89 142
89 143
89 144
89 145
89 146
89 147
89 148
89 149
89 150
89 151
89 152
89 153
89 154
89 157
89 158
89 159
89 160
89 161
90 103
90 107
90 112
90 115
90 116
90 117
90 118
90 128
90 129
90 135
90 141
90 142
90 146
90 150
90 151
90 152
90 158
91 93
91 99
91 101
91 105
91 106
91 107
91 110
91 112
91 113
91 114
91 115
91 116
91 117
91 118
91 125
91 127
91 128
91 129
91 130
91 131
91 136
91 137
91 138
91 142
91 144
91 145
91 146
91 147
91 148
91 149
91 151
91 154
91 155
91 159
91 160
92 97
92 99
92 100
92 101
92 105
92 107
92 108
92 112
92 114
92 116
92 117
92 118
92 126
92 127
92 130
92 131
92 133
92 137
92 142
92 147
92 150
92 151
92 153
92 154
92 157
92 158
92 161
93 97
93 98
93 99
93 101
93 102
93 103
93 104
93 106
93 109
93 111
93 112
93 113
93 114
93 115
93 116
93 117
93 118
93 123
93 125
93 128
93 129
93 130
93 131
93 133
93 135
93 136
93 137
93 138
93 145
93 146
93 147
93 151
93 152
93 153
93 154
93 158
93 159
93 160
93 161
94 96
94 97
94 98
94 99
94 101
94 102
94 103
94 105
94 106
94 107
94 108
94 109
94 110
94 111
94 112
94 113
94 114
94 115
94 116
94 117
94 118
94 120
94 122
94 125
94 127
94 128
94 129
94 130
94 131
94 132
94 133
94 134
94 135
94 136
94 137
94 138
94 139
94 140
94 141
94 143
94 146
94 147
94 148
94 150
94 151
94 152
94 153
94 154
94 157
94 158
94 160
95 101
95 102
95 106
95 108
95 109
95 111
95 112
95 114
95 115
95 125
95 126
95 129
95 131
95 138
95 141
95 143
95 147
95 150
95 151
95 154
95 159
96 101
96 102
96 104
96 108
96 111
96 113
96 115
96 117
96 119
96 123
96 126
96 130
96 131
96 132
96 134
96 136
96 137
96 139
96 145
96 146
96 147
96 149
96 151
96 154
96 161
97 98
97 100
97 101
97 102
97 105
97 107
97 108
97 111
97 112
97 113
97 114
97 115
97 116
97 117
97 118
97 126
97 128
97 129
97 130
97 131
97 132
97 133
97 134
97 135
97 137
97 138
97 139
97 140
97 142
97 143
97 147
97 149
97 150
97 151
97 152
97 153
97 154
97 157
97 158
97 159
97 160
97 161
98 99
98 100
98 101
98 102
98 103
98 108
98 109
98 113
98 114
98 115
98 129
98 131
98 132
98 133
98 134
98 137
98 138
98 140
98 141
98 142
98 146
98 152
98 153
98 158
99 101
99 105
99 108
99 112
99 113
99 115
99 118
99 125
99 126
99 129
99 132
99 133
99 135
99 136
99 137
99 140
99 142
99 144
99 145
99 147
99 149
99 152
99 154
99 157
99 158
99 159
99 160
100 101
100 102
100 103
100 104
100 105
100 106
100 108
100 109
100 115
100 116
100 119
100 120
100 122
100 127
100 129
100 130
100 131
100 133
100 134
100 137
100 138
100 142
100 145
100 147
100 150
100 152
100 153
100 154
100 157
100 158
100 161
101 102
101 103
101 104
101 105
101 106
101 107
101 108
101 109
101 110
101 111
101 112
101 113
101 114
101 115
101 116
101 117
101 118
101 121
101 123
101 128
101 129
101 130
101 131
101 132
101 133
101 134
101 135
101 136
101 137
101 138
101 139
101 140
101 141
101 142
101 143
101 144
101 145
101 146
101 147
101 149
101 150
101 151
101 152
101 153
101 154
101 155
101 156
101 157
101 158
101 160
101 161
102 103
102 104
102 105
102 106
102 107
102 108
102 110
102 111
102 112
102 113
102 114
102 115
102 116
102 117
102 118
102 119
102 121
102 123
102 125
102 126
102 127
102 128
102 129
102 130
102 131
102 133
102 134
102 135
102 136
102 137
102 139
102 140
102 141
102 142
102 143
102 144
102 145
102 146
102 147
102 148
102 149
102 150
102 151
102 152
102 153
102 154
102 155
102 158
102 159
103 104
103 105
103 107
103 108
103 109
103 113
103 114
103 115
103 125
103 126
103 127
103 129
103 132
103 135
103 137
103 139
103 142
103 145
103 147
103 151
103 152
103 153
103 154
103 159
104 108
104 112
104 113
104 114
104 117
104 127
104 129
104 130
104 131
104 133
104 135
104 136
104 137
104 142
104 146
104 149
104 150
104 160
104 161
105 106
105 107
105 112
105 114
105 115
105 116
105 117
105 118
105 125
105 126
105 130
105 131
105 133
105 134
105 136
105 137
105 138
105 139
105 140
105 142
105 145
105 146
105 147
105 149
105 151
105 152
105 153
105 154
105 157
105 158
106 107
106 108
106 109
106 111
106 112
106 113
106 114
106 115
106 116
106 117
106 118
106 119
106 123
106 125
106 126
106 127
106 129
106 130
106 131
106 133
106 134
106 136
106 137
106 138
106 140
106 146
106 147
106 148
106 149
106 150
106 151
106 152
106 153
106 154
106 158
106 160
106 161
107 108
107 109
107 111
107 113
107 117
107 118
107 126
107 127
107 130
107 131
107 133
107 134
107 138
107 140
107 142
107 146
107 147
107 149
107 151
107 153
107 155
107 159
107 160
107 161
108 109
108 111
108 112
108 113
108 114
108 116
108 117
108 118
108 119
108 122
108 123
108 124
108 126
108 128
108 129
108 130
108 131
108 133
108 134
108 137
108 138
108 139
108 140
108 141
108 142
108 143
108 144
108 145
108 147
108 148
108 150
108 151
108 152
108 153
108 154
108 156
108 157
108 158
108 159
108 160
108 161
109 111
109 113
109 114
109 115
109 116
109 118
109 122
109 125
109 129
109 130
109 131
109 133
109 134
109 135
109 137
109 138
109 139
109 142
109 143
109 145
109 147
109 148
109 149
109 150
109 152
109 154
109 155
109 156
109 157
109 159
109 160
109 161
110 112
110 114
110 116
110 117
110 118
110 125
110 129
110 130
110 134
110 137
110 138
110 139
110 142
110 143
110 145
110 147
110 150
110 152
110 153
110 154
111 114
111 115
111 117
111 125
111 127
111 129
111 130
111 131
111 133
111 136
111 137
111 138
111 140
111 141
111 142
111 150
111 151
111 152
111 154
111 157
111 159
112 113
112 114
112 115
112 116
112 118
112 119
112 123
112 124
112 125
112 126
112 128
112 129
112 130
112 132
112 133
112 134
112 135
112 136
112 137
112 138
112 139
112 140
112 142
112 145
112 146
112 148
112 149
112 150
112 151
112 152
112 153
112 154
112 155
112 156
112 158
112 159
113 114
113 115
113 117
113 119
113 120
113 125
113 126
113 130
113 132
113 133
113 134
113 135
113 136
113 137
113 138
113 139
113 141
113 146
113 148
113 150
113 151
113 152
113 154
113 156
113 157
113 158
113 159
113 160
113 161
114 115
114 117
114 118
114 119
114 120
114 121
114 122
114 125
114 126
114 128
114 129
114 130
114 131
114 133
114 134
114 135
114 137
114 138
114 139
114 140
114 142
114 143
114 146
114 147
114 148
114 149
114 150
114 151
114 152
114 153
114 154
114 155
114 156
114 158
114 159
114 160
114 161
115 117
115 118
115 121
115 127
115 128
115 129
115 130
115 133
115 134
115 135
115 136
115 137
115 138
115 139
115 140
115 142
115 145
115 146
115 147
115 148
115 149
115 150
115 151
115 152
115 153
115 154
115 155
115 156
115 157
115 158
115 159
115 160
115 161
116 118
116 125
116 127
116 128
116 129
116 131
116 133
116 134
116 137
116 140
116 142
116 146
116 147
116 149
116 150
116 154
116 158
116 161
117 118
117 120
117 128
117 129
117 130
117 131
117 133
117 136
117 137
117 139
117 140
117 141
117 142
117 143
117 145
117 146
117 147
117 150
117 152
117 154
117 156
117 157
117 158
117 159
117 160
117 161
118 119
118 120
118 123
118 124
118 125
118 126
118 127
118 128
118 133
118 134
118 135
118 137
118 138
118 139
118 140
118 141
118 142
118 143
118 145
118 147
118 148
118 149
118 150
118 151
118 152
118 153
118 154
118 155
118 157
118 158
118 159
118 161
119 127
119 129
119 133
119 134
119 139
119 142
119 143
119 154
119 157
119 161
120 131
120 133
120 138
120 139
120 142
120 145
120 146
120 147
120 150
120 154
120 155
120 158
121 130
121 138
121 139
121 142
121 145
121 147
121 151
122 126
122 130
122 131
122 134
122 136
122 138
122 139
122 142
122 146
122 147
122 148
122 151
122 154
122 155
122 157
123 124
123 131
123 135
123 141
123 147
123 157
124 129
124 131
124 133
124 135
124 137
124 138
124 140
124 147
124 149
125 126
125 127
125 128
125 129
125 131
125 133
125 134
125 135
125 137
125 139
125 140
125 143
125 144
125 146
125 147
125 149
125 150
125 152
125 154
125 155
125 156
125 157
125 158
125 159
125 160
125 161
126 129
126 131
126 134
126 137
126 138
126 141
126 142
126 143
126 146
126 150
126 151
126 154
126 156
126 157
126 158
126 159
126 161
127 129
127 131
127 133
127 138
127 141
127 142
127 145
127 147
127 150
127 152
127 155
127 157
127 161
128 133
128 134
128 135
128 138
128 139
128 142
128 145
128 147
128 150
128 151
128 152
128 153
128 154
128 159
129 130
129 131
129 132
129 133
129 134
129 135
129 136
129 137
129 138
129 139
129 141
129 142
129 143
129 144
129 145
129 146
129 147
129 149
129 150
129 151
129 152
129 153
129 154
129 158
129 159
129 161
130 133
130 134
130 135
130 137
130 139
130 141
130 146
130 148
130 150
130 151
130 152
130 154
130 157
130 158
130 160
130 161
131 133
131 134
131 135
131 137
131 138
131 139
131 140
131 142
131 143
131 145
131 146
131 147
131 149
131 150
131 151
131 152
131 153
131 154
131 155
131 157
131 158
131 159
132 137
132 143
132 147
132 150
132 152
132 158
132 161
133 134
133 135
133 136
133 137
133 138
133 139
133 140
133 142
133 145
133 146
133 147
133 148
133 149
133 150
133 152
133 153
133 154
133 155
133 158
133 160
133 161
134 135
134 137
134 139
134 142
134 145
134 146
134 147
134 148
134 149
134 150
134 151
134 152
134 153
134 154
134 155
134 156
134 161
135 137
135 138
135 139
135 140
135 141
135 142
135 146
135 149
135 150
135 151
135 152
135 153
135 155
135 157
135 159
135 161
136 138
136 140
136 142
136 143
136 146
136 147
136 152
136 153
136 157
136 158
136 160
136 161
137 138
137 141
137 142
137 143
137 144
137 145
137 146
137 149
137 150
137 151
137 152
137 153
137 154
137 157
137 158
137 160
137 161
138 139
138 140
138 141
138 142
138 145
138 146
138 147
138 148
138 150
138 151
138 152
138 153
138 154
138 157
138 158
138 160
138 161
139 141
139 143
139 146
139 147
139 148
139 150
139 151
139 152
139 154
139 156
139 158
139 159
139 160
139 161
140 142
140 143
140 145
140 148
140 150
140 152
140 159
140 161
141 145
141 147
141 150
141 151
141 154
141 156
141 157
141 158
141 159
141 160
141 161
142 143
142 144
142 145
142 147
142 150
142 151
142 152
142 154
142 157
142 160
142 161
143 145
143 151
143 152
143 154
143 155
143 157
144 145
144 150
144 155
144 157
145 146
145 147
145 150
145 151
145 152
145 153
145 154
145 155
145 157
145 158
145 159
145 160
145 161
146 149
146 150
146 151
146 152
146 153
146 154
146 157
146 158
146 161
147 148
147 149
147 150
147 151
147 152
147 153
147 154
147 157
147 158
147 159
147 160
147 161
148 154
148 157
148 158
148 161
149 151
149 152
149 153
149 157
149 158
149 159
150 151
150 152
150 153
150 154
150 155
150 157
150 158
150 160
150 161
151 152
151 153
151 154
151 155
151 157
151 158
151 159
151 160
151 161
152 153
152 154
152 155
152 157
152 158
152 159
152 161
153 154
153 156
153 157
153 158
153 159
154 156
154 157
154 158
154 160
154 161
155 157
155 158
155 160
155 161
156 157
156 158
156 160
156 161
157 158
157 160
158 159
158 161
159 160
160 161
