0 2
0 3
0 4
0 10
0 11
0 16
0 21
0 23
0 24
0 26
0 31
0 34
0 40
0 45
0 49
0 50
0 54
0 56
0 59
0 62
0 63
0 65
0 67
0 70
0 72
0 74
0 79
0 80
0 84
0 87
0 88
0 89
0 92
0 101
0 105
0 107
0 109
0 112
0 114
0 115
0 116
0 117
0 124
0 126
0 127
0 129
0 133
0 136
0 137
0 138
0 142
0 146
0 147
0 149
0 151
0 152
0 157
0 158
0 160
0 161
1 5
1 6
1 7
1 9
1 10
1 11
1 12
1 14
1 19
1 20
1 22
1 24
1 25
1 27
1 28
1 30
1 31
1 32
1 34
1 35
1 36
1 37
1 38
1 40
1 45
1 46
1 49
1 50
1 51
1 52
1 54
1 55
1 56
1 57
1 58
1 59
1 62
1 63
1 64
1 69
1 71
1 72
1 75
1 76
1 79
1 81
1 85
1 86
1 88
1 89
1 90
1 91
1 92
1 93
1 102
1 105
1 106
1 108
1 109
1 110
1 112
1 113
1 114
1 115
1 116
1 117
1 118
1 119
1 122
1 125
1 126
1 127
1 129
1 130
1 131
1 133
1 136
1 137
1 142
1 145
1 146
1 147
1 151
1 152
1 153
1 154
1 157
1 158
1 159
2 3
2 4
2 5
2 7
2 8
2 9
2 13
2 18
2 19
2 20
2 21
2 23
2 25
2 27
2 31
2 37
2 38
2 39
2 43
2 44
2 48
2 51
2 52
2 54
2 56
2 58
2 63
2 66
2 68
2 70
2 75
2 79
2 84
2 86
2 97
2 100
2 101
2 102
2 106
2 109
2 117
2 118
2 121
2 126
2 129
2 131
2 133
2 134
2 135
2 139
2 142
2 148
2 149
2 150
2 151
2 152
2 153
2 154
2 157
2 158
3 4
3 7
3 11
3 14
3 16
3 21
3 26
3 27
3 31
3 32
3 41
3 43
3 54
3 55
3 58
3 63
3 66
3 68
3 69
3 70
3 72
3 74
3 79
3 80
3 89
3 91
3 93
3 101
3 102
3 103
3 106
3 108
3 110
3 115
3 116
3 117
3 118
3 120
3 124
3 125
3 126
3 129
3 131
3 138
3 142
3 146
3 147
3 149
3 150
3 151
3 153
3 157
3 159
3 160
4 5
4 7
4 8
4 9
4 10
4 11
4 12
4 13
4 14
4 15
4 16
4 17
4 18
4 19
4 21
4 22
4 24
4 25
4 26
4 27
4 28
4 29
4 30
4 32
4 35
4 36
4 37
4 40
4 41
4 43
4 44
4 45
4 46
4 47
4 48
4 49
4 50
4 54
4 55
4 58
4 60
4 62
4 63
4 64
4 65
4 67
4 68
4 69
4 70
4 71
4 72
4 73
4 74
4 77
4 78
4 79
4 80
4 81
4 83
4 84
4 85
4 86
4 87
4 88
4 89
4 90
4 91
4 92
4 94
4 96
4 97
4 98
4 99
4 100
4 101
4 102
4 103
4 105
4 106
4 107
4 108
4 109
4 111
4 112
4 113
4 114
4 115
4 121
4 125
4 126
4 129
4 130
4 133
4 134
4 135
4 136
4 137
4 138
4 139
4 140
4 141
4 142
4 143
4 146
4 147
4 150
4 151
4 152
4 153
4 156
4 157
4 158
4 159
4 161
5 6
5 10
5 11
5 13
5 14
5 18
5 19
5 27
5 30
5 31
5 32
5 33
5 37
5 40
5 42
5 44
5 45
5 49
5 54
5 55
5 56
5 64
5 66
5 74
5 75
5 76
5 83
5 87
5 89
5 90
5 91
5 92
5 97
5 101
5 106
5 107
5 110
5 113
5 114
5 118
5 121
5 130
5 131
5 133
5 134
5 136
5 137
5 145
5 146
5 147
5 149
5 151
5 152
5 154
5 157
5 158
5 160
6 7
6 9
6 10
6 11
6 12
6 13
6 14
6 18
6 19
6 21
6 22
6 25
6 26
6 29
6 30
6 31
6 32
6 33
6 34
6 35
6 36
6 37
6 38
6 39
6 40
6 44
6 45
6 46
6 48
6 50
6 51
6 52
6 54
6 55
6 56
6 57
6 58
6 59
6 60
6 61
6 63
6 64
6 65
6 66
6 67
6 68
6 69
6 70
6 71
6 72
6 73
6 74
6 75
6 76
6 77
6 79
6 80
6 82
6 83
6 84
6 85
6 86
6 88
6 89
6 90
6 91
6 92
6 93
6 94
6 97
6 99
6 100
6 101
6 102
6 103
6 104
6 105
6 106
6 108
6 109
6 110
6 112
6 113
6 114
6 115
6 117
6 118
6 120
6 122
6 127
6 128
6 129
6 130
6 131
6 132
6 133
6 134
6 135
6 136
6 137
6 138
6 139
6 141
6 142
6 143
6 145
6 147
6 148
6 149
6 150
6 151
6 152
6 153
6 154
6 157
6 158
6 161
7 11
7 14
7 15
7 16
7 18
7 19
7 20
7 22
7 23
7 24
7 25
7 26
7 28
7 29
7 30
7 31
7 32
7 33
7 34
7 36
7 38
7 40
7 42
7 44
7 45
7 46
7 47
7 50
7 51
7 53
7 54
7 55
7 56
7 58
7 62
7 63
7 64
7 65
7 67
7 68
7 70
7 71
7 72
7 73
7 74
7 79
7 80
7 82
7 83
7 85
7 86
7 88
7 89
7 91
7 92
7 93
7 94
7 95
7 97
7 98
7 100
7 101
7 102
7 103
7 104
7 106
7 107
7 108
7 109
7 111
7 112
7 113
7 114
7 115
7 116
7 117
7 118
7 121
7 124
7 125
7 126
7 127
7 128
7 129
7 130
7 131
7 133
7 135
7 136
7 137
7 138
7 139
7 140
7 142
7 145
7 146
7 147
7 148
7 149
7 150
7 151
7 152
7 153
7 154
7 155
7 157
7 158
7 160
7 161
8 9
8 13
8 14
8 15
8 17
8 18
8 19
8 21
8 25
8 29
8 40
8 43
8 45
8 46
8 50
8 51
8 54
8 56
8 58
8 61
8 65
8 67
8 69
8 70
8 72
8 74
8 77
8 80
8 87
8 89
8 92
8 94
8 95
8 99
8 102
8 104
8 106
8 109
8 112
8 114
8 116
8 119
8 126
8 129
8 131
8 133
8 135
8 136
8 137
8 138
8 141
8 147
8 150
8 151
8 154
8 158
9 10
9 13
9 15
9 18
9 19
9 20
9 21
9 23
9 25
9 26
9 28
9 29
9 30
9 31
9 32
9 33
9 35
9 36
9 37
9 38
9 40
9 41
9 43
9 44
9 45
9 46
9 49
9 50
9 51
9 52
9 53
9 54
9 55
9 56
9 57
9 58
9 61
9 65
9 66
9 67
9 68
9 69
9 70
9 71
9 72
9 73
9 74
9 77
9 79
9 80
9 81
9 82
9 84
9 86
9 87
9 88
9 89
9 91
9 92
9 94
9 97
9 98
9 99
9 101
9 102
9 103
9 106
9 107
9 108
9 110
9 112
9 114
9 115
9 116
9 118
9 119
9 126
9 127
9 128
9 130
9 131
9 133
9 134
9 136
9 137
9 138
9 143
9 145
9 147
9 148
9 151
9 152
9 153
9 154
9 158
9 159
10 11
10 12
10 13
10 14
10 18
10 19
10 24
10 25
10 26
10 28
10 30
10 35
10 36
10 40
10 41
10 42
10 45
10 49
10 50
10 51
10 54
10 55
10 56
10 58
10 62
10 63
10 64
10 65
10 67
10 69
10 70
10 71
10 72
10 75
10 76
10 77
10 79
10 86
10 87
10 89
10 93
10 97
10 100
10 102
10 106
10 107
10 108
10 109
10 111
10 112
10 113
10 114
10 115
10 116
10 117
10 119
10 124
10 126
10 129
10 131
10 133
10 136
10 138
10 139
10 140
10 142
10 145
10 150
10 151
10 152
10 153
10 158
10 160
11 14
11 15
11 19
11 21
11 22
11 24
11 25
11 26
11 28
11 29
11 31
11 34
11 35
11 36
11 38
11 40
11 43
11 44
11 48
11 49
11 50
11 51
11 52
11 54
11 56
11 58
11 59
11 60
11 61
11 62
11 64
11 65
11 66
11 67
11 69
11 71
11 72
11 73
11 74
11 75
11 76
11 77
11 79
11 80
11 82
11 85
11 86
11 87
11 89
11 90
11 93
11 94
11 96
11 98
11 99
11 100
11 101
11 102
11 103
11 104
11 107
11 109
11 110
11 111
11 112
11 113
11 114
11 115
11 116
11 117
11 118
11 119
11 121
11 122
11 126
11 127
11 128
11 129
11 130
11 131
11 132
11 133
11 136
11 137
11 138
11 139
11 141
11 142
11 143
11 146
11 147
11 148
11 150
11 151
11 157
11 158
11 159
11 160
11 161
12 14
12 19
12 20
12 25
12 26
12 30
12 31
12 32
12 33
12 36
12 37
12 38
12 40
12 44
12 45
12 46
12 49
12 52
12 54
12 55
12 57
12 59
12 64
12 67
12 68
12 69
12 70
12 71
12 72
12 74
12 75
12 78
12 79
12 82
12 84
12 85
12 86
12 87
12 88
12 89
12 91
12 93
12 94
12 100
12 105
12 106
12 107
12 114
12 115
12 118
12 122
12 123
12 127
12 128
12 129
12 131
12 133
12 134
12 138
12 142
12 144
12 145
12 146
12 150
12 151
12 152
12 154
12 157
12 158
12 160
13 14
13 16
13 22
13 25
13 26
13 27
13 31
13 32
13 36
13 39
13 40
13 41
13 45
13 46
13 48
13 53
13 54
13 55
13 56
13 59
13 63
13 65
13 66
13 67
13 70
13 71
13 79
13 80
13 84
13 86
13 87
13 89
13 93
13 96
13 100
13 101
13 102
13 103
13 105
13 106
13 107
13 109
13 111
13 112
13 113
13 114
13 115
13 117
13 118
13 129
13 131
13 133
13 134
13 135
13 137
13 138
13 142
13 145
13 147
13 148
13 149
13 150
13 151
13 152
13 153
13 154
13 157
13 158
13 159
13 160
13 161
14 15
14 16
14 17
14 18
14 19
14 20
14 21
14 22
14 23
14 24
14 25
14 26
14 30
14 31
14 32
14 34
14 35
14 37
14 38
14 39
14 40
14 41
14 43
14 44
14 45
14 46
14 49
14 50
14 51
14 54
14 55
14 56
14 57
14 58
14 59
14 60
14 61
14 62
14 63
14 64
14 65
14 66
14 67
14 68
14 69
14 70
14 71
14 72
14 73
14 75
14 76
14 77
14 79
14 80
14 81
14 84
14 86
14 87
14 88
14 89
14 90
14 93
14 95
14 96
14 97
14 98
14 100
14 101
14 102
14 103
14 105
14 106
14 108
14 109
14 110
14 111
14 112
14 113
14 114
14 115
14 116
14 118
14 120
14 121
14 123
14 124
14 125
14 126
14 127
14 129
14 130
14 131
14 132
14 133
14 134
14 137
14 138
14 140
14 141
14 142
14 143
14 145
14 146
14 147
14 149
14 150
14 151
14 153
14 154
14 157
14 158
14 159
14 160
15 16
15 18
15 19
15 21
15 24
15 25
15 26
15 30
15 33
15 34
15 38
15 39
15 40
15 42
15 43
15 45
15 46
15 48
15 49
15 53
15 55
15 56
15 58
15 61
15 62
15 64
15 67
15 69
15 70
15 71
15 72
15 74
15 75
15 77
15 78
15 81
15 82
15 83
15 84
15 86
15 87
15 88
15 90
15 92
15 93
15 97
15 99
15 100
15 101
15 102
15 103
15 105
15 108
15 109
15 112
15 114
15 115
15 116
15 125
15 127
15 129
15 130
15 135
15 137
15 138
15 139
15 143
15 145
15 146
15 149
15 150
15 152
15 154
15 157
15 158
16 19
16 22
16 24
16 26
16 28
16 31
16 32
16 38
16 43
16 47
16 49
16 51
16 54
16 61
16 62
16 64
16 65
16 66
16 67
16 68
16 70
16 71
16 74
16 75
16 79
16 80
16 84
16 88
16 89
16 90
16 97
16 98
16 99
16 101
16 102
16 105
16 108
16 110
16 111
16 112
16 113
16 115
16 118
16 120
16 125
16 126
16 128
16 129
16 131
16 133
16 136
16 137
16 138
16 139
16 141
16 146
16 150
16 152
16 157
16 161
17 21
17 23
17 26
17 30
17 32
17 35
17 42
17 50
17 51
17 53
17 54
17 58
17 59
17 61
17 64
17 65
17 67
17 68
17 69
17 71
17 74
17 79
17 83
17 89
17 95
17 112
17 118
17 133
17 134
17 138
17 142
17 146
17 147
17 151
17 152
17 154
18 19
18 21
18 26
18 30
18 31
18 33
18 34
18 35
18 37
18 38
18 40
18 42
18 44
18 46
18 49
18 50
18 51
18 52
18 53
18 54
18 55
18 56
18 58
18 59
18 61
18 62
18 64
18 65
18 67
18 69
18 71
18 74
18 77
18 79
18 80
18 84
18 86
18 88
18 89
18 92
18 94
18 97
18 98
18 99
18 101
18 102
18 106
18 108
18 109
18 112
18 113
18 114
18 117
18 121
18 125
18 126
18 129
18 131
18 133
18 134
18 135
18 137
18 138
18 143
18 145
18 147
18 149
18 150
18 152
18 153
18 154
19 20
19 21
19 22
19 24
19 25
19 26
19 27
19 28
19 29
19 30
19 31
19 32
19 33
19 34
19 35
19 36
19 37
19 38
19 40
19 41
19 42
19 44
19 46
19 47
19 49
19 50
19 51
19 53
19 54
19 55
19 56
19 57
19 58
19 59
19 61
19 62
19 63
19 64
19 65
19 66
19 67
19 68
19 69
19 70
19 71
19 72
19 74
19 75
19 76
19 78
19 79
19 80
19 81
19 82
19 83
19 85
19 86
19 88
19 89
19 91
19 92
19 96
19 97
19 98
19 100
19 101
19 102
19 104
19 105
19 107
19 108
19 109
19 110
19 111
19 112
19 113
19 114
19 115
19 116
19 117
19 118
19 124
19 125
19 126
19 127
19 128
19 129
19 130
19 131
19 133
19 134
19 135
19 136
19 137
19 138
19 139
19 140
19 141
19 142
19 145
19 146
19 147
19 148
19 151
19 152
19 153
19 154
19 155
19 157
19 158
19 159
19 160
20 25
20 30
20 31
20 33
20 35
20 39
20 44
20 46
20 47
20 51
20 54
20 56
20 62
20 65
20 68
20 71
20 72
20 74
20 75
20 84
20 97
20 106
20 107
20 111
20 113
20 129
20 131
20 132
20 137
20 139
20 147
20 151
20 152
21 22
21 24
21 25
21 26
21 28
21 30
21 31
21 32
21 33
21 34
21 35
21 37
21 38
21 39
21 40
21 41
21 44
21 45
21 46
21 49
21 50
21 51
21 53
21 54
21 55
21 56
21 57
21 58
21 59
21 63
21 64
21 67
21 68
21 69
21 70
21 71
21 72
21 73
21 74
21 76
21 78
21 79
21 80
21 84
21 85
21 86
21 87
21 89
21 90
21 92
21 94
21 96
21 97
21 99
21 100
21 102
21 103
21 104
21 106
21 108
21 109
21 111
21 112
21 113
21 115
21 117
21 118
21 120
21 121
21 122
21 125
21 126
21 127
21 129
21 130
21 131
21 133
21 134
21 135
21 136
21 137
21 139
21 140
21 141
21 142
21 143
21 145
21 146
21 147
21 149
21 150
21 151
21 152
21 153
21 154
21 157
21 158
21 159
21 160
21 161
22 30
22 32
22 37
22 38
22 39
22 40
22 43
22 44
22 45
22 49
22 51
22 52
22 54
22 55
22 56
22 62
22 63
22 64
22 65
22 66
22 68
22 71
22 72
22 73
22 74
22 76
22 78
22 82
22 91
22 93
22 94
22 99
22 100
22 101
22 102
22 105
22 106
22 108
22 109
22 111
22 113
22 114
22 115
22 116
22 117
22 118
22 119
22 125
22 127
22 129
22 130
22 133
22 134
22 138
22 140
22 141
22 142
22 143
22 147
22 153
22 158
22 160
23 45
23 49
23 54
23 55
23 56
23 58
23 59
23 62
23 64
23 67
23 68
23 72
23 73
23 74
23 79
23 84
23 89
23 93
23 94
23 99
23 107
23 108
23 111
23 112
23 114
23 115
23 117
23 118
23 119
23 124
23 125
23 126
23 130
23 131
23 137
23 139
23 140
23 142
23 143
23 149
23 150
23 151
23 152
23 154
23 160
23 161
24 26
24 28
24 30
24 31
24 34
24 36
24 38
24 40
24 42
24 43
24 44
24 45
24 46
24 49
24 51
24 54
24 55
24 56
24 58
24 62
24 64
24 66
24 69
24 72
24 74
24 75
24 76
24 79
24 83
24 87
24 88
24 89
24 92
24 97
24 98
24 101
24 102
24 106
24 108
24 109
24 112
24 114
24 115
24 118
24 125
24 128
24 129
24 131
24 133
24 134
24 135
24 137
24 139
24 140
24 141
24 147
24 148
24 151
24 152
24 153
24 154
24 158
24 159
24 160
24 161
25 26
25 28
25 30
25 31
25 32
25 34
25 37
25 39
25 40
25 41
25 43
25 44
25 45
25 46
25 49
25 50
25 52
25 53
25 54
25 55
25 56
25 57
25 58
25 63
25 64
25 65
25 67
25 68
25 69
25 70
25 73
25 74
25 75
25 76
25 79
25 80
25 81
25 84
25 87
25 89
25 91
25 92
25 93
25 94
25 101
25 102
25 103
25 104
25 108
25 109
25 113
25 115
25 117
25 119
25 124
25 125
25 126
25 128
25 129
25 130
25 131
25 133
25 134
25 137
25 138
25 139
25 140
25 141
25 142
25 143
25 145
25 146
25 147
25 148
25 149
25 150
25 152
25 153
25 155
25 160
26 28
26 30
26 31
26 34
26 35
26 36
26 37
26 38
26 40
26 44
26 45
26 46
26 49
26 50
26 51
26 52
26 53
26 54
26 55
26 56
26 57
26 58
26 61
26 62
26 63
26 64
26 65
26 66
26 67
26 68
26 70
26 71
26 72
26 73
26 74
26 75
26 76
26 77
26 78
26 79
26 80
26 81
26 82
26 83
26 84
26 86
26 88
26 89
26 90
26 91
26 92
26 93
26 94
26 96
26 97
26 98
26 99
26 100
26 101
26 102
26 106
26 107
26 108
26 109
26 110
26 111
26 113
26 114
26 115
26 116
26 117
26 118
26 119
26 120
26 122
26 123
26 125
26 126
26 128
26 129
26 130
26 131
26 132
26 133
26 134
26 136
26 137
26 138
26 139
26 140
26 141
26 142
26 143
26 144
26 145
26 146
26 149
26 150
26 151
26 152
26 154
26 155
26 157
26 158
26 159
27 30
27 32
27 34
27 35
27 39
27 40
27 41
27 49
27 50
27 51
27 53
27 57
27 58
27 64
27 68
27 70
27 75
27 78
27 81
27 82
27 89
27 92
27 95
27 97
27 101
27 106
27 111
27 115
27 116
27 117
27 118
27 125
27 126
27 135
27 138
27 139
27 142
27 146
27 147
27 150
27 152
27 153
27 160
27 161
28 29
28 32
28 35
28 40
28 49
28 50
28 51
28 54
28 56
28 64
28 66
28 67
28 68
28 69
28 70
28 72
28 74
28 78
28 79
28 80
28 89
28 93
28 97
28 98
28 99
28 101
28 102
28 103
28 104
28 106
28 108
28 109
28 112
28 113
28 114
28 115
28 117
28 118
28 119
28 125
28 129
28 137
28 138
28 140
28 141
28 146
28 147
28 152
28 153
28 157
28 158
29 31
29 32
29 35
29 38
29 46
29 48
29 49
29 51
29 53
29 54
29 55
29 56
29 58
29 65
29 68
29 70
29 71
29 72
29 75
29 80
29 89
29 91
29 94
29 101
29 105
29 106
29 107
29 108
29 110
29 113
29 114
29 115
29 116
29 117
29 129
29 131
29 135
29 137
29 138
29 142
29 146
29 147
29 152
29 154
29 158
30 31
30 32
30 34
30 35
30 36
30 37
30 38
30 39
30 40
30 43
30 44
30 45
30 49
30 50
30 51
30 53
30 55
30 56
30 57
30 58
30 59
30 61
30 63
30 64
30 65
30 67
30 68
30 69
30 70
30 71
30 72
30 73
30 75
30 76
30 77
30 81
30 84
30 86
30 87
30 88
30 89
30 91
30 93
30 94
30 96
30 97
30 98
30 100
30 101
30 102
30 103
30 104
30 105
30 106
30 107
30 109
30 111
30 112
30 114
30 116
30 117
30 118
30 121
30 122
30 125
30 126
30 128
30 129
30 130
30 131
30 132
30 135
30 137
30 138
30 139
30 140
30 142
30 145
30 146
30 147
30 150
30 152
30 154
30 155
30 156
30 157
30 158
30 159
30 160
31 32
31 35
31 36
31 37
31 38
31 39
31 41
31 43
31 44
31 45
31 46
31 48
31 49
31 51
31 52
31 54
31 55
31 56
31 57
31 58
31 61
31 62
31 63
31 64
31 65
31 66
31 67
31 68
31 69
31 70
31 71
31 72
31 73
31 74
31 75
31 76
31 77
31 79
31 80
31 84
31 85
31 86
31 88
31 89
31 91
31 93
31 97
31 99
31 100
31 101
31 102
31 103
31 104
31 105
31 106
31 107
31 108
31 109
31 111
31 112
31 113
31 114
31 115
31 116
31 117
31 118
31 123
31 125
31 126
31 127
31 128
31 129
31 130
31 131
31 134
31 135
31 136
31 137
31 138
31 139
31 140
31 141
31 142
31 146
31 147
31 149
31 150
31 152
31 154
31 157
31 159
31 161
32 34
32 35
32 36
32 38
32 40
32 42
32 43
32 44
32 45
32 46
32 47
32 49
32 51
32 52
32 53
32 54
32 55
32 56
32 61
32 62
32 63
32 64
32 65
32 66
32 67
32 68
32 69
32 70
32 71
32 72
32 73
32 74
32 75
32 77
32 78
32 79
32 80
32 82
32 84
32 85
32 86
32 89
32 91
32 92
32 93
32 94
32 95
32 97
32 98
32 99
32 100
32 101
32 103
32 105
32 106
32 107
32 108
32 109
32 111
32 114
32 115
32 116
32 117
32 118
32 120
32 122
32 125
32 126
32 127
32 129
32 130
32 131
32 132
32 133
32 134
32 135
32 137
32 138
32 140
32 142
32 145
32 146
32 147
32 149
32 150
32 151
32 153
32 154
32 156
32 157
32 158
32 159
32 160
33 34
33 35
33 36
33 38
33 40
33 42
33 45
33 49
33 53
33 55
33 62
33 64
33 69
33 70
33 71
33 74
33 77
33 79
33 80
33 82
33 89
33 90
33 91
33 98
33 101
33 102
33 106
33 108
33 109
33 113
33 114
33 117
33 119
33 122
33 131
33 133
33 134
33 137
33 138
33 145
33 147
33 151
33 152
33 153
33 155
33 156
33 158
33 159
34 38
34 40
34 43
34 48
34 49
34 50
34 51
34 54
34 58
34 59
34 61
34 64
34 65
34 67
34 68
34 69
34 70
34 72
34 74
34 75
34 76
34 83
34 87
34 89
34 91
34 92
34 93
34 94
34 97
34 101
34 102
34 104
34 107
34 108
34 109
34 110
34 111
34 112
34 114
34 118
34 123
34 125
34 126
34 130
34 131
34 134
34 135
34 136
34 137
34 138
34 147
34 151
34 152
34 157
34 159
34 161
35 37
35 38
35 39
35 40
35 43
35 45
35 46
35 48
35 49
35 50
35 52
35 54
35 55
35 58
35 59
35 62
35 63
35 64
35 65
35 66
35 67
35 68
35 69
35 71
35 72
35 73
35 74
35 75
35 77
35 79
35 81
35 82
35 84
35 85
35 86
35 88
35 89
35 91
35 94
35 95
35 97
35 98
35 99
35 100
35 101
35 102
35 104
35 105
35 106
35 108
35 109
35 111
35 112
35 113
35 114
35 118
35 119
35 121
35 122
35 125
35 126
35 129
35 131
35 132
35 133
35 134
35 135
35 136
35 137
35 138
35 139
35 140
35 142
35 143
35 146
35 147
35 149
35 151
35 152
35 153
35 154
35 157
35 158
35 160
36 38
36 42
36 43
36 44
36 45
36 46
36 49
36 50
36 51
36 52
36 55
36 56
36 58
36 59
36 61
36 62
36 64
36 65
36 66
36 67
36 68
36 71
36 73
36 74
36 77
36 79
36 81
36 82
36 86
36 87
36 88
36 89
36 94
36 95
36 96
36 97
36 98
36 100
36 101
36 102
36 103
36 106
36 108
36 109
36 110
36 111
36 112
36 114
36 116
36 117
36 125
36 128
36 129
36 131
36 133
36 135
36 137
36 138
36 140
36 141
36 146
36 147
36 150
36 151
36 152
36 154
36 157
36 158
36 159
36 160
37 38
37 39
37 44
37 47
37 49
37 51
37 52
37 54
37 58
37 62
37 63
37 64
37 65
37 67
37 68
37 69
37 70
37 72
37 73
37 74
37 77
37 79
37 84
37 86
37 88
37 89
37 92
37 94
37 97
37 101
37 102
37 105
37 113
37 114
37 115
37 116
37 117
37 118
37 120
37 123
37 126
37 128
37 131
37 133
37 134
37 136
37 137
37 138
37 139
37 141
37 142
37 143
37 146
37 147
37 150
37 151
37 152
37 154
37 155
37 158
37 160
38 39
38 40
38 41
38 42
38 43
38 44
38 45
38 46
38 49
38 50
38 51
38 53
38 55
38 56
38 58
38 59
38 61
38 63
38 64
38 65
38 66
38 67
38 68
38 69
38 70
38 71
38 72
38 73
38 74
38 75
38 76
38 79
38 80
38 81
38 82
38 84
38 86
38 87
38 88
38 89
38 92
38 93
38 94
38 97
38 98
38 99
38 100
38 101
38 102
38 103
38 104
38 105
38 106
38 107
38 108
38 109
38 112
38 114
38 115
38 116
38 117
38 118
38 119
38 124
38 125
38 126
38 130
38 133
38 134
38 135
38 136
38 137
38 138
38 139
38 141
38 142
38 143
38 145
38 146
38 147
38 148
38 149
38 150
38 151
38 152
38 153
38 154
38 155
38 157
38 158
38 160
38 161
39 40
39 44
39 45
39 49
39 50
39 51
39 54
39 64
39 72
39 74
39 75
39 77
39 81
39 83
39 84
39 86
39 89
39 91
39 93
39 94
39 97
39 98
39 102
39 103
39 105
39 106
39 108
39 109
39 110
39 111
39 112
39 113
39 114
39 115
39 119
39 123
39 125
39 126
39 127
39 128
39 131
39 133
39 134
39 135
39 136
39 137
39 139
39 142
39 145
39 147
39 151
39 152
39 154
39 156
40 42
40 43
40 44
40 45
40 46
40 49
40 50
40 53
40 54
40 55
40 56
40 57
40 59
40 60
40 62
40 63
40 64
40 65
40 66
40 67
40 68
40 69
40 70
40 71
40 72
40 73
40 74
40 75
40 79
40 80
40 84
40 85
40 87
40 88
40 89
40 90
40 91
40 92
40 95
40 96
40 97
40 98
40 99
40 100
40 101
40 102
40 104
40 105
40 106
40 107
40 108
40 109
40 110
40 111
40 112
40 113
40 114
40 115
40 116
40 117
40 118
40 122
40 125
40 126
40 127
40 128
40 129
40 131
40 133
40 134
40 135
40 136
40 137
40 138
40 139
40 140
40 141
40 142
40 143
40 145
40 146
40 147
40 148
40 149
40 151
40 152
40 153
40 155
40 157
40 158
40 159
40 160
40 161
41 45
41 49
41 54
41 55
41 56
41 61
41 62
41 63
41 64
41 65
41 66
41 67
41 69
41 70
41 72
41 74
41 76
41 81
41 83
41 86
41 95
41 97
41 100
41 101
41 102
41 106
41 112
41 114
41 117
41 118
41 129
41 131
41 133
41 137
41 138
41 139
41 140
41 141
41 148
41 151
41 152
41 154
41 158
42 46
42 50
42 51
42 54
42 58
42 59
42 60
42 63
42 65
42 68
42 71
42 72
42 73
42 79
42 80
42 81
42 86
42 87
42 89
42 91
42 92
42 94
42 102
42 103
42 105
42 106
42 107
42 108
42 113
42 115
42 117
42 118
42 125
42 133
42 134
42 136
42 138
42 142
42 143
42 145
42 146
42 150
42 152
42 153
42 154
42 160
43 46
43 49
43 50
43 52
43 54
43 55
43 56
43 63
43 64
43 68
43 69
43 70
43 71
43 72
43 73
43 75
43 83
43 84
43 89
43 93
43 94
43 97
43 98
43 100
43 102
43 104
43 105
43 107
43 110
43 112
43 113
43 114
43 115
43 116
43 117
43 118
43 123
43 124
43 129
43 131
43 132
43 133
43 135
43 138
43 139
43 140
43 142
43 144
43 145
43 147
43 148
43 149
43 150
43 152
43 153
43 157
43 158
43 159
44 46
44 47
44 49
44 51
44 52
44 53
44 54
44 56
44 58
44 59
44 60
44 61
44 63
44 64
44 65
44 67
44 68
44 69
44 70
44 73
44 76
44 77
44 79
44 80
44 81
44 82
44 83
44 84
44 85
44 86
44 87
44 89
44 91
44 92
44 93
44 94
44 95
44 98
44 99
44 100
44 101
44 102
44 105
44 106
44 107
44 108
44 109
44 110
44 112
44 113
44 114
44 115
44 116
44 117
44 119
44 128
44 129
44 130
44 133
44 135
44 137
44 138
44 139
44 141
44 145
44 147
44 149
44 150
44 151
44 152
44 156
44 157
44 160
44 161
45 46
45 47
45 48
45 49
45 50
45 51
45 52
45 53
45 54
45 56
45 58
45 59
45 60
45 61
45 62
45 63
45 64
45 65
45 66
45 67
45 68
45 69
45 70
45 71
45 72
45 73
45 74
45 75
45 76
45 77
45 79
45 80
45 81
45 82
45 84
45 86
45 89
45 92
45 94
45 95
45 97
45 98
45 100
45 101
45 102
45 103
45 104
45 105
45 106
45 107
45 108
45 110
45 113
45 114
45 115
45 117
45 118
45 123
45 124
45 125
45 127
45 128
45 129
45 130
45 131
45 133
45 134
45 135
45 136
45 137
45 138
45 140
45 142
45 143
45 146
45 148
45 149
45 150
45 151
45 152
45 153
45 154
45 155
45 156
45 158
45 159
46 51
46 52
46 54
46 55
46 56
46 58
46 64
46 65
46 67
46 68
46 69
46 70
46 72
46 74
46 75
46 76
46 77
46 78
46 79
46 81
46 82
46 83
46 87
46 88
46 89
46 93
46 94
46 96
46 97
46 100
46 101
46 102
46 103
46 106
46 107
46 109
46 110
46 112
46 113
46 114
46 115
46 117
46 125
46 126
46 130
46 133
46 134
46 135
46 137
46 138
46 139
46 142
46 143
46 146
46 151
46 152
46 153
46 154
46 158
47 49
47 50
47 54
47 55
47 63
47 65
47 68
47 69
47 70
47 72
47 74
47 76
47 84
47 86
47 87
47 89
47 102
47 126
47 130
47 142
47 150
47 152
47 157
48 49
48 51
48 54
48 55
48 63
48 64
48 66
48 68
48 76
48 77
48 79
48 80
48 87
48 89
48 91
48 97
48 106
48 108
48 109
48 111
48 112
48 113
48 115
48 117
48 118
48 126
48 129
48 131
48 134
48 137
48 142
48 147
48 154
48 157
48 159
49 50
49 51
49 52
49 53
49 54
49 55
49 56
49 57
49 59
49 61
49 62
49 64
49 65
49 66
49 68
49 69
49 70
49 71
49 72
49 73
49 74
49 75
49 76
49 78
49 80
49 82
49 83
49 85
49 86
49 87
49 89
49 90
49 91
49 92
49 94
49 96
49 97
49 99
49 101
49 102
49 104
49 105
49 106
49 107
49 108
49 109
49 112
49 113
49 114
49 115
49 117
49 118
49 119
49 120
49 122
49 125
49 126
49 128
49 129
49 130
49 131
49 133
49 134
49 135
49 137
49 138
49 139
49 140
49 141
49 142
49 143
49 145
49 146
49 147
49 148
49 149
49 150
49 151
49 152
49 153
49 154
49 155
49 157
49 158
49 159
49 160
50 51
50 52
50 54
50 56
50 59
50 63
50 64
50 65
50 67
50 69
50 72
50 75
50 76
50 77
50 80
50 81
50 82
50 84
50 86
50 92
50 95
50 97
50 99
50 100
50 101
50 102
50 105
50 107
50 108
50 110
50 111
50 112
50 114
50 115
50 116
50 117
50 119
50 124
50 125
50 128
50 129
50 130
50 131
50 134
50 136
50 137
50 139
50 141
50 142
50 145
50 147
50 149
50 150
50 151
50 152
50 153
50 154
50 155
50 158
50 159
51 52
51 53
51 54
51 55
51 56
51 58
51 59
51 60
51 61
51 63
51 64
51 65
51 66
51 67
51 68
51 69
51 70
51 71
51 73
51 74
51 75
51 76
51 77
51 79
51 80
51 81
51 82
51 83
51 84
51 85
51 86
51 87
51 88
51 89
51 90
51 91
51 92
51 93
51 94
51 95
51 97
51 98
51 99
51 100
51 101
51 102
51 103
51 104
51 105
51 106
51 107
51 108
51 109
51 110
51 111
51 112
51 113
51 114
51 115
51 116
51 117
51 118
51 119
51 120
51 125
51 126
51 127
51 128
51 129
51 130
51 131
51 132
51 133
51 134
51 135
51 136
51 138
51 139
51 141
51 142
51 143
51 144
51 145
51 147
51 149
51 151
51 152
51 153
51 154
51 157
51 159
51 160
51 161
52 53
52 54
52 64
52 65
52 66
52 67
52 68
52 70
52 71
52 72
52 74
52 75
52 77
52 79
52 82
52 83
52 84
52 89
52 94
52 96
52 97
52 98
52 99
52 101
52 102
52 105
52 106
52 107
52 108
52 109
52 112
52 113
52 114
52 117
52 118
52 127
52 130
52 133
52 134
52 137
52 138
52 142
52 146
52 150
52 152
52 154
52 156
52 158
52 160
52 161
53 59
53 62
53 63
53 64
53 65
53 66
53 68
53 69
53 70
53 73
53 77
53 79
53 84
53 89
53 90
53 91
53 92
53 94
53 95
53 98
53 99
53 101
53 102
53 105
53 109
53 112
53 113
53 116
53 124
53 125
53 127
53 133
53 134
53 138
53 142
53 145
53 147
53 148
53 149
53 151
53 152
53 153
53 157
53 158
53 159
53 161
54 55
54 56
54 57
54 58
54 62
54 63
54 64
54 65
54 67
54 68
54 69
54 70
54 72
54 73
54 74
54 75
54 76
54 77
54 79
54 80
54 82
54 84
54 86
54 87
54 88
54 91
54 92
54 93
54 94
54 95
54 96
54 97
54 101
54 102
54 103
54 105
54 106
54 107
54 108
54 109
54 110
54 111
54 112
54 113
54 114
54 115
54 116
54 117
54 118
54 119
54 121
54 122
54 124
54 125
54 126
54 127
54 128
54 129
54 130
54 131
54 133
54 134
54 135
54 137
54 139
54 140
54 142
54 145
54 146
54 147
54 148
54 149
54 150
54 151
54 152
54 153
54 154
54 155
54 156
54 157
54 158
54 159
54 161
55 56
55 58
55 61
55 63
55 65
55 66
55 67
55 68
55 72
55 74
55 76
55 77
55 79
55 80
55 82
55 84
55 87
55 89
55 91
55 92
55 93
55 101
55 102
55 105
55 106
55 107
55 108
55 110
55 112
55 114
55 116
55 117
55 118
55 121
55 125
55 126
55 129
55 130
55 131
55 134
55 138
55 139
55 142
55 147
55 148
55 151
55 152
55 153
55 154
55 157
55 160
55 161
56 58
56 61
56 62
56 63
56 64
56 65
56 66
56 67
56 68
56 69
56 70
56 71
56 72
56 73
56 74
56 75
56 76
56 77
56 79
56 80
56 81
56 82
56 84
56 86
56 87
56 88
56 89
56 91
56 92
56 94
56 95
56 96
56 97
56 99
56 100
56 101
56 102
56 103
56 104
56 105
56 106
56 108
56 109
56 110
56 111
56 112
56 114
56 115
56 116
56 117
56 118
56 119
56 123
56 125
56 128
56 129
56 131
56 132
56 133
56 134
56 135
56 136
56 137
56 138
56 141
56 142
56 143
56 145
56 146
56 147
56 149
56 150
56 151
56 152
56 153
56 154
56 156
56 157
56 159
56 160
56 161
57 58
57 64
57 65
57 66
57 67
57 69
57 70
57 71
57 73
57 74
57 75
57 84
57 85
57 93
57 95
57 96
57 97
57 102
57 103
57 105
57 112
57 113
57 114
57 115
57 116
57 117
57 125
57 129
57 133
57 137
57 138
57 139
57 149
57 150
57 157
58 59
58 63
58 64
58 66
58 67
58 68
58 69
58 72
58 73
58 74
58 75
58 77
58 79
58 80
58 82
58 84
58 85
58 89
58 92
58 93
58 94
58 95
58 96
58 98
58 100
58 101
58 102
58 103
58 104
58 105
58 106
58 109
58 113
58 114
58 115
58 116
58 117
58 118
58 121
58 125
58 126
58 129
58 131
58 133
58 138
58 139
58 142
58 145
58 146
58 150
58 151
58 152
58 153
58 154
58 155
58 156
58 159
58 161
59 64
59 65
59 67
59 69
59 70
59 71
59 72
59 75
59 77
59 79
59 80
59 81
59 82
59 83
59 85
59 88
59 89
59 91
59 94
59 95
59 97
59 103
59 104
59 106
59 108
59 109
59 111
59 113
59 114
59 118
59 124
59 125
59 129
59 131
59 133
59 134
59 136
59 137
59 138
59 140
59 142
59 143
59 146
59 147
59 151
59 152
59 154
59 157
59 158
59 161
60 63
60 68
60 69
60 70
60 72
60 74
60 83
60 99
60 101
60 103
60 104
60 106
60 114
60 119
60 122
60 124
60 125
60 131
60 133
60 139
60 146
60 147
60 151
60 156
60 158
60 159
61 62
61 64
61 66
61 67
61 70
61 72
61 73
61 74
61 77
61 79
61 80
61 81
61 82
61 83
61 85
61 86
61 87
61 91
61 96
61 98
61 100
61 102
61 103
61 106
61 108
61 109
61 112
61 113
61 114
61 115
61 117
61 118
61 125
61 126
61 129
61 130
61 131
61 133
61 134
61 138
61 142
61 145
61 150
61 151
61 153
61 154
61 158
62 63
62 65
62 66
62 67
62 69
62 74
62 77
62 80
62 81
62 84
62 86
62 88
62 89
62 92
62 94
62 96
62 97
62 98
62 101
62 102
62 105
62 106
62 107
62 108
62 109
62 112
62 115
62 116
62 118
62 119
62 125
62 127
62 130
62 131
62 132
62 133
62 138
62 140
62 147
62 150
62 151
62 152
62 157
62 158
62 159
62 161
63 64
63 66
63 67
63 68
63 69
63 70
63 71
63 72
63 75
63 76
63 77
63 79
63 80
63 82
63 87
63 89
63 93
63 94
63 95
63 101
63 102
63 103
63 106
63 110
63 112
63 113
63 114
63 116
63 117
63 118
63 125
63 126
63 129
63 130
63 131
63 132
63 133
63 134
63 137
63 139
63 141
63 142
63 143
63 147
63 150
63 152
63 153
63 155
63 156
63 158
63 159
63 161
64 65
64 66
64 67
64 68
64 70
64 71
64 72
64 73
64 74
64 76
64 77
64 78
64 79
64 81
64 82
64 83
64 84
64 85
64 86
64 87
64 88
64 90
64 92
64 93
64 94
64 95
64 96
64 97
64 98
64 99
64 100
64 101
64 102
64 103
64 104
64 106
64 108
64 109
64 111
64 112
64 113
64 114
64 115
64 117
64 118
64 121
64 122
64 123
64 125
64 126
64 127
64 129
64 130
64 131
64 132
64 133
64 134
64 135
64 136
64 137
64 138
64 139
64 141
64 142
64 145
64 146
64 147
64 149
64 150
64 151
64 152
64 153
64 154
64 156
64 157
64 158
64 159
64 161
65 67
65 69
65 70
65 72
65 73
65 74
65 76
65 77
65 79
65 80
65 83
65 85
65 87
65 89
65 90
65 91
65 92
65 93
65 94
65 95
65 97
65 99
65 101
65 102
65 104
65 105
65 106
65 107
65 108
65 109
65 111
65 112
65 113
65 114
65 115
65 116
65 117
65 118
65 119
65 123
65 126
65 127
65 129
65 130
65 131
65 133
65 134
65 135
65 136
65 137
65 138
65 139
65 142
65 143
65 145
65 146
65 147
65 149
65 150
65 151
65 152
65 153
65 154
65 156
65 157
65 158
65 159
65 160
65 161
66 67
66 68
66 69
66 70
66 71
66 72
66 75
66 79
66 81
66 82
66 83
66 84
66 85
66 89
66 91
66 92
66 94
66 96
66 97
66 101
66 102
66 105
66 106
66 107
66 108
66 109
66 111
66 112
66 113
66 114
66 115
66 117
66 118
66 119
66 124
66 125
66 126
66 129
66 130
66 133
66 134
66 135
66 137
66 138
66 139
66 141
66 142
66 145
66 146
66 147
66 149
66 150
66 153
66 154
66 155
66 157
67 68
67 69
67 70
67 71
67 72
67 73
67 74
67 75
67 76
67 77
67 79
67 81
67 83
67 86
67 88
67 89
67 90
67 91
67 92
67 93
67 94
67 96
67 97
67 98
67 99
67 100
67 101
67 102
67 103
67 105
67 106
67 108
67 109
67 110
67 111
67 112
67 113
67 114
67 115
67 117
67 118
67 119
67 120
67 122
67 124
67 125
67 126
67 127
67 129
67 130
67 131
67 133
67 134
67 135
67 136
67 137
67 139
67 140
67 141
67 142
67 143
67 145
67 146
67 147
67 148
67 150
67 152
67 153
67 154
67 157
67 158
67 160
67 161
68 69
68 70
68 71
68 72
68 73
68 74
68 77
68 79
68 81
68 83
68 84
68 85
68 86
68 87
68 88
68 89
68 91
68 92
68 94
68 96
68 97
68 98
68 99
68 100
68 101
68 102
68 104
68 106
68 107
68 108
68 109
68 110
68 111
68 112
68 113
68 115
68 118
68 119
68 120
68 122
68 123
68 125
68 126
68 127
68 128
68 129
68 130
68 131
68 133
68 134
68 136
68 137
68 138
68 139
68 142
68 143
68 145
68 146
68 147
68 148
68 149
68 150
68 151
68 152
68 154
68 155
68 156
68 157
68 158
68 159
68 160
68 161
69 70
69 71
69 72
69 73
69 74
69 75
69 77
69 79
69 80
69 82
69 83
69 84
69 85
69 86
69 87
69 88
69 89
69 91
69 93
69 94
69 95
69 96
69 98
69 99
69 100
69 101
69 102
69 103
69 104
69 105
69 106
69 107
69 108
69 109
69 110
69 112
69 113
69 114
69 115
69 118
69 119
69 122
69 124
69 125
69 126
69 127
69 128
69 130
69 131
69 133
69 134
69 135
69 137
69 138
69 139
69 140
69 142
69 144
69 146
69 147
69 150
69 151
69 153
69 154
69 155
69 157
69 158
69 159
69 160
69 161
70 72
70 73
70 74
70 75
70 76
70 77
70 78
70 79
70 83
70 84
70 85
70 86
70 88
70 89
70 90
70 91
70 92
70 95
70 96
70 97
70 98
70 99
70 100
70 101
70 102
70 105
70 106
70 107
70 108
70 109
70 110
70 112
70 113
70 114
70 115
70 117
70 118
70 120
70 121
70 125
70 126
70 128
70 129
70 130
70 131
70 133
70 134
70 136
70 137
70 138
70 139
70 140
70 141
70 142
70 144
70 145
70 146
70 147
70 149
70 151
70 152
70 153
70 154
70 157
70 158
70 160
70 161
71 72
71 73
71 74
71 75
71 77
71 79
71 80
71 81
71 82
71 84
71 86
71 88
71 89
71 90
71 91
71 92
71 93
71 94
71 96
71 97
71 99
71 100
71 101
71 102
71 104
71 105
71 106
71 107
71 108
71 109
71 111
71 112
71 113
71 114
71 115
71 117
71 118
71 119
71 121
71 122
71 125
71 126
71 127
71 129
71 130
71 131
71 133
71 135
71 137
71 138
71 139
71 141
71 142
71 143
71 145
71 146
71 147
71 148
71 149
71 150
71 151
71 152
71 153
71 154
71 156
71 157
71 158
71 159
71 160
72 73
72 74
72 75
72 76
72 77
72 78
72 79
72 80
72 81
72 82
72 84
72 86
72 87
72 88
72 89
72 91
72 92
72 93
72 94
72 95
72 96
72 97
72 98
72 99
72 100
72 101
72 102
72 103
72 105
72 106
72 107
72 108
72 109
72 112
72 113
72 114
72 115
72 116
72 117
72 118
72 120
72 121
72 122
72 123
72 124
72 125
72 126
72 127
72 128
72 129
72 130
72 131
72 133
72 134
72 135
72 136
72 137
72 138
72 139
72 141
72 142
72 145
72 146
72 148
72 149
72 150
72 151
72 152
72 153
72 154
72 155
72 157
72 158
72 160
73 75
73 77
73 80
73 81
73 82
73 83
73 84
73 89
73 90
73 91
73 93
73 95
73 97
73 99
73 101
73 102
73 105
73 106
73 107
73 108
73 109
73 110
73 111
73 112
73 113
73 115
73 116
73 117
73 118
73 120
73 122
73 126
73 127
73 128
73 129
73 130
73 131
73 132
73 133
73 134
73 135
73 137
73 138
73 141
73 142
73 143
73 145
73 146
73 147
73 150
73 151
73 152
73 153
73 154
73 156
73 158
73 159
74 75
74 76
74 77
74 78
74 79
74 80
74 82
74 83
74 84
74 85
74 86
74 88
74 89
74 91
74 92
74 93
74 94
74 95
74 97
74 98
74 99
74 100
74 101
74 102
74 103
74 104
74 105
74 106
74 107
74 108
74 111
74 112
74 113
74 114
74 115
74 116
74 117
74 118
74 120
74 125
74 126
74 127
74 129
74 131
74 133
74 134
74 136
74 137
74 138
74 145
74 146
74 147
74 148
74 149
74 150
74 151
74 152
74 153
74 154
74 157
74 158
74 159
74 160
74 161
75 76
75 77
75 79
75 82
75 83
75 84
75 88
75 90
75 91
75 92
75 94
75 97
75 99
75 100
75 101
75 102
75 103
75 105
75 107
75 108
75 109
75 111
75 112
75 115
75 118
75 120
75 123
75 125
75 126
75 128
75 129
75 130
75 131
75 133
75 134
75 135
75 136
75 137
75 138
75 139
75 141
75 142
75 146
75 147
75 150
75 151
75 152
75 153
75 154
75 155
75 158
75 160
76 77
76 79
76 81
76 89
76 91
76 92
76 94
76 97
76 98
76 100
76 102
76 106
76 107
76 108
76 109
76 111
76 112
76 114
76 115
76 117
76 118
76 124
76 125
76 128
76 129
76 130
76 133
76 134
76 137
76 138
76 139
76 141
76 142
76 152
76 153
76 154
76 158
76 161
77 78
77 79
77 80
77 82
77 83
77 84
77 85
77 86
77 87
77 89
77 90
77 91
77 92
77 93
77 94
77 96
77 97
77 99
77 101
77 103
77 104
77 105
77 108
77 109
77 110
77 111
77 112
77 114
77 115
77 116
77 117
77 118
77 126
77 129
77 130
77 133
77 134
77 135
77 142
77 146
77 147
77 149
77 150
77 151
77 152
77 153
77 158
77 160
77 161
78 87
78 94
78 97
78 99
78 101
78 106
78 117
78 133
78 140
78 145
78 151
78 152
79 82
79 84
79 85
79 88
79 89
79 90
79 91
79 92
79 94
79 95
79 96
79 98
79 99
79 100
79 101
79 102
79 103
79 104
79 105
79 106
79 111
79 112
79 113
79 114
79 115
79 116
79 117
79 118
79 119
79 120
79 121
79 125
79 126
79 127
79 129
79 130
79 131
79 132
79 134
79 135
79 136
79 137
79 138
79 139
79 141
79 142
79 143
79 145
79 146
79 147
79 150
79 151
79 152
79 153
79 154
79 156
79 157
79 158
79 159
79 160
79 161
80 83
80 88
80 89
80 92
80 93
80 94
80 100
80 101
80 102
80 106
80 107
80 108
80 109
80 112
80 114
80 115
80 116
80 117
80 118
80 120
80 126
80 129
80 133
80 134
80 135
80 137
80 138
80 139
80 142
80 145
80 146
80 149
80 151
80 152
80 154
80 155
80 158
81 82
81 86
81 87
81 89
81 91
81 92
81 93
81 94
81 95
81 98
81 99
81 102
81 107
81 108
81 109
81 113
81 114
81 115
81 116
81 121
81 125
81 129
81 131
81 134
81 136
81 138
81 139
81 142
81 149
81 150
81 151
81 152
81 159
81 160
82 83
82 86
82 88
82 89
82 90
82 92
82 94
82 101
82 106
82 108
82 112
82 113
82 116
82 117
82 118
82 125
82 131
82 134
82 135
82 137
82 138
82 141
82 145
82 151
82 153
82 154
82 157
82 158
82 160
82 161
83 84
83 86
83 87
83 89
83 90
83 91
83 97
83 99
83 100
83 101
83 103
83 106
83 108
83 112
83 113
83 114
83 118
83 123
83 126
83 130
83 131
83 133
83 136
83 139
83 142
83 145
83 146
83 147
83 149
83 152
83 153
83 154
83 155
83 157
83 158
83 159
83 160
83 161
84 85
84 87
84 89
84 91
84 93
84 94
84 97
84 98
84 99
84 102
84 105
84 106
84 107
84 108
84 109
84 110
84 112
84 114
84 115
84 116
84 117
84 118
84 119
84 125
84 127
84 129
84 130
84 131
84 134
84 135
84 137
84 138
84 139
84 140
84 141
84 143
84 145
84 146
84 147
84 148
84 151
84 152
84 153
84 154
84 156
84 158
84 159
84 160
84 161
85 86
85 89
85 90
85 101
85 102
85 106
85 113
85 116
85 117
85 118
85 129
85 130
85 131
85 134
85 135
85 137
85 138
85 144
85 145
85 147
85 150
85 152
85 157
85 158
85 160
86 89
86 91
86 92
86 94
86 97
86 99
86 101
86 102
86 103
86 106
86 107
86 109
86 110
86 111
86 113
86 114
86 115
86 117
86 118
86 119
86 122
86 125
86 127
86 131
86 133
86 134
86 135
86 137
86 138
86 139
86 143
86 147
86 150
86 152
86 153
86 154
86 155
86 158
86 159
86 160
87 91
87 93
87 95
87 97
87 101
87 102
87 103
87 106
87 107
87 108
87 109
87 113
87 114
87 115
87 117
87 119
87 124
87 125
87 128
87 129
87 130
87 131
87 133
87 139
87 141
87 142
87 143
87 146
87 147
87 149
87 152
87 153
87 158
87 160
87 161
88 89
88 91
88 92
88 94
88 96
88 97
88 101
88 102
88 104
88 108
88 109
88 114
88 117
88 118
88 119
88 120
88 127
88 128
88 129
88 131
88 132
88 133
88 136
88 137
88 139
88 142
88 143
88 145
88 147
88 148
88 149
88 151
88 152
88 153
88 154
88 156
88 157
88 158
88 159
88 160
88 161
89 90
89 93
89 94
89 97
89 98
89 100
89 101
89 102
89 103
89 105
89 106
89 108
89 109
89 110
89 111
89 112
89 113
89 114
89 115
89 117
89 118
89 120
89 122
89 123
89 124
89 125
89 126
89 127
89 129
89 130
89 131
89 133
89 134
89 136
89 137
89 138
89 139
89 142
89 143
89 146
89 147
89 148
89 149
89 150
89 151
89 152
89 154
89 155
89 157
89 158
89 159
89 161
90 101
90 102
90 103
90 107
90 108
90 109
90 110
90 111
90 112
90 113
90 114
90 115
90 131
90 133
90 138
90 146
90 151
90 156
91 94
91 95
91 99
91 100
91 101
91 102
91 103
91 104
91 106
91 107
91 109
91 112
91 113
91 114
91 115
91 117
91 118
91 125
91 126
91 129
91 131
91 133
91 134
91 137
91 138
91 139
91 141
91 142
91 145
91 147
91 151
91 153
91 154
91 156
92 93
92 97
92 98
92 101
92 102
92 106
92 107
92 109
92 112
92 115
92 116
92 117
92 122
92 125
92 129
92 131
92 133
92 134
92 136
92 137
92 139
92 142
92 145
92 146
92 148
92 149
92 150
92 151
92 152
92 153
92 158
92 159
93 96
93 97
93 98
93 100
93 101
93 102
93 105
93 106
93 109
93 110
93 112
93 115
93 117
93 123
93 125
93 126
93 129
93 130
93 131
93 133
93 134
93 137
93 139
93 140
93 142
93 143
93 147
93 149
93 151
93 152
93 154
93 156
93 157
93 159
93 161
94 96
94 97
94 98
94 101
94 102
94 103
94 107
94 108
94 109
94 111
94 112
94 113
94 114
94 115
94 116
94 117
94 120
94 122
94 124
94 125
94 126
94 127
94 129
94 130
94 131
94 133
94 134
94 136
94 137
94 138
94 140
94 141
94 142
94 144
94 145
94 146
94 147
94 150
94 151
94 152
94 154
94 155
94 156
94 157
94 160
94 161
95 101
95 112
95 113
95 114
95 115
95 116
95 117
95 125
95 134
95 137
95 138
95 149
95 150
95 151
95 153
95 154
95 157
95 161
96 100
96 102
96 106
96 113
96 115
96 116
96 117
96 118
96 131
96 133
96 138
96 142
96 147
96 158
97 98
97 100
97 101
97 102
97 103
97 105
97 106
97 107
97 108
97 109
97 110
97 111
97 112
97 113
97 114
97 115
97 116
97 118
97 125
97 126
97 127
97 129
97 130
97 131
97 133
97 134
97 135
97 136
97 137
97 138
97 139
97 140
97 141
97 142
97 145
97 146
97 147
97 149
97 150
97 151
97 153
97 154
97 155
97 157
97 158
97 159
97 161
98 99
98 100
98 102
98 104
98 106
98 110
98 111
98 112
98 114
98 115
98 118
98 125
98 127
98 128
98 129
98 130
98 131
98 132
98 133
98 134
98 135
98 137
98 142
98 143
98 146
98 147
98 148
98 151
98 152
98 153
98 154
98 159
99 100
99 101
99 102
99 105
99 106
99 107
99 108
99 109
99 111
99 112
99 115
99 117
99 118
99 126
99 129
99 131
99 133
99 134
99 136
99 137
99 138
99 145
99 146
99 147
99 150
99 152
99 154
99 155
99 157
99 161
100 102
100 104
100 105
100 106
100 107
100 108
100 111
100 112
100 113
100 114
100 116
100 117
100 120
100 125
100 129
100 130
100 131
100 133
100 134
100 137
100 138
100 139
100 140
100 142
100 147
100 150
100 151
100 154
100 158
100 161
101 102
101 105
101 106
101 107
101 108
101 110
101 111
101 112
101 113
101 114
101 116
101 117
101 124
101 126
101 127
101 128
101 129
101 130
101 131
101 132
101 133
101 134
101 135
101 136
101 138
101 141
101 142
101 145
101 150
101 151
101 152
101 153
101 154
101 155
101 156
101 157
101 159
101 160
102 103
102 104
102 105
102 106
102 107
102 108
102 109
102 111
102 112
102 113
102 114
102 115
102 116
102 117
102 118
102 120
102 125
102 129
102 130
102 131
102 133
102 134
102 135
102 137
102 138
102 142
102 143
102 144
102 145
102 146
102 147
102 148
102 149
102 150
102 151
102 152
102 153
102 155
102 157
102 158
102 159
102 161
103 108
103 109
103 112
103 113
103 115
103 116
103 117
103 118
103 120
103 122
103 127
103 128
103 129
103 131
103 133
103 134
103 137
103 138
103 144
103 146
103 147
103 150
103 152
103 154
103 157
103 160
104 107
104 108
104 110
104 115
104 116
104 118
104 125
104 126
104 127
104 128
104 129
104 131
104 134
104 137
104 138
104 139
104 142
104 146
104 147
104 148
104 149
104 150
104 152
104 154
104 157
104 158
104 161
105 106
105 108
105 109
105 110
105 112
105 114
105 115
105 117
105 118
105 128
105 130
105 131
105 134
105 135
105 137
105 138
105 139
105 141
105 142
105 148
105 151
105 152
105 153
105 155
105 157
105 158
105 159
105 160
105 161
106 107
106 108
106 109
106 110
106 113
106 115
106 117
106 118
106 119
106 120
106 122
106 123
106 124
106 125
106 126
106 128
106 129
106 130
106 131
106 133
106 134
106 136
106 138
106 140
106 141
106 142
106 146
106 147
106 148
106 149
106 150
106 151
106 152
106 154
106 157
106 158
106 160
106 161
107 109
107 110
107 111
107 113
107 114
107 116
107 117
107 118
107 125
107 126
107 129
107 130
107 131
107 132
107 133
107 134
107 136
107 137
107 138
107 142
107 143
107 147
107 149
107 150
107 151
107 154
107 157
107 158
107 161
108 109
108 111
108 112
108 113
108 114
108 115
108 116
108 117
108 118
108 120
108 122
108 123
108 124
108 125
108 126
108 128
108 129
108 130
108 131
108 133
108 134
108 135
108 138
108 139
108 140
108 141
108 142
108 143
108 145
108 146
108 147
108 148
108 151
108 152
108 154
108 157
108 158
108 159
108 160
108 161
109 110
109 111
109 112
109 113
109 114
109 115
109 117
109 118
109 120
109 121
109 126
109 128
109 129
109 131
109 132
109 133
109 134
109 135
109 137
109 138
109 139
109 141
109 142
109 143
109 144
109 145
109 147
109 148
109 150
109 151
109 153
109 154
109 156
109 157
109 158
109 160
109 161
110 115
110 117
110 118
110 126
110 127
110 129
110 130
110 133
110 134
110 137
110 138
110 139
110 142
110 145
110 147
110 152
110 156
110 158
111 114
111 116
111 118
111 120
111 126
111 127
111 129
111 131
111 132
111 133
111 137
111 138
111 142
111 146
111 147
111 149
111 150
111 151
111 152
111 153
111 154
111 155
111 156
111 157
111 158
111 159
111 161
112 113
112 114
112 115
112 116
112 117
112 118
112 122
112 126
112 129
112 130
112 131
112 133
112 134
112 135
112 137
112 138
112 139
112 140
112 141
112 142
112 144
112 145
112 146
112 147
112 148
112 149
112 150
112 151
112 152
112 153
112 154
112 155
112 156
112 157
112 159
112 160
113 114
113 115
113 117
113 118
113 119
113 121
113 124
113 125
113 126
113 127
113 128
113 129
113 130
113 131
113 133
113 136
113 137
113 138
113 139
113 140
113 142
113 145
113 146
113 148
113 149
113 150
113 151
113 152
113 153
113 154
113 155
113 158
113 160
113 161
114 115
114 117
114 118
114 120
114 121
114 123
114 125
114 126
114 127
114 129
114 130
114 131
114 132
114 134
114 135
114 136
114 137
114 138
114 139
114 142
114 143
114 145
114 146
114 147
114 148
114 149
114 150
114 151
114 152
114 153
114 154
114 155
114 156
114 157
114 158
114 159
114 160
114 161
115 116
115 117
115 118
115 120
115 125
115 126
115 127
115 128
115 129
115 130
115 131
115 133
115 134
115 135
115 136
115 137
115 138
115 139
115 141
115 142
115 143
115 145
115 146
115 147
115 149
115 150
115 152
115 153
115 154
115 156
115 157
115 158
115 160
115 161
116 117
116 118
116 122
116 125
116 128
116 130
116 131
116 133
116 134
116 135
116 137
116 138
116 141
116 142
116 143
116 144
116 146
116 152
116 158
116 160
116 161
117 118
117 120
117 121
117 123
117 125
117 126
117 127
117 129
117 131
117 133
117 134
117 135
117 136
117 137
117 138
117 139
117 141
117 142
117 143
117 144
117 146
117 147
117 149
117 150
117 151
117 152
117 153
117 154
117 157
117 158
117 159
117 160
117 161
118 121
118 125
118 126
118 129
118 130
118 131
118 133
118 135
118 136
118 137
118 138
118 139
118 141
118 142
118 143
118 145
118 146
118 147
118 148
118 149
118 150
118 151
118 153
118 154
118 157
118 159
118 160
118 161
119 124
119 125
119 131
119 135
119 138
119 141
119 142
119 145
119 146
119 149
119 151
119 152
119 158
119 161
120 129
120 131
120 133
120 142
120 143
120 152
120 153
120 158
121 123
121 126
121 130
121 131
121 133
121 134
121 140
121 142
121 150
121 151
122 123
122 133
122 139
122 142
122 147
122 150
122 154
122 155
122 161
123 131
123 133
123 150
123 154
123 156
123 161
124 129
124 131
124 134
124 137
124 151
124 154
124 155
124 161
125 126
125 128
125 129
125 130
125 131
125 132
125 134
125 135
125 136
125 138
125 139
125 141
125 142
125 146
125 148
125 150
125 151
125 153
125 154
125 156
125 157
125 158
125 161
126 127
126 129
126 130
126 131
126 132
126 133
126 135
126 137
126 138
126 140
126 142
126 143
126 146
126 147
126 148
126 150
126 152
126 153
126 154
126 155
126 156
126 158
126 159
126 160
127 129
127 130
127 133
127 134
127 135
127 137
127 143
127 147
127 150
127 151
127 152
127 154
127 157
127 158
127 161
128 129
128 131
128 133
128 136
128 137
128 138
128 139
128 141
128 145
128 151
128 152
128 153
128 155
128 156
128 157
128 161
129 130
129 131
129 132
129 133
129 134
129 135
129 136
129 137
129 138
129 139
129 140
129 141
129 142
129 143
129 144
129 145
129 146
129 147
129 148
129 150
129 152
129 153
129 154
129 155
129 157
129 158
129 159
129 160
129 161
130 131
130 133
130 134
130 135
130 138
130 139
130 140
130 141
130 142
130 146
130 148
130 151
130 152
130 153
130 154
130 157
130 158
130 160
131 133
131 134
131 135
131 137
131 138
131 139
131 142
131 143
131 145
131 146
131 147
131 148
131 149
131 150
131 151
131 152
131 153
131 154
131 156
131 157
131 158
131 159
131 160
131 161
132 137
132 142
132 147
132 153
133 134
133 135
133 137
133 138
133 139
133 141
133 142
133 143
133 144
133 145
133 146
133 147
133 148
133 149
133 151
133 152
133 154
133 158
133 159
133 160
133 161
134 136
134 137
134 138
134 139
134 140
134 141
134 142
134 146
134 147
134 149
134 150
134 152
134 153
134 154
134 157
134 158
134 159
134 160
134 161
135 137
135 138
135 140
135 142
135 144
135 147
135 148
135 152
135 153
135 154
135 155
135 158
135 160
135 161
136 137
136 138
136 139
136 140
136 147
136 150
136 151
136 153
136 154
136 155
136 158
136 160
137 138
137 139
137 140
137 142
137 143
137 145
137 147
137 148
137 149
137 150
137 151
137 152
137 154
137 155
137 157
137 158
137 160
137 161
138 139
138 140
138 141
138 142
138 143
138 145
138 146
138 148
138 149
138 150
138 151
138 152
138 153
138 155
138 156
138 157
138 158
138 159
138 160
138 161
139 141
139 142
139 144
139 145
139 146
139 147
139 150
139 152
139 153
139 154
139 156
139 157
139 158
139 159
139 160
140 142
140 146
140 150
140 151
140 152
140 154
140 161
141 142
141 143
141 146
141 147
141 149
141 150
141 151
141 152
141 153
141 154
141 156
141 158
142 143
142 145
142 146
142 148
142 150
142 151
142 152
142 153
142 154
142 155
142 157
142 158
142 159
142 160
142 161
143 145
143 146
143 147
143 149
143 150
143 152
143 153
143 154
143 155
144 145
145 146
145 149
145 150
145 152
145 153
145 158
145 159
145 160
146 147
146 149
146 151
146 152
146 153
146 154
146 156
146 157
146 158
146 159
146 160
146 161
147 150
147 151
147 152
147 153
147 154
147 158
147 160
147 161
148 150
148 151
148 153
148 154
148 160
149 150
149 153
149 157
149 160
150 151
150 152
150 153
150 154
150 158
150 160
150 161
151 152
151 153
151 154
151 156
151 157
151 158
151 159
151 161
152 153
152 154
152 157
152 158
152 160
152 161
153 154
153 155
153 156
153 157
153 158
153 159
153 160
153 161
154 155
154 157
154 158
154 159
154 160
155 158
155 161
157 158
157 159
157 160
157 161
158 159
158 160
159 161
160 161
