0 6
0 8
0 10
0 14
0 16
0 19
0 21
0 24
0 25
0 26
0 30
0 31
0 32
0 34
0 35
0 37
0 40
0 44
0 45
0 49
0 50
0 53
0 54
0 56
0 57
0 58
0 62
0 64
0 65
0 66
0 67
0 68
0 69
0 70
0 71
0 72
0 74
0 76
0 77
0 80
0 83
0 88
0 89
0 90
0 91
0 92
0 93
0 97
0 98
0 101
0 102
0 106
0 109
0 114
0 116
0 117
0 118
0 127
0 129
0 131
0 138
0 140
0 142
0 146
0 147
0 151
0 152
0 157
0 158
0 161
1 5
1 7
1 13
1 14
1 18
1 19
1 21
1 22
1 25
1 26
1 29
1 30
1 31
1 32
1 35
1 37
1 38
1 40
1 43
1 44
1 45
1 48
1 49
1 50
1 54
1 56
1 64
1 65
1 67
1 70
1 71
1 74
1 75
1 77
1 79
1 80
1 84
1 86
1 89
1 92
1 94
1 97
1 98
1 100
1 101
1 103
1 104
1 105
1 108
1 109
1 112
1 114
1 115
1 118
1 122
1 123
1 125
1 126
1 129
1 130
1 131
1 133
1 134
1 136
1 138
1 139
1 142
1 143
1 145
1 146
1 147
1 151
1 153
1 154
1 155
1 157
1 158
1 159
1 161
2 9
2 14
2 18
2 22
2 24
2 28
2 29
2 30
2 31
2 32
2 34
2 35
2 36
2 40
2 43
2 49
2 51
2 54
2 56
2 59
2 62
2 65
2 67
2 68
2 70
2 72
2 73
2 77
2 79
2 80
2 83
2 89
2 93
2 96
2 97
2 100
2 101
2 105
2 106
2 109
2 111
2 112
2 114
2 115
2 116
2 117
2 118
2 121
2 125
2 126
2 129
2 130
2 131
2 134
2 136
2 137
2 138
2 145
2 146
2 147
2 150
2 151
2 153
2 157
3 4
3 6
3 13
3 20
3 21
3 26
3 29
3 30
3 31
3 32
3 34
3 35
3 36
3 39
3 40
3 43
3 45
3 46
3 49
3 50
3 51
3 56
3 63
3 64
3 66
3 68
3 69
3 70
3 72
3 74
3 76
3 80
3 82
3 89
3 93
3 94
3 101
3 103
3 104
3 105
3 108
3 109
3 112
3 113
3 114
3 115
3 118
3 126
3 131
3 134
3 137
3 138
3 147
3 148
3 152
3 153
3 154
3 155
3 157
3 158
3 161
4 5
4 6
4 7
4 9
4 11
4 12
4 13
4 16
4 19
4 20
4 21
4 22
4 24
4 26
4 28
4 30
4 31
4 32
4 33
4 34
4 35
4 36
4 39
4 40
4 42
4 43
4 44
4 45
4 46
4 49
4 50
4 52
4 53
4 54
4 55
4 56
4 57
4 58
4 59
4 61
4 63
4 64
4 65
4 66
4 67
4 68
4 69
4 70
4 71
4 72
4 74
4 76
4 78
4 79
4 80
4 81
4 84
4 86
4 88
4 89
4 90
4 93
4 94
4 97
4 98
4 101
4 102
4 103
4 104
4 105
4 106
4 107
4 108
4 109
4 110
4 111
4 112
4 114
4 115
4 116
4 117
4 118
4 120
4 121
4 127
4 128
4 129
4 131
4 133
4 134
4 135
4 136
4 137
4 138
4 139
4 141
4 145
4 147
4 148
4 149
4 152
4 153
4 154
4 155
4 156
4 158
4 159
4 161
5 7
5 8
5 9
5 11
5 19
5 21
5 25
5 31
5 37
5 38
5 40
5 46
5 49
5 51
5 55
5 58
5 61
5 62
5 63
5 64
5 65
5 69
5 70
5 71
5 74
5 79
5 83
5 87
5 88
5 89
5 91
5 92
5 94
5 97
5 102
5 109
5 111
5 113
5 115
5 117
5 118
5 119
5 120
5 126
5 133
5 134
5 138
5 139
5 140
5 143
5 146
5 147
5 150
5 152
5 158
6 7
6 8
6 10
6 11
6 12
6 13
6 14
6 15
6 16
6 17
6 19
6 20
6 21
6 22
6 23
6 24
6 25
6 26
6 28
6 30
6 31
6 32
6 33
6 34
6 36
6 37
6 38
6 40
6 41
6 42
6 43
6 44
6 45
6 46
6 49
6 50
6 51
6 52
6 54
6 55
6 56
6 58
6 60
6 61
6 63
6 64
6 65
6 66
6 68
6 69
6 70
6 71
6 72
6 73
6 74
6 75
6 77
6 79
6 83
6 84
6 85
6 86
6 87
6 88
6 89
6 90
6 92
6 93
6 95
6 96
6 97
6 98
6 100
6 101
6 102
6 103
6 104
6 106
6 107
6 108
6 110
6 111
6 112
6 113
6 114
6 115
6 116
6 118
6 122
6 124
6 125
6 126
6 127
6 128
6 129
6 130
6 131
6 133
6 134
6 135
6 136
6 137
6 138
6 141
6 142
6 143
6 144
6 145
6 146
6 147
6 149
6 150
6 151
6 152
6 153
6 154
6 156
6 157
6 158
6 159
6 160
6 161
7 8
7 9
7 10
7 11
7 12
7 14
7 15
7 16
7 18
7 19
7 20
7 22
7 23
7 25
7 26
7 27
7 29
7 30
7 32
7 35
7 36
7 38
7 39
7 40
7 41
7 42
7 43
7 44
7 45
7 46
7 48
7 49
7 50
7 51
7 53
7 54
7 55
7 57
7 58
7 59
7 61
7 62
7 63
7 64
7 65
7 66
7 67
7 68
7 69
7 70
7 72
7 73
7 74
7 75
7 76
7 77
7 79
7 80
7 81
7 82
7 84
7 85
7 86
7 87
7 89
7 91
7 93
7 94
7 96
7 97
7 98
7 99
7 100
7 101
7 102
7 103
7 104
7 106
7 108
7 110
7 111
7 113
7 114
7 115
7 117
7 118
7 122
7 125
7 126
7 128
7 129
7 131
7 132
7 133
7 134
7 135
7 136
7 137
7 138
7 139
7 141
7 142
7 143
7 144
7 145
7 146
7 147
7 149
7 150
7 151
7 152
7 153
7 154
7 157
7 158
7 161
8 11
8 14
8 19
8 20
8 24
8 25
8 30
8 31
8 32
8 34
8 35
8 36
8 38
8 45
8 46
8 49
8 51
8 55
8 56
8 58
8 64
8 68
8 69
8 70
8 71
8 75
8 79
8 84
8 93
8 94
8 95
8 98
8 99
8 106
8 107
8 111
8 112
8 114
8 124
8 125
8 129
8 130
8 131
8 133
8 134
8 138
8 142
8 143
8 146
8 150
8 151
8 152
8 155
8 158
9 11
9 12
9 13
9 14
9 16
9 19
9 20
9 24
9 25
9 26
9 28
9 31
9 32
9 33
9 35
9 37
9 38
9 40
9 41
9 44
9 45
9 46
9 50
9 51
9 52
9 54
9 56
9 57
9 58
9 60
9 61
9 62
9 63
9 64
9 67
9 69
9 70
9 71
9 72
9 73
9 74
9 75
9 76
9 77
9 79
9 83
9 84
9 86
9 89
9 91
9 93
9 94
9 96
9 97
9 99
9 101
9 102
9 106
9 107
9 109
9 111
9 114
9 115
9 116
9 117
9 118
9 119
9 122
9 123
9 125
9 127
9 129
9 131
9 133
9 134
9 135
9 137
9 138
9 139
9 140
9 142
9 145
9 146
9 147
9 148
9 151
9 152
9 153
9 155
9 157
10 12
10 13
10 14
10 16
10 17
10 18
10 19
10 20
10 21
10 22
10 25
10 26
10 31
10 32
10 35
10 36
10 37
10 38
10 39
10 40
10 42
10 46
10 49
10 51
10 53
10 54
10 56
10 59
10 62
10 63
10 64
10 66
10 67
10 68
10 69
10 70
10 71
10 72
10 74
10 76
10 79
10 80
10 83
10 84
10 87
10 88
10 89
10 90
10 93
10 95
10 96
10 99
10 101
10 102
10 103
10 106
10 107
10 108
10 109
10 113
10 114
10 116
10 117
10 118
10 123
10 126
10 127
10 129
10 130
10 133
10 134
10 136
10 139
10 142
10 144
10 146
10 149
10 150
10 151
10 152
10 153
10 154
10 157
10 158
11 13
11 16
11 17
11 19
11 21
11 22
11 25
11 26
11 27
11 28
11 31
11 32
11 35
11 36
11 37
11 38
11 39
11 40
11 41
11 42
11 44
11 45
11 46
11 47
11 48
11 49
11 51
11 52
11 53
11 54
11 55
11 56
11 57
11 58
11 60
11 61
11 62
11 63
11 64
11 65
11 66
11 68
11 69
11 70
11 71
11 72
11 74
11 75
11 76
11 77
11 79
11 83
11 87
11 88
11 89
11 90
11 91
11 93
11 94
11 96
11 97
11 98
11 99
11 100
11 101
11 102
11 105
11 106
11 108
11 109
11 111
11 112
11 115
11 117
11 118
11 120
11 121
11 125
11 129
11 130
11 131
11 132
11 133
11 134
11 135
11 136
11 137
11 138
11 139
11 141
11 142
11 143
11 144
11 147
11 148
11 149
11 150
11 151
11 152
11 154
11 157
11 158
11 160
11 161
12 13
12 14
12 16
12 19
12 20
12 21
12 23
12 24
12 25
12 26
12 27
12 30
12 35
12 38
12 40
12 43
12 44
12 45
12 51
12 53
12 54
12 61
12 64
12 66
12 67
12 70
12 71
12 72
12 73
12 74
12 75
12 77
12 82
12 83
12 84
12 86
12 87
12 89
12 91
12 92
12 93
12 94
12 95
12 101
12 102
12 103
12 105
12 106
12 107
12 108
12 109
12 111
12 112
12 114
12 115
12 118
12 120
12 122
12 125
12 130
12 137
12 141
12 148
12 149
12 152
12 153
12 157
12 158
12 161
13 15
13 18
13 19
13 20
13 21
13 22
13 25
13 27
13 29
13 30
13 32
13 34
13 36
13 39
13 43
13 44
13 46
13 50
13 51
13 52
13 54
13 58
13 59
13 61
13 62
13 63
13 64
13 65
13 66
13 67
13 68
13 69
13 70
13 72
13 73
13 74
13 75
13 76
13 79
13 81
13 83
13 85
13 88
13 92
13 93
13 96
13 97
13 98
13 99
13 100
13 101
13 102
13 103
13 104
13 106
13 108
13 109
13 111
13 112
13 113
13 115
13 118
13 119
13 125
13 126
13 131
13 132
13 133
13 134
13 135
13 137
13 138
13 142
13 144
13 145
13 147
13 148
13 150
13 152
13 154
13 156
13 157
13 158
13 159
14 15
14 16
14 18
14 19
14 21
14 24
14 25
14 26
14 27
14 28
14 29
14 30
14 31
14 32
14 33
14 34
14 35
14 36
14 37
14 38
14 39
14 40
14 42
14 43
14 44
14 45
14 46
14 47
14 48
14 49
14 50
14 51
14 52
14 54
14 55
14 56
14 58
14 61
14 62
14 63
14 64
14 65
14 67
14 68
14 69
14 70
14 71
14 72
14 73
14 74
14 75
14 76
14 77
14 78
14 79
14 80
14 81
14 82
14 83
14 84
14 85
14 87
14 88
14 89
14 91
14 92
14 93
14 96
14 97
14 98
14 99
14 100
14 101
14 102
14 103
14 105
14 106
14 107
14 109
14 111
14 112
14 113
14 114
14 115
14 116
14 117
14 118
14 119
14 120
14 122
14 123
14 125
14 127
14 128
14 129
14 131
14 133
14 134
14 135
14 136
14 137
14 138
14 139
14 141
14 142
14 143
14 144
14 145
14 146
14 147
14 148
14 150
14 151
14 152
14 153
14 157
14 158
14 159
14 160
14 161
15 16
15 18
15 20
15 21
15 22
15 23
15 25
15 26
15 28
15 30
15 31
15 33
15 34
15 35
15 38
15 39
15 40
15 45
15 46
15 49
15 51
15 52
15 54
15 56
15 58
15 62
15 63
15 65
15 66
15 67
15 68
15 70
15 71
15 72
15 75
15 79
15 82
15 87
15 88
15 94
15 96
15 99
15 102
15 103
15 104
15 106
15 107
15 113
15 115
15 116
15 117
15 118
15 120
15 125
15 130
15 131
15 132
15 133
15 134
15 137
15 141
15 142
15 147
15 150
15 151
15 152
15 153
15 154
15 158
16 19
16 22
16 26
16 27
16 30
16 33
16 35
16 36
16 37
16 38
16 40
16 45
16 51
16 53
16 56
16 62
16 64
16 66
16 68
16 70
16 73
16 74
16 79
16 80
16 84
16 88
16 91
16 100
16 102
16 105
16 108
16 113
16 114
16 118
16 129
16 133
16 134
16 138
16 139
16 142
16 148
16 150
16 152
16 153
16 154
17 19
17 25
17 26
17 32
17 34
17 38
17 46
17 51
17 53
17 54
17 55
17 56
17 67
17 68
17 74
17 79
17 87
17 93
17 102
17 109
17 112
17 131
17 135
17 137
17 138
17 142
17 151
17 154
17 156
18 19
18 20
18 24
18 26
18 27
18 31
18 32
18 34
18 35
18 38
18 40
18 41
18 42
18 44
18 45
18 46
18 49
18 51
18 53
18 56
18 58
18 65
18 66
18 68
18 69
18 70
18 72
18 73
18 74
18 75
18 79
18 80
18 85
18 89
18 92
18 94
18 95
18 97
18 98
18 99
18 101
18 102
18 106
18 108
18 109
18 115
18 116
18 118
18 125
18 127
18 129
18 130
18 131
18 133
18 134
18 136
18 137
18 138
18 142
18 149
18 153
18 157
18 158
18 159
18 160
18 161
19 20
19 21
19 22
19 24
19 25
19 27
19 29
19 30
19 31
19 32
19 34
19 35
19 36
19 38
19 39
19 40
19 42
19 43
19 44
19 45
19 46
19 48
19 49
19 50
19 51
19 52
19 54
19 56
19 57
19 58
19 59
19 61
19 62
19 64
19 65
19 66
19 67
19 68
19 70
19 71
19 72
19 74
19 75
19 76
19 77
19 79
19 80
19 82
19 83
19 85
19 87
19 88
19 89
19 90
19 93
19 94
19 95
19 97
19 98
19 99
19 100
19 101
19 102
19 103
19 104
19 105
19 106
19 107
19 108
19 109
19 110
19 111
19 112
19 113
19 114
19 115
19 116
19 117
19 118
19 120
19 122
19 124
19 125
19 126
19 127
19 128
19 129
19 131
19 133
19 134
19 136
19 137
19 138
19 139
19 141
19 142
19 143
19 146
19 147
19 149
19 150
19 151
19 152
19 153
19 154
19 155
19 156
19 157
19 158
19 159
19 160
19 161
20 26
20 31
20 33
20 34
20 36
20 38
20 40
20 46
20 52
20 54
20 55
20 64
20 65
20 67
20 74
20 79
20 80
20 93
20 97
20 106
20 107
20 108
20 109
20 115
20 116
20 119
20 125
20 126
20 129
20 130
20 133
20 137
20 139
20 142
20 150
20 151
20 152
20 157
20 158
21 22
21 24
21 25
21 26
21 27
21 28
21 30
21 31
21 32
21 33
21 34
21 35
21 38
21 40
21 41
21 42
21 44
21 45
21 49
21 50
21 51
21 52
21 53
21 54
21 55
21 56
21 57
21 58
21 61
21 62
21 63
21 64
21 67
21 68
21 69
21 70
21 71
21 72
21 74
21 75
21 76
21 77
21 79
21 80
21 81
21 82
21 84
21 86
21 87
21 88
21 89
21 90
21 91
21 93
21 94
21 95
21 96
21 97
21 99
21 100
21 101
21 103
21 106
21 107
21 108
21 109
21 111
21 112
21 113
21 114
21 115
21 116
21 117
21 118
21 122
21 125
21 127
21 130
21 131
21 132
21 133
21 134
21 135
21 137
21 138
21 139
21 140
21 141
21 142
21 143
21 144
21 145
21 146
21 147
21 149
21 150
21 151
21 152
21 153
21 154
21 155
21 157
21 158
21 159
21 160
21 161
22 23
22 24
22 26
22 30
22 31
22 32
22 37
22 38
22 40
22 41
22 50
22 51
22 54
22 58
22 59
22 60
22 64
22 67
22 68
22 71
22 73
22 74
22 75
22 76
22 79
22 80
22 85
22 94
22 97
22 100
22 102
22 105
22 111
22 115
22 117
22 118
22 126
22 131
22 133
22 135
22 137
22 139
22 142
22 143
22 145
22 147
22 150
22 151
22 152
22 153
22 158
23 24
23 26
23 28
23 30
23 31
23 35
23 38
23 43
23 45
23 49
23 57
23 59
23 64
23 65
23 70
23 74
23 76
23 77
23 79
23 80
23 86
23 87
23 88
23 94
23 95
23 101
23 103
23 106
23 108
23 109
23 114
23 115
23 116
23 118
23 121
23 133
23 139
23 141
23 142
23 147
23 151
23 154
23 158
24 25
24 26
24 27
24 28
24 29
24 31
24 32
24 33
24 35
24 36
24 38
24 40
24 42
24 43
24 44
24 45
24 46
24 49
24 50
24 51
24 52
24 54
24 55
24 56
24 57
24 58
24 63
24 64
24 65
24 66
24 67
24 71
24 72
24 73
24 75
24 79
24 80
24 83
24 86
24 87
24 89
24 91
24 92
24 93
24 95
24 96
24 100
24 101
24 102
24 108
24 109
24 110
24 113
24 115
24 117
24 118
24 125
24 131
24 133
24 134
24 137
24 138
24 139
24 146
24 147
24 150
24 151
24 153
24 154
24 155
24 157
25 26
25 29
25 30
25 34
25 35
25 36
25 39
25 44
25 45
25 46
25 47
25 51
25 52
25 53
25 54
25 55
25 56
25 58
25 61
25 63
25 64
25 65
25 66
25 67
25 68
25 69
25 71
25 72
25 73
25 74
25 76
25 79
25 82
25 83
25 85
25 89
25 92
25 93
25 94
25 97
25 98
25 99
25 100
25 101
25 102
25 103
25 105
25 106
25 109
25 110
25 112
25 115
25 116
25 117
25 120
25 123
25 125
25 126
25 129
25 130
25 131
25 133
25 135
25 136
25 137
25 138
25 139
25 141
25 142
25 146
25 147
25 149
25 151
25 152
25 154
25 155
25 157
26 28
26 30
26 31
26 32
26 33
26 34
26 35
26 36
26 38
26 39
26 40
26 41
26 43
26 44
26 45
26 49
26 50
26 51
26 52
26 53
26 54
26 56
26 57
26 58
26 59
26 61
26 62
26 64
26 65
26 66
26 67
26 68
26 69
26 70
26 71
26 72
26 74
26 75
26 76
26 79
26 81
26 83
26 84
26 85
26 86
26 88
26 89
26 90
26 91
26 92
26 94
26 95
26 96
26 97
26 98
26 99
26 100
26 101
26 102
26 104
26 105
26 106
26 107
26 108
26 109
26 110
26 111
26 112
26 113
26 114
26 115
26 116
26 117
26 118
26 119
26 120
26 121
26 123
26 125
26 126
26 127
26 129
26 130
26 131
26 132
26 133
26 134
26 136
26 137
26 138
26 139
26 141
26 142
26 143
26 145
26 146
26 147
26 148
26 149
26 150
26 151
26 152
26 153
26 154
26 155
26 157
26 158
26 160
26 161
27 30
27 31
27 32
27 41
27 51
27 60
27 64
27 65
27 75
27 76
27 77
27 79
27 83
27 84
27 89
27 102
27 105
27 108
27 109
27 111
27 112
27 113
27 114
27 115
27 125
27 127
27 128
27 131
27 139
27 141
27 152
27 153
27 156
27 158
28 31
28 33
28 34
28 35
28 38
28 43
28 44
28 49
28 50
28 51
28 58
28 63
28 65
28 66
28 67
28 68
28 69
28 72
28 74
28 75
28 84
28 87
28 91
28 92
28 94
28 105
28 107
28 108
28 110
28 111
28 112
28 116
28 117
28 128
28 129
28 131
28 137
28 138
28 141
28 142
28 146
28 147
28 151
28 152
28 154
28 157
28 160
29 30
29 31
29 36
29 38
29 40
29 43
29 46
29 48
29 51
29 54
29 55
29 58
29 63
29 64
29 65
29 66
29 67
29 69
29 73
29 74
29 75
29 79
29 80
29 86
29 88
29 89
29 94
29 97
29 101
29 105
29 106
29 108
29 109
29 112
29 114
29 115
29 124
29 129
29 131
29 133
29 134
29 142
29 146
29 150
29 151
29 152
29 153
29 154
29 161
30 31
30 32
30 33
30 35
30 36
30 38
30 39
30 40
30 41
30 42
30 43
30 44
30 49
30 51
30 53
30 54
30 55
30 59
30 60
30 61
30 63
30 65
30 66
30 67
30 68
30 69
30 70
30 71
30 72
30 73
30 74
30 79
30 80
30 84
30 87
30 88
30 89
30 91
30 93
30 94
30 101
30 103
30 105
30 106
30 108
30 111
30 112
30 113
30 115
30 116
30 117
30 118
30 119
30 121
30 122
30 126
30 128
30 129
30 130
30 132
30 133
30 134
30 136
30 137
30 138
30 142
30 143
30 144
30 145
30 146
30 147
30 148
30 149
30 150
30 151
30 152
30 153
30 154
30 156
30 157
30 158
30 160
31 32
31 34
31 35
31 36
31 38
31 39
31 40
31 41
31 42
31 43
31 44
31 45
31 46
31 47
31 48
31 49
31 51
31 52
31 53
31 54
31 55
31 56
31 57
31 58
31 60
31 61
31 63
31 65
31 66
31 67
31 68
31 69
31 70
31 71
31 72
31 73
31 74
31 75
31 76
31 77
31 78
31 79
31 80
31 83
31 84
31 85
31 86
31 89
31 90
31 92
31 93
31 94
31 95
31 96
31 97
31 99
31 100
31 101
31 102
31 103
31 104
31 105
31 106
31 107
31 108
31 109
31 111
31 113
31 114
31 115
31 116
31 117
31 118
31 119
31 120
31 121
31 124
31 125
31 126
31 128
31 129
31 130
31 131
31 132
31 133
31 134
31 137
31 138
31 139
31 140
31 141
31 142
31 143
31 144
31 145
31 146
31 147
31 149
31 150
31 151
31 152
31 153
31 154
31 156
31 157
31 159
31 160
31 161
32 34
32 35
32 36
32 37
32 38
32 42
32 43
32 44
32 45
32 49
32 52
32 54
32 55
32 56
32 57
32 59
32 61
32 62
32 63
32 64
32 65
32 66
32 67
32 68
32 69
32 71
32 72
32 73
32 74
32 75
32 77
32 79
32 83
32 84
32 86
32 87
32 89
32 92
32 93
32 95
32 96
32 97
32 98
32 99
32 100
32 101
32 103
32 105
32 106
32 109
32 110
32 111
32 114
32 115
32 116
32 117
32 118
32 121
32 126
32 127
32 129
32 130
32 131
32 133
32 134
32 135
32 137
32 138
32 139
32 141
32 142
32 143
32 145
32 146
32 147
32 149
32 150
32 151
32 152
32 154
32 155
32 157
32 158
32 159
32 161
33 38
33 45
33 46
33 50
33 51
33 52
33 56
33 58
33 63
33 67
33 68
33 69
33 70
33 75
33 77
33 79
33 80
33 83
33 84
33 91
33 94
33 95
33 97
33 99
33 101
33 102
33 112
33 116
33 118
33 129
33 133
33 135
33 138
33 139
33 140
33 142
33 148
33 150
33 151
33 154
33 158
33 160
33 161
34 38
34 39
34 40
34 42
34 43
34 44
34 45
34 46
34 50
34 53
34 57
34 58
34 59
34 61
34 63
34 66
34 67
34 68
34 70
34 71
34 72
34 73
34 74
34 80
34 81
34 84
34 86
34 87
34 88
34 89
34 91
34 93
34 94
34 95
34 97
34 100
34 101
34 102
34 103
34 106
34 107
34 108
34 114
34 115
34 118
34 119
34 123
34 125
34 127
34 130
34 131
34 132
34 133
34 135
34 137
34 138
34 142
34 145
34 146
34 147
34 148
34 152
34 154
34 157
34 158
34 161
35 36
35 37
35 39
35 40
35 42
35 43
35 45
35 46
35 48
35 49
35 50
35 51
35 52
35 53
35 54
35 55
35 56
35 57
35 59
35 62
35 63
35 64
35 65
35 67
35 68
35 70
35 71
35 72
35 74
35 77
35 79
35 80
35 86
35 87
35 89
35 92
35 94
35 101
35 102
35 103
35 104
35 105
35 106
35 108
35 109
35 110
35 111
35 112
35 113
35 115
35 118
35 121
35 125
35 129
35 130
35 131
35 132
35 133
35 134
35 135
35 136
35 137
35 138
35 139
35 142
35 143
35 144
35 145
35 146
35 148
35 150
35 151
35 152
35 154
35 155
35 157
35 158
35 159
35 161
36 37
36 38
36 40
36 43
36 44
36 45
36 49
36 53
36 54
36 55
36 57
36 58
36 62
36 63
36 64
36 65
36 68
36 70
36 72
36 74
36 75
36 77
36 78
36 79
36 83
36 84
36 86
36 87
36 89
36 91
36 94
36 98
36 99
36 100
36 101
36 102
36 104
36 105
36 106
36 107
36 108
36 109
36 110
36 111
36 112
36 113
36 114
36 117
36 118
36 125
36 129
36 130
36 131
36 133
36 135
36 136
36 138
36 139
36 142
36 145
36 147
36 148
36 150
36 152
36 153
36 154
36 159
36 161
37 38
37 39
37 40
37 44
37 45
37 48
37 49
37 51
37 53
37 54
37 55
37 56
37 61
37 62
37 63
37 65
37 66
37 68
37 70
37 71
37 72
37 73
37 74
37 77
37 79
37 85
37 86
37 89
37 90
37 93
37 94
37 96
37 99
37 100
37 101
37 102
37 104
37 105
37 106
37 108
37 109
37 110
37 112
37 113
37 114
37 115
37 117
37 118
37 119
37 120
37 124
37 125
37 129
37 131
37 133
37 135
37 137
37 139
37 142
37 143
37 144
37 145
37 146
37 147
37 150
37 153
37 154
37 158
37 160
37 161
38 39
38 40
38 42
38 45
38 46
38 48
38 49
38 50
38 51
38 53
38 54
38 56
38 57
38 58
38 62
38 63
38 64
38 65
38 66
38 67
38 68
38 69
38 71
38 72
38 73
38 74
38 75
38 76
38 77
38 79
38 80
38 81
38 82
38 83
38 84
38 86
38 87
38 88
38 89
38 91
38 92
38 93
38 94
38 95
38 96
38 97
38 98
38 99
38 100
38 101
38 102
38 103
38 105
38 106
38 107
38 108
38 109
38 111
38 112
38 113
38 114
38 115
38 118
38 120
38 121
38 122
38 125
38 127
38 129
38 130
38 131
38 133
38 134
38 135
38 136
38 137
38 138
38 140
38 142
38 143
38 144
38 145
38 146
38 147
38 149
38 152
38 153
38 154
38 155
38 156
38 157
38 158
38 160
39 41
39 42
39 43
39 44
39 45
39 46
39 49
39 55
39 56
39 58
39 59
39 64
39 66
39 68
39 70
39 71
39 72
39 75
39 79
39 83
39 89
39 94
39 96
39 97
39 99
39 102
39 104
39 106
39 107
39 109
39 112
39 113
39 114
39 115
39 118
39 122
39 124
39 127
39 133
39 134
39 137
39 138
39 141
39 142
39 146
39 147
39 149
39 150
39 152
39 154
39 156
39 158
39 160
39 161
40 41
40 43
40 44
40 45
40 46
40 48
40 49
40 51
40 53
40 54
40 55
40 56
40 57
40 58
40 59
40 62
40 63
40 64
40 65
40 66
40 68
40 70
40 71
40 72
40 73
40 74
40 75
40 76
40 77
40 79
40 80
40 81
40 82
40 83
40 84
40 85
40 86
40 87
40 88
40 89
40 90
40 91
40 92
40 93
40 94
40 95
40 97
40 99
40 100
40 101
40 102
40 103
40 104
40 105
40 106
40 107
40 108
40 109
40 111
40 112
40 113
40 114
40 115
40 117
40 122
40 125
40 126
40 127
40 129
40 130
40 131
40 132
40 133
40 134
40 135
40 136
40 137
40 138
40 139
40 141
40 145
40 147
40 148
40 150
40 151
40 152
40 153
40 155
40 157
40 158
40 159
40 160
40 161
41 44
41 45
41 51
41 54
41 66
41 67
41 68
41 70
41 73
41 74
41 81
41 84
41 85
41 89
41 91
41 93
41 94
41 97
41 99
41 101
41 106
41 108
41 109
41 115
41 117
41 118
41 126
41 127
41 129
41 131
41 133
41 134
41 135
41 139
41 140
41 141
41 142
41 146
41 149
41 150
41 154
41 160
41 161
42 43
42 49
42 51
42 54
42 59
42 60
42 63
42 65
42 66
42 67
42 68
42 69
42 70
42 71
42 72
42 73
42 74
42 75
42 76
42 77
42 86
42 87
42 89
42 92
42 93
42 101
42 105
42 106
42 107
42 108
42 113
42 116
42 117
42 118
42 119
42 130
42 137
42 138
42 139
42 140
42 141
42 142
42 145
42 146
42 147
42 150
42 151
42 152
42 157
42 160
43 44
43 45
43 46
43 47
43 49
43 50
43 51
43 53
43 55
43 56
43 58
43 59
43 61
43 63
43 64
43 65
43 66
43 67
43 68
43 69
43 70
43 71
43 72
43 73
43 74
43 75
43 76
43 77
43 79
43 81
43 83
43 84
43 87
43 88
43 89
43 90
43 92
43 94
43 97
43 99
43 101
43 102
43 107
43 109
43 112
43 113
43 114
43 115
43 116
43 117
43 118
43 119
43 120
43 122
43 123
43 124
43 125
43 128
43 129
43 130
43 131
43 132
43 133
43 134
43 137
43 139
43 141
43 143
43 147
43 149
43 150
43 154
43 157
43 158
43 161
44 45
44 46
44 48
44 49
44 51
44 52
44 53
44 54
44 55
44 56
44 57
44 58
44 59
44 61
44 64
44 65
44 66
44 67
44 68
44 69
44 70
44 71
44 74
44 75
44 76
44 77
44 79
44 81
44 82
44 84
44 85
44 89
44 92
44 93
44 95
44 96
44 98
44 100
44 101
44 102
44 103
44 105
44 107
44 108
44 109
44 111
44 112
44 113
44 114
44 115
44 117
44 118
44 120
44 125
44 126
44 129
44 130
44 131
44 132
44 133
44 134
44 135
44 136
44 137
44 138
44 139
44 141
44 142
44 143
44 145
44 146
44 147
44 149
44 150
44 151
44 152
44 154
44 155
44 158
44 159
44 160
44 161
45 46
45 49
45 50
45 51
45 54
45 56
45 58
45 59
45 61
45 63
45 64
45 65
45 66
45 67
45 68
45 69
45 70
45 71
45 72
45 73
45 74
45 75
45 76
45 77
45 79
45 80
45 82
45 83
45 84
45 86
45 87
45 88
45 89
45 91
45 92
45 94
45 95
45 97
45 98
45 99
45 101
45 102
45 105
45 106
45 109
45 111
45 112
45 114
45 115
45 116
45 117
45 118
45 120
45 121
45 122
45 125
45 126
45 127
45 129
45 130
45 131
45 133
45 134
45 135
45 136
45 137
45 138
45 140
45 141
45 142
45 143
45 144
45 145
45 146
45 147
45 149
45 150
45 151
45 152
45 154
45 157
45 158
46 47
46 48
46 51
46 54
46 55
46 57
46 59
46 63
46 64
46 65
46 66
46 67
46 68
46 69
46 70
46 71
46 72
46 73
46 74
46 77
46 79
46 80
46 81
46 84
46 87
46 88
46 91
46 93
46 94
46 95
46 97
46 98
46 99
46 101
46 102
46 106
46 108
46 109
46 111
46 112
46 113
46 114
46 115
46 116
46 119
46 126
46 129
46 133
46 135
46 136
46 137
46 138
46 139
46 142
46 145
46 146
46 147
46 150
46 151
46 152
46 153
46 155
46 158
46 159
47 49
47 50
47 51
47 54
47 63
47 65
47 69
47 71
47 75
47 79
47 83
47 84
47 86
47 97
47 108
47 109
47 113
47 114
47 116
47 126
47 129
47 130
47 131
47 134
47 138
47 139
47 140
47 142
47 157
47 160
48 51
48 55
48 56
48 63
48 64
48 65
48 67
48 69
48 71
48 72
48 76
48 77
48 89
48 90
48 94
48 96
48 99
48 100
48 102
48 108
48 114
48 116
48 120
48 126
48 127
48 129
48 130
48 135
48 138
48 140
48 147
48 150
48 152
48 159
48 160
48 161
49 50
49 51
49 52
49 53
49 54
49 55
49 56
49 59
49 60
49 61
49 62
49 63
49 64
49 65
49 66
49 67
49 69
49 70
49 71
49 72
49 73
49 74
49 76
49 77
49 78
49 79
49 80
49 83
49 84
49 85
49 86
49 87
49 88
49 89
49 91
49 92
49 93
49 94
49 95
49 96
49 97
49 98
49 100
49 101
49 102
49 103
49 104
49 105
49 106
49 107
49 108
49 109
49 111
49 112
49 113
49 114
49 115
49 116
49 117
49 118
49 119
49 125
49 126
49 127
49 129
49 130
49 131
49 133
49 134
49 137
49 138
49 139
49 140
49 141
49 143
49 144
49 145
49 146
49 147
49 148
49 149
49 150
49 151
49 152
49 154
49 156
49 157
49 160
49 161
50 51
50 52
50 54
50 56
50 58
50 62
50 63
50 64
50 65
50 67
50 68
50 69
50 70
50 71
50 74
50 75
50 76
50 77
50 79
50 83
50 84
50 87
50 88
50 89
50 90
50 94
50 99
50 102
50 109
50 110
50 111
50 115
50 116
50 117
50 118
50 121
50 123
50 125
50 126
50 129
50 131
50 133
50 134
50 135
50 136
50 137
50 138
50 139
50 142
50 145
50 147
50 148
50 149
50 151
50 152
50 153
50 154
50 155
50 157
50 158
50 161
51 52
51 53
51 54
51 55
51 58
51 59
51 61
51 63
51 64
51 65
51 66
51 67
51 68
51 69
51 70
51 71
51 72
51 73
51 74
51 75
51 76
51 77
51 78
51 79
51 80
51 81
51 83
51 84
51 85
51 86
51 87
51 88
51 89
51 90
51 91
51 92
51 93
51 94
51 95
51 96
51 97
51 98
51 100
51 101
51 102
51 103
51 104
51 105
51 106
51 107
51 108
51 109
51 112
51 113
51 117
51 118
51 120
51 121
51 123
51 124
51 125
51 126
51 128
51 129
51 130
51 131
51 132
51 133
51 134
51 135
51 136
51 137
51 138
51 139
51 140
51 141
51 142
51 144
51 145
51 146
51 148
51 149
51 150
51 151
51 152
51 153
51 154
51 155
51 157
51 158
51 159
51 160
51 161
52 53
52 56
52 58
52 64
52 65
52 66
52 67
52 68
52 69
52 71
52 72
52 73
52 74
52 80
52 83
52 84
52 87
52 90
52 92
52 94
52 95
52 98
52 99
52 101
52 102
52 105
52 106
52 107
52 108
52 109
52 111
52 112
52 113
52 114
52 115
52 116
52 117
52 118
52 119
52 125
52 126
52 128
52 129
52 130
52 131
52 133
52 134
52 137
52 138
52 142
52 146
52 149
52 151
52 152
52 153
52 154
52 158
53 54
53 55
53 56
53 58
53 59
53 63
53 64
53 65
53 66
53 67
53 69
53 72
53 79
53 80
53 83
53 84
53 87
53 97
53 98
53 102
53 106
53 107
53 114
53 115
53 122
53 125
53 126
53 131
53 133
53 137
53 138
53 142
53 143
53 147
53 151
53 152
53 157
53 158
53 159
53 160
54 55
54 56
54 57
54 58
54 59
54 61
54 62
54 63
54 64
54 65
54 66
54 67
54 68
54 69
54 70
54 71
54 72
54 73
54 74
54 75
54 76
54 77
54 78
54 79
54 80
54 81
54 82
54 83
54 84
54 85
54 86
54 87
54 88
54 90
54 91
54 92
54 93
54 94
54 97
54 98
54 99
54 100
54 101
54 102
54 103
54 104
54 105
54 106
54 107
54 108
54 109
54 110
54 111
54 112
54 113
54 114
54 115
54 116
54 117
54 118
54 120
54 121
54 123
54 125
54 126
54 128
54 129
54 130
54 131
54 133
54 134
54 136
54 137
54 138
54 140
54 141
54 142
54 143
54 145
54 146
54 149
54 150
54 151
54 152
54 153
54 154
54 158
54 159
54 161
55 58
55 59
55 62
55 63
55 64
55 67
55 68
55 69
55 70
55 71
55 72
55 73
55 74
55 75
55 77
55 79
55 80
55 81
55 84
55 85
55 87
55 88
55 89
55 90
55 92
55 97
55 99
55 102
55 104
55 105
55 106
55 107
55 108
55 109
55 112
55 113
55 114
55 115
55 118
55 120
55 125
55 128
55 131
55 132
55 133
55 134
55 135
55 136
55 137
55 142
55 143
55 145
55 146
55 148
55 150
55 151
55 152
55 153
55 154
55 155
55 158
55 159
55 161
56 58
56 59
56 60
56 64
56 65
56 66
56 67
56 68
56 69
56 70
56 71
56 72
56 73
56 74
56 75
56 77
56 79
56 80
56 83
56 84
56 85
56 86
56 87
56 88
56 89
56 90
56 91
56 92
56 94
56 96
56 97
56 98
56 99
56 100
56 101
56 102
56 104
56 105
56 106
56 108
56 109
56 110
56 112
56 113
56 117
56 118
56 120
56 125
56 126
56 129
56 130
56 131
56 132
56 133
56 135
56 136
56 138
56 139
56 141
56 142
56 143
56 146
56 148
56 149
56 150
56 151
56 152
56 153
56 154
56 155
56 157
56 158
56 159
56 161
57 64
57 66
57 67
57 69
57 71
57 72
57 74
57 76
57 77
57 80
57 83
57 84
57 85
57 94
57 100
57 101
57 105
57 109
57 110
57 111
57 112
57 114
57 116
57 117
57 118
57 122
57 125
57 126
57 128
57 133
57 134
57 137
57 138
57 142
57 145
57 151
57 152
57 153
57 158
57 159
57 161
58 61
58 65
58 66
58 67
58 68
58 70
58 71
58 72
58 73
58 79
58 80
58 81
58 83
58 84
58 85
58 86
58 87
58 88
58 89
58 92
58 95
58 96
58 98
58 101
58 102
58 103
58 104
58 105
58 106
58 107
58 108
58 109
58 110
58 111
58 113
58 114
58 115
58 116
58 117
58 118
58 119
58 125
58 126
58 127
58 129
58 130
58 133
58 134
58 135
58 136
58 137
58 138
58 139
58 140
58 142
58 145
58 146
58 147
58 148
58 150
58 151
58 153
58 154
58 157
58 158
58 159
58 160
58 161
59 61
59 62
59 64
59 65
59 66
59 67
59 68
59 69
59 71
59 72
59 74
59 75
59 77
59 79
59 80
59 83
59 91
59 92
59 93
59 94
59 95
59 97
59 99
59 100
59 101
59 102
59 105
59 110
59 112
59 113
59 114
59 115
59 116
59 117
59 118
59 123
59 128
59 129
59 130
59 131
59 134
59 138
59 140
59 141
59 142
59 146
59 147
59 149
59 151
59 152
59 154
59 158
59 161
60 61
60 66
60 67
60 69
60 74
60 89
60 91
60 95
60 108
60 114
60 116
60 118
60 119
60 130
60 131
60 133
60 134
60 138
60 139
60 147
60 150
60 151
60 158
61 62
61 64
61 65
61 67
61 68
61 69
61 70
61 72
61 74
61 75
61 77
61 79
61 80
61 82
61 84
61 86
61 87
61 88
61 91
61 92
61 93
61 96
61 99
61 101
61 103
61 106
61 109
61 112
61 113
61 115
61 117
61 125
61 129
61 131
61 133
61 134
61 137
61 138
61 140
61 141
61 142
61 145
61 150
61 153
61 154
61 156
61 159
61 160
61 161
62 63
62 67
62 68
62 69
62 70
62 73
62 76
62 77
62 80
62 82
62 86
62 89
62 90
62 94
62 95
62 97
62 99
62 100
62 101
62 102
62 105
62 106
62 107
62 108
62 111
62 112
62 113
62 114
62 116
62 117
62 118
62 125
62 131
62 133
62 134
62 135
62 137
62 138
62 139
62 140
62 142
62 146
62 149
62 150
62 152
62 157
63 64
63 65
63 66
63 67
63 68
63 73
63 74
63 76
63 77
63 83
63 84
63 85
63 86
63 87
63 88
63 89
63 90
63 91
63 93
63 94
63 97
63 98
63 99
63 100
63 101
63 104
63 106
63 108
63 109
63 110
63 111
63 112
63 113
63 115
63 117
63 118
63 125
63 126
63 129
63 131
63 133
63 134
63 135
63 137
63 138
63 142
63 143
63 147
63 149
63 150
63 151
63 152
63 153
63 154
63 158
63 160
63 161
64 65
64 66
64 67
64 68
64 69
64 70
64 71
64 72
64 73
64 74
64 75
64 77
64 78
64 79
64 80
64 82
64 83
64 84
64 85
64 87
64 88
64 89
64 90
64 91
64 92
64 93
64 94
64 95
64 97
64 100
64 101
64 103
64 105
64 106
64 107
64 108
64 109
64 111
64 112
64 113
64 114
64 115
64 117
64 120
64 122
64 125
64 127
64 129
64 130
64 131
64 133
64 134
64 135
64 136
64 137
64 138
64 140
64 141
64 145
64 146
64 147
64 148
64 150
64 152
64 153
64 154
64 155
64 156
64 157
64 159
64 160
64 161
65 66
65 67
65 68
65 69
65 70
65 71
65 72
65 73
65 74
65 75
65 76
65 77
65 78
65 79
65 80
65 81
65 82
65 83
65 84
65 85
65 86
65 89
65 93
65 94
65 96
65 97
65 98
65 99
65 101
65 102
65 103
65 104
65 105
65 106
65 107
65 108
65 109
65 111
65 112
65 113
65 114
65 115
65 116
65 117
65 118
65 121
65 122
65 125
65 126
65 127
65 129
65 130
65 131
65 133
65 134
65 136
65 137
65 138
65 139
65 141
65 142
65 143
65 146
65 149
65 150
65 152
65 154
65 155
65 157
65 158
65 159
65 160
65 161
66 67
66 69
66 70
66 71
66 72
66 73
66 74
66 75
66 76
66 77
66 79
66 80
66 82
66 83
66 84
66 86
66 87
66 89
66 91
66 92
66 93
66 94
66 95
66 97
66 98
66 99
66 101
66 102
66 104
66 105
66 106
66 108
66 109
66 110
66 111
66 112
66 113
66 116
66 117
66 118
66 119
66 124
66 125
66 127
66 129
66 130
66 131
66 133
66 134
66 137
66 138
66 139
66 141
66 142
66 143
66 144
66 145
66 146
66 147
66 148
66 150
66 151
66 152
66 153
66 154
66 158
66 159
66 160
67 68
67 69
67 70
67 72
67 73
67 74
67 75
67 79
67 80
67 81
67 82
67 83
67 84
67 85
67 86
67 89
67 90
67 91
67 92
67 93
67 94
67 95
67 96
67 97
67 99
67 100
67 101
67 102
67 104
67 105
67 106
67 107
67 108
67 109
67 111
67 112
67 113
67 114
67 115
67 116
67 117
67 118
67 119
67 120
67 122
67 125
67 126
67 128
67 129
67 130
67 131
67 133
67 134
67 135
67 136
67 138
67 139
67 140
67 141
67 142
67 147
67 149
67 150
67 151
67 153
67 154
67 155
67 156
67 157
67 158
67 160
67 161
68 69
68 70
68 71
68 72
68 73
68 74
68 75
68 77
68 81
68 83
68 84
68 85
68 86
68 87
68 88
68 90
68 91
68 92
68 93
68 94
68 97
68 98
68 101
68 102
68 103
68 104
68 105
68 106
68 107
68 108
68 109
68 111
68 112
68 113
68 114
68 115
68 116
68 117
68 118
68 120
68 124
68 125
68 126
68 127
68 128
68 129
68 130
68 131
68 133
68 134
68 135
68 137
68 138
68 141
68 142
68 143
68 145
68 146
68 147
68 148
68 149
68 150
68 151
68 152
68 153
68 154
68 155
68 157
68 158
68 159
68 160
68 161
69 71
69 72
69 73
69 74
69 75
69 77
69 79
69 80
69 82
69 84
69 86
69 87
69 89
69 91
69 93
69 94
69 95
69 97
69 98
69 99
69 100
69 101
69 102
69 103
69 105
69 106
69 108
69 109
69 110
69 112
69 113
69 114
69 115
69 116
69 117
69 118
69 119
69 125
69 126
69 128
69 129
69 130
69 131
69 133
69 134
69 136
69 137
69 138
69 139
69 140
69 141
69 143
69 144
69 145
69 146
69 147
69 148
69 149
69 150
69 152
69 153
69 154
69 155
69 157
69 158
69 160
69 161
70 71
70 72
70 74
70 75
70 76
70 77
70 78
70 79
70 80
70 81
70 83
70 84
70 88
70 89
70 90
70 91
70 92
70 93
70 94
70 97
70 98
70 99
70 100
70 101
70 102
70 103
70 104
70 105
70 106
70 107
70 108
70 109
70 110
70 111
70 113
70 114
70 115
70 117
70 118
70 119
70 120
70 121
70 122
70 124
70 125
70 126
70 129
70 130
70 131
70 133
70 134
70 135
70 136
70 137
70 138
70 139
70 141
70 142
70 145
70 146
70 147
70 148
70 149
70 151
70 152
70 153
70 154
70 155
70 157
70 158
70 159
70 160
70 161
71 72
71 73
71 74
71 75
71 77
71 79
71 82
71 83
71 84
71 88
71 89
71 91
71 92
71 94
71 96
71 98
71 99
71 100
71 101
71 102
71 103
71 104
71 105
71 106
71 108
71 109
71 110
71 111
71 112
71 113
71 114
71 115
71 116
71 117
71 118
71 119
71 120
71 124
71 125
71 126
71 128
71 129
71 130
71 131
71 132
71 133
71 134
71 135
71 136
71 137
71 138
71 139
71 140
71 141
71 142
71 143
71 145
71 146
71 147
71 148
71 150
71 151
71 152
71 153
71 154
71 155
71 156
71 158
71 159
71 161
72 73
72 74
72 75
72 76
72 77
72 79
72 80
72 81
72 82
72 83
72 84
72 85
72 86
72 87
72 89
72 91
72 92
72 96
72 97
72 99
72 100
72 101
72 102
72 104
72 105
72 106
72 107
72 108
72 109
72 110
72 111
72 112
72 113
72 114
72 115
72 116
72 117
72 118
72 120
72 121
72 123
72 125
72 126
72 127
72 129
72 130
72 131
72 132
72 133
72 134
72 136
72 137
72 138
72 139
72 140
72 141
72 142
72 143
72 146
72 147
72 148
72 149
72 150
72 151
72 152
72 153
72 154
72 157
72 158
72 159
73 74
73 80
73 81
73 84
73 86
73 87
73 88
73 89
73 91
73 92
73 94
73 97
73 99
73 101
73 102
73 103
73 107
73 108
73 109
73 111
73 112
73 113
73 114
73 115
73 117
73 119
73 125
73 126
73 131
73 133
73 134
73 136
73 137
73 138
73 139
73 140
73 142
73 145
73 147
73 148
73 150
73 151
73 154
73 158
74 75
74 77
74 78
74 79
74 81
74 82
74 84
74 85
74 86
74 87
74 88
74 89
74 90
74 91
74 92
74 93
74 94
74 95
74 96
74 97
74 98
74 99
74 100
74 101
74 102
74 103
74 104
74 105
74 106
74 107
74 108
74 109
74 110
74 112
74 114
74 115
74 116
74 118
74 119
74 120
74 123
74 125
74 126
74 129
74 131
74 132
74 133
74 134
74 135
74 136
74 137
74 138
74 139
74 140
74 142
74 143
74 146
74 147
74 150
74 151
74 152
74 153
74 154
74 155
74 157
74 158
74 159
74 161
75 76
75 77
75 79
75 81
75 82
75 84
75 85
75 88
75 89
75 92
75 94
75 95
75 97
75 99
75 101
75 103
75 104
75 105
75 107
75 108
75 109
75 112
75 113
75 114
75 115
75 117
75 119
75 120
75 125
75 128
75 129
75 130
75 131
75 132
75 133
75 134
75 136
75 139
75 142
75 143
75 145
75 146
75 147
75 151
75 152
75 153
75 154
75 157
75 158
75 160
75 161
76 80
76 82
76 88
76 94
76 95
76 97
76 99
76 101
76 102
76 104
76 105
76 108
76 109
76 115
76 116
76 117
76 126
76 128
76 129
76 131
76 133
76 134
76 135
76 137
76 138
76 140
76 142
76 144
76 145
76 146
76 147
76 150
76 154
76 157
76 159
76 160
76 161
77 79
77 83
77 84
77 86
77 87
77 88
77 91
77 92
77 94
77 98
77 100
77 101
77 102
77 105
77 106
77 107
77 109
77 110
77 112
77 113
77 114
77 116
77 117
77 118
77 123
77 124
77 125
77 126
77 133
77 134
77 137
77 139
77 141
77 143
77 146
77 147
77 148
77 149
77 150
77 151
77 152
77 153
77 154
77 156
77 157
78 84
78 101
78 106
78 129
78 133
78 134
78 139
78 150
78 153
78 159
79 80
79 81
79 82
79 83
79 84
79 87
79 89
79 90
79 91
79 92
79 94
79 95
79 96
79 98
79 100
79 101
79 102
79 103
79 104
79 105
79 106
79 108
79 109
79 110
79 111
79 112
79 114
79 115
79 116
79 117
79 118
79 120
79 121
79 122
79 123
79 124
79 125
79 126
79 127
79 128
79 129
79 130
79 131
79 133
79 134
79 135
79 136
79 137
79 138
79 139
79 140
79 142
79 143
79 144
79 145
79 148
79 149
79 150
79 151
79 152
79 153
79 154
79 155
79 157
79 158
79 160
79 161
80 81
80 85
80 86
80 88
80 89
80 90
80 93
80 94
80 95
80 96
80 99
80 101
80 102
80 103
80 105
80 107
80 108
80 109
80 110
80 113
80 114
80 115
80 117
80 118
80 120
80 121
80 125
80 126
80 129
80 133
80 134
80 135
80 138
80 142
80 145
80 146
80 147
80 149
80 150
80 151
80 152
80 153
80 154
80 158
81 83
81 85
81 89
81 98
81 100
81 101
81 102
81 105
81 106
81 109
81 111
81 112
81 113
81 115
81 117
81 118
81 122
81 131
81 133
81 134
81 135
81 137
81 138
81 141
81 150
81 153
81 154
81 157
81 161
82 88
82 89
82 93
82 97
82 101
82 102
82 104
82 109
82 113
82 114
82 115
82 116
82 118
82 119
82 126
82 129
82 131
82 135
82 137
82 140
82 142
82 148
82 149
82 151
82 152
82 154
82 157
82 158
82 159
83 84
83 88
83 89
83 90
83 91
83 92
83 93
83 94
83 96
83 100
83 101
83 102
83 106
83 107
83 108
83 109
83 111
83 113
83 117
83 125
83 126
83 128
83 129
83 131
83 134
83 135
83 140
83 142
83 143
83 145
83 146
83 147
83 151
83 152
83 153
83 154
83 158
83 160
84 85
84 88
84 89
84 92
84 95
84 97
84 99
84 100
84 101
84 103
84 105
84 106
84 107
84 108
84 110
84 111
84 112
84 114
84 115
84 117
84 118
84 119
84 124
84 125
84 126
84 129
84 132
84 133
84 134
84 135
84 137
84 139
84 141
84 142
84 144
84 145
84 146
84 147
84 148
84 149
84 150
84 151
84 152
84 153
84 154
84 155
84 157
84 161
85 87
85 88
85 89
85 91
85 102
85 105
85 106
85 107
85 112
85 114
85 116
85 126
85 127
85 128
85 129
85 130
85 131
85 133
85 134
85 138
85 139
85 141
85 147
85 150
85 152
86 89
86 93
86 94
86 95
86 97
86 101
86 103
86 105
86 106
86 108
86 109
86 111
86 112
86 115
86 116
86 117
86 118
86 125
86 126
86 128
86 129
86 130
86 131
86 132
86 133
86 137
86 139
86 140
86 142
86 143
86 146
86 147
86 150
86 151
86 152
86 154
86 157
86 159
86 160
86 161
87 89
87 91
87 92
87 93
87 94
87 95
87 97
87 101
87 102
87 103
87 105
87 106
87 111
87 114
87 117
87 118
87 125
87 126
87 128
87 129
87 131
87 133
87 134
87 135
87 137
87 138
87 139
87 142
87 143
87 146
87 147
87 150
87 151
87 152
87 153
87 154
87 157
87 158
87 159
87 161
88 92
88 93
88 94
88 95
88 97
88 99
88 100
88 101
88 102
88 103
88 106
88 108
88 110
88 112
88 113
88 114
88 115
88 117
88 118
88 126
88 131
88 133
88 134
88 135
88 136
88 137
88 138
88 139
88 141
88 142
88 145
88 151
88 152
88 153
88 154
88 155
88 158
88 159
88 160
89 92
89 93
89 94
89 97
89 98
89 99
89 100
89 101
89 102
89 103
89 105
89 106
89 107
89 108
89 109
89 111
89 112
89 113
89 114
89 116
89 117
89 118
89 121
89 125
89 126
89 129
89 130
89 131
89 133
89 134
89 135
89 136
89 137
89 138
89 139
89 140
89 141
89 142
89 143
89 145
89 146
89 147
89 148
89 149
89 151
89 153
89 154
89 155
89 157
89 158
89 159
89 160
89 161
90 91
90 99
90 101
90 106
90 107
90 109
90 117
90 120
90 122
90 129
90 131
90 133
90 137
90 139
90 141
90 143
90 145
90 147
90 148
90 150
90 151
90 152
90 153
90 154
90 157
90 161
91 93
91 94
91 97
91 98
91 105
91 108
91 109
91 111
91 112
91 113
91 114
91 118
91 125
91 126
91 127
91 129
91 130
91 131
91 133
91 134
91 135
91 136
91 137
91 139
91 140
91 141
91 147
91 151
91 152
91 153
91 154
91 155
91 157
91 158
91 160
92 93
92 94
92 95
92 99
92 101
92 102
92 105
92 106
92 107
92 108
92 113
92 115
92 116
92 117
92 128
92 129
92 133
92 134
92 136
92 142
92 143
92 147
92 148
92 150
92 151
92 152
92 153
92 154
93 94
93 95
93 97
93 98
93 102
93 103
93 104
93 106
93 107
93 108
93 111
93 112
93 113
93 114
93 115
93 116
93 118
93 123
93 126
93 129
93 131
93 133
93 134
93 136
93 137
93 138
93 141
93 142
93 143
93 146
93 150
93 151
93 152
93 154
93 157
93 158
93 159
93 161
94 96
94 97
94 98
94 99
94 100
94 101
94 102
94 104
94 105
94 106
94 107
94 108
94 109
94 110
94 111
94 113
94 114
94 115
94 117
94 119
94 120
94 121
94 122
94 124
94 125
94 126
94 127
94 128
94 129
94 132
94 133
94 134
94 135
94 136
94 137
94 138
94 139
94 141
94 143
94 145
94 146
94 147
94 148
94 151
94 152
94 153
94 158
94 159
94 160
94 161
95 97
95 104
95 106
95 107
95 112
95 118
95 129
95 132
95 133
95 134
95 136
95 137
95 138
95 139
95 142
95 143
95 146
95 147
95 149
95 151
95 152
95 158
95 159
96 98
96 101
96 104
96 106
96 113
96 115
96 118
96 121
96 127
96 130
96 131
96 133
96 135
96 136
96 137
96 142
96 150
96 151
96 154
96 155
96 157
96 158
96 161
97 98
97 100
97 101
97 102
97 105
97 106
97 108
97 109
97 110
97 111
97 112
97 113
97 114
97 115
97 116
97 117
97 119
97 120
97 122
97 125
97 126
97 129
97 130
97 131
97 133
97 135
97 136
97 137
97 138
97 139
97 142
97 145
97 146
97 147
97 148
97 149
97 150
97 152
97 153
97 154
97 155
97 156
97 157
97 158
97 161
98 102
98 103
98 104
98 105
98 106
98 108
98 109
98 111
98 112
98 113
98 114
98 115
98 116
98 118
98 120
98 125
98 126
98 127
98 128
98 129
98 131
98 133
98 135
98 138
98 139
98 141
98 145
98 149
98 153
98 154
98 158
98 159
98 160
98 161
99 101
99 102
99 108
99 112
99 114
99 115
99 116
99 118
99 128
99 129
99 133
99 135
99 139
99 140
99 142
99 150
99 151
99 152
99 154
99 155
99 156
99 157
99 158
100 101
100 102
100 104
100 105
100 106
100 108
100 110
100 113
100 114
100 115
100 117
100 118
100 119
100 121
100 125
100 126
100 129
100 133
100 134
100 135
100 137
100 139
100 140
100 142
100 147
100 151
100 152
100 158
100 159
100 161
101 102
101 103
101 104
101 105
101 106
101 107
101 108
101 109
101 110
101 112
101 113
101 114
101 115
101 116
101 117
101 118
101 121
101 125
101 126
101 127
101 129
101 130
101 131
101 132
101 133
101 134
101 138
101 139
101 141
101 142
101 143
101 144
101 146
101 147
101 148
101 149
101 151
101 152
101 153
101 154
101 157
101 158
101 159
101 160
102 103
102 105
102 106
102 107
102 108
102 111
102 112
102 113
102 117
102 118
102 119
102 121
102 124
102 127
102 128
102 129
102 130
102 132
102 133
102 135
102 136
102 137
102 138
102 139
102 140
102 141
102 142
102 143
102 144
102 145
102 146
102 147
102 149
102 152
102 153
102 154
102 157
102 159
102 160
102 161
103 105
103 106
103 107
103 108
103 109
103 110
103 112
103 113
103 114
103 115
103 122
103 126
103 128
103 129
103 131
103 133
103 134
103 135
103 137
103 138
103 139
103 142
103 145
103 146
103 147
103 148
103 149
103 151
103 152
103 154
103 157
103 158
103 159
103 160
104 106
104 108
104 109
104 111
104 114
104 117
104 118
104 119
104 121
104 125
104 129
104 137
104 138
104 141
104 142
104 147
104 150
104 152
104 154
104 161
105 109
105 112
105 114
105 115
105 120
105 124
105 125
105 126
105 129
105 130
105 131
105 133
105 135
105 137
105 138
105 139
105 141
105 142
105 145
105 146
105 151
105 154
105 155
105 158
105 159
105 160
105 161
106 107
106 108
106 109
106 110
106 111
106 112
106 113
106 115
106 116
106 117
106 118
106 119
106 120
106 123
106 125
106 126
106 127
106 128
106 129
106 130
106 131
106 132
106 133
106 134
106 135
106 136
106 138
106 139
106 140
106 142
106 143
106 144
106 145
106 146
106 147
106 148
106 149
106 150
106 151
106 152
106 153
106 154
106 156
106 157
106 158
106 160
107 108
107 109
107 112
107 113
107 115
107 116
107 117
107 118
107 119
107 123
107 124
107 128
107 129
107 130
107 131
107 132
107 133
107 136
107 137
107 138
107 142
107 147
107 148
107 150
107 151
107 152
107 153
107 154
107 157
107 158
108 109
108 111
108 112
108 113
108 114
108 115
108 117
108 118
108 119
108 125
108 126
108 127
108 128
108 129
108 130
108 131
108 133
108 134
108 135
108 136
108 137
108 138
108 143
108 145
108 146
108 149
108 150
108 151
108 152
108 153
108 154
108 155
108 157
108 158
108 160
108 161
109 110
109 111
109 112
109 113
109 114
109 115
109 118
109 123
109 124
109 125
109 126
109 129
109 131
109 133
109 134
109 135
109 136
109 137
109 138
109 141
109 142
109 143
109 146
109 147
109 148
109 150
109 152
109 154
109 155
109 157
109 160
109 161
110 115
110 117
110 124
110 129
110 131
110 133
110 138
110 146
110 147
110 148
110 150
110 154
110 157
110 158
111 112
111 114
111 115
111 116
111 117
111 125
111 126
111 127
111 129
111 130
111 131
111 133
111 134
111 135
111 136
111 137
111 138
111 139
111 142
111 145
111 146
111 149
111 151
111 152
111 154
112 113
112 114
112 115
112 116
112 118
112 123
112 125
112 126
112 127
112 129
112 131
112 133
112 134
112 135
112 136
112 137
112 138
112 139
112 142
112 143
112 144
112 145
112 146
112 147
112 148
112 149
112 150
112 151
112 154
112 157
112 159
112 160
112 161
113 114
113 116
113 117
113 118
113 122
113 124
113 125
113 126
113 127
113 128
113 129
113 131
113 133
113 134
113 135
113 136
113 137
113 138
113 140
113 141
113 142
113 143
113 146
113 150
113 151
113 152
113 153
113 154
113 157
113 158
113 160
113 161
114 115
114 118
114 120
114 123
114 125
114 126
114 127
114 128
114 129
114 130
114 131
114 133
114 134
114 137
114 138
114 139
114 140
114 141
114 142
114 143
114 145
114 146
114 147
114 148
114 149
114 151
114 152
114 153
114 154
114 155
114 158
114 159
114 161
115 116
115 117
115 118
115 120
115 121
115 122
115 123
115 124
115 126
115 129
115 130
115 131
115 133
115 134
115 135
115 136
115 137
115 138
115 139
115 141
115 142
115 145
115 146
115 147
115 148
115 150
115 151
115 152
115 154
115 155
115 157
115 158
115 159
115 160
115 161
116 117
116 122
116 125
116 134
116 136
116 137
116 138
116 139
116 142
116 143
116 145
116 146
116 147
116 150
116 152
116 157
116 158
116 159
116 160
116 161
117 118
117 119
117 120
117 125
117 127
117 128
117 129
117 130
117 131
117 133
117 135
117 136
117 137
117 138
117 139
117 140
117 141
117 142
117 143
117 144
117 145
117 146
117 147
117 148
117 149
117 150
117 152
117 153
117 154
117 155
117 156
117 157
117 158
117 159
117 160
117 161
118 121
118 122
118 125
118 126
118 128
118 129
118 130
118 131
118 132
118 133
118 134
118 135
118 137
118 139
118 141
118 142
118 145
118 147
118 148
118 149
118 150
118 151
118 152
118 153
118 155
118 156
118 157
118 158
118 160
118 161
119 125
119 131
119 132
119 133
119 134
119 137
119 142
119 147
119 149
119 150
119 151
119 153
119 158
119 160
120 122
120 129
120 130
120 131
120 133
120 136
120 146
120 147
120 149
120 158
120 159
120 161
121 129
121 131
121 132
121 136
121 137
121 142
121 146
121 150
121 154
121 156
121 158
122 124
122 131
122 132
122 134
122 137
122 138
122 150
122 151
122 152
122 153
122 158
122 161
123 125
123 133
123 134
123 143
123 145
124 129
124 131
124 138
124 142
124 147
124 151
124 154
124 158
125 126
125 127
125 129
125 131
125 133
125 134
125 135
125 136
125 137
125 138
125 139
125 140
125 143
125 147
125 148
125 149
125 150
125 151
125 153
125 154
125 155
125 156
125 157
125 158
125 161
126 127
126 130
126 131
126 135
126 136
126 138
126 139
126 142
126 144
126 150
126 151
126 152
126 158
126 160
126 161
127 129
127 130
127 131
127 132
127 133
127 135
127 136
127 137
127 139
127 141
127 142
127 143
127 150
127 151
127 152
127 153
127 154
127 158
127 160
128 129
128 132
128 133
128 134
128 136
128 137
128 138
128 140
128 142
128 143
128 146
128 148
128 153
128 154
128 157
129 130
129 133
129 135
129 136
129 137
129 138
129 139
129 142
129 143
129 145
129 147
129 148
129 149
129 150
129 151
129 152
129 153
129 154
129 157
129 158
129 159
129 160
129 161
130 131
130 133
130 134
130 136
130 139
130 140
130 141
130 142
130 146
130 147
130 149
130 150
130 151
130 152
130 153
130 154
130 157
130 158
130 160
131 133
131 134
131 135
131 136
131 137
131 138
131 139
131 140
131 141
131 142
131 143
131 145
131 146
131 147
131 148
131 149
131 150
131 151
131 152
131 153
131 154
131 155
131 156
131 157
131 158
131 159
131 160
131 161
132 136
132 138
132 152
132 154
132 158
132 159
132 161
133 134
133 135
133 136
133 137
133 138
133 139
133 141
133 142
133 144
133 145
133 146
133 148
133 149
133 150
133 151
133 152
133 153
133 154
133 155
133 157
133 158
133 159
133 160
133 161
134 136
134 137
134 138
134 139
134 141
134 142
134 143
134 145
134 146
134 147
134 150
134 151
134 152
134 153
134 154
134 155
134 156
134 157
134 158
134 159
134 160
134 161
135 136
135 137
135 138
135 139
135 141
135 142
135 143
135 146
135 149
135 150
135 151
135 152
135 153
135 155
135 156
135 157
135 158
135 160
136 137
136 139
136 140
136 147
136 149
136 151
136 152
136 153
136 158
137 138
137 139
137 141
137 142
137 145
137 147
137 148
137 151
137 152
137 154
137 155
137 156
137 158
137 161
138 139
138 140
138 141
138 143
138 145
138 146
138 147
138 149
138 150
138 151
138 152
138 153
138 154
138 155
138 156
138 157
138 158
138 159
138 160
138 161
139 140
139 141
139 142
139 143
139 145
139 146
139 147
139 148
139 151
139 152
139 154
139 157
139 158
139 160
140 142
140 144
140 147
140 148
140 150
140 151
140 153
140 154
140 157
140 158
140 161
141 142
141 145
141 146
141 147
141 148
141 149
141 150
141 151
141 152
141 153
141 155
141 158
141 159
141 161
142 143
142 145
142 146
142 147
142 148
142 149
142 150
142 151
142 152
142 153
142 154
142 155
142 156
142 157
142 158
142 160
142 161
143 146
143 147
143 150
143 152
143 153
143 154
143 157
143 158
144 158
145 147
145 149
145 150
145 151
145 152
145 154
145 158
145 159
145 161
146 147
146 148
146 149
146 150
146 151
146 152
146 153
146 154
146 158
146 159
146 160
146 161
147 150
147 151
147 152
147 153
147 154
147 155
147 157
147 158
148 151
148 153
149 151
149 152
149 153
149 154
149 159
150 151
150 153
150 154
150 155
150 157
150 158
150 160
150 161
151 152
151 153
151 154
151 157
151 158
151 160
151 161
152 154
152 156
152 158
152 159
152 160
152 161
153 155
153 157
153 158
153 161
154 156
154 157
154 158
154 159
154 160
155 161
156 159
156 160
157 160
158 159
158 161
159 161
160 161
