0 1
0 7
0 12
0 26
0 35
0 41
0 45
0 48
0 50
0 56
0 60
0 62
0 64
0 65
0 68
0 69
0 72
0 86
0 89
0 90
0 97
0 99
0 102
0 103
0 105
0 108
0 109
0 110
0 113
0 114
0 115
0 116
0 122
0 127
0 129
0 131
0 134
0 135
0 154
0 161
1 6
1 10
1 15
1 21
1 25
1 26
1 27
1 29
1 30
1 35
1 37
1 42
1 46
1 61
1 63
1 65
1 66
1 67
1 70
1 72
1 74
1 78
1 90
1 92
1 94
1 97
1 98
1 106
1 108
1 112
1 113
1 116
1 117
1 124
1 129
1 131
1 139
1 145
1 152
1 159
2 5
2 13
2 14
2 18
2 32
2 53
2 54
2 56
2 60
2 62
2 72
2 74
2 75
2 88
2 89
2 109
2 122
2 124
2 132
2 135
3 6
3 12
3 26
3 32
3 39
3 40
3 54
3 55
3 63
3 68
3 70
3 75
3 79
3 84
3 98
3 108
3 109
3 112
3 117
3 120
3 128
3 130
3 138
3 155
3 158
3 160
4 8
4 12
4 20
4 21
4 23
4 29
4 36
4 39
4 40
4 43
4 45
4 49
4 50
4 51
4 55
4 57
4 61
4 64
4 65
4 67
4 68
4 72
4 75
4 77
4 79
4 82
4 85
4 88
4 91
4 92
4 99
4 101
4 104
4 105
4 106
4 109
4 113
4 114
4 115
4 116
4 117
4 118
4 121
4 122
4 125
4 128
4 131
4 134
4 135
4 137
4 139
4 140
4 142
4 145
4 148
4 153
4 157
4 160
5 6
5 7
5 22
5 30
5 31
5 42
5 43
5 49
5 75
5 89
5 110
5 114
5 119
5 145
5 147
5 158
6 14
6 18
6 21
6 23
6 29
6 30
6 31
6 34
6 38
6 39
6 40
6 44
6 45
6 58
6 61
6 63
6 65
6 66
6 68
6 71
6 73
6 75
6 76
6 81
6 82
6 84
6 90
6 92
6 94
6 99
6 100
6 101
6 102
6 103
6 106
6 107
6 108
6 110
6 112
6 113
6 114
6 117
6 118
6 122
6 125
6 129
6 133
6 134
6 137
6 139
6 144
6 145
6 147
6 149
6 150
6 151
6 153
6 154
6 156
6 159
6 160
6 161
7 8
7 10
7 11
7 12
7 13
7 18
7 19
7 21
7 22
7 23
7 25
7 32
7 34
7 37
7 38
7 40
7 42
7 50
7 52
7 64
7 67
7 69
7 75
7 79
7 85
7 86
7 92
7 94
7 101
7 104
7 105
7 111
7 113
7 114
7 115
7 116
7 118
7 119
7 122
7 126
7 129
7 134
7 136
7 137
7 139
7 142
7 145
7 147
7 150
7 151
7 153
7 157
7 158
7 159
7 161
8 10
8 18
8 22
8 31
8 34
8 55
8 71
8 74
8 77
8 80
8 87
8 89
8 101
8 102
8 103
8 108
8 115
8 117
8 120
8 129
8 134
8 136
8 137
8 138
8 146
8 150
9 11
9 14
9 27
9 29
9 33
9 38
9 43
9 46
9 49
9 50
9 51
9 55
9 56
9 57
9 58
9 62
9 64
9 66
9 68
9 73
9 74
9 75
9 77
9 79
9 83
9 84
9 86
9 91
9 99
9 100
9 101
9 119
9 127
9 133
9 136
9 137
9 141
9 142
9 145
9 147
9 158
9 160
9 161
10 11
10 12
10 22
10 25
10 30
10 31
10 35
10 44
10 45
10 48
10 50
10 52
10 56
10 60
10 63
10 64
10 66
10 69
10 72
10 73
10 77
10 83
10 86
10 88
10 89
10 97
10 101
10 103
10 108
10 109
10 112
10 114
10 115
10 125
10 128
10 134
10 139
10 143
10 146
10 147
10 149
10 151
10 152
10 156
10 157
10 159
10 160
10 161
11 14
11 19
11 21
11 22
11 26
11 27
11 31
11 32
11 34
11 35
11 36
11 37
11 39
11 43
11 44
11 46
11 54
11 59
11 63
11 65
11 67
11 69
11 71
11 72
11 74
11 77
11 78
11 79
11 83
11 85
11 89
11 93
11 96
11 97
11 100
11 107
11 109
11 112
11 113
11 114
11 117
11 121
11 129
11 131
11 132
11 135
11 137
11 138
11 142
11 145
11 146
11 152
11 157
12 26
12 27
12 29
12 30
12 36
12 39
12 40
12 43
12 49
12 54
12 57
12 59
12 63
12 64
12 65
12 67
12 68
12 69
12 71
12 72
12 79
12 83
12 87
12 89
12 90
12 101
12 104
12 109
12 113
12 114
12 117
12 125
12 132
12 134
12 139
12 140
12 142
12 152
13 18
13 26
13 31
13 48
13 49
13 63
13 64
13 65
13 67
13 71
13 72
13 73
13 74
13 77
13 87
13 89
13 91
13 92
13 99
13 104
13 106
13 107
13 113
13 114
13 118
13 129
13 135
13 137
13 139
13 149
13 152
13 154
13 157
13 159
14 15
14 23
14 25
14 28
14 32
14 34
14 36
14 39
14 41
14 44
14 47
14 49
14 50
14 51
14 52
14 57
14 63
14 64
14 65
14 69
14 71
14 72
14 73
14 74
14 76
14 77
14 79
14 83
14 94
14 95
14 99
14 101
14 102
14 105
14 106
14 107
14 110
14 112
14 113
14 114
14 118
14 132
14 133
14 135
14 141
14 142
14 143
14 146
14 149
14 150
14 151
14 154
14 156
14 158
14 159
15 19
15 30
15 31
15 36
15 46
15 56
15 57
15 72
15 74
15 87
15 96
15 101
15 105
15 108
15 109
15 112
15 114
15 115
15 117
15 118
15 124
15 149
15 150
15 157
16 21
16 31
16 35
16 43
16 49
16 54
16 58
16 66
16 70
16 71
16 74
16 84
16 86
16 101
16 106
16 107
16 110
16 115
16 118
16 129
16 130
16 134
16 136
16 138
16 152
16 154
17 26
17 35
17 37
17 46
17 48
17 51
17 54
17 77
17 79
17 98
17 102
17 108
17 113
17 122
17 125
17 134
17 138
18 28
18 29
18 30
18 32
18 33
18 38
18 44
18 45
18 49
18 50
18 63
18 65
18 67
18 70
18 71
18 72
18 73
18 80
18 93
18 97
18 99
18 101
18 107
18 112
18 116
18 118
18 119
18 135
18 137
18 138
18 146
18 152
18 154
18 158
18 161
19 21
19 22
19 23
19 25
19 30
19 31
19 35
19 40
19 44
19 48
19 49
19 50
19 58
19 62
19 63
19 69
19 71
19 72
19 76
19 80
19 83
19 84
19 86
19 88
19 89
19 97
19 99
19 103
19 105
19 108
19 109
19 110
19 111
19 112
19 113
19 114
19 115
19 116
19 117
19 120
19 125
19 127
19 128
19 129
19 131
19 132
19 139
19 141
19 147
19 148
19 151
19 152
19 157
19 158
19 159
20 29
20 30
20 31
20 44
20 45
20 65
20 68
20 69
20 74
20 76
20 85
20 96
20 99
20 105
20 112
20 118
20 124
20 126
20 133
20 149
20 153
20 154
20 157
21 24
21 26
21 31
21 32
21 33
21 34
21 35
21 39
21 40
21 43
21 44
21 45
21 46
21 48
21 49
21 51
21 54
21 55
21 56
21 58
21 63
21 67
21 70
21 73
21 75
21 82
21 84
21 85
21 87
21 91
21 95
21 103
21 105
21 107
21 108
21 114
21 115
21 117
21 122
21 127
21 129
21 132
21 133
21 135
21 138
21 141
21 142
21 151
21 152
21 157
21 158
22 30
22 33
22 53
22 62
22 73
22 74
22 77
22 89
22 90
22 93
22 99
22 101
22 107
22 108
22 112
22 113
22 117
22 126
22 134
22 147
22 152
23 26
23 29
23 32
23 38
23 49
23 51
23 54
23 55
23 59
23 61
23 64
23 68
23 75
23 77
23 79
23 80
23 81
23 84
23 94
23 95
23 103
23 106
23 107
23 108
23 109
23 112
23 128
23 132
23 147
23 149
23 153
23 155
23 157
23 158
23 159
24 26
24 28
24 30
24 32
24 33
24 39
24 65
24 66
24 71
24 74
24 82
24 86
24 88
24 94
24 101
24 102
24 104
24 108
24 112
24 114
24 117
24 118
24 129
24 149
24 150
24 153
25 26
25 32
25 33
25 34
25 36
25 45
25 46
25 51
25 54
25 56
25 57
25 69
25 73
25 74
25 78
25 87
25 94
25 97
25 99
25 101
25 102
25 103
25 107
25 109
25 112
25 114
25 116
25 124
25 126
25 129
25 131
25 132
25 134
25 135
25 138
25 141
25 142
25 147
25 151
25 152
25 158
26 29
26 34
26 35
26 36
26 38
26 43
26 51
26 54
26 55
26 58
26 59
26 62
26 67
26 69
26 70
26 72
26 73
26 74
26 85
26 86
26 89
26 91
26 94
26 98
26 99
26 101
26 105
26 106
26 108
26 109
26 112
26 113
26 114
26 124
26 126
26 131
26 133
26 135
26 136
26 137
26 140
26 141
26 143
26 150
26 153
26 155
27 30
27 36
27 39
27 51
27 63
27 68
27 72
27 73
27 76
27 77
27 91
27 95
27 102
27 117
27 129
27 135
27 138
27 143
27 144
27 145
27 152
28 29
28 42
28 45
28 49
28 50
28 58
28 64
28 65
28 72
28 74
28 79
28 81
28 85
28 91
28 103
28 127
28 129
28 133
28 135
28 138
28 139
28 142
28 147
28 149
28 155
28 157
29 34
29 35
29 36
29 41
29 58
29 62
29 66
29 68
29 80
29 85
29 89
29 93
29 94
29 95
29 101
29 102
29 105
29 106
29 109
29 112
29 114
29 122
29 129
29 132
29 133
29 139
29 148
29 154
30 31
30 32
30 42
30 43
30 49
30 51
30 52
30 56
30 57
30 58
30 64
30 65
30 66
30 67
30 73
30 74
30 75
30 79
30 80
30 83
30 87
30 88
30 89
30 91
30 92
30 95
30 96
30 101
30 103
30 106
30 107
30 108
30 109
30 111
30 112
30 113
30 114
30 115
30 116
30 117
30 118
30 119
30 121
30 122
30 124
30 125
30 126
30 130
30 133
30 135
30 137
30 138
30 141
30 143
30 145
30 147
30 149
30 150
30 152
30 154
30 157
30 158
30 161
31 36
31 44
31 45
31 46
31 49
31 51
31 54
31 56
31 57
31 61
31 64
31 65
31 68
31 69
31 74
31 77
31 81
31 84
31 91
31 92
31 93
31 95
31 98
31 99
31 104
31 108
31 110
31 111
31 112
31 113
31 114
31 115
31 117
31 126
31 127
31 129
31 133
31 134
31 135
31 138
31 139
31 141
31 142
31 147
31 150
31 151
31 152
31 154
31 158
31 161
32 35
32 37
32 40
32 46
32 49
32 52
32 57
32 58
32 61
32 65
32 69
32 70
32 71
32 73
32 77
32 82
32 87
32 93
32 94
32 99
32 100
32 102
32 105
32 106
32 108
32 109
32 113
32 115
32 117
32 119
32 122
32 125
32 126
32 129
32 130
32 134
32 135
32 137
32 138
32 142
32 146
32 149
32 151
32 152
32 153
32 157
32 160
32 161
33 49
33 52
33 56
33 63
33 66
33 69
33 71
33 75
33 94
33 97
33 117
33 118
33 125
33 133
33 134
33 138
33 141
33 142
33 150
33 153
34 38
34 40
34 45
34 48
34 49
34 51
34 52
34 83
34 85
34 91
34 97
34 98
34 106
34 108
34 112
34 114
34 115
34 119
34 125
34 128
34 131
34 133
34 139
34 148
34 149
34 152
34 153
34 154
34 155
34 157
35 40
35 51
35 52
35 54
35 57
35 63
35 64
35 65
35 66
35 67
35 71
35 73
35 77
35 84
35 87
35 91
35 93
35 101
35 105
35 106
35 111
35 114
35 115
35 116
35 117
35 120
35 130
35 138
35 143
35 147
35 148
35 151
35 152
35 154
35 157
36 51
36 53
36 54
36 55
36 62
36 63
36 64
36 65
36 68
36 69
36 70
36 73
36 77
36 80
36 83
36 85
36 87
36 93
36 97
36 99
36 101
36 109
36 113
36 114
36 115
36 116
36 123
36 129
36 134
36 135
36 138
36 142
36 147
36 148
36 151
36 152
36 154
37 40
37 44
37 45
37 52
37 54
37 57
37 59
37 63
37 64
37 66
37 79
37 82
37 83
37 93
37 94
37 97
37 107
37 108
37 110
37 115
37 123
37 129
37 133
37 137
37 139
37 146
37 153
37 154
37 158
38 39
38 43
38 45
38 49
38 50
38 53
38 55
38 64
38 66
38 67
38 68
38 70
38 72
38 75
38 79
38 93
38 95
38 103
38 111
38 112
38 113
38 114
38 117
38 121
38 125
38 130
38 133
38 134
38 137
38 139
38 141
38 142
38 146
38 147
38 153
38 155
39 42
39 46
39 49
39 51
39 52
39 54
39 55
39 58
39 67
39 70
39 71
39 73
39 77
39 79
39 86
39 87
39 90
39 94
39 99
39 101
39 109
39 117
39 122
39 123
39 125
39 129
39 131
39 133
39 134
39 139
39 145
39 149
39 153
39 159
39 160
40 45
40 46
40 51
40 52
40 58
40 59
40 60
40 61
40 63
40 65
40 66
40 67
40 68
40 69
40 71
40 73
40 74
40 75
40 77
40 79
40 82
40 83
40 85
40 87
40 88
40 89
40 94
40 95
40 98
40 99
40 104
40 105
40 106
40 108
40 111
40 115
40 118
40 119
40 121
40 131
40 133
40 134
40 135
40 137
40 138
40 139
40 141
40 146
40 147
40 148
40 150
40 152
40 153
40 158
40 159
41 49
41 56
41 58
41 69
41 75
41 84
41 91
41 94
41 102
41 105
41 113
41 118
41 121
41 131
42 45
42 47
42 51
42 54
42 65
42 73
42 74
42 75
42 79
42 84
42 98
42 101
42 104
42 106
42 107
42 109
42 110
42 113
42 116
42 125
42 127
42 128
42 133
42 139
42 142
42 146
42 150
43 46
43 52
43 54
43 55
43 58
43 59
43 64
43 65
43 67
43 68
43 70
43 71
43 74
43 78
43 79
43 87
43 89
43 93
43 94
43 97
43 98
43 99
43 101
43 102
43 105
43 106
43 108
43 111
43 114
43 118
43 125
43 126
43 130
43 131
43 132
43 133
43 134
43 139
43 150
43 151
43 152
43 157
43 158
43 159
43 160
44 49
44 54
44 60
44 63
44 64
44 65
44 67
44 68
44 72
44 74
44 75
44 77
44 79
44 83
44 89
44 95
44 103
44 106
44 107
44 114
44 115
44 116
44 118
44 122
44 129
44 134
44 135
44 136
44 137
44 138
44 139
44 140
44 144
44 152
44 153
44 154
44 155
44 159
44 161
45 50
45 51
45 55
45 58
45 64
45 65
45 67
45 75
45 82
45 84
45 86
45 88
45 89
45 95
45 98
45 99
45 103
45 105
45 110
45 113
45 114
45 116
45 118
45 119
45 126
45 127
45 130
45 131
45 133
45 134
45 141
45 145
45 147
45 150
45 154
45 160
46 51
46 56
46 57
46 58
46 59
46 63
46 70
46 72
46 74
46 75
46 79
46 85
46 87
46 88
46 91
46 92
46 94
46 98
46 101
46 102
46 109
46 111
46 113
46 114
46 115
46 116
46 121
46 126
46 128
46 133
46 135
46 137
46 138
46 139
46 145
46 149
46 151
46 152
46 159
46 160
47 50
47 55
47 75
47 89
47 109
47 122
47 154
48 61
48 64
48 70
48 74
48 76
48 94
48 106
48 110
48 115
48 125
48 126
48 128
48 140
48 142
48 149
48 152
48 158
48 159
49 52
49 53
49 56
49 58
49 63
49 65
49 67
49 69
49 71
49 72
49 74
49 75
49 77
49 78
49 82
49 84
49 85
49 91
49 95
49 98
49 99
49 101
49 106
49 107
49 110
49 111
49 113
49 115
49 117
49 121
49 123
49 130
49 131
49 135
49 137
49 138
49 140
49 145
49 151
49 153
49 154
49 160
49 161
50 58
50 61
50 66
50 67
50 68
50 69
50 71
50 73
50 74
50 77
50 79
50 82
50 84
50 88
50 89
50 101
50 105
50 106
50 108
50 109
50 111
50 114
50 117
50 125
50 126
50 129
50 130
50 133
50 134
50 136
50 137
50 138
50 142
50 148
50 150
50 152
50 153
50 154
51 54
51 55
51 58
51 59
51 65
51 66
51 67
51 68
51 70
51 72
51 74
51 75
51 76
51 79
51 80
51 86
51 87
51 88
51 91
51 93
51 94
51 96
51 99
51 101
51 102
51 108
51 109
51 112
51 115
51 116
51 117
51 123
51 125
51 129
51 131
51 135
51 140
51 141
51 143
51 145
51 146
51 147
51 149
51 150
51 153
51 155
51 158
51 161
52 54
52 57
52 58
52 63
52 64
52 66
52 67
52 69
52 71
52 72
52 75
52 93
52 102
52 103
52 104
52 115
52 118
52 122
52 126
52 138
52 142
52 145
52 146
52 147
52 151
52 155
52 160
52 161
53 63
53 65
53 70
53 79
53 81
53 82
53 89
53 96
53 98
53 99
53 101
53 102
53 113
53 117
53 137
53 146
53 149
53 152
53 160
54 55
54 56
54 58
54 59
54 64
54 66
54 67
54 68
54 69
54 73
54 76
54 77
54 78
54 83
54 96
54 97
54 99
54 100
54 102
54 104
54 105
54 110
54 114
54 117
54 119
54 123
54 124
54 125
54 126
54 127
54 133
54 134
54 140
54 142
54 145
54 150
54 152
54 153
54 159
54 160
54 161
55 58
55 67
55 69
55 70
55 74
55 75
55 79
55 86
55 87
55 92
55 94
55 99
55 102
55 106
55 112
55 114
55 115
55 116
55 118
55 127
55 129
55 131
55 137
55 140
55 146
55 152
55 155
55 157
55 161
56 58
56 60
56 61
56 62
56 64
56 66
56 68
56 70
56 71
56 73
56 74
56 77
56 79
56 80
56 85
56 86
56 87
56 88
56 90
56 94
56 95
56 97
56 98
56 99
56 106
56 107
56 108
56 109
56 113
56 114
56 117
56 119
56 121
56 126
56 134
56 136
56 139
56 142
56 143
56 145
56 146
56 153
56 154
56 157
56 159
56 161
57 64
57 65
57 67
57 68
57 72
57 73
57 79
57 82
57 87
57 90
57 92
57 97
57 99
57 101
57 103
57 106
57 108
57 109
57 112
57 114
57 129
57 133
57 137
57 138
57 142
57 158
57 159
58 60
58 65
58 66
58 72
58 77
58 78
58 79
58 88
58 94
58 95
58 100
58 102
58 103
58 110
58 111
58 115
58 117
58 118
58 119
58 125
58 133
58 134
58 135
58 138
58 139
58 142
58 147
58 157
58 158
58 160
58 161
59 67
59 69
59 70
59 73
59 87
59 89
59 92
59 93
59 95
59 98
59 102
59 109
59 110
59 113
59 117
59 119
59 128
59 133
59 142
59 143
59 147
59 155
60 69
60 70
60 71
60 87
60 96
60 98
60 114
60 118
60 125
60 129
60 130
60 131
60 139
60 145
60 152
60 154
61 62
61 65
61 68
61 73
61 74
61 77
61 83
61 84
61 85
61 91
61 95
61 103
61 105
61 112
61 125
61 129
61 131
61 133
61 140
61 142
61 143
61 154
61 158
61 160
62 63
62 65
62 93
62 94
62 96
62 99
62 102
62 103
62 108
62 114
62 115
62 116
62 136
62 138
62 147
62 151
62 153
62 154
62 156
62 158
62 159
63 65
63 68
63 70
63 72
63 73
63 74
63 77
63 80
63 83
63 89
63 97
63 99
63 101
63 102
63 105
63 111
63 113
63 115
63 116
63 121
63 124
63 128
63 133
63 135
63 138
63 139
63 142
63 145
63 147
63 149
63 150
63 152
63 156
63 157
63 158
63 160
64 67
64 68
64 69
64 71
64 72
64 73
64 74
64 75
64 78
64 79
64 82
64 87
64 93
64 94
64 95
64 97
64 101
64 103
64 105
64 106
64 107
64 118
64 122
64 123
64 125
64 128
64 130
64 131
64 135
64 136
64 137
64 138
64 139
64 141
64 142
64 145
64 146
64 148
64 149
64 153
64 154
64 155
64 157
65 67
65 69
65 72
65 74
65 75
65 79
65 86
65 87
65 94
65 96
65 97
65 100
65 101
65 102
65 106
65 107
65 108
65 109
65 114
65 115
65 117
65 119
65 121
65 125
65 129
65 130
65 134
65 135
65 137
65 138
65 139
65 140
65 142
65 143
65 145
65 147
65 149
65 150
65 152
65 154
65 155
65 157
65 158
65 161
66 67
66 69
66 70
66 72
66 73
66 74
66 77
66 78
66 80
66 82
66 85
66 88
66 89
66 94
66 99
66 102
66 106
66 109
66 113
66 118
66 119
66 121
66 129
66 131
66 133
66 139
66 141
66 142
66 146
66 151
66 153
66 154
66 155
66 158
66 161
67 69
67 70
67 75
67 77
67 79
67 88
67 92
67 93
67 94
67 96
67 99
67 100
67 101
67 102
67 104
67 106
67 108
67 109
67 110
67 111
67 112
67 113
67 114
67 115
67 117
67 121
67 122
67 125
67 126
67 129
67 131
67 134
67 135
67 137
67 138
67 142
67 143
67 150
67 151
67 153
67 154
67 158
68 69
68 70
68 71
68 72
68 73
68 74
68 75
68 77
68 78
68 79
68 80
68 82
68 87
68 90
68 91
68 93
68 94
68 95
68 96
68 101
68 103
68 104
68 106
68 107
68 108
68 109
68 112
68 114
68 116
68 118
68 121
68 122
68 125
68 128
68 131
68 132
68 135
68 138
68 140
68 141
68 142
68 145
68 146
68 147
68 149
68 154
68 155
69 71
69 73
69 74
69 75
69 79
69 83
69 86
69 89
69 94
69 95
69 96
69 97
69 98
69 99
69 100
69 102
69 103
69 104
69 105
69 106
69 109
69 110
69 112
69 113
69 115
69 116
69 117
69 118
69 119
69 128
69 129
69 131
69 132
69 133
69 134
69 135
69 136
69 137
69 138
69 142
69 147
69 149
69 150
69 151
69 152
69 154
69 156
69 160
69 161
70 71
70 74
70 76
70 78
70 79
70 85
70 87
70 88
70 93
70 94
70 97
70 98
70 99
70 101
70 102
70 103
70 105
70 107
70 109
70 111
70 117
70 122
70 123
70 129
70 132
70 133
70 134
70 135
70 139
70 140
70 142
70 145
70 146
70 150
70 151
70 152
70 153
70 154
70 160
71 73
71 74
71 76
71 77
71 80
71 81
71 83
71 85
71 87
71 88
71 89
71 91
71 92
71 94
71 98
71 99
71 106
71 109
71 118
71 121
71 125
71 129
71 133
71 137
71 147
71 152
71 153
71 158
71 159
71 160
71 161
72 74
72 75
72 77
72 82
72 86
72 89
72 94
72 95
72 98
72 101
72 102
72 105
72 108
72 109
72 113
72 114
72 116
72 117
72 118
72 120
72 125
72 126
72 130
72 136
72 138
72 139
72 142
72 146
72 148
72 150
72 151
72 152
72 153
72 154
72 157
72 161
73 74
73 79
73 82
73 83
73 88
73 91
73 95
73 97
73 99
73 101
73 102
73 105
73 109
73 112
73 113
73 114
73 116
73 118
73 125
73 126
73 129
73 130
73 133
73 138
73 141
73 142
73 145
73 147
73 148
73 150
73 152
73 154
73 158
74 75
74 81
74 82
74 83
74 87
74 88
74 89
74 90
74 95
74 101
74 102
74 104
74 105
74 107
74 108
74 112
74 115
74 116
74 117
74 122
74 125
74 133
74 135
74 136
74 137
74 138
74 141
74 142
74 143
74 145
74 148
74 149
74 154
74 156
74 157
74 160
74 161
75 83
75 85
75 91
75 97
75 100
75 101
75 102
75 106
75 111
75 113
75 114
75 115
75 116
75 118
75 121
75 128
75 131
75 133
75 136
75 137
75 141
75 146
75 151
76 80
76 97
76 110
76 118
76 124
76 125
76 141
76 145
76 151
76 159
76 161
77 82
77 83
77 84
77 86
77 88
77 91
77 98
77 99
77 102
77 106
77 107
77 109
77 110
77 112
77 114
77 125
77 126
77 129
77 134
77 138
77 139
77 140
77 141
77 143
77 145
77 146
77 147
77 149
77 154
77 158
77 159
78 83
78 87
78 88
78 94
78 99
78 100
78 101
78 103
78 108
78 115
78 137
78 138
78 151
78 157
78 159
79 84
79 86
79 90
79 93
79 97
79 102
79 103
79 104
79 106
79 108
79 111
79 112
79 113
79 114
79 115
79 116
79 118
79 122
79 123
79 128
79 129
79 131
79 132
79 133
79 134
79 135
79 138
79 141
79 142
79 149
79 151
79 152
79 154
80 86
80 94
80 101
80 104
80 111
80 114
80 117
80 118
80 137
80 138
80 142
80 143
80 150
80 151
80 152
80 153
80 154
80 158
80 159
81 85
81 93
81 112
81 113
81 115
81 117
81 118
81 125
81 130
81 137
81 138
81 153
81 157
81 159
82 87
82 91
82 99
82 101
82 102
82 103
82 107
82 113
82 117
82 127
82 136
82 137
82 143
82 149
82 154
83 89
83 94
83 124
83 133
83 137
83 140
83 145
83 154
83 161
84 87
84 89
84 91
84 94
84 96
84 100
84 101
84 103
84 107
84 108
84 109
84 110
84 115
84 125
84 134
84 135
84 136
84 137
84 141
84 145
84 153
84 158
85 91
85 94
85 101
85 102
85 107
85 108
85 110
85 112
85 116
85 133
85 135
85 142
85 146
85 147
85 158
86 87
86 90
86 92
86 97
86 102
86 107
86 108
86 114
86 115
86 117
86 122
86 131
86 137
86 139
86 142
86 146
86 150
86 152
86 157
87 88
87 92
87 93
87 97
87 98
87 105
87 106
87 107
87 108
87 114
87 115
87 116
87 117
87 118
87 121
87 125
87 128
87 134
87 136
87 138
87 141
87 142
87 147
87 148
87 149
87 151
87 156
87 157
87 160
88 93
88 101
88 111
88 114
88 120
88 126
88 134
88 145
88 146
88 147
88 152
88 153
88 154
88 158
88 159
89 91
89 94
89 96
89 101
89 102
89 103
89 104
89 107
89 109
89 110
89 112
89 113
89 114
89 115
89 117
89 120
89 125
89 127
89 128
89 133
89 134
89 136
89 137
89 138
89 142
89 146
89 147
89 151
89 152
89 155
89 158
90 97
90 103
90 104
90 131
90 133
90 134
90 136
91 94
91 105
91 106
91 110
91 113
91 125
91 131
91 135
91 136
91 137
91 144
91 147
91 148
91 154
91 158
91 159
91 160
91 161
92 99
92 101
92 109
92 110
92 111
92 112
92 114
92 117
92 122
92 124
92 129
92 134
92 142
92 154
93 94
93 95
93 102
93 106
93 108
93 114
93 115
93 127
93 129
93 133
93 134
93 135
93 141
93 143
93 148
93 152
93 157
93 158
94 95
94 96
94 98
94 103
94 104
94 109
94 110
94 113
94 115
94 125
94 126
94 128
94 129
94 135
94 137
94 138
94 141
94 145
94 146
94 147
94 149
94 151
94 156
94 158
95 108
95 109
95 114
95 115
95 117
95 126
95 154
95 156
95 159
96 99
96 100
96 101
96 105
96 113
96 133
96 135
96 138
96 140
96 142
96 152
96 153
97 98
97 99
97 102
97 108
97 110
97 111
97 113
97 114
97 115
97 118
97 125
97 126
97 127
97 130
97 131
97 135
97 142
97 145
97 147
97 150
97 152
97 154
97 158
97 159
98 100
98 101
98 105
98 108
98 125
98 129
98 131
98 134
98 135
98 137
98 142
98 145
98 148
98 149
98 150
98 160
99 101
99 102
99 108
99 114
99 128
99 130
99 133
99 141
99 145
99 147
99 148
99 151
99 152
99 153
99 154
99 160
100 107
100 110
100 116
100 125
100 127
100 128
100 131
100 136
100 145
100 147
101 102
101 106
101 107
101 108
101 111
101 113
101 115
101 116
101 117
101 120
101 121
101 124
101 128
101 129
101 131
101 133
101 135
101 139
101 141
101 142
101 145
101 147
101 148
101 149
101 157
101 158
101 159
101 161
102 105
102 106
102 107
102 111
102 114
102 116
102 117
102 118
102 122
102 123
102 125
102 131
102 138
102 141
102 142
102 146
102 147
102 149
102 154
102 155
102 157
102 158
103 105
103 112
103 116
103 117
103 118
103 122
103 128
103 131
103 133
103 141
103 142
103 143
103 157
104 118
104 124
104 137
104 139
104 140
104 144
104 145
104 147
104 151
104 152
104 154
104 158
104 161
105 107
105 108
105 111
105 113
105 117
105 118
105 125
105 135
105 136
105 137
105 146
105 147
105 149
105 152
105 158
105 161
106 108
106 111
106 112
106 113
106 114
106 118
106 122
106 125
106 126
106 127
106 131
106 133
106 134
106 135
106 136
106 138
106 140
106 141
106 142
106 144
106 147
106 151
106 152
106 154
106 156
106 158
107 108
107 111
107 118
107 121
107 125
107 127
107 131
107 133
107 134
107 142
107 144
107 146
107 147
107 148
107 149
107 154
107 158
107 159
108 112
108 113
108 116
108 117
108 122
108 128
108 129
108 131
108 141
108 142
108 145
108 147
108 149
108 152
108 153
108 154
108 158
108 159
108 160
109 112
109 113
109 114
109 116
109 121
109 122
109 123
109 125
109 128
109 129
109 131
109 137
109 138
109 139
109 142
109 145
109 152
109 154
109 157
110 121
110 122
110 129
110 142
110 146
110 147
110 150
110 154
110 159
111 112
111 114
111 116
111 117
111 119
111 125
111 127
111 129
111 131
111 132
111 133
111 137
111 145
111 146
111 149
111 150
111 151
111 152
111 153
112 113
112 116
112 117
112 118
112 127
112 129
112 131
112 136
112 138
112 140
112 153
112 154
112 155
112 159
112 160
113 114
113 115
113 116
113 122
113 123
113 125
113 126
113 129
113 130
113 132
113 135
113 137
113 146
113 157
113 161
114 118
114 125
114 132
114 133
114 134
114 135
114 152
114 154
114 159
115 117
115 118
115 120
115 121
115 129
115 130
115 133
115 134
115 139
115 140
115 141
115 147
115 148
115 149
115 150
115 151
115 153
115 154
115 161
116 127
116 131
116 133
116 135
116 145
116 146
116 147
116 152
116 155
116 160
116 161
117 118
117 125
117 127
117 128
117 131
117 133
117 134
117 137
117 147
117 148
117 151
117 152
117 157
117 159
118 119
118 120
118 121
118 123
118 125
118 126
118 129
118 131
118 134
118 135
118 138
118 142
118 143
118 145
118 146
118 148
118 152
118 153
118 154
118 156
118 157
118 159
118 160
119 139
119 154
120 142
120 147
120 153
120 154
121 134
121 151
121 153
121 154
122 126
122 151
122 153
122 154
122 155
122 161
123 143
123 157
124 138
124 146
125 129
125 130
125 134
125 135
125 137
125 138
125 141
125 142
125 143
125 145
125 149
125 152
125 153
125 155
125 157
126 127
126 133
126 142
126 143
126 145
126 150
126 154
126 159
126 161
127 128
127 131
127 135
127 138
127 139
127 140
127 149
127 150
128 135
128 137
128 142
128 143
128 149
128 152
128 155
128 159
128 161
129 131
129 134
129 135
129 137
129 138
129 140
129 141
129 143
129 145
129 147
129 150
129 153
129 155
129 160
129 161
130 142
130 145
130 147
130 148
130 150
130 157
130 160
131 133
131 135
131 136
131 139
131 141
131 146
131 147
131 150
131 152
131 158
131 161
132 134
132 154
132 158
133 134
133 136
133 137
133 138
133 139
133 141
133 146
133 149
133 152
133 154
133 155
133 157
133 161
134 138
134 145
134 147
134 150
134 151
134 152
134 155
134 157
134 158
134 160
134 161
135 136
135 138
135 139
135 141
135 145
135 146
135 150
135 152
135 154
135 158
135 159
136 139
136 142
136 145
136 153
136 159
136 161
137 139
137 142
137 146
137 151
137 152
137 153
137 158
137 161
138 146
138 148
138 149
138 151
138 156
138 158
138 159
138 160
139 140
139 142
139 151
139 152
139 153
139 156
139 157
139 159
139 161
140 142
140 147
140 153
141 145
141 146
141 147
141 151
141 153
141 154
142 144
142 150
142 151
142 152
142 153
142 154
142 159
142 160
143 150
145 146
145 148
145 149
145 150
145 151
145 153
145 154
145 160
146 147
146 150
146 154
146 157
146 159
146 160
147 152
147 153
147 155
147 157
147 158
147 161
148 150
148 152
148 160
149 150
149 153
149 157
149 159
149 160
150 151
150 152
150 153
150 154
150 156
150 160
151 152
151 157
151 159
152 154
152 155
152 157
152 158
153 154
153 156
153 157
153 160
153 161
154 155
154 157
154 158
154 160
154 161
155 160
157 158
157 159
157 161
158 161
