0 12
0 14
0 21
0 25
0 30
0 42
0 45
0 52
0 54
0 55
0 60
0 70
0 71
0 75
0 79
0 80
0 89
0 94
0 96
0 102
0 108
0 118
0 125
0 126
0 128
0 131
0 142
0 145
0 146
0 149
0 154
0 155
0 161
1 12
1 14
1 19
1 22
1 25
1 26
1 32
1 36
1 37
1 38
1 39
1 40
1 43
1 50
1 52
1 54
1 61
1 65
1 69
1 70
1 71
1 72
1 76
1 77
1 87
1 92
1 94
1 101
1 102
1 104
1 108
1 109
1 111
1 113
1 116
1 118
1 122
1 128
1 137
1 139
1 141
1 142
1 150
1 152
1 156
1 157
1 158
1 160
2 6
2 7
2 9
2 14
2 19
2 21
2 37
2 38
2 45
2 46
2 61
2 64
2 73
2 75
2 77
2 81
2 84
2 88
2 91
2 94
2 96
2 101
2 102
2 109
2 111
2 121
2 128
2 129
2 134
2 135
2 136
2 153
2 156
3 4
3 10
3 12
3 15
3 17
3 19
3 21
3 23
3 28
3 31
3 32
3 33
3 34
3 38
3 45
3 54
3 58
3 61
3 70
3 71
3 72
3 73
3 79
3 94
3 101
3 102
3 108
3 113
3 115
3 142
3 143
4 6
4 7
4 9
4 11
4 12
4 13
4 14
4 15
4 19
4 21
4 26
4 29
4 30
4 31
4 32
4 35
4 40
4 44
4 52
4 53
4 55
4 56
4 57
4 58
4 61
4 63
4 64
4 65
4 67
4 68
4 69
4 71
4 72
4 74
4 77
4 86
4 87
4 88
4 91
4 94
4 99
4 100
4 101
4 102
4 105
4 111
4 113
4 114
4 116
4 117
4 118
4 125
4 127
4 129
4 130
4 131
4 137
4 138
4 139
4 142
4 145
4 148
4 151
4 152
4 154
4 159
5 26
5 30
5 32
5 36
5 56
5 68
5 84
5 93
5 97
5 98
5 108
5 112
5 118
5 131
5 138
5 139
5 142
5 148
5 158
5 159
5 160
6 8
6 12
6 20
6 25
6 26
6 28
6 30
6 37
6 38
6 40
6 42
6 43
6 46
6 47
6 49
6 51
6 56
6 58
6 59
6 64
6 65
6 67
6 68
6 72
6 74
6 76
6 77
6 81
6 83
6 84
6 85
6 90
6 91
6 94
6 97
6 98
6 105
6 107
6 108
6 109
6 111
6 112
6 113
6 115
6 116
6 117
6 124
6 127
6 129
6 131
6 133
6 138
6 139
6 142
6 144
6 146
6 147
6 148
6 149
6 150
6 151
6 152
6 160
6 161
7 11
7 14
7 17
7 19
7 25
7 26
7 30
7 31
7 35
7 36
7 44
7 46
7 54
7 55
7 56
7 59
7 61
7 64
7 65
7 66
7 69
7 70
7 72
7 74
7 77
7 81
7 82
7 83
7 87
7 89
7 91
7 93
7 94
7 96
7 98
7 99
7 102
7 105
7 106
7 108
7 115
7 116
7 117
7 118
7 125
7 127
7 129
7 134
7 137
7 140
7 145
7 147
7 152
7 154
7 155
8 15
8 21
8 30
8 31
8 38
8 41
8 43
8 49
8 53
8 55
8 56
8 63
8 82
8 86
8 87
8 91
8 92
8 99
8 106
8 129
8 151
8 157
8 160
9 10
9 12
9 14
9 15
9 19
9 21
9 24
9 25
9 26
9 28
9 32
9 34
9 35
9 36
9 38
9 42
9 44
9 55
9 56
9 61
9 64
9 66
9 68
9 70
9 74
9 75
9 77
9 79
9 80
9 83
9 85
9 86
9 87
9 88
9 89
9 93
9 97
9 102
9 105
9 106
9 109
9 114
9 117
9 128
9 129
9 131
9 133
9 138
9 140
9 142
9 146
9 147
9 157
9 158
9 159
10 11
10 17
10 18
10 21
10 25
10 30
10 31
10 32
10 40
10 45
10 49
10 52
10 53
10 55
10 56
10 59
10 63
10 69
10 70
10 72
10 75
10 79
10 81
10 85
10 86
10 97
10 100
10 101
10 103
10 105
10 106
10 109
10 111
10 113
10 114
10 116
10 125
10 133
10 138
10 141
10 142
10 147
10 151
10 152
10 153
10 158
11 16
11 19
11 20
11 25
11 28
11 29
11 34
11 38
11 42
11 44
11 45
11 47
11 49
11 51
11 54
11 55
11 58
11 61
11 62
11 64
11 73
11 76
11 79
11 83
11 84
11 86
11 97
11 98
11 102
11 103
11 105
11 108
11 109
11 112
11 113
11 114
11 117
11 119
11 123
11 126
11 131
11 136
11 139
11 140
11 141
11 145
11 152
11 154
11 156
11 160
12 13
12 14
12 15
12 18
12 19
12 21
12 25
12 26
12 27
12 29
12 31
12 34
12 35
12 40
12 45
12 49
12 59
12 63
12 64
12 65
12 66
12 70
12 71
12 72
12 77
12 84
12 89
12 91
12 108
12 109
12 111
12 114
12 115
12 117
12 129
12 139
12 144
12 148
12 149
12 153
12 160
13 14
13 16
13 29
13 40
13 44
13 45
13 46
13 48
13 49
13 51
13 58
13 61
13 64
13 67
13 70
13 72
13 73
13 83
13 88
13 103
13 105
13 106
13 109
13 112
13 131
13 134
13 142
13 147
13 151
13 154
14 19
14 21
14 23
14 25
14 27
14 28
14 30
14 31
14 34
14 35
14 36
14 40
14 42
14 49
14 50
14 54
14 55
14 56
14 59
14 62
14 63
14 66
14 67
14 68
14 69
14 70
14 71
14 74
14 76
14 77
14 79
14 80
14 81
14 84
14 89
14 92
14 93
14 94
14 98
14 109
14 115
14 117
14 128
14 129
14 131
14 137
14 138
14 143
14 147
14 158
14 159
14 160
15 19
15 21
15 31
15 36
15 49
15 55
15 59
15 63
15 70
15 71
15 75
15 83
15 101
15 106
15 113
15 115
15 141
15 142
15 146
15 147
15 152
15 154
15 158
16 18
16 26
16 28
16 31
16 32
16 35
16 36
16 40
16 51
16 66
16 67
16 75
16 86
16 89
16 90
16 99
16 106
16 108
16 115
16 118
16 130
16 137
16 139
16 142
16 145
16 146
16 153
16 156
16 157
16 161
17 31
17 35
17 61
17 69
17 90
17 94
17 99
17 100
17 107
17 124
17 132
17 150
17 157
18 19
18 20
18 22
18 24
18 30
18 38
18 40
18 42
18 43
18 44
18 45
18 46
18 49
18 51
18 52
18 61
18 67
18 68
18 69
18 70
18 74
18 81
18 82
18 84
18 92
18 96
18 97
18 101
18 102
18 108
18 109
18 110
18 111
18 114
18 118
18 125
18 128
18 133
18 134
18 139
18 141
18 143
18 146
18 155
18 160
19 21
19 30
19 31
19 32
19 34
19 35
19 36
19 40
19 43
19 44
19 45
19 46
19 49
19 54
19 62
19 64
19 66
19 67
19 68
19 69
19 70
19 71
19 72
19 74
19 79
19 83
19 93
19 94
19 95
19 97
19 98
19 99
19 100
19 102
19 104
19 106
19 108
19 113
19 114
19 117
19 118
19 119
19 122
19 125
19 126
19 127
19 129
19 131
19 132
19 135
19 142
19 145
19 146
19 147
19 148
19 151
19 152
19 154
19 155
19 157
19 159
19 161
20 21
20 34
20 39
20 40
20 46
20 47
20 55
20 58
20 63
20 64
20 71
20 84
20 85
20 95
20 96
20 113
20 116
20 118
20 121
20 127
20 130
20 137
20 138
20 139
20 145
20 147
20 151
20 154
20 160
20 161
21 24
21 25
21 28
21 30
21 32
21 35
21 38
21 40
21 42
21 44
21 48
21 49
21 50
21 51
21 53
21 54
21 56
21 57
21 58
21 60
21 66
21 69
21 73
21 74
21 79
21 80
21 83
21 86
21 87
21 88
21 91
21 94
21 98
21 100
21 101
21 105
21 106
21 107
21 108
21 109
21 110
21 112
21 114
21 117
21 119
21 121
21 125
21 126
21 127
21 134
21 135
21 138
21 142
21 146
21 147
21 148
22 30
22 32
22 34
22 36
22 38
22 44
22 46
22 49
22 52
22 56
22 61
22 74
22 80
22 92
22 93
22 94
22 106
22 108
22 110
22 117
22 118
22 129
22 136
22 138
22 150
22 158
22 160
23 30
23 39
23 44
23 52
23 55
23 63
23 72
23 73
23 74
23 79
23 85
23 86
23 100
23 106
23 113
23 117
23 123
23 132
23 134
23 135
23 137
23 140
23 143
23 149
23 150
23 151
23 153
24 28
24 45
24 53
24 69
24 71
24 73
24 74
24 77
24 82
24 98
24 99
24 101
24 102
24 109
24 114
24 117
24 127
24 131
24 133
24 134
24 137
24 139
24 157
25 26
25 32
25 33
25 36
25 46
25 49
25 54
25 58
25 60
25 61
25 63
25 64
25 65
25 66
25 68
25 70
25 72
25 73
25 77
25 86
25 89
25 91
25 93
25 94
25 96
25 101
25 107
25 109
25 112
25 113
25 114
25 116
25 126
25 129
25 131
25 133
25 136
25 138
25 139
25 141
25 147
25 149
25 157
26 27
26 30
26 31
26 32
26 34
26 36
26 38
26 39
26 40
26 42
26 43
26 44
26 45
26 46
26 49
26 53
26 56
26 58
26 61
26 65
26 67
26 70
26 71
26 72
26 79
26 89
26 91
26 93
26 94
26 96
26 99
26 100
26 101
26 102
26 103
26 104
26 106
26 108
26 109
26 110
26 111
26 112
26 114
26 118
26 126
26 134
26 135
26 137
26 142
26 145
26 147
26 152
26 153
26 155
26 161
27 36
27 50
27 54
27 63
27 64
27 68
27 118
27 122
27 129
27 150
28 32
28 35
28 43
28 46
28 66
28 71
28 72
28 85
28 92
28 93
28 105
28 113
28 114
28 115
28 118
28 142
28 150
28 153
29 33
29 40
29 45
29 50
29 51
29 54
29 60
29 65
29 66
29 67
29 71
29 88
29 93
29 94
29 96
29 101
29 103
29 105
29 108
29 123
29 142
29 149
29 155
29 158
30 31
30 36
30 37
30 40
30 49
30 51
30 52
30 56
30 65
30 66
30 67
30 69
30 70
30 72
30 73
30 75
30 79
30 83
30 89
30 92
30 93
30 94
30 100
30 101
30 102
30 103
30 109
30 111
30 112
30 113
30 115
30 117
30 118
30 119
30 125
30 127
30 129
30 131
30 135
30 137
30 142
30 149
30 151
30 159
30 161
31 32
31 35
31 39
31 40
31 44
31 45
31 46
31 51
31 52
31 53
31 54
31 55
31 56
31 57
31 58
31 59
31 60
31 63
31 64
31 67
31 69
31 70
31 71
31 73
31 74
31 76
31 79
31 84
31 85
31 89
31 93
31 94
31 95
31 102
31 105
31 106
31 108
31 110
31 114
31 116
31 117
31 119
31 121
31 132
31 135
31 136
31 138
31 141
31 143
31 152
31 154
31 156
31 157
31 159
31 161
32 33
32 34
32 37
32 38
32 40
32 49
32 52
32 53
32 59
32 60
32 61
32 63
32 64
32 66
32 67
32 68
32 70
32 71
32 78
32 79
32 83
32 87
32 89
32 90
32 93
32 94
32 95
32 97
32 99
32 104
32 108
32 109
32 110
32 113
32 114
32 115
32 118
32 126
32 128
32 130
32 132
32 134
32 136
32 137
32 138
32 139
32 142
32 143
32 152
32 153
32 159
32 160
32 161
33 38
33 53
33 55
33 56
33 57
33 58
33 72
33 83
33 94
33 113
33 117
33 121
33 125
33 129
33 134
33 137
33 148
33 154
33 159
34 35
34 40
34 41
34 48
34 50
34 56
34 64
34 74
34 75
34 77
34 89
34 99
34 106
34 107
34 108
34 110
34 113
34 114
34 118
34 128
34 129
34 130
34 135
34 138
34 151
34 154
35 38
35 39
35 42
35 44
35 45
35 46
35 51
35 54
35 56
35 58
35 67
35 68
35 73
35 75
35 76
35 78
35 79
35 80
35 89
35 92
35 93
35 94
35 95
35 102
35 105
35 106
35 108
35 109
35 112
35 114
35 117
35 118
35 120
35 122
35 125
35 126
35 129
35 131
35 133
35 142
35 146
35 152
35 153
35 154
35 157
35 158
36 37
36 39
36 42
36 50
36 56
36 57
36 64
36 65
36 66
36 68
36 69
36 70
36 72
36 73
36 74
36 75
36 80
36 84
36 86
36 88
36 89
36 95
36 96
36 101
36 103
36 113
36 115
36 116
36 121
36 125
36 126
36 128
36 130
36 131
36 133
36 134
36 140
36 141
36 143
36 146
36 149
36 152
36 153
36 154
36 158
36 161
37 47
37 51
37 52
37 53
37 55
37 56
37 59
37 66
37 70
37 79
37 84
37 87
37 91
37 98
37 102
37 103
37 105
37 108
37 109
37 112
37 114
37 118
37 131
37 133
37 134
37 142
37 145
37 148
37 152
37 153
37 156
38 40
38 43
38 48
38 51
38 52
38 54
38 58
38 63
38 64
38 65
38 69
38 70
38 72
38 74
38 79
38 89
38 92
38 94
38 97
38 98
38 99
38 101
38 102
38 108
38 109
38 110
38 111
38 112
38 113
38 114
38 116
38 117
38 134
38 135
38 139
38 142
38 151
38 153
38 160
39 42
39 50
39 54
39 66
39 73
39 74
39 79
39 82
39 87
39 95
39 106
39 107
39 109
39 111
39 118
39 120
39 121
39 126
39 133
39 135
39 141
39 146
39 147
39 151
39 152
39 154
39 155
39 158
40 43
40 52
40 55
40 58
40 61
40 63
40 64
40 66
40 67
40 68
40 70
40 71
40 75
40 76
40 79
40 80
40 83
40 84
40 86
40 89
40 94
40 95
40 97
40 99
40 101
40 102
40 105
40 106
40 109
40 111
40 112
40 113
40 116
40 117
40 121
40 128
40 134
40 136
40 137
40 139
40 142
40 152
40 154
40 155
40 160
40 161
41 56
41 66
41 69
41 74
41 77
41 84
41 101
41 102
41 109
41 111
41 114
41 133
41 141
41 146
41 154
41 155
41 160
42 49
42 55
42 56
42 57
42 58
42 63
42 65
42 69
42 74
42 78
42 85
42 87
42 93
42 96
42 101
42 102
42 108
42 114
42 127
42 129
42 133
42 140
42 142
42 143
42 147
42 160
43 44
43 45
43 49
43 51
43 52
43 55
43 56
43 58
43 61
43 63
43 65
43 69
43 71
43 77
43 79
43 80
43 84
43 87
43 88
43 89
43 91
43 97
43 98
43 100
43 108
43 109
43 117
43 118
43 123
43 127
43 129
43 131
43 134
43 141
43 142
43 146
43 147
43 152
43 153
43 154
43 155
43 161
44 48
44 49
44 54
44 63
44 67
44 70
44 72
44 74
44 77
44 79
44 83
44 91
44 92
44 93
44 94
44 98
44 101
44 104
44 105
44 108
44 110
44 112
44 114
44 115
44 117
44 125
44 129
44 130
44 131
44 133
44 137
44 138
44 143
44 147
44 148
44 149
44 151
44 157
44 160
45 53
45 54
45 55
45 58
45 64
45 68
45 69
45 71
45 74
45 75
45 77
45 78
45 80
45 83
45 84
45 87
45 89
45 94
45 98
45 99
45 101
45 107
45 108
45 109
45 110
45 111
45 112
45 113
45 118
45 122
45 126
45 133
45 136
45 143
45 145
45 146
45 149
45 152
45 154
45 157
46 50
46 52
46 54
46 59
46 62
46 63
46 64
46 65
46 67
46 70
46 71
46 72
46 74
46 77
46 79
46 86
46 88
46 89
46 94
46 98
46 99
46 108
46 111
46 118
46 119
46 127
46 128
46 129
46 130
46 131
46 133
46 135
46 137
46 142
46 146
46 147
46 153
46 158
47 59
47 64
47 89
47 108
47 111
47 115
47 116
47 135
47 138
47 149
47 158
47 161
48 71
48 73
48 74
48 79
48 96
48 105
48 112
48 113
48 115
48 116
48 125
48 127
48 131
48 135
48 147
48 150
48 154
48 157
48 159
48 161
49 50
49 51
49 60
49 64
49 65
49 66
49 67
49 72
49 77
49 79
49 80
49 81
49 83
49 85
49 87
49 89
49 91
49 95
49 96
49 98
49 99
49 102
49 103
49 106
49 107
49 108
49 112
49 113
49 116
49 117
49 118
49 125
49 126
49 129
49 131
49 133
49 138
49 142
49 144
49 152
49 153
49 158
50 55
50 56
50 63
50 64
50 65
50 67
50 69
50 72
50 74
50 75
50 84
50 89
50 92
50 93
50 94
50 100
50 111
50 112
50 113
50 115
50 117
50 120
50 126
50 127
50 129
50 132
50 135
50 138
50 139
50 146
50 151
50 158
50 160
51 53
51 58
51 59
51 61
51 62
51 63
51 64
51 66
51 68
51 69
51 70
51 72
51 73
51 74
51 76
51 77
51 79
51 80
51 81
51 84
51 87
51 88
51 95
51 96
51 98
51 100
51 101
51 106
51 108
51 109
51 110
51 111
51 115
51 117
51 124
51 125
51 126
51 133
51 135
51 142
51 145
51 150
51 152
51 153
51 155
51 158
51 161
52 53
52 58
52 59
52 65
52 66
52 67
52 74
52 79
52 80
52 81
52 82
52 83
52 89
52 91
52 102
52 104
52 113
52 117
52 119
52 125
52 131
52 132
52 133
52 137
52 148
52 150
52 151
53 67
53 74
53 77
53 90
53 103
53 107
53 110
53 113
53 114
53 119
53 123
53 125
53 129
53 147
53 159
54 56
54 59
54 61
54 68
54 69
54 70
54 75
54 82
54 83
54 86
54 89
54 91
54 94
54 102
54 105
54 107
54 109
54 110
54 111
54 113
54 114
54 115
54 119
54 122
54 125
54 126
54 128
54 131
54 135
54 138
54 139
54 142
54 145
54 147
54 151
54 154
54 155
54 157
54 160
55 56
55 60
55 64
55 65
55 66
55 70
55 73
55 74
55 75
55 76
55 79
55 91
55 92
55 94
55 100
55 101
55 103
55 109
55 111
55 112
55 116
55 117
55 129
55 131
55 132
55 136
55 137
55 138
55 142
55 152
55 154
55 157
55 158
55 161
56 68
56 70
56 71
56 74
56 75
56 77
56 79
56 84
56 86
56 89
56 92
56 94
56 95
56 97
56 103
56 106
56 107
56 111
56 113
56 114
56 117
56 118
56 126
56 128
56 133
56 134
56 137
56 138
56 140
56 141
56 146
56 147
56 151
56 152
57 58
57 65
57 72
57 75
57 78
57 80
57 82
57 89
57 91
57 94
57 97
57 100
57 109
57 112
57 113
57 127
57 137
57 139
57 146
57 148
57 157
57 158
57 160
58 62
58 64
58 65
58 66
58 67
58 68
58 69
58 74
58 80
58 83
58 88
58 91
58 95
58 97
58 106
58 107
58 110
58 111
58 112
58 118
58 121
58 127
58 128
58 132
58 136
58 141
58 146
58 147
58 148
58 151
58 152
58 153
58 157
58 161
59 69
59 79
59 89
59 101
59 106
59 108
59 115
59 121
59 131
59 132
59 134
59 143
59 146
59 147
59 155
59 158
59 160
60 65
60 73
60 84
60 102
60 103
60 106
60 118
60 134
60 138
60 146
60 148
60 152
61 65
61 68
61 70
61 71
61 83
61 85
61 89
61 90
61 91
61 93
61 95
61 100
61 101
61 102
61 117
61 118
61 122
61 124
61 125
61 129
61 134
61 136
61 141
61 142
61 146
61 151
61 152
61 154
61 157
62 64
62 70
62 77
62 79
62 89
62 90
62 91
62 94
62 95
62 96
62 97
62 108
62 109
62 112
62 125
62 130
62 135
62 136
62 138
62 140
62 152
63 64
63 67
63 68
63 69
63 71
63 74
63 77
63 79
63 80
63 100
63 101
63 102
63 104
63 105
63 109
63 110
63 111
63 113
63 114
63 123
63 125
63 128
63 129
63 134
63 137
63 147
63 148
63 149
63 150
63 152
63 154
63 157
64 65
64 68
64 74
64 77
64 79
64 80
64 83
64 84
64 88
64 91
64 93
64 94
64 97
64 98
64 99
64 101
64 105
64 107
64 109
64 110
64 111
64 113
64 114
64 115
64 116
64 118
64 120
64 125
64 126
64 128
64 129
64 131
64 133
64 136
64 141
64 142
64 146
64 154
64 155
64 158
64 160
65 67
65 68
65 69
65 73
65 74
65 77
65 86
65 88
65 89
65 94
65 97
65 99
65 103
65 104
65 106
65 108
65 110
65 111
65 113
65 114
65 115
65 116
65 119
65 121
65 125
65 129
65 132
65 134
65 138
65 139
65 142
65 145
65 147
65 148
65 149
65 152
65 153
65 158
65 160
65 161
66 68
66 72
66 73
66 75
66 76
66 81
66 82
66 89
66 91
66 93
66 96
66 98
66 101
66 102
66 108
66 112
66 117
66 118
66 129
66 131
66 133
66 135
66 137
66 139
66 141
66 143
66 145
66 149
66 150
66 152
66 157
66 158
66 159
67 70
67 72
67 76
67 77
67 79
67 80
67 87
67 89
67 94
67 95
67 97
67 98
67 99
67 101
67 102
67 103
67 104
67 105
67 106
67 108
67 110
67 111
67 115
67 117
67 118
67 119
67 122
67 125
67 128
67 129
67 130
67 132
67 133
67 134
67 138
67 141
67 145
67 147
67 149
67 151
67 152
67 153
67 156
67 158
67 159
67 161
68 72
68 74
68 75
68 76
68 77
68 79
68 82
68 86
68 87
68 88
68 89
68 93
68 97
68 98
68 102
68 105
68 106
68 107
68 108
68 109
68 111
68 113
68 114
68 116
68 118
68 121
68 125
68 126
68 129
68 130
68 134
68 135
68 137
68 141
68 142
68 147
68 150
68 151
68 153
68 154
68 157
68 159
68 161
69 70
69 72
69 74
69 75
69 76
69 78
69 84
69 85
69 87
69 89
69 91
69 93
69 97
69 102
69 104
69 105
69 108
69 111
69 112
69 113
69 116
69 117
69 120
69 122
69 125
69 128
69 133
69 134
69 135
69 136
69 139
69 142
69 145
69 148
69 150
69 151
69 152
69 153
69 154
69 158
69 160
70 71
70 74
70 81
70 83
70 91
70 94
70 96
70 97
70 100
70 101
70 103
70 104
70 107
70 108
70 115
70 117
70 118
70 120
70 124
70 125
70 129
70 133
70 134
70 137
70 138
70 141
70 142
70 145
70 147
70 151
70 153
70 157
70 158
70 160
71 72
71 78
71 79
71 81
71 82
71 84
71 87
71 96
71 97
71 102
71 103
71 104
71 105
71 109
71 110
71 113
71 115
71 118
71 120
71 126
71 129
71 133
71 137
71 142
71 143
71 144
71 146
71 147
71 149
71 152
71 153
71 156
71 159
72 74
72 77
72 79
72 82
72 85
72 86
72 87
72 90
72 94
72 96
72 98
72 100
72 101
72 108
72 109
72 111
72 112
72 113
72 115
72 117
72 119
72 125
72 128
72 131
72 132
72 137
72 138
72 145
72 147
72 148
72 149
72 152
72 153
72 154
72 155
72 159
72 161
73 74
73 75
73 77
73 78
73 79
73 82
73 84
73 85
73 87
73 89
73 95
73 98
73 100
73 102
73 105
73 111
73 113
73 115
73 117
73 118
73 121
73 126
73 129
73 133
73 134
73 135
73 137
73 139
73 142
73 145
73 146
73 147
73 152
73 154
73 158
73 161
74 75
74 78
74 79
74 80
74 82
74 84
74 87
74 89
74 90
74 91
74 96
74 97
74 102
74 107
74 108
74 109
74 112
74 113
74 114
74 116
74 117
74 119
74 125
74 126
74 129
74 133
74 134
74 137
74 141
74 146
74 147
74 149
74 151
74 153
74 157
74 158
75 77
75 78
75 79
75 86
75 87
75 92
75 94
75 104
75 105
75 106
75 107
75 108
75 109
75 110
75 125
75 126
75 128
75 135
75 136
75 137
75 139
75 158
76 86
76 87
76 93
76 101
76 115
76 122
76 130
76 131
76 135
76 145
76 147
76 152
76 153
76 156
77 85
77 86
77 94
77 100
77 101
77 103
77 105
77 106
77 108
77 109
77 113
77 114
77 115
77 116
77 118
77 120
77 125
77 127
77 129
77 134
77 135
77 137
77 141
77 142
77 143
77 147
77 148
77 152
77 153
77 155
77 158
78 79
78 89
78 94
78 96
78 103
78 105
78 106
78 115
78 117
78 118
78 119
78 121
78 124
79 80
79 82
79 89
79 91
79 94
79 95
79 96
79 97
79 101
79 102
79 103
79 105
79 107
79 108
79 109
79 115
79 116
79 117
79 122
79 123
79 125
79 129
79 137
79 138
79 141
79 142
79 145
79 146
79 147
79 151
79 152
79 153
79 157
79 160
80 89
80 90
80 91
80 93
80 95
80 101
80 110
80 117
80 126
80 127
80 131
80 137
80 147
80 154
80 158
80 159
80 161
81 89
81 104
81 117
81 126
81 134
81 137
82 84
82 87
82 96
82 98
82 104
82 109
82 111
82 128
82 142
82 143
82 148
82 151
82 152
83 84
83 87
83 92
83 97
83 98
83 104
83 106
83 111
83 115
83 152
84 87
84 88
84 90
84 91
84 94
84 102
84 106
84 111
84 113
84 114
84 119
84 123
84 127
84 129
84 136
84 137
84 138
84 142
84 143
84 145
84 146
84 149
84 154
85 93
85 101
85 103
85 106
85 112
85 113
85 114
85 115
85 117
85 118
85 134
85 137
85 141
85 142
85 147
85 148
85 149
85 151
85 154
85 156
85 157
86 93
86 97
86 99
86 101
86 102
86 109
86 124
86 125
86 137
86 146
86 147
86 148
86 156
86 161
87 89
87 93
87 102
87 103
87 105
87 106
87 109
87 114
87 117
87 124
87 130
87 131
87 133
87 135
87 142
87 147
87 153
87 154
87 155
87 158
87 160
88 99
88 105
88 106
88 107
88 109
88 112
88 114
88 119
88 121
88 125
88 131
88 135
88 139
88 140
88 142
88 149
88 151
88 154
88 161
89 93
89 98
89 101
89 102
89 105
89 106
89 107
89 108
89 109
89 112
89 115
89 118
89 125
89 126
89 129
89 130
89 131
89 132
89 133
89 136
89 137
89 140
89 141
89 142
89 143
89 146
89 147
89 150
89 154
89 158
89 161
90 103
90 109
90 113
90 122
90 125
90 126
90 139
90 142
90 151
90 157
90 158
90 161
91 94
91 95
91 97
91 98
91 104
91 106
91 111
91 112
91 113
91 116
91 118
91 122
91 124
91 128
91 133
91 138
91 139
91 141
91 142
91 143
91 147
91 149
91 152
91 154
92 98
92 101
92 108
92 111
92 120
92 125
92 129
92 134
92 137
92 138
92 144
92 146
92 147
92 149
92 153
92 157
92 158
92 161
93 94
93 96
93 98
93 103
93 105
93 112
93 116
93 117
93 133
93 134
93 137
93 147
93 152
93 153
94 98
94 99
94 102
94 106
94 107
94 108
94 109
94 113
94 114
94 115
94 118
94 123
94 125
94 126
94 129
94 133
94 134
94 137
94 138
94 144
94 145
94 146
94 147
94 149
94 151
94 153
94 154
94 157
94 158
94 159
94 161
95 101
95 111
95 115
95 116
95 120
95 129
95 131
95 134
95 146
95 152
95 158
96 103
96 115
96 117
96 123
96 125
96 134
96 147
96 154
96 158
96 160
97 98
97 100
97 101
97 103
97 110
97 111
97 112
97 114
97 115
97 117
97 118
97 128
97 129
97 131
97 133
97 137
97 139
97 141
97 147
97 148
97 152
97 153
98 106
98 107
98 109
98 112
98 113
98 116
98 118
98 119
98 126
98 129
98 139
98 141
98 146
98 153
99 103
99 104
99 106
99 108
99 114
99 118
99 126
99 129
99 134
99 135
99 138
99 139
99 141
99 142
99 146
99 147
99 148
99 151
99 152
99 154
99 157
99 159
100 101
100 102
100 108
100 111
100 115
100 125
100 127
100 133
100 135
100 138
100 152
100 154
100 159
101 104
101 105
101 107
101 109
101 111
101 115
101 117
101 118
101 119
101 120
101 124
101 126
101 127
101 131
101 132
101 133
101 134
101 135
101 138
101 139
101 140
101 142
101 144
101 145
101 153
101 157
101 158
101 161
102 103
102 106
102 107
102 112
102 116
102 118
102 120
102 122
102 126
102 129
102 130
102 131
102 134
102 135
102 136
102 137
102 139
102 142
102 145
102 147
102 148
102 150
102 151
102 153
102 154
102 158
102 160
102 161
103 109
103 110
103 111
103 115
103 118
103 125
103 129
103 130
103 133
103 137
103 139
103 141
103 142
103 144
103 146
103 147
103 148
103 151
103 157
103 158
103 159
104 108
104 109
104 113
104 116
104 117
104 133
104 140
104 143
104 149
104 151
104 152
104 153
104 154
105 106
105 108
105 112
105 113
105 114
105 115
105 116
105 118
105 119
105 121
105 125
105 129
105 134
105 139
105 150
105 151
105 152
105 154
105 158
106 107
106 108
106 112
106 113
106 114
106 115
106 117
106 122
106 125
106 126
106 127
106 130
106 137
106 142
106 145
106 147
106 153
106 155
106 157
106 158
106 160
107 108
107 112
107 114
107 116
107 125
107 126
107 131
107 132
107 133
107 137
107 138
107 141
107 143
107 145
107 146
107 151
107 153
107 154
107 161
108 112
108 113
108 114
108 115
108 126
108 127
108 130
108 135
108 136
108 139
108 141
108 143
108 145
108 147
108 153
108 156
108 160
109 112
109 113
109 117
109 124
109 126
109 131
109 133
109 141
109 142
109 147
109 148
109 150
109 151
109 152
109 156
109 157
109 158
109 159
109 160
109 161
110 114
110 138
110 139
110 142
110 157
111 114
111 117
111 118
111 122
111 125
111 126
111 131
111 133
111 141
111 148
111 151
111 152
111 158
111 160
112 116
112 117
112 121
112 122
112 127
112 129
112 132
112 133
112 134
112 139
112 153
112 155
112 159
113 116
113 117
113 124
113 125
113 126
113 127
113 129
113 131
113 133
113 138
113 141
113 142
113 145
113 146
113 147
113 151
113 152
113 154
113 157
113 158
113 159
114 115
114 116
114 118
114 125
114 126
114 127
114 131
114 132
114 134
114 140
114 141
114 142
114 143
114 145
114 147
114 148
114 152
114 154
114 158
115 116
115 117
115 118
115 120
115 121
115 125
115 127
115 129
115 133
115 138
115 139
115 143
115 144
115 145
115 149
115 150
115 157
115 158
115 160
116 119
116 126
116 128
116 132
116 137
116 144
116 145
116 146
116 147
116 153
116 154
116 159
116 160
116 161
117 118
117 119
117 122
117 129
117 132
117 135
117 138
117 139
117 141
117 142
117 146
117 147
117 154
117 157
117 159
117 160
118 127
118 128
118 129
118 130
118 145
118 149
118 150
118 152
118 153
118 158
119 123
119 132
119 137
120 129
120 134
121 131
121 135
121 136
121 138
121 154
121 157
121 158
122 124
122 127
122 135
122 138
122 139
122 142
122 143
122 153
122 155
122 157
122 158
122 160
123 130
123 133
123 138
123 141
123 149
123 151
124 127
124 139
124 143
124 150
124 154
124 159
125 130
125 131
125 133
125 137
125 139
125 141
125 145
125 150
125 151
125 154
125 155
125 157
126 127
126 129
126 131
126 136
126 137
126 138
126 140
126 142
126 145
126 146
126 147
126 151
126 152
126 153
126 154
126 157
126 158
127 129
127 142
128 133
128 139
128 146
128 151
128 153
128 154
128 155
128 159
128 160
129 131
129 132
129 133
129 134
129 140
129 142
129 146
129 147
129 148
129 149
129 150
129 151
129 152
129 156
129 157
129 158
129 161
130 131
130 135
130 141
130 142
130 153
130 159
131 132
131 133
131 134
131 135
131 138
131 145
131 146
131 147
131 149
131 154
132 151
132 154
133 135
133 137
133 140
133 141
133 144
133 145
133 146
133 147
133 150
133 151
133 153
133 154
133 157
133 158
133 159
133 161
134 137
134 142
134 148
134 150
134 151
134 153
134 158
134 160
134 161
135 136
135 137
135 142
135 143
135 150
135 153
135 154
135 158
135 160
135 161
136 137
136 154
136 159
137 138
137 141
137 143
137 146
137 150
137 151
137 152
137 154
137 158
137 160
137 161
138 143
138 146
138 147
138 151
138 153
138 154
138 158
138 159
138 160
138 161
139 142
139 143
139 152
139 153
139 155
139 156
139 158
139 159
139 160
140 145
140 147
140 150
140 153
141 142
141 146
141 151
141 153
141 155
142 147
142 150
142 153
142 157
142 159
142 161
143 151
143 158
144 147
144 154
144 155
145 146
145 149
145 150
145 151
145 153
145 154
145 157
145 158
146 147
146 149
146 161
147 153
147 156
147 159
147 160
147 161
148 149
148 150
148 161
149 156
149 158
149 160
150 152
150 153
150 154
150 157
150 159
151 152
152 157
152 159
152 161
153 157
153 158
153 161
154 157
154 159
154 160
155 157
157 161
158 161
