0 3
0 6
0 9
0 18
0 23
0 24
0 25
0 45
0 46
0 49
0 51
0 53
0 56
0 58
0 63
0 64
0 65
0 66
0 69
0 73
0 77
0 85
0 88
0 89
0 90
0 93
0 94
0 96
0 97
0 99
0 101
0 103
0 107
0 108
0 109
0 115
0 117
0 119
0 120
0 121
0 122
0 126
0 131
0 132
0 133
0 134
0 135
0 137
0 139
0 142
0 144
0 146
0 151
0 153
0 154
0 155
0 158
0 161
1 9
1 10
1 18
1 19
1 26
1 29
1 30
1 32
1 36
1 40
1 44
1 46
1 51
1 56
1 57
1 63
1 74
1 75
1 77
1 79
1 84
1 91
1 92
1 96
1 99
1 101
1 102
1 105
1 108
1 110
1 111
1 112
1 113
1 115
1 119
1 127
1 134
1 139
1 147
1 149
1 150
1 151
1 154
1 158
2 15
2 40
2 45
2 46
2 55
2 56
2 57
2 58
2 67
2 68
2 72
2 79
2 83
2 89
2 105
2 108
2 109
2 113
2 115
2 116
2 126
2 130
2 131
2 144
2 150
2 151
2 152
3 15
3 21
3 29
3 30
3 37
3 44
3 47
3 49
3 55
3 56
3 59
3 63
3 64
3 68
3 75
3 79
3 81
3 86
3 87
3 89
3 91
3 93
3 99
3 100
3 109
3 112
3 113
3 119
3 123
3 141
3 142
3 148
3 155
3 158
4 6
4 7
4 8
4 9
4 15
4 19
4 22
4 29
4 30
4 31
4 32
4 33
4 35
4 37
4 38
4 40
4 45
4 49
4 57
4 64
4 65
4 68
4 69
4 72
4 73
4 77
4 79
4 82
4 88
4 89
4 91
4 94
4 95
4 97
4 101
4 103
4 107
4 109
4 111
4 112
4 115
4 118
4 121
4 125
4 128
4 131
4 133
4 135
4 137
4 138
4 139
4 142
4 146
4 149
4 154
4 156
4 159
5 6
5 21
5 33
5 54
5 65
5 66
5 74
5 76
5 79
5 85
5 105
5 118
5 129
5 158
6 7
6 10
6 12
6 13
6 16
6 19
6 20
6 22
6 23
6 28
6 30
6 31
6 32
6 34
6 36
6 37
6 39
6 40
6 41
6 42
6 45
6 48
6 52
6 55
6 56
6 63
6 64
6 65
6 67
6 68
6 72
6 73
6 74
6 75
6 77
6 81
6 82
6 84
6 85
6 87
6 90
6 91
6 92
6 97
6 98
6 101
6 102
6 104
6 107
6 108
6 110
6 115
6 117
6 118
6 120
6 121
6 122
6 125
6 128
6 129
6 130
6 131
6 134
6 136
6 137
6 138
6 141
6 145
6 147
6 149
6 150
6 152
6 153
6 154
7 8
7 9
7 10
7 12
7 14
7 19
7 21
7 24
7 26
7 32
7 34
7 35
7 36
7 42
7 44
7 47
7 49
7 50
7 53
7 56
7 58
7 65
7 66
7 67
7 68
7 69
7 73
7 74
7 75
7 77
7 78
7 80
7 81
7 91
7 93
7 94
7 98
7 102
7 104
7 108
7 109
7 111
7 113
7 115
7 118
7 123
7 124
7 127
7 131
7 134
7 135
7 137
7 138
7 142
7 143
7 146
7 147
7 149
7 150
7 151
7 157
7 158
8 9
8 10
8 14
8 23
8 30
8 32
8 38
8 49
8 50
8 54
8 55
8 69
8 77
8 83
8 86
8 89
8 96
8 97
8 102
8 105
8 108
8 111
8 114
8 126
8 135
8 137
8 139
8 142
8 146
8 159
9 10
9 11
9 14
9 18
9 19
9 26
9 29
9 30
9 32
9 39
9 45
9 50
9 52
9 53
9 54
9 58
9 65
9 68
9 70
9 78
9 83
9 84
9 85
9 92
9 94
9 97
9 99
9 102
9 105
9 106
9 108
9 109
9 111
9 113
9 114
9 115
9 124
9 126
9 131
9 133
9 134
9 135
9 137
9 138
9 141
9 142
9 148
9 149
9 154
9 159
9 160
10 11
10 14
10 17
10 28
10 34
10 39
10 45
10 52
10 55
10 58
10 61
10 64
10 66
10 67
10 68
10 70
10 84
10 85
10 88
10 89
10 93
10 97
10 98
10 99
10 100
10 101
10 102
10 105
10 107
10 112
10 125
10 129
10 134
10 138
10 141
10 142
10 146
10 151
10 152
10 153
10 154
10 155
10 161
11 12
11 14
11 19
11 20
11 21
11 22
11 24
11 25
11 26
11 31
11 35
11 38
11 39
11 41
11 43
11 49
11 50
11 51
11 53
11 54
11 55
11 56
11 60
11 61
11 63
11 66
11 67
11 68
11 77
11 79
11 80
11 84
11 88
11 89
11 90
11 94
11 97
11 98
11 99
11 103
11 105
11 107
11 109
11 112
11 114
11 125
11 128
11 129
11 138
11 140
11 143
11 145
11 146
11 148
11 157
11 159
11 160
11 161
12 16
12 17
12 21
12 29
12 32
12 35
12 41
12 44
12 45
12 49
12 56
12 58
12 60
12 63
12 65
12 68
12 71
12 74
12 76
12 77
12 80
12 84
12 85
12 87
12 89
12 96
12 97
12 100
12 105
12 106
12 107
12 108
12 112
12 114
12 117
12 118
12 129
12 145
12 146
12 151
12 160
13 17
13 21
13 26
13 30
13 35
13 45
13 55
13 57
13 62
13 63
13 70
13 73
13 74
13 80
13 83
13 93
13 94
13 104
13 115
13 125
13 129
13 130
13 133
13 139
13 145
13 150
13 152
14 18
14 22
14 23
14 25
14 26
14 28
14 31
14 32
14 40
14 41
14 42
14 44
14 51
14 52
14 54
14 55
14 59
14 62
14 63
14 64
14 65
14 69
14 71
14 72
14 74
14 79
14 80
14 81
14 83
14 85
14 89
14 92
14 95
14 98
14 100
14 101
14 103
14 105
14 106
14 107
14 108
14 109
14 114
14 115
14 123
14 124
14 125
14 134
14 137
14 141
14 144
14 147
14 152
14 157
14 159
14 160
15 17
15 24
15 30
15 31
15 34
15 35
15 66
15 74
15 75
15 77
15 80
15 82
15 98
15 107
15 109
15 112
15 115
15 122
15 133
15 135
15 137
15 138
16 21
16 22
16 27
16 32
16 36
16 40
16 44
16 45
16 49
16 51
16 55
16 56
16 57
16 59
16 65
16 69
16 70
16 76
16 89
16 97
16 106
16 110
16 113
16 117
16 122
16 125
16 131
16 133
16 135
16 136
16 137
16 138
16 142
16 143
16 146
16 148
16 157
17 44
17 45
17 46
17 68
17 89
17 94
17 101
17 103
17 106
17 112
17 115
17 126
18 22
18 34
18 35
18 36
18 40
18 44
18 49
18 51
18 52
18 69
18 72
18 74
18 77
18 79
18 83
18 84
18 85
18 89
18 95
18 97
18 105
18 106
18 108
18 111
18 112
18 113
18 114
18 115
18 117
18 118
18 119
18 121
18 128
18 130
18 134
18 137
18 139
18 144
18 155
18 159
19 26
19 31
19 32
19 35
19 36
19 40
19 44
19 51
19 54
19 56
19 58
19 60
19 64
19 66
19 70
19 71
19 72
19 74
19 75
19 77
19 82
19 87
19 88
19 89
19 91
19 92
19 94
19 96
19 98
19 99
19 100
19 102
19 103
19 105
19 107
19 108
19 110
19 112
19 114
19 116
19 117
19 121
19 123
19 129
19 132
19 133
19 134
19 136
19 138
19 140
19 141
19 146
19 147
19 148
19 149
19 154
19 157
19 158
19 160
19 161
20 25
20 26
20 36
20 39
20 40
20 44
20 49
20 51
20 53
20 67
20 71
20 72
20 77
20 91
20 94
20 95
20 96
20 100
20 101
20 102
20 106
20 115
20 117
20 129
20 130
20 133
20 135
20 138
20 143
20 154
20 157
21 25
21 26
21 28
21 30
21 31
21 32
21 34
21 35
21 40
21 42
21 43
21 44
21 49
21 51
21 58
21 64
21 65
21 66
21 70
21 71
21 75
21 77
21 79
21 82
21 85
21 87
21 88
21 89
21 95
21 97
21 102
21 103
21 105
21 108
21 109
21 111
21 115
21 116
21 125
21 126
21 128
21 129
21 134
21 136
21 138
21 139
21 140
21 147
21 149
21 150
21 152
21 159
22 31
22 35
22 54
22 59
22 65
22 66
22 67
22 74
22 75
22 82
22 91
22 98
22 101
22 105
22 107
22 108
22 115
22 121
22 123
22 124
22 127
22 135
22 137
22 139
22 140
22 141
22 147
23 26
23 31
23 33
23 36
23 40
23 41
23 53
23 62
23 63
23 67
23 72
23 74
23 75
23 79
23 88
23 93
23 94
23 97
23 101
23 103
23 106
23 107
23 108
23 112
23 114
23 126
23 127
23 129
23 137
23 139
23 142
23 143
23 152
23 153
23 154
23 160
24 34
24 40
24 45
24 48
24 58
24 63
24 64
24 65
24 70
24 73
24 87
24 88
24 94
24 96
24 100
24 104
24 108
24 118
24 122
24 131
24 134
24 151
24 152
24 153
24 154
24 161
25 26
25 31
25 35
25 36
25 38
25 39
25 48
25 54
25 56
25 57
25 61
25 64
25 69
25 72
25 74
25 79
25 82
25 84
25 89
25 91
25 93
25 94
25 96
25 97
25 106
25 108
25 114
25 115
25 116
25 117
25 118
25 126
25 131
25 134
25 137
25 139
25 142
25 146
25 147
25 153
25 154
25 157
25 161
26 28
26 29
26 32
26 34
26 35
26 37
26 38
26 39
26 45
26 46
26 47
26 51
26 52
26 55
26 59
26 60
26 63
26 64
26 65
26 66
26 68
26 69
26 70
26 73
26 74
26 75
26 76
26 77
26 79
26 82
26 84
26 85
26 86
26 89
26 94
26 95
26 99
26 100
26 102
26 106
26 109
26 111
26 112
26 114
26 115
26 117
26 119
26 123
26 125
26 131
26 133
26 135
26 138
26 139
26 140
26 145
26 146
26 147
26 157
26 158
26 159
26 160
27 36
27 40
27 49
27 84
27 103
27 109
27 125
27 132
27 137
27 138
27 143
27 145
27 154
28 35
28 39
28 42
28 56
28 63
28 64
28 65
28 68
28 72
28 76
28 79
28 84
28 87
28 92
28 93
28 106
28 111
28 112
28 113
28 115
28 117
28 118
28 123
28 125
28 131
28 132
28 136
28 138
28 143
28 147
28 152
28 153
28 160
28 161
29 31
29 34
29 63
29 64
29 65
29 70
29 76
29 77
29 100
29 104
29 105
29 107
29 108
29 109
29 111
29 112
29 113
29 117
29 129
29 134
29 135
29 137
29 138
29 149
29 153
30 31
30 38
30 41
30 43
30 49
30 54
30 56
30 61
30 63
30 65
30 66
30 67
30 69
30 71
30 72
30 76
30 77
30 79
30 81
30 82
30 84
30 86
30 89
30 93
30 94
30 97
30 101
30 105
30 106
30 112
30 114
30 118
30 123
30 125
30 126
30 129
30 132
30 137
30 138
30 141
30 142
30 143
30 145
30 150
30 152
30 153
30 154
30 155
30 156
30 159
31 32
31 33
31 34
31 35
31 36
31 42
31 47
31 49
31 50
31 54
31 55
31 56
31 58
31 60
31 61
31 64
31 65
31 67
31 69
31 70
31 74
31 77
31 84
31 86
31 87
31 88
31 93
31 101
31 104
31 105
31 108
31 110
31 112
31 113
31 114
31 115
31 117
31 131
31 133
31 136
31 138
31 142
31 150
31 152
31 155
31 156
31 157
31 158
31 159
32 33
32 35
32 38
32 39
32 44
32 51
32 52
32 53
32 58
32 67
32 68
32 70
32 73
32 84
32 86
32 87
32 88
32 89
32 91
32 93
32 96
32 97
32 100
32 102
32 103
32 105
32 106
32 108
32 109
32 111
32 112
32 113
32 114
32 118
32 120
32 125
32 129
32 133
32 136
32 138
32 139
32 140
32 142
32 143
32 151
32 152
32 153
32 154
32 157
33 54
33 55
33 57
33 65
33 69
33 70
33 73
33 76
33 87
33 88
33 92
33 102
33 106
33 123
33 132
33 133
33 146
33 148
33 158
34 40
34 43
34 54
34 58
34 59
34 63
34 66
34 67
34 70
34 72
34 74
34 77
34 80
34 82
34 83
34 89
34 96
34 98
34 105
34 111
34 125
34 129
34 137
34 142
34 153
34 156
34 158
35 36
35 39
35 42
35 43
35 49
35 51
35 55
35 56
35 63
35 64
35 65
35 68
35 77
35 79
35 81
35 84
35 85
35 86
35 87
35 94
35 97
35 100
35 102
35 103
35 104
35 105
35 106
35 107
35 108
35 111
35 113
35 115
35 117
35 124
35 129
35 133
35 136
35 138
35 142
35 146
35 147
35 148
35 150
35 152
35 153
35 157
35 161
36 40
36 43
36 44
36 45
36 47
36 54
36 55
36 58
36 63
36 67
36 68
36 70
36 71
36 75
36 80
36 82
36 89
36 92
36 94
36 95
36 99
36 101
36 102
36 104
36 106
36 108
36 112
36 114
36 118
36 119
36 131
36 135
36 137
36 138
36 139
36 141
36 142
36 143
36 147
36 150
36 152
36 156
36 159
37 48
37 51
37 56
37 57
37 61
37 64
37 68
37 70
37 71
37 74
37 76
37 79
37 84
37 85
37 86
37 87
37 111
37 114
37 115
37 118
37 126
37 128
37 145
37 146
37 157
38 39
38 40
38 42
38 46
38 49
38 51
38 52
38 54
38 56
38 59
38 61
38 63
38 64
38 65
38 66
38 68
38 69
38 70
38 71
38 74
38 79
38 85
38 87
38 88
38 93
38 101
38 102
38 103
38 105
38 109
38 112
38 114
38 115
38 117
38 118
38 126
38 128
38 131
38 132
38 134
38 135
38 136
38 137
38 141
38 145
38 147
38 148
38 150
38 151
38 155
39 40
39 49
39 51
39 52
39 55
39 62
39 63
39 66
39 68
39 70
39 74
39 75
39 77
39 79
39 93
39 94
39 96
39 98
39 99
39 100
39 103
39 106
39 108
39 109
39 110
39 115
39 117
39 118
39 129
39 131
39 132
39 139
39 153
39 161
40 44
40 45
40 51
40 52
40 54
40 60
40 61
40 63
40 66
40 67
40 68
40 69
40 70
40 72
40 74
40 81
40 84
40 88
40 89
40 94
40 95
40 96
40 102
40 103
40 106
40 108
40 109
40 111
40 113
40 115
40 116
40 118
40 122
40 131
40 132
40 133
40 135
40 137
40 138
40 139
40 142
40 143
40 147
40 150
40 151
40 152
40 156
40 158
40 159
41 44
41 46
41 48
41 50
41 51
41 66
41 67
41 77
41 86
41 89
41 94
41 103
41 110
41 128
41 146
41 147
41 154
41 158
42 48
42 50
42 54
42 55
42 56
42 67
42 68
42 73
42 75
42 77
42 89
42 113
42 125
42 138
42 139
42 151
42 155
42 157
42 159
42 161
43 46
43 50
43 51
43 55
43 56
43 69
43 70
43 72
43 73
43 80
43 88
43 90
43 92
43 93
43 94
43 97
43 101
43 103
43 108
43 109
43 112
43 113
43 114
43 115
43 116
43 123
43 128
43 129
43 131
43 135
43 138
43 141
43 147
43 151
43 155
43 158
43 161
44 51
44 53
44 54
44 55
44 61
44 62
44 65
44 66
44 68
44 71
44 74
44 76
44 77
44 79
44 86
44 87
44 89
44 90
44 94
44 95
44 96
44 97
44 101
44 103
44 114
44 116
44 117
44 118
44 119
44 133
44 134
44 137
44 139
44 141
44 145
44 147
44 149
44 150
44 151
44 156
44 157
45 46
45 51
45 53
45 54
45 55
45 56
45 58
45 64
45 66
45 67
45 68
45 71
45 72
45 74
45 76
45 79
45 80
45 82
45 85
45 97
45 98
45 100
45 102
45 105
45 106
45 107
45 113
45 119
45 125
45 129
45 131
45 137
45 138
45 139
45 141
45 146
45 147
45 149
45 152
45 153
45 154
46 48
46 51
46 53
46 55
46 58
46 59
46 61
46 64
46 65
46 70
46 72
46 73
46 74
46 77
46 80
46 89
46 90
46 96
46 97
46 106
46 111
46 113
46 114
46 117
46 118
46 126
46 128
46 131
46 134
46 139
46 142
46 145
46 148
46 151
46 155
46 161
47 56
47 72
47 74
47 95
47 98
47 114
47 157
48 51
48 52
48 54
48 58
48 67
48 68
48 77
48 86
48 98
48 112
48 117
48 126
48 128
48 138
48 145
48 153
48 154
48 157
49 50
49 53
49 54
49 58
49 60
49 65
49 66
49 67
49 68
49 69
49 71
49 74
49 75
49 76
49 77
49 79
49 80
49 83
49 84
49 88
49 89
49 91
49 94
49 97
49 101
49 102
49 103
49 105
49 112
49 113
49 119
49 120
49 121
49 125
49 128
49 129
49 131
49 132
49 134
49 138
49 139
49 146
49 147
49 148
49 152
49 153
49 154
49 157
49 158
50 51
50 52
50 54
50 55
50 59
50 63
50 64
50 67
50 70
50 72
50 73
50 76
50 87
50 93
50 94
50 98
50 102
50 108
50 118
50 126
50 127
50 129
50 131
50 135
50 138
50 142
50 143
50 145
50 146
50 147
50 150
50 159
51 54
51 55
51 57
51 59
51 65
51 66
51 68
51 69
51 70
51 72
51 75
51 76
51 78
51 85
51 86
51 93
51 94
51 96
51 98
51 99
51 102
51 104
51 106
51 108
51 109
51 113
51 115
51 117
51 118
51 121
51 122
51 123
51 125
51 126
51 128
51 129
51 130
51 133
51 134
51 142
51 148
51 150
51 151
51 156
51 158
51 159
51 161
52 56
52 58
52 70
52 79
52 83
52 85
52 88
52 89
52 91
52 99
52 100
52 102
52 108
52 113
52 119
52 121
52 123
52 125
52 126
52 132
52 133
52 137
52 138
52 142
52 145
52 147
52 149
53 55
53 63
53 64
53 68
53 72
53 74
53 76
53 79
53 80
53 89
53 90
53 92
53 112
53 114
53 116
53 120
53 131
53 143
53 144
53 145
53 146
53 147
53 153
54 56
54 58
54 61
54 63
54 68
54 70
54 72
54 74
54 75
54 76
54 78
54 79
54 81
54 83
54 93
54 94
54 97
54 101
54 105
54 110
54 115
54 116
54 117
54 125
54 126
54 127
54 131
54 132
54 134
54 135
54 136
54 138
54 142
54 149
54 150
54 151
54 152
54 154
54 156
54 157
54 159
54 161
55 57
55 59
55 64
55 65
55 68
55 70
55 78
55 79
55 83
55 88
55 90
55 94
55 100
55 104
55 106
55 112
55 113
55 115
55 117
55 121
55 129
55 130
55 132
55 133
55 134
55 137
55 139
55 140
55 143
55 145
55 146
55 148
55 150
55 157
55 161
56 61
56 63
56 66
56 68
56 70
56 73
56 75
56 83
56 84
56 87
56 95
56 97
56 101
56 103
56 106
56 107
56 109
56 110
56 112
56 113
56 114
56 115
56 117
56 118
56 120
56 128
56 130
56 135
56 136
56 138
56 139
56 142
56 146
56 147
56 153
56 159
57 61
57 63
57 69
57 74
57 84
57 87
57 102
57 103
57 105
57 108
57 110
57 127
57 131
57 134
57 136
57 137
57 151
57 154
57 157
57 158
58 66
58 68
58 69
58 72
58 75
58 77
58 81
58 88
58 89
58 91
58 92
58 97
58 99
58 100
58 101
58 102
58 105
58 109
58 111
58 112
58 114
58 116
58 118
58 119
58 121
58 130
58 131
58 133
58 135
58 137
58 139
58 141
58 145
58 147
58 148
58 151
58 153
58 154
58 157
58 159
58 160
58 161
59 63
59 64
59 77
59 80
59 91
59 105
59 106
59 109
59 112
59 117
59 118
59 122
59 124
59 129
59 130
59 139
59 145
59 149
59 153
59 159
59 160
60 65
60 67
60 73
60 74
60 82
60 83
60 84
60 101
60 114
60 128
60 133
60 138
60 151
60 152
60 156
61 63
61 67
61 73
61 76
61 77
61 79
61 90
61 91
61 95
61 97
61 98
61 107
61 109
61 110
61 114
61 117
61 121
61 122
61 123
61 125
61 134
61 137
61 147
61 150
61 151
61 154
61 156
61 158
62 66
62 81
62 82
62 84
62 97
62 99
62 107
62 108
62 109
62 115
62 117
62 123
62 133
62 137
62 138
62 145
62 152
62 158
62 161
63 65
63 68
63 69
63 70
63 72
63 74
63 75
63 77
63 84
63 87
63 88
63 90
63 91
63 93
63 98
63 100
63 103
63 104
63 106
63 109
63 113
63 116
63 119
63 121
63 129
63 131
63 137
63 138
63 141
63 146
63 147
63 150
63 152
63 153
63 155
64 65
64 67
64 68
64 69
64 71
64 72
64 75
64 76
64 77
64 80
64 82
64 84
64 86
64 90
64 92
64 93
64 94
64 95
64 97
64 99
64 101
64 102
64 104
64 105
64 106
64 109
64 111
64 113
64 114
64 115
64 116
64 117
64 118
64 123
64 128
64 130
64 136
64 138
64 145
64 148
64 151
64 153
64 154
64 159
65 66
65 69
65 70
65 71
65 74
65 78
65 83
65 84
65 85
65 86
65 91
65 93
65 94
65 97
65 98
65 101
65 102
65 106
65 107
65 110
65 111
65 112
65 113
65 117
65 118
65 119
65 120
65 122
65 129
65 131
65 132
65 134
65 135
65 138
65 140
65 146
65 150
65 157
65 159
65 161
66 68
66 70
66 72
66 76
66 77
66 85
66 86
66 92
66 93
66 95
66 97
66 98
66 101
66 103
66 106
66 108
66 109
66 110
66 112
66 113
66 114
66 118
66 119
66 122
66 125
66 127
66 129
66 133
66 137
66 138
66 139
66 145
66 146
66 148
66 149
66 150
66 151
66 152
66 158
66 160
67 68
67 69
67 72
67 73
67 85
67 86
67 89
67 95
67 98
67 105
67 108
67 109
67 111
67 112
67 113
67 114
67 115
67 125
67 127
67 129
67 131
67 133
67 134
67 135
67 137
67 138
67 141
67 142
67 147
67 150
67 153
67 155
67 158
67 159
68 71
68 72
68 77
68 79
68 80
68 81
68 84
68 87
68 89
68 91
68 94
68 96
68 100
68 102
68 106
68 111
68 113
68 114
68 115
68 116
68 117
68 118
68 123
68 128
68 129
68 131
68 135
68 136
68 137
68 143
68 146
68 147
68 149
68 150
68 152
68 153
68 157
68 158
68 160
68 161
69 70
69 71
69 74
69 82
69 86
69 89
69 90
69 91
69 92
69 94
69 95
69 103
69 105
69 110
69 111
69 114
69 115
69 117
69 118
69 122
69 126
69 128
69 129
69 131
69 133
69 138
69 139
69 141
69 142
69 153
69 154
69 157
69 159
70 72
70 74
70 75
70 78
70 80
70 84
70 87
70 88
70 97
70 98
70 101
70 103
70 108
70 113
70 114
70 115
70 117
70 118
70 119
70 120
70 125
70 129
70 133
70 134
70 135
70 137
70 138
70 139
70 142
70 143
70 147
70 151
70 153
70 155
70 159
70 160
71 72
71 73
71 82
71 83
71 93
71 97
71 98
71 100
71 101
71 104
71 105
71 106
71 114
71 118
71 119
71 122
71 125
71 129
71 130
71 131
71 132
71 133
71 138
71 139
71 147
71 154
71 156
71 158
72 73
72 74
72 78
72 79
72 82
72 85
72 86
72 88
72 89
72 90
72 91
72 92
72 96
72 98
72 103
72 105
72 106
72 109
72 111
72 112
72 113
72 115
72 118
72 128
72 129
72 131
72 132
72 136
72 138
72 139
72 140
72 141
72 142
72 145
72 147
72 151
72 152
72 153
72 154
72 157
73 74
73 79
73 82
73 84
73 91
73 92
73 94
73 97
73 99
73 100
73 103
73 107
73 108
73 109
73 113
73 114
73 116
73 120
73 125
73 128
73 129
73 136
73 141
73 142
73 145
73 148
73 152
73 154
73 158
73 159
74 76
74 79
74 85
74 86
74 87
74 89
74 101
74 102
74 108
74 111
74 112
74 114
74 117
74 118
74 125
74 129
74 131
74 133
74 136
74 138
74 140
74 141
74 142
74 146
74 149
74 150
74 151
74 152
74 155
74 157
74 158
74 161
75 76
75 79
75 82
75 84
75 89
75 92
75 94
75 97
75 99
75 103
75 110
75 112
75 114
75 116
75 117
75 122
75 128
75 129
75 130
75 132
75 137
75 138
75 139
75 142
75 145
75 151
75 154
75 157
75 159
75 160
76 85
76 102
76 114
76 125
76 134
76 138
76 142
76 147
76 150
76 157
76 161
77 82
77 83
77 85
77 89
77 94
77 96
77 111
77 113
77 115
77 117
77 122
77 127
77 128
77 131
77 133
77 137
77 147
77 150
77 152
77 155
77 157
77 158
77 159
77 161
78 79
78 83
78 93
78 125
78 133
78 147
78 152
78 159
79 82
79 84
79 85
79 88
79 91
79 92
79 94
79 95
79 101
79 102
79 103
79 106
79 108
79 109
79 110
79 112
79 113
79 118
79 126
79 128
79 129
79 131
79 133
79 135
79 137
79 143
79 145
79 146
79 147
79 153
79 155
79 157
79 159
79 161
80 83
80 88
80 89
80 94
80 95
80 96
80 102
80 105
80 108
80 114
80 115
80 117
80 118
80 130
80 134
80 136
80 138
80 139
80 141
80 147
80 150
80 153
80 154
80 157
80 158
80 159
80 160
81 86
81 87
81 89
81 93
81 98
81 109
81 113
81 142
81 161
82 94
82 97
82 106
82 108
82 109
82 117
82 134
82 135
82 142
82 158
82 161
83 84
83 88
83 92
83 96
83 98
83 105
83 108
83 109
83 128
83 136
83 145
83 146
83 153
83 154
83 161
84 85
84 87
84 93
84 96
84 98
84 102
84 104
84 105
84 106
84 107
84 110
84 111
84 112
84 115
84 117
84 118
84 125
84 131
84 134
84 137
84 139
84 143
84 145
84 150
84 152
84 154
84 157
84 158
84 160
85 86
85 88
85 95
85 96
85 101
85 103
85 110
85 112
85 114
85 117
85 125
85 131
85 133
85 139
85 150
85 154
85 157
86 91
86 93
86 99
86 103
86 115
86 126
86 127
86 134
86 138
86 149
86 154
86 158
87 96
87 99
87 100
87 101
87 104
87 105
87 106
87 108
87 109
87 116
87 129
87 131
87 133
87 135
87 138
87 141
87 143
87 147
87 151
87 152
87 159
87 160
88 90
88 91
88 101
88 107
88 108
88 118
88 119
88 124
88 129
88 130
88 141
88 142
88 143
88 144
88 146
88 149
88 152
88 154
88 157
88 158
89 91
89 92
89 93
89 97
89 100
89 102
89 110
89 111
89 114
89 116
89 118
89 125
89 129
89 130
89 132
89 133
89 134
89 135
89 139
89 142
89 147
89 157
89 158
89 160
90 94
90 96
90 99
90 102
90 110
90 128
90 129
90 139
90 140
90 144
90 146
90 160
91 94
91 97
91 101
91 102
91 103
91 105
91 109
91 111
91 113
91 117
91 119
91 120
91 122
91 133
91 134
91 138
91 141
91 142
91 144
91 145
91 152
91 153
91 154
91 160
92 114
92 118
92 119
92 125
92 126
92 129
92 130
92 133
92 135
92 139
92 142
92 152
92 154
93 94
93 99
93 101
93 105
93 107
93 108
93 109
93 110
93 117
93 118
93 130
93 131
93 137
93 139
93 141
93 147
93 154
93 159
93 160
94 96
94 98
94 99
94 105
94 106
94 107
94 111
94 122
94 124
94 125
94 126
94 127
94 129
94 131
94 133
94 134
94 135
94 137
94 138
94 139
94 142
94 144
94 145
94 146
94 147
94 148
94 150
94 152
94 157
94 159
95 99
95 102
95 105
95 106
95 107
95 111
95 112
95 113
95 118
95 121
95 129
95 135
95 139
95 146
96 103
96 106
96 119
96 125
96 128
96 133
96 137
96 147
96 149
96 152
96 153
96 154
96 159
97 98
97 104
97 106
97 108
97 110
97 113
97 115
97 119
97 125
97 128
97 129
97 134
97 139
97 141
97 142
97 143
97 146
97 147
97 149
97 153
97 154
97 155
97 159
97 161
98 100
98 106
98 107
98 125
98 126
98 127
98 128
98 131
98 134
98 135
98 136
98 137
98 139
98 140
98 141
98 145
98 147
98 152
98 158
98 159
99 105
99 108
99 109
99 114
99 117
99 125
99 128
99 133
99 134
99 140
99 141
99 147
99 152
99 153
99 156
99 157
99 161
100 102
100 106
100 112
100 113
100 114
100 115
100 120
100 129
100 139
100 142
100 152
100 157
100 158
100 160
100 161
101 102
101 104
101 106
101 112
101 114
101 117
101 124
101 127
101 134
101 137
101 139
101 141
101 142
101 143
101 145
101 146
101 148
101 149
101 150
101 151
101 154
101 156
101 158
102 104
102 105
102 106
102 107
102 108
102 109
102 110
102 111
102 115
102 118
102 126
102 130
102 135
102 138
102 142
102 152
102 153
102 154
102 155
102 157
102 158
102 161
103 108
103 113
103 118
103 122
103 129
103 133
103 142
103 145
103 151
103 152
103 154
103 156
103 157
103 159
103 161
104 105
104 112
104 113
104 117
104 120
104 133
104 137
104 153
105 107
105 112
105 113
105 115
105 118
105 126
105 131
105 133
105 135
105 136
105 137
105 139
105 142
105 146
105 148
105 150
105 151
105 159
106 108
106 111
106 112
106 116
106 121
106 122
106 123
106 125
106 129
106 135
106 138
106 141
106 146
106 147
106 150
106 151
106 155
106 157
106 158
106 159
106 160
107 108
107 109
107 112
107 115
107 117
107 125
107 126
107 128
107 129
107 131
107 139
107 142
107 150
108 109
108 111
108 112
108 113
108 114
108 115
108 117
108 118
108 122
108 125
108 129
108 131
108 134
108 146
108 148
108 153
108 157
108 158
108 161
109 112
109 114
109 117
109 118
109 125
109 126
109 131
109 134
109 135
109 136
109 137
109 145
109 148
109 149
109 150
109 151
109 152
109 153
109 158
109 159
110 118
110 125
110 129
110 131
110 132
110 139
110 145
110 149
110 151
110 153
110 155
110 157
110 158
110 159
110 160
110 161
111 117
111 120
111 122
111 125
111 129
111 133
111 136
111 137
111 140
111 142
111 145
111 146
111 147
111 153
111 155
111 157
111 159
111 161
112 114
112 115
112 118
112 119
112 123
112 125
112 129
112 133
112 134
112 137
112 138
112 140
112 142
112 143
112 147
112 149
112 151
112 152
112 153
112 154
112 158
113 114
113 117
113 118
113 121
113 127
113 129
113 132
113 133
113 139
113 142
113 148
113 152
113 153
113 158
113 159
113 160
114 115
114 118
114 124
114 127
114 131
114 134
114 135
114 138
114 139
114 141
114 142
114 143
114 149
114 158
115 117
115 118
115 120
115 123
115 125
115 126
115 131
115 133
115 141
115 142
115 146
115 148
115 149
115 152
115 153
115 154
115 157
116 117
116 118
116 121
116 130
116 134
116 137
116 139
116 146
116 147
116 153
116 155
116 157
117 118
117 119
117 121
117 125
117 129
117 133
117 135
117 139
117 143
117 147
117 150
117 151
117 152
117 161
118 120
118 123
118 126
118 127
118 129
118 131
118 133
118 134
118 142
118 143
118 144
118 145
118 146
118 147
118 149
118 150
118 152
118 153
118 154
118 157
119 125
119 128
119 145
119 153
120 125
120 134
120 150
121 125
121 130
121 134
121 137
121 152
121 157
121 158
122 127
122 129
122 131
122 133
122 138
122 139
122 148
122 153
122 160
123 143
124 138
124 147
125 129
125 133
125 134
125 139
125 140
125 146
125 147
125 148
125 149
125 152
125 158
125 159
125 161
126 134
126 137
126 139
126 140
126 141
126 143
126 145
126 147
126 161
127 129
127 134
127 146
127 149
127 158
128 129
128 130
128 131
128 133
128 140
128 141
128 142
128 152
128 157
128 160
128 161
129 131
129 134
129 137
129 147
129 152
129 154
129 158
130 131
130 154
130 157
130 161
131 134
131 147
131 149
131 150
131 153
131 154
131 159
131 160
131 161
132 133
132 134
132 135
132 138
132 139
132 148
132 152
132 158
133 138
133 141
133 142
133 143
133 146
133 147
133 151
133 152
133 154
133 156
133 159
133 160
134 135
134 138
134 142
134 143
134 146
134 147
134 148
134 149
134 150
134 152
134 154
134 155
134 159
135 137
135 138
135 142
135 143
135 145
135 147
135 152
135 154
135 158
135 159
135 161
136 137
136 138
136 142
136 147
136 152
136 154
136 158
136 161
137 138
137 139
137 141
137 142
137 143
137 144
137 145
137 146
137 149
137 156
137 160
138 139
138 141
138 143
138 144
138 152
138 155
138 159
139 142
139 143
139 145
139 146
139 151
139 152
139 154
139 158
139 161
140 143
140 145
140 149
140 151
140 154
140 157
141 142
141 143
141 146
141 152
141 153
141 156
141 158
141 161
142 147
142 149
142 154
142 157
142 159
143 146
143 147
143 153
143 155
145 149
145 150
145 153
145 156
145 157
145 159
146 149
147 156
147 159
148 149
148 152
148 153
148 160
149 151
149 154
149 157
149 158
149 159
150 151
150 152
150 159
151 158
151 161
152 153
152 154
152 157
152 160
153 154
153 158
153 159
153 161
154 161
155 158
158 161
159 160
