0 4
0 11
0 14
0 20
0 21
0 31
0 33
0 34
0 51
0 57
0 70
0 75
0 86
0 89
0 94
0 99
0 100
0 111
0 113
0 114
0 115
0 116
0 117
0 118
0 119
0 129
0 133
0 138
0 147
0 150
0 157
1 8
1 10
1 13
1 14
1 30
1 36
1 46
1 49
1 51
1 54
1 58
1 65
1 69
1 74
1 77
1 82
1 83
1 85
1 97
1 100
1 101
1 102
1 109
1 111
1 112
1 119
1 125
1 126
1 129
1 132
1 133
1 134
1 135
1 142
1 143
1 152
1 153
1 156
1 159
1 160
2 22
2 25
2 26
2 28
2 29
2 30
2 34
2 40
2 42
2 44
2 59
2 64
2 80
2 82
2 88
2 89
2 93
2 103
2 115
2 116
2 117
2 128
2 138
2 143
2 151
3 5
3 11
3 13
3 19
3 26
3 37
3 40
3 44
3 45
3 47
3 52
3 57
3 68
3 72
3 77
3 89
3 98
3 99
3 107
3 108
3 110
3 114
3 125
3 131
3 137
3 142
3 155
3 158
4 10
4 13
4 14
4 20
4 23
4 25
4 26
4 28
4 32
4 35
4 38
4 39
4 40
4 42
4 44
4 45
4 49
4 52
4 54
4 56
4 60
4 61
4 63
4 65
4 66
4 67
4 68
4 69
4 71
4 72
4 73
4 74
4 75
4 77
4 79
4 80
4 82
4 83
4 84
4 85
4 88
4 89
4 91
4 99
4 100
4 102
4 103
4 104
4 105
4 108
4 109
4 114
4 116
4 117
4 118
4 122
4 125
4 129
4 130
4 131
4 133
4 135
4 137
4 140
4 145
4 146
4 149
4 151
4 152
4 154
4 157
4 158
4 161
5 6
5 7
5 9
5 26
5 36
5 40
5 42
5 49
5 63
5 64
5 68
5 84
5 122
5 135
5 139
5 146
5 149
5 150
5 151
6 7
6 11
6 12
6 14
6 21
6 24
6 25
6 26
6 34
6 37
6 38
6 40
6 42
6 43
6 44
6 46
6 48
6 49
6 51
6 52
6 53
6 55
6 57
6 58
6 61
6 62
6 65
6 66
6 68
6 69
6 70
6 77
6 79
6 80
6 89
6 94
6 97
6 98
6 99
6 100
6 101
6 105
6 106
6 107
6 109
6 113
6 116
6 121
6 122
6 126
6 128
6 129
6 130
6 133
6 134
6 135
6 137
6 138
6 140
6 144
6 147
6 150
6 151
6 152
6 153
6 155
6 157
6 158
6 160
6 161
7 8
7 9
7 10
7 11
7 14
7 16
7 18
7 19
7 20
7 21
7 28
7 31
7 32
7 34
7 38
7 39
7 45
7 46
7 48
7 54
7 55
7 56
7 59
7 65
7 67
7 69
7 72
7 73
7 74
7 75
7 77
7 79
7 82
7 84
7 91
7 93
7 97
7 99
7 103
7 104
7 105
7 106
7 108
7 109
7 110
7 111
7 114
7 115
7 116
7 118
7 119
7 122
7 124
7 125
7 127
7 130
7 134
7 138
7 139
7 141
7 142
7 143
7 146
7 152
7 153
7 154
7 155
7 161
8 12
8 17
8 19
8 25
8 30
8 36
8 43
8 48
8 49
8 52
8 54
8 64
8 67
8 69
8 72
8 73
8 74
8 77
8 79
8 84
8 92
8 99
8 105
8 108
8 112
8 115
8 117
8 131
8 137
8 145
8 146
8 152
9 10
9 12
9 16
9 19
9 21
9 22
9 25
9 26
9 38
9 39
9 43
9 45
9 46
9 49
9 51
9 55
9 56
9 58
9 59
9 66
9 67
9 68
9 69
9 70
9 72
9 77
9 78
9 81
9 83
9 88
9 89
9 92
9 100
9 101
9 103
9 107
9 109
9 113
9 115
9 117
9 120
9 127
9 129
9 130
9 133
9 134
9 135
9 139
9 141
9 148
9 149
9 152
9 153
9 154
9 157
9 160
10 18
10 26
10 29
10 30
10 32
10 34
10 35
10 37
10 40
10 43
10 45
10 46
10 49
10 54
10 63
10 65
10 67
10 68
10 72
10 73
10 75
10 79
10 82
10 88
10 96
10 97
10 98
10 99
10 100
10 101
10 105
10 106
10 109
10 111
10 118
10 119
10 123
10 126
10 127
10 137
10 142
10 143
10 144
10 152
10 156
10 161
11 13
11 14
11 16
11 19
11 21
11 23
11 24
11 26
11 28
11 29
11 32
11 36
11 37
11 41
11 42
11 45
11 46
11 49
11 54
11 61
11 67
11 69
11 72
11 75
11 76
11 79
11 80
11 83
11 86
11 87
11 93
11 94
11 102
11 103
11 106
11 108
11 110
11 113
11 115
11 125
11 127
11 128
11 131
11 133
11 134
11 136
11 137
11 141
11 152
11 154
11 157
11 158
11 161
12 14
12 18
12 19
12 23
12 26
12 30
12 31
12 32
12 36
12 37
12 44
12 50
12 51
12 53
12 56
12 58
12 65
12 67
12 68
12 73
12 74
12 75
12 80
12 84
12 86
12 89
12 90
12 94
12 99
12 101
12 105
12 115
12 117
12 118
12 125
12 134
12 136
12 137
12 139
12 141
12 143
12 149
12 150
12 154
12 157
12 161
13 14
13 18
13 20
13 23
13 26
13 30
13 35
13 38
13 43
13 44
13 52
13 54
13 63
13 68
13 75
13 87
13 88
13 91
13 92
13 101
13 106
13 108
13 113
13 115
13 138
13 139
13 147
13 155
13 156
13 159
14 21
14 30
14 34
14 35
14 36
14 37
14 38
14 40
14 42
14 43
14 44
14 46
14 49
14 50
14 52
14 59
14 63
14 64
14 67
14 70
14 71
14 72
14 75
14 77
14 79
14 80
14 83
14 86
14 89
14 97
14 98
14 105
14 108
14 109
14 126
14 128
14 129
14 131
14 135
14 136
14 137
14 142
14 146
14 150
14 151
14 154
14 156
14 157
14 158
15 18
15 22
15 23
15 26
15 29
15 31
15 32
15 35
15 52
15 64
15 65
15 67
15 75
15 79
15 89
15 92
15 96
15 98
15 99
15 100
15 101
15 102
15 108
15 112
15 117
15 119
15 124
15 126
15 132
15 138
15 143
15 151
15 152
15 154
15 157
15 159
16 25
16 32
16 38
16 43
16 45
16 46
16 49
16 50
16 58
16 65
16 66
16 69
16 72
16 77
16 84
16 89
16 99
16 103
16 106
16 111
16 112
16 131
16 135
16 136
16 139
16 144
16 152
17 21
17 34
17 38
17 40
17 46
17 65
17 67
17 70
17 72
17 92
17 96
17 117
17 120
17 125
17 143
17 158
18 20
18 30
18 35
18 38
18 40
18 42
18 45
18 48
18 51
18 54
18 56
18 57
18 64
18 65
18 66
18 67
18 68
18 70
18 71
18 73
18 74
18 75
18 77
18 83
18 84
18 94
18 95
18 97
18 99
18 105
18 114
18 117
18 126
18 127
18 131
18 133
18 138
18 141
18 142
18 145
18 147
18 149
18 150
18 157
18 158
19 25
19 27
19 30
19 38
19 40
19 42
19 44
19 48
19 49
19 50
19 51
19 56
19 63
19 64
19 65
19 67
19 69
19 72
19 73
19 74
19 75
19 77
19 79
19 82
19 84
19 85
19 88
19 89
19 91
19 93
19 94
19 99
19 101
19 102
19 107
19 108
19 111
19 114
19 118
19 120
19 126
19 129
19 130
19 133
19 134
19 135
19 137
19 139
19 141
19 142
19 143
19 145
19 146
19 150
19 157
19 160
20 26
20 35
20 37
20 38
20 40
20 43
20 54
20 67
20 69
20 70
20 71
20 73
20 89
20 91
20 97
20 98
20 100
20 106
20 115
20 116
20 129
20 130
20 139
20 142
20 143
20 147
20 149
20 154
20 157
21 22
21 23
21 26
21 27
21 30
21 31
21 32
21 35
21 38
21 39
21 43
21 46
21 49
21 51
21 53
21 54
21 56
21 57
21 63
21 64
21 65
21 66
21 67
21 69
21 71
21 72
21 74
21 78
21 79
21 80
21 89
21 91
21 94
21 95
21 97
21 102
21 106
21 108
21 109
21 114
21 115
21 117
21 119
21 121
21 122
21 126
21 131
21 133
21 135
21 138
21 139
21 142
21 143
21 145
21 146
21 151
21 152
21 154
21 159
21 160
21 161
22 30
22 40
22 43
22 49
22 55
22 59
22 68
22 71
22 72
22 77
22 86
22 105
22 108
22 109
22 111
22 114
22 118
22 124
22 130
22 134
22 149
22 157
23 26
23 34
23 35
23 36
23 48
23 53
23 56
23 57
23 64
23 67
23 68
23 70
23 73
23 84
23 86
23 111
23 112
23 113
23 133
23 134
23 139
23 142
23 145
23 146
23 149
23 153
23 157
23 161
24 25
24 33
24 34
24 35
24 46
24 50
24 52
24 53
24 55
24 59
24 61
24 64
24 71
24 74
24 75
24 77
24 79
24 80
24 87
24 89
24 90
24 93
24 97
24 98
24 101
24 105
24 108
24 113
24 119
24 129
24 131
24 132
24 133
24 134
24 142
24 153
24 154
24 158
25 26
25 31
25 33
25 35
25 36
25 37
25 40
25 46
25 51
25 52
25 56
25 61
25 62
25 63
25 65
25 66
25 67
25 68
25 70
25 72
25 74
25 75
25 78
25 79
25 80
25 85
25 91
25 99
25 100
25 105
25 106
25 107
25 108
25 111
25 112
25 114
25 117
25 120
25 124
25 125
25 126
25 129
25 137
25 139
25 152
25 157
26 28
26 29
26 32
26 36
26 38
26 42
26 43
26 45
26 46
26 50
26 51
26 52
26 53
26 55
26 57
26 59
26 62
26 66
26 67
26 70
26 75
26 77
26 79
26 80
26 87
26 91
26 92
26 94
26 96
26 98
26 101
26 106
26 107
26 108
26 111
26 117
26 118
26 126
26 130
26 131
26 132
26 137
26 138
26 141
26 142
26 143
26 145
26 146
26 147
26 154
26 155
26 156
26 157
26 158
27 33
27 39
27 43
27 45
27 46
27 51
27 54
27 69
27 74
27 75
27 101
27 110
27 117
27 138
27 154
28 30
28 37
28 42
28 46
28 55
28 57
28 58
28 62
28 64
28 65
28 66
28 73
28 75
28 87
28 92
28 93
28 97
28 98
28 99
28 105
28 107
28 112
28 114
28 126
28 130
28 149
28 152
28 153
28 158
29 35
29 41
29 44
29 45
29 54
29 55
29 58
29 67
29 68
29 71
29 75
29 83
29 91
29 98
29 99
29 106
29 109
29 113
29 117
29 118
29 123
29 128
29 133
29 137
29 139
29 148
29 149
29 150
29 161
30 31
30 37
30 45
30 48
30 50
30 51
30 54
30 55
30 56
30 64
30 67
30 68
30 69
30 73
30 79
30 84
30 92
30 93
30 95
30 98
30 99
30 101
30 102
30 105
30 106
30 111
30 113
30 114
30 117
30 118
30 123
30 125
30 126
30 131
30 133
30 134
30 135
30 136
30 142
30 143
30 145
30 147
30 150
30 151
30 153
30 155
30 158
30 159
30 161
31 34
31 36
31 37
31 38
31 40
31 45
31 55
31 56
31 58
31 61
31 63
31 66
31 67
31 71
31 74
31 79
31 92
31 96
31 97
31 101
31 102
31 104
31 108
31 110
31 111
31 112
31 113
31 114
31 118
31 122
31 127
31 130
31 136
31 139
31 142
31 147
31 149
31 152
31 156
31 157
31 158
31 159
32 36
32 40
32 42
32 44
32 46
32 49
32 50
32 51
32 54
32 55
32 56
32 58
32 63
32 67
32 68
32 71
32 72
32 73
32 74
32 75
32 79
32 89
32 90
32 93
32 94
32 100
32 101
32 102
32 104
32 106
32 108
32 109
32 112
32 115
32 117
32 118
32 123
32 126
32 129
32 130
32 133
32 135
32 137
32 141
32 142
32 147
32 148
32 150
32 151
32 153
32 155
33 40
33 43
33 49
33 51
33 55
33 56
33 68
33 69
33 72
33 75
33 84
33 86
33 88
33 91
33 103
33 105
33 114
33 120
33 124
33 127
33 129
33 130
33 139
33 148
33 149
33 153
33 154
34 36
34 50
34 59
34 65
34 67
34 68
34 70
34 71
34 75
34 84
34 88
34 90
34 91
34 95
34 116
34 126
34 129
34 131
34 133
34 135
34 138
34 147
34 149
34 152
34 154
34 158
34 159
35 37
35 42
35 43
35 45
35 52
35 55
35 59
35 61
35 64
35 65
35 67
35 70
35 72
35 73
35 79
35 81
35 83
35 84
35 89
35 92
35 95
35 98
35 102
35 104
35 105
35 107
35 108
35 111
35 113
35 114
35 117
35 120
35 127
35 133
35 137
35 139
35 141
35 145
35 148
35 149
35 150
35 154
35 160
36 37
36 39
36 42
36 44
36 45
36 48
36 52
36 55
36 56
36 63
36 73
36 76
36 77
36 82
36 86
36 90
36 91
36 94
36 97
36 98
36 99
36 100
36 101
36 109
36 112
36 113
36 114
36 116
36 117
36 125
36 126
36 137
36 140
36 143
36 145
36 147
36 148
36 151
36 152
36 153
36 155
36 157
36 159
36 160
37 38
37 42
37 45
37 49
37 56
37 58
37 59
37 62
37 64
37 70
37 72
37 77
37 92
37 95
37 96
37 104
37 106
37 107
37 112
37 125
37 129
37 133
37 142
37 146
37 147
37 153
37 157
38 39
38 40
38 43
38 46
38 50
38 52
38 53
38 55
38 61
38 64
38 68
38 69
38 71
38 75
38 82
38 83
38 84
38 87
38 88
38 89
38 91
38 94
38 95
38 98
38 99
38 100
38 104
38 106
38 108
38 112
38 113
38 114
38 116
38 120
38 124
38 127
38 129
38 131
38 135
38 136
38 138
38 146
38 148
38 149
38 151
38 153
38 158
38 159
39 42
39 43
39 45
39 46
39 50
39 52
39 58
39 61
39 65
39 70
39 72
39 83
39 87
39 89
39 90
39 94
39 96
39 97
39 101
39 106
39 107
39 111
39 113
39 115
39 117
39 118
39 125
39 128
39 130
39 134
39 138
39 141
39 142
39 143
39 148
39 149
39 153
39 155
39 158
40 43
40 44
40 48
40 58
40 60
40 69
40 72
40 73
40 74
40 77
40 87
40 89
40 92
40 97
40 102
40 106
40 107
40 108
40 109
40 111
40 113
40 114
40 115
40 116
40 118
40 119
40 122
40 126
40 127
40 129
40 130
40 131
40 132
40 140
40 144
40 146
40 147
40 152
40 154
40 158
40 160
41 45
41 51
41 54
41 56
41 65
41 69
41 71
41 77
41 83
41 84
41 85
41 112
41 115
41 134
41 137
41 153
42 43
42 44
42 46
42 56
42 70
42 71
42 72
42 80
42 84
42 94
42 110
42 111
42 112
42 115
42 117
42 121
42 125
42 131
42 137
42 139
42 142
42 144
42 146
42 147
42 148
42 153
42 154
43 51
43 53
43 54
43 56
43 57
43 65
43 67
43 69
43 77
43 96
43 101
43 102
43 104
43 105
43 106
43 107
43 109
43 114
43 117
43 121
43 123
43 124
43 131
43 133
43 134
43 137
43 142
43 149
43 152
43 153
43 158
43 159
43 161
44 54
44 55
44 56
44 57
44 66
44 68
44 70
44 71
44 72
44 73
44 75
44 77
44 80
44 81
44 85
44 91
44 99
44 102
44 103
44 105
44 106
44 108
44 110
44 111
44 116
44 117
44 118
44 134
44 138
44 142
44 144
44 147
44 149
44 152
44 153
44 155
44 157
45 46
45 48
45 49
45 54
45 56
45 58
45 62
45 66
45 67
45 71
45 72
45 73
45 76
45 78
45 81
45 82
45 86
45 91
45 92
45 96
45 97
45 99
45 100
45 102
45 103
45 104
45 106
45 108
45 109
45 111
45 114
45 115
45 116
45 118
45 119
45 122
45 128
45 129
45 133
45 134
45 135
45 142
45 152
45 153
45 154
45 156
45 158
45 161
46 49
46 52
46 58
46 60
46 63
46 65
46 67
46 68
46 72
46 73
46 74
46 83
46 86
46 88
46 89
46 94
46 102
46 107
46 109
46 111
46 112
46 125
46 126
46 128
46 131
46 132
46 133
46 135
46 139
46 142
46 150
46 152
46 154
46 157
47 84
47 89
47 91
47 103
47 104
47 118
47 142
48 55
48 56
48 58
48 63
48 67
48 68
48 73
48 74
48 85
48 86
48 89
48 102
48 103
48 106
48 108
48 112
48 137
48 138
48 141
48 145
48 147
48 152
48 155
49 51
49 54
49 56
49 59
49 61
49 63
49 64
49 66
49 68
49 70
49 71
49 72
49 76
49 79
49 80
49 82
49 87
49 88
49 91
49 92
49 95
49 96
49 99
49 101
49 103
49 105
49 107
49 110
49 111
49 115
49 118
49 124
49 125
49 131
49 132
49 134
49 135
49 137
49 139
49 146
49 149
49 152
49 153
49 157
49 160
50 54
50 56
50 61
50 62
50 64
50 65
50 67
50 69
50 70
50 71
50 73
50 74
50 75
50 76
50 80
50 84
50 87
50 89
50 91
50 94
50 98
50 99
50 101
50 108
50 109
50 111
50 112
50 122
50 125
50 128
50 132
50 138
50 140
50 141
50 143
50 147
50 149
50 150
50 152
50 154
50 155
50 157
51 52
51 53
51 55
51 63
51 65
51 67
51 68
51 69
51 70
51 74
51 77
51 82
51 83
51 85
51 86
51 87
51 91
51 94
51 95
51 96
51 98
51 100
51 104
51 105
51 106
51 108
51 109
51 110
51 114
51 118
51 121
51 122
51 125
51 126
51 128
51 131
51 132
51 133
51 134
51 135
51 138
51 141
51 142
51 145
51 146
51 147
51 148
51 151
51 154
51 155
51 158
51 159
51 161
52 55
52 64
52 65
52 67
52 71
52 75
52 79
52 87
52 113
52 115
52 116
52 118
52 119
52 123
52 129
52 131
52 135
52 142
52 146
52 149
52 151
52 158
52 159
53 58
53 62
53 68
53 70
53 72
53 78
53 80
53 85
53 87
53 89
53 91
53 94
53 99
53 102
53 110
53 113
53 114
53 128
53 132
53 138
53 147
53 151
53 152
53 154
53 157
53 158
53 159
53 161
54 55
54 58
54 60
54 62
54 63
54 64
54 65
54 66
54 67
54 71
54 73
54 74
54 75
54 76
54 78
54 80
54 82
54 85
54 87
54 91
54 96
54 100
54 104
54 105
54 107
54 108
54 109
54 111
54 112
54 114
54 115
54 116
54 117
54 122
54 129
54 130
54 131
54 135
54 137
54 138
54 142
54 143
54 147
54 150
54 151
54 152
54 154
54 155
54 157
54 158
54 159
55 56
55 57
55 58
55 62
55 63
55 64
55 65
55 68
55 69
55 74
55 108
55 109
55 112
55 115
55 116
55 118
55 126
55 129
55 137
55 145
55 146
55 151
55 158
55 159
55 160
56 58
56 61
56 66
56 67
56 68
56 70
56 72
56 73
56 77
56 85
56 88
56 91
56 93
56 97
56 102
56 103
56 105
56 106
56 108
56 109
56 111
56 112
56 113
56 114
56 117
56 118
56 119
56 121
56 125
56 130
56 131
56 133
56 134
56 136
56 138
56 139
56 142
56 150
56 152
56 154
56 155
56 156
56 161
57 65
57 68
57 71
57 75
57 76
57 90
57 91
57 96
57 98
57 102
57 117
57 118
57 124
57 127
57 142
57 154
58 66
58 67
58 69
58 70
58 72
58 73
58 88
58 89
58 95
58 96
58 97
58 102
58 105
58 106
58 108
58 112
58 114
58 116
58 122
58 126
58 129
58 130
58 131
58 133
58 134
58 135
58 137
58 138
58 145
58 146
58 147
58 149
58 151
58 153
58 154
58 155
58 158
59 61
59 64
59 65
59 67
59 77
59 79
59 80
59 81
59 94
59 101
59 106
59 113
59 114
59 115
59 118
59 126
59 131
59 134
59 142
59 143
59 154
59 155
59 156
59 160
60 65
60 66
60 91
60 118
60 133
60 154
61 62
61 63
61 64
61 65
61 68
61 69
61 71
61 75
61 77
61 79
61 81
61 83
61 84
61 89
61 93
61 97
61 101
61 107
61 108
61 113
61 115
61 116
61 118
61 121
61 122
61 124
61 129
61 130
61 132
61 133
61 136
61 137
61 139
61 145
61 152
61 157
61 158
61 161
62 67
62 75
62 76
62 97
62 98
62 123
62 126
62 129
62 136
62 141
62 158
62 159
63 65
63 68
63 71
63 74
63 77
63 85
63 91
63 94
63 96
63 97
63 100
63 101
63 102
63 104
63 106
63 111
63 113
63 117
63 118
63 127
63 129
63 138
63 142
63 145
63 146
63 158
63 161
64 65
64 69
64 70
64 71
64 72
64 76
64 81
64 87
64 96
64 97
64 98
64 99
64 101
64 102
64 107
64 108
64 109
64 112
64 115
64 116
64 118
64 123
64 124
64 125
64 129
64 131
64 134
64 135
64 137
64 139
64 140
64 141
64 142
64 150
64 151
64 152
64 153
64 154
64 157
64 159
64 161
65 66
65 67
65 68
65 72
65 74
65 79
65 85
65 86
65 87
65 88
65 89
65 92
65 94
65 97
65 98
65 100
65 101
65 103
65 106
65 110
65 113
65 117
65 118
65 125
65 129
65 130
65 132
65 138
65 139
65 141
65 142
65 143
65 147
65 154
65 155
65 157
65 159
66 67
66 71
66 72
66 76
66 80
66 82
66 84
66 87
66 90
66 94
66 96
66 100
66 101
66 108
66 110
66 112
66 114
66 118
66 125
66 127
66 131
66 133
66 134
66 135
66 136
66 137
66 139
66 140
66 141
66 143
66 147
66 151
66 154
66 159
67 70
67 71
67 73
67 84
67 86
67 87
67 92
67 100
67 101
67 102
67 105
67 106
67 108
67 109
67 111
67 115
67 118
67 120
67 121
67 133
67 137
67 138
67 141
67 142
67 143
67 145
67 147
67 148
67 150
67 152
67 153
67 154
67 157
67 159
67 160
67 161
68 69
68 70
68 73
68 75
68 77
68 78
68 80
68 83
68 85
68 90
68 91
68 93
68 95
68 102
68 107
68 111
68 114
68 115
68 117
68 120
68 125
68 130
68 131
68 134
68 138
68 139
68 145
68 146
68 147
68 148
68 153
68 157
68 159
69 70
69 71
69 72
69 73
69 74
69 75
69 79
69 81
69 84
69 86
69 89
69 93
69 101
69 103
69 104
69 106
69 108
69 111
69 113
69 114
69 115
69 121
69 123
69 131
69 133
69 137
69 138
69 142
69 144
69 146
69 147
69 153
69 154
69 158
69 159
69 161
70 71
70 72
70 73
70 74
70 77
70 79
70 80
70 85
70 87
70 91
70 98
70 101
70 102
70 104
70 105
70 108
70 109
70 110
70 111
70 112
70 113
70 117
70 118
70 122
70 126
70 130
70 131
70 134
70 142
70 146
70 148
70 149
70 151
70 153
70 159
70 160
70 161
71 75
71 77
71 80
71 89
71 91
71 93
71 94
71 95
71 97
71 102
71 103
71 104
71 105
71 106
71 107
71 110
71 117
71 118
71 122
71 129
71 135
71 139
71 143
71 147
71 148
71 152
71 154
71 156
71 159
72 73
72 74
72 76
72 79
72 82
72 84
72 87
72 90
72 91
72 93
72 94
72 96
72 102
72 104
72 106
72 107
72 109
72 112
72 114
72 118
72 119
72 121
72 122
72 125
72 127
72 134
72 136
72 139
72 140
72 142
72 143
72 147
72 149
72 150
72 151
72 154
72 160
72 161
73 79
73 86
73 91
73 95
73 98
73 100
73 101
73 102
73 105
73 106
73 108
73 109
73 113
73 115
73 119
73 124
73 125
73 128
73 131
73 134
73 135
73 140
73 142
73 147
73 148
73 149
73 151
73 152
73 155
73 159
73 160
73 161
74 79
74 80
74 82
74 83
74 84
74 89
74 91
74 93
74 94
74 96
74 97
74 98
74 99
74 100
74 101
74 104
74 105
74 106
74 107
74 109
74 110
74 114
74 115
74 116
74 129
74 130
74 135
74 138
74 139
74 143
74 145
74 150
74 152
74 153
74 156
74 159
75 84
75 85
75 86
75 89
75 90
75 91
75 93
75 95
75 96
75 103
75 105
75 106
75 108
75 109
75 112
75 116
75 121
75 125
75 126
75 131
75 137
75 138
75 141
75 144
75 145
75 152
75 158
75 161
76 78
76 80
76 84
76 87
76 92
76 99
76 108
76 109
76 113
76 117
76 122
76 126
76 137
76 148
76 157
76 158
77 85
77 86
77 87
77 89
77 92
77 93
77 95
77 98
77 101
77 102
77 106
77 108
77 113
77 115
77 116
77 117
77 121
77 122
77 126
77 129
77 134
77 135
77 136
77 137
77 138
77 141
77 142
77 153
77 154
77 157
77 159
78 110
78 119
78 125
78 129
78 132
78 135
78 137
78 157
78 161
79 84
79 87
79 89
79 91
79 92
79 95
79 97
79 102
79 103
79 104
79 106
79 108
79 109
79 111
79 112
79 115
79 117
79 118
79 119
79 120
79 125
79 127
79 128
79 130
79 131
79 135
79 139
79 143
79 144
79 147
79 151
79 152
79 153
79 156
79 157
79 158
80 83
80 84
80 87
80 91
80 92
80 93
80 94
80 99
80 103
80 106
80 108
80 110
80 118
80 122
80 128
80 129
80 131
80 133
80 134
80 141
80 142
80 146
80 153
80 154
80 157
80 160
81 83
81 98
81 102
81 122
81 133
81 137
81 152
81 153
82 86
82 97
82 106
82 107
82 109
82 113
82 124
82 125
82 127
82 129
82 135
82 161
83 86
83 87
83 88
83 94
83 97
83 105
83 114
83 118
83 127
83 130
83 133
83 141
83 142
83 151
83 152
83 153
83 158
84 85
84 86
84 102
84 103
84 105
84 106
84 107
84 108
84 111
84 112
84 113
84 114
84 115
84 116
84 118
84 122
84 125
84 126
84 127
84 129
84 134
84 137
84 141
84 142
84 146
84 154
84 156
84 157
84 158
84 161
85 87
85 92
85 94
85 99
85 102
85 110
85 112
85 114
85 126
85 129
85 131
85 133
85 134
85 137
85 142
85 148
85 155
85 158
85 160
85 161
86 87
86 88
86 92
86 94
86 99
86 104
86 108
86 111
86 115
86 124
86 129
86 133
86 135
86 137
86 138
86 145
86 150
86 153
86 159
86 160
86 161
87 88
87 93
87 94
87 96
87 97
87 100
87 102
87 103
87 105
87 106
87 107
87 115
87 118
87 125
87 129
87 130
87 131
87 135
87 138
87 139
87 151
87 156
87 157
87 158
88 90
88 97
88 100
88 105
88 108
88 118
88 131
88 132
88 135
88 137
88 146
88 161
89 90
89 91
89 94
89 96
89 98
89 101
89 103
89 105
89 107
89 108
89 110
89 111
89 113
89 114
89 118
89 125
89 126
89 128
89 129
89 131
89 135
89 136
89 137
89 138
89 139
89 141
89 142
89 145
89 147
89 149
89 152
89 153
89 154
89 157
89 158
89 159
89 161
90 96
90 98
90 103
90 108
90 112
90 113
90 115
90 132
90 133
90 137
90 138
90 152
90 154
90 157
91 101
91 112
91 116
91 118
91 125
91 129
91 131
91 135
91 137
91 141
91 142
91 143
91 146
91 148
91 152
91 156
91 157
91 159
92 93
92 109
92 113
92 114
92 126
92 145
92 147
92 153
92 154
92 155
93 95
93 96
93 97
93 100
93 101
93 108
93 109
93 114
93 115
93 117
93 126
93 129
93 131
93 133
93 137
93 145
93 146
93 147
93 152
93 153
93 154
93 160
94 100
94 101
94 103
94 106
94 108
94 111
94 112
94 113
94 115
94 117
94 118
94 120
94 121
94 124
94 129
94 131
94 133
94 134
94 138
94 147
94 151
94 152
94 154
94 155
94 156
94 157
95 97
95 99
95 101
95 115
95 117
95 119
95 126
95 134
95 137
96 109
96 115
96 124
96 125
96 128
96 130
96 131
96 132
96 133
96 138
96 140
96 157
96 158
96 159
96 161
97 101
97 108
97 114
97 116
97 118
97 122
97 124
97 126
97 129
97 131
97 132
97 137
97 145
97 146
97 151
97 153
97 157
97 161
98 106
98 108
98 109
98 118
98 120
98 124
98 129
98 143
98 154
98 157
99 101
99 102
99 104
99 108
99 109
99 117
99 133
99 143
99 145
99 147
99 153
99 154
99 155
99 156
99 158
100 101
100 102
100 105
100 109
100 111
100 112
100 114
100 118
100 128
100 130
100 132
100 133
100 134
100 135
100 141
100 142
100 144
100 145
100 150
100 154
100 157
101 102
101 103
101 107
101 108
101 109
101 112
101 114
101 115
101 118
101 125
101 127
101 130
101 131
101 134
101 135
101 136
101 137
101 138
101 139
101 146
101 150
101 151
101 152
101 154
101 157
101 158
101 160
101 161
102 104
102 108
102 113
102 114
102 115
102 117
102 118
102 121
102 122
102 125
102 126
102 128
102 129
102 130
102 133
102 135
102 137
102 138
102 139
102 140
102 141
102 150
102 151
102 152
102 154
102 156
102 159
102 160
103 104
103 105
103 106
103 110
103 115
103 118
103 124
103 125
103 126
103 129
103 131
103 133
103 135
103 136
103 137
103 146
103 152
103 154
103 157
103 159
103 161
104 105
104 109
104 110
104 112
104 114
104 121
104 137
104 138
104 140
104 145
104 147
104 153
104 154
104 160
105 107
105 110
105 115
105 116
105 118
105 129
105 133
105 134
105 136
105 141
105 142
105 144
105 147
105 157
105 158
105 161
106 108
106 112
106 115
106 126
106 129
106 131
106 133
106 135
106 138
106 139
106 141
106 146
106 147
106 150
106 151
106 152
106 153
106 154
106 158
106 160
106 161
107 115
107 116
107 118
107 125
107 131
107 137
107 138
107 140
107 145
107 146
107 159
108 109
108 110
108 114
108 117
108 119
108 124
108 125
108 127
108 128
108 130
108 132
108 133
108 136
108 139
108 142
108 145
108 147
108 149
108 152
108 153
108 159
108 160
108 161
109 111
109 113
109 114
109 118
109 125
109 134
109 144
109 147
109 150
109 151
109 153
109 157
109 158
109 161
110 111
110 114
110 117
110 129
110 137
110 147
110 149
110 158
111 112
111 117
111 118
111 124
111 127
111 134
111 139
111 145
111 149
111 150
111 152
111 161
112 113
112 116
112 117
112 131
112 132
112 139
112 147
112 152
112 154
112 157
112 161
113 114
113 115
113 116
113 122
113 126
113 127
113 129
113 133
113 135
113 140
113 142
113 147
113 148
113 149
113 150
113 153
113 159
114 116
114 117
114 118
114 120
114 127
114 128
114 129
114 130
114 133
114 135
114 142
114 147
114 150
114 151
114 152
114 154
114 158
115 116
115 118
115 125
115 128
115 130
115 131
115 133
115 137
115 138
115 145
115 146
115 147
115 152
115 154
115 156
115 157
115 158
116 117
116 124
116 125
116 129
116 130
116 133
116 135
116 141
116 146
116 147
116 149
116 152
116 153
116 154
116 155
116 160
116 161
117 118
117 129
117 130
117 133
117 135
117 137
117 138
117 152
117 153
117 154
117 159
117 160
117 161
118 123
118 125
118 128
118 130
118 131
118 133
118 135
118 138
118 139
118 145
118 147
118 150
118 151
118 153
118 157
118 159
119 125
119 135
119 146
119 147
119 150
119 154
119 155
120 127
120 133
121 125
121 137
121 139
121 143
121 158
121 159
122 129
122 130
122 133
122 139
122 141
122 142
122 146
122 149
122 153
122 154
122 155
122 159
123 133
123 136
123 141
123 143
123 150
123 158
124 135
124 137
124 142
124 146
124 147
124 157
124 159
125 126
125 130
125 131
125 132
125 135
125 138
125 142
125 143
125 154
125 160
125 161
126 134
126 137
126 139
126 146
126 147
126 151
126 152
126 154
126 158
126 159
127 129
127 133
127 134
127 135
127 147
127 150
127 151
127 154
127 159
128 129
128 137
128 138
128 142
128 152
128 154
128 156
128 157
129 131
129 132
129 133
129 134
129 135
129 136
129 138
129 139
129 142
129 146
129 147
129 152
129 153
129 154
129 157
129 159
129 160
130 135
130 139
130 142
131 137
131 138
131 141
131 142
131 146
131 147
131 150
131 151
131 154
131 157
131 158
131 159
131 160
132 139
132 147
132 149
132 154
133 135
133 137
133 138
133 142
133 145
133 146
133 147
133 149
133 151
133 153
133 158
134 137
134 141
134 143
134 144
134 147
134 148
134 151
134 152
134 154
134 155
134 156
134 159
134 161
135 137
135 138
135 139
135 142
135 143
135 150
135 151
135 152
135 153
135 154
135 158
135 161
136 137
136 138
136 145
136 146
136 158
137 138
137 139
137 141
137 149
137 150
137 151
137 153
137 154
137 158
137 161
138 146
138 147
138 150
138 151
138 152
138 157
138 159
138 161
139 141
139 145
139 146
139 148
139 149
139 150
139 153
139 154
139 157
140 157
140 161
141 143
141 146
141 151
141 152
141 154
141 158
141 159
142 143
142 145
142 150
142 153
142 157
142 161
143 148
143 158
143 161
145 146
145 147
145 149
145 157
145 158
145 160
145 161
146 147
146 150
146 154
146 155
146 157
146 158
147 149
147 151
147 152
147 154
147 159
148 152
148 153
148 154
148 156
148 157
148 158
149 150
149 157
149 160
149 161
150 151
150 153
150 158
150 160
151 153
151 154
151 158
151 159
151 160
152 155
152 159
154 156
154 157
154 159
154 161
155 157
155 158
157 160
157 161
158 159
158 161
159 160
159 161
