0 7
0 16
0 20
0 23
0 26
0 32
0 49
0 51
0 52
0 54
0 55
0 57
0 58
0 65
0 72
0 74
0 82
0 92
0 93
0 95
0 101
0 107
0 108
0 110
0 111
0 118
0 123
0 135
0 138
0 140
0 141
0 147
0 154
0 157
1 6
1 10
1 12
1 14
1 24
1 27
1 32
1 33
1 36
1 38
1 39
1 45
1 49
1 52
1 54
1 55
1 56
1 59
1 63
1 65
1 75
1 77
1 79
1 80
1 86
1 87
1 94
1 96
1 97
1 101
1 104
1 105
1 113
1 114
1 115
1 118
1 121
1 125
1 129
1 133
1 134
1 136
1 153
1 160
1 161
2 6
2 7
2 12
2 21
2 30
2 40
2 54
2 58
2 63
2 74
2 77
2 84
2 102
2 107
2 112
2 115
2 118
2 119
2 129
2 131
2 134
2 135
2 137
2 139
2 140
2 161
3 4
3 7
3 14
3 17
3 23
3 26
3 29
3 40
3 49
3 53
3 55
3 65
3 68
3 69
3 70
3 75
3 77
3 83
3 91
3 94
3 97
3 112
3 125
3 128
3 129
3 133
3 142
3 146
3 151
3 152
3 154
3 158
3 159
4 6
4 7
4 8
4 11
4 14
4 19
4 29
4 30
4 31
4 32
4 35
4 36
4 38
4 39
4 44
4 45
4 54
4 56
4 58
4 59
4 63
4 66
4 67
4 68
4 70
4 72
4 74
4 83
4 84
4 89
4 91
4 94
4 97
4 106
4 114
4 117
4 118
4 119
4 122
4 125
4 128
4 133
4 136
4 139
4 146
4 147
4 148
4 149
4 151
4 152
4 153
4 154
4 158
4 159
4 160
4 161
5 6
5 10
5 16
5 25
5 36
5 40
5 41
5 51
5 58
5 61
5 62
5 67
5 72
5 74
5 82
5 86
5 87
5 97
5 106
5 107
5 123
5 129
5 130
5 142
5 160
5 161
6 9
6 11
6 13
6 21
6 23
6 25
6 28
6 30
6 35
6 38
6 41
6 44
6 45
6 50
6 53
6 55
6 61
6 64
6 65
6 66
6 67
6 69
6 70
6 75
6 76
6 77
6 84
6 88
6 91
6 93
6 94
6 102
6 104
6 109
6 111
6 114
6 115
6 116
6 118
6 119
6 120
6 133
6 137
6 138
6 141
6 142
6 145
6 147
6 150
6 151
6 157
6 158
6 161
7 11
7 15
7 21
7 22
7 27
7 32
7 33
7 36
7 39
7 40
7 42
7 43
7 44
7 45
7 50
7 51
7 52
7 53
7 54
7 55
7 58
7 61
7 65
7 66
7 67
7 70
7 72
7 78
7 79
7 80
7 85
7 86
7 88
7 97
7 100
7 105
7 106
7 107
7 110
7 113
7 122
7 126
7 133
7 136
7 137
7 138
7 140
7 141
7 142
7 146
7 147
7 148
7 150
7 153
7 154
7 155
7 156
7 158
8 13
8 16
8 23
8 30
8 44
8 49
8 56
8 58
8 66
8 67
8 72
8 101
8 102
8 108
8 112
8 114
8 127
8 133
8 148
8 152
8 153
8 155
9 13
9 14
9 16
9 17
9 19
9 20
9 21
9 26
9 36
9 37
9 38
9 47
9 48
9 51
9 53
9 54
9 58
9 61
9 62
9 65
9 67
9 68
9 69
9 71
9 79
9 82
9 84
9 86
9 87
9 89
9 94
9 95
9 97
9 98
9 104
9 114
9 115
9 116
9 122
9 124
9 125
9 126
9 128
9 134
9 141
9 142
9 149
9 153
9 154
9 158
9 159
10 14
10 20
10 21
10 31
10 32
10 35
10 36
10 40
10 55
10 58
10 63
10 65
10 68
10 72
10 74
10 80
10 94
10 95
10 99
10 102
10 103
10 105
10 114
10 115
10 122
10 125
10 130
10 131
10 134
10 135
10 139
10 145
10 149
10 154
10 158
10 159
11 13
11 14
11 16
11 18
11 19
11 21
11 32
11 36
11 38
11 44
11 50
11 51
11 53
11 54
11 56
11 57
11 59
11 63
11 64
11 67
11 68
11 69
11 77
11 79
11 91
11 92
11 93
11 97
11 99
11 101
11 102
11 105
11 106
11 108
11 109
11 114
11 115
11 116
11 122
11 124
11 128
11 129
11 131
11 132
11 134
11 135
11 137
11 138
11 139
11 140
11 141
11 142
11 149
11 150
11 155
11 156
11 161
12 13
12 19
12 21
12 22
12 25
12 26
12 28
12 30
12 33
12 35
12 37
12 43
12 44
12 45
12 47
12 52
12 63
12 65
12 66
12 67
12 68
12 70
12 72
12 82
12 83
12 97
12 101
12 102
12 104
12 105
12 106
12 107
12 111
12 122
12 124
12 127
12 134
12 141
12 146
12 147
12 151
12 152
12 153
12 157
12 160
13 18
13 32
13 38
13 46
13 48
13 49
13 53
13 59
13 60
13 64
13 66
13 67
13 70
13 76
13 94
13 98
13 99
13 102
13 111
13 112
13 118
13 125
13 133
13 137
13 139
13 145
13 146
13 151
13 152
13 153
14 19
14 20
14 26
14 31
14 32
14 38
14 39
14 40
14 42
14 43
14 45
14 49
14 51
14 53
14 56
14 58
14 60
14 63
14 68
14 74
14 79
14 85
14 86
14 87
14 88
14 89
14 91
14 93
14 96
14 105
14 108
14 109
14 111
14 113
14 116
14 125
14 126
14 128
14 129
14 131
14 133
14 134
14 136
14 138
14 142
14 145
14 146
14 147
14 149
14 152
14 153
14 158
14 160
14 161
15 30
15 35
15 51
15 56
15 65
15 66
15 82
15 87
15 89
15 103
15 104
15 106
15 128
15 131
15 134
15 142
15 152
15 154
15 157
15 160
15 161
16 35
16 37
16 44
16 49
16 55
16 62
16 64
16 65
16 66
16 67
16 68
16 71
16 73
16 80
16 85
16 88
16 94
16 98
16 99
16 104
16 109
16 117
16 129
16 137
16 145
16 146
16 152
16 161
17 25
17 31
17 38
17 42
17 55
17 56
17 58
17 65
17 68
17 69
17 73
17 82
17 89
17 92
17 94
17 97
17 105
17 108
17 118
17 125
17 136
17 139
17 148
17 149
18 22
18 25
18 26
18 27
18 31
18 32
18 36
18 38
18 39
18 45
18 49
18 50
18 52
18 54
18 57
18 58
18 61
18 67
18 68
18 70
18 72
18 74
18 77
18 79
18 80
18 88
18 92
18 93
18 94
18 96
18 106
18 108
18 109
18 117
18 118
18 121
18 122
18 131
18 134
18 136
18 138
18 139
18 142
18 145
18 146
18 151
18 152
18 154
18 157
18 161
19 21
19 26
19 27
19 30
19 31
19 32
19 36
19 37
19 43
19 47
19 50
19 58
19 61
19 63
19 64
19 66
19 67
19 69
19 70
19 71
19 76
19 79
19 82
19 84
19 85
19 90
19 97
19 100
19 101
19 102
19 103
19 106
19 114
19 117
19 121
19 124
19 125
19 126
19 131
19 132
19 133
19 134
19 137
19 140
19 141
19 142
19 144
19 145
19 147
19 153
19 158
19 159
19 160
19 161
20 21
20 40
20 45
20 46
20 54
20 58
20 69
20 72
20 77
20 80
20 100
20 102
20 103
20 112
20 118
20 119
20 127
20 133
20 138
20 141
20 159
21 25
21 26
21 35
21 38
21 40
21 49
21 51
21 54
21 55
21 56
21 58
21 60
21 63
21 64
21 65
21 66
21 67
21 68
21 70
21 71
21 72
21 75
21 76
21 78
21 79
21 80
21 84
21 89
21 90
21 94
21 101
21 102
21 105
21 108
21 112
21 114
21 116
21 118
21 123
21 129
21 132
21 133
21 134
21 135
21 141
21 142
21 145
21 146
21 147
21 148
21 152
21 154
21 156
21 157
22 26
22 29
22 30
22 32
22 40
22 49
22 50
22 55
22 56
22 57
22 65
22 66
22 67
22 72
22 74
22 79
22 87
22 94
22 105
22 112
22 116
22 121
22 124
22 132
22 133
22 134
22 138
22 150
23 30
23 31
23 35
23 46
23 50
23 54
23 64
23 69
23 70
23 74
23 77
23 80
23 101
23 103
23 112
23 118
23 129
23 145
23 146
23 151
23 152
23 160
24 33
24 37
24 67
24 70
24 73
24 82
24 86
24 88
24 89
24 91
24 97
24 100
24 105
24 112
24 115
24 123
24 135
24 145
24 151
24 153
25 26
25 30
25 34
25 45
25 51
25 52
25 54
25 56
25 62
25 64
25 65
25 72
25 73
25 74
25 75
25 79
25 83
25 90
25 92
25 93
25 94
25 100
25 105
25 106
25 109
25 112
25 126
25 128
25 136
25 140
25 150
25 157
25 158
25 159
26 28
26 31
26 33
26 34
26 36
26 37
26 39
26 40
26 42
26 44
26 46
26 51
26 54
26 55
26 59
26 61
26 63
26 65
26 67
26 69
26 71
26 73
26 76
26 78
26 82
26 84
26 88
26 89
26 90
26 93
26 94
26 102
26 104
26 105
26 109
26 111
26 114
26 115
26 119
26 120
26 122
26 131
26 135
26 142
26 147
26 149
26 152
26 153
26 154
27 35
27 46
27 64
27 66
27 71
27 74
27 93
27 108
27 111
27 139
27 141
27 158
27 161
28 30
28 33
28 52
28 64
28 66
28 75
28 79
28 80
28 82
28 89
28 94
28 100
28 106
28 108
28 111
28 115
28 119
28 120
28 122
28 125
28 126
28 129
28 133
28 139
28 147
28 149
28 150
28 154
28 158
29 30
29 34
29 36
29 39
29 46
29 50
29 56
29 61
29 63
29 64
29 65
29 66
29 67
29 69
29 72
29 75
29 79
29 89
29 94
29 100
29 108
29 110
29 111
29 113
29 116
29 125
29 129
29 136
29 146
29 147
29 151
30 32
30 34
30 35
30 36
30 38
30 39
30 41
30 44
30 49
30 51
30 54
30 55
30 56
30 58
30 59
30 64
30 68
30 70
30 72
30 77
30 79
30 80
30 86
30 88
30 90
30 94
30 101
30 103
30 106
30 113
30 115
30 120
30 125
30 127
30 129
30 134
30 138
30 139
30 140
30 141
30 146
30 147
30 151
30 158
30 159
31 32
31 36
31 41
31 45
31 50
31 51
31 54
31 55
31 58
31 59
31 66
31 68
31 69
31 70
31 72
31 73
31 74
31 75
31 79
31 80
31 82
31 87
31 89
31 91
31 93
31 94
31 96
31 97
31 100
31 101
31 102
31 106
31 108
31 109
31 112
31 113
31 114
31 117
31 124
31 125
31 129
31 130
31 131
31 133
31 134
31 136
31 138
31 145
31 146
31 147
31 148
31 149
31 151
31 152
31 153
31 154
31 159
32 35
32 38
32 40
32 41
32 42
32 49
32 50
32 51
32 52
32 55
32 56
32 62
32 63
32 64
32 65
32 66
32 67
32 70
32 72
32 74
32 76
32 78
32 83
32 84
32 86
32 87
32 90
32 92
32 93
32 99
32 103
32 106
32 107
32 109
32 114
32 116
32 117
32 118
32 126
32 134
32 139
32 141
32 143
32 149
32 152
32 157
32 158
32 159
33 39
33 45
33 67
33 70
33 71
33 76
33 89
33 91
33 92
33 95
33 96
33 99
33 102
33 105
33 110
33 115
33 129
33 137
33 151
33 157
34 35
34 43
34 45
34 47
34 54
34 56
34 58
34 59
34 61
34 64
34 67
34 75
34 77
34 78
34 79
34 81
34 88
34 89
34 92
34 96
34 100
34 101
34 105
34 107
34 109
34 118
34 129
34 131
34 133
34 135
34 137
34 145
34 150
34 151
34 152
34 154
34 157
34 158
34 160
35 36
35 38
35 40
35 43
35 49
35 51
35 55
35 57
35 59
35 63
35 64
35 65
35 67
35 69
35 73
35 74
35 77
35 79
35 86
35 87
35 89
35 100
35 102
35 106
35 109
35 110
35 111
35 112
35 113
35 117
35 118
35 125
35 126
35 130
35 132
35 134
35 135
35 142
35 143
35 145
35 152
35 154
35 155
35 156
35 157
35 158
35 159
35 161
36 39
36 40
36 46
36 48
36 49
36 50
36 51
36 56
36 64
36 65
36 67
36 68
36 69
36 74
36 75
36 81
36 84
36 94
36 97
36 100
36 101
36 104
36 105
36 106
36 111
36 122
36 126
36 129
36 133
36 135
36 137
36 142
36 145
36 150
36 151
36 154
36 157
36 160
37 40
37 42
37 54
37 56
37 58
37 59
37 67
37 68
37 69
37 72
37 73
37 75
37 77
37 79
37 84
37 87
37 89
37 91
37 92
37 107
37 109
37 115
37 118
37 125
37 133
37 135
37 142
37 160
37 161
38 39
38 42
38 45
38 46
38 50
38 54
38 57
38 58
38 61
38 64
38 65
38 66
38 67
38 69
38 70
38 72
38 74
38 75
38 78
38 79
38 82
38 89
38 90
38 92
38 94
38 97
38 103
38 104
38 106
38 108
38 113
38 115
38 117
38 118
38 119
38 120
38 124
38 133
38 136
38 138
38 145
38 147
38 152
38 155
38 157
38 158
39 40
39 44
39 48
39 49
39 54
39 58
39 63
39 64
39 65
39 68
39 69
39 71
39 72
39 76
39 84
39 85
39 97
39 100
39 105
39 108
39 109
39 112
39 113
39 114
39 115
39 117
39 125
39 129
39 134
39 138
39 141
39 142
39 144
39 146
39 151
39 152
39 154
39 157
40 41
40 54
40 55
40 56
40 57
40 58
40 59
40 60
40 63
40 64
40 66
40 67
40 69
40 71
40 74
40 75
40 78
40 82
40 84
40 87
40 89
40 91
40 93
40 98
40 102
40 112
40 115
40 116
40 117
40 121
40 129
40 133
40 136
40 142
40 147
40 149
40 151
40 155
40 157
40 158
41 42
41 54
41 63
41 66
41 68
41 76
41 81
41 92
41 94
41 97
41 99
41 111
41 115
41 117
41 132
41 135
41 137
41 151
41 152
42 43
42 45
42 52
42 57
42 59
42 61
42 63
42 67
42 68
42 72
42 73
42 74
42 82
42 89
42 90
42 96
42 97
42 98
42 102
42 106
42 107
42 110
42 113
42 114
42 115
42 117
42 119
42 133
42 138
42 141
42 161
43 49
43 56
43 59
43 60
43 63
43 65
43 67
43 70
43 74
43 81
43 83
43 89
43 93
43 96
43 101
43 102
43 103
43 105
43 108
43 109
43 112
43 113
43 118
43 120
43 123
43 125
43 129
43 130
43 134
43 139
43 146
43 149
43 154
43 155
43 157
43 158
44 46
44 54
44 58
44 63
44 65
44 66
44 68
44 70
44 72
44 74
44 75
44 81
44 85
44 90
44 94
44 97
44 98
44 100
44 104
44 112
44 113
44 114
44 115
44 126
44 129
44 131
44 132
44 135
44 136
44 141
44 145
44 147
44 154
44 157
44 158
44 161
45 49
45 52
45 54
45 55
45 56
45 60
45 63
45 64
45 65
45 66
45 70
45 72
45 74
45 77
45 80
45 82
45 84
45 85
45 86
45 91
45 94
45 96
45 97
45 98
45 101
45 102
45 103
45 105
45 106
45 109
45 113
45 117
45 127
45 137
45 138
45 139
45 141
45 142
45 146
45 148
45 149
45 151
45 152
45 154
45 157
45 161
46 50
46 53
46 54
46 55
46 56
46 61
46 64
46 71
46 72
46 76
46 82
46 85
46 87
46 88
46 98
46 99
46 102
46 105
46 112
46 116
46 117
46 129
46 131
46 133
46 134
46 137
46 138
46 143
46 151
47 51
47 61
47 70
47 73
47 82
47 83
47 103
47 105
47 106
47 109
47 110
47 111
48 51
48 66
48 68
48 70
48 74
48 100
48 102
48 107
48 108
48 109
48 112
48 113
48 118
48 125
48 134
48 137
48 146
49 50
49 58
49 59
49 60
49 61
49 64
49 66
49 67
49 69
49 70
49 72
49 73
49 74
49 77
49 78
49 79
49 80
49 84
49 89
49 93
49 94
49 95
49 103
49 105
49 106
49 109
49 110
49 111
49 112
49 113
49 114
49 115
49 117
49 118
49 119
49 120
49 122
49 123
49 125
49 126
49 128
49 131
49 133
49 134
49 135
49 138
49 139
49 140
49 142
49 145
49 149
49 150
49 151
49 153
49 158
49 160
50 54
50 63
50 64
50 67
50 68
50 71
50 72
50 73
50 74
50 79
50 84
50 86
50 88
50 94
50 96
50 99
50 100
50 102
50 104
50 107
50 110
50 113
50 116
50 117
50 118
50 125
50 129
50 131
50 134
50 137
50 139
50 140
50 145
50 147
50 151
50 153
50 157
51 57
51 58
51 59
51 63
51 64
51 68
51 70
51 71
51 72
51 75
51 79
51 80
51 84
51 85
51 88
51 89
51 91
51 92
51 95
51 96
51 98
51 99
51 103
51 104
51 105
51 106
51 107
51 108
51 109
51 112
51 113
51 115
51 116
51 118
51 125
51 126
51 128
51 130
51 132
51 134
51 137
51 145
51 146
51 148
51 152
51 155
51 158
51 159
51 161
52 56
52 60
52 64
52 67
52 77
52 80
52 86
52 90
52 93
52 97
52 98
52 101
52 104
52 105
52 114
52 131
52 132
52 134
52 139
52 142
52 146
52 147
52 149
52 151
52 152
52 154
52 156
52 160
53 54
53 55
53 58
53 59
53 64
53 69
53 70
53 74
53 80
53 91
53 100
53 101
53 106
53 111
53 113
53 115
53 129
53 136
53 138
53 141
53 147
53 148
53 153
53 158
53 161
54 55
54 56
54 57
54 63
54 65
54 66
54 67
54 68
54 69
54 70
54 71
54 72
54 77
54 79
54 80
54 86
54 88
54 90
54 94
54 97
54 101
54 102
54 105
54 106
54 107
54 110
54 111
54 113
54 114
54 116
54 117
54 118
54 120
54 128
54 129
54 131
54 133
54 134
54 135
54 137
54 138
54 139
54 142
54 147
54 151
54 152
54 153
54 154
54 158
54 160
55 60
55 61
55 64
55 68
55 75
55 77
55 79
55 94
55 95
55 101
55 105
55 109
55 112
55 115
55 116
55 118
55 128
55 130
55 132
55 133
55 134
55 135
55 137
55 138
55 146
55 149
55 152
55 154
55 156
55 158
55 159
55 160
56 58
56 59
56 61
56 65
56 70
56 73
56 74
56 75
56 77
56 79
56 84
56 89
56 93
56 95
56 96
56 98
56 100
56 102
56 106
56 112
56 114
56 115
56 117
56 121
56 122
56 128
56 129
56 130
56 131
56 132
56 133
56 134
56 137
56 146
56 149
56 150
56 151
56 153
56 154
56 158
56 159
56 161
57 58
57 68
57 69
57 74
57 75
57 77
57 85
57 88
57 94
57 100
57 102
57 111
57 114
57 119
57 129
57 131
57 137
57 148
57 150
57 158
58 64
58 67
58 69
58 70
58 71
58 73
58 74
58 77
58 84
58 87
58 94
58 99
58 101
58 105
58 106
58 107
58 112
58 114
58 116
58 117
58 118
58 122
58 123
58 125
58 129
58 149
58 150
58 151
58 152
58 154
58 156
58 159
58 161
59 63
59 64
59 65
59 66
59 67
59 70
59 73
59 87
59 88
59 89
59 94
59 101
59 102
59 104
59 106
59 107
59 113
59 114
59 115
59 116
59 117
59 122
59 129
59 133
59 137
59 139
59 145
59 151
59 152
59 153
59 160
60 71
60 72
60 98
60 102
60 113
60 115
60 157
60 161
61 68
61 73
61 77
61 79
61 80
61 85
61 91
61 92
61 93
61 97
61 108
61 109
61 118
61 134
61 135
61 137
61 139
61 142
61 143
61 149
61 151
61 153
61 157
61 159
62 63
62 64
62 67
62 68
62 71
62 82
62 89
62 91
62 92
62 99
62 100
62 101
62 104
62 108
62 113
62 114
62 115
62 116
62 130
62 133
62 140
62 142
62 152
62 154
62 158
62 160
63 64
63 67
63 68
63 69
63 72
63 76
63 77
63 79
63 84
63 89
63 102
63 105
63 109
63 110
63 114
63 115
63 116
63 117
63 125
63 126
63 130
63 135
63 139
63 140
63 142
63 146
63 148
63 151
63 157
63 160
64 65
64 66
64 68
64 69
64 71
64 72
64 77
64 79
64 82
64 83
64 85
64 89
64 91
64 96
64 98
64 100
64 108
64 110
64 114
64 115
64 117
64 118
64 122
64 125
64 126
64 131
64 133
64 139
64 141
64 145
64 147
64 148
64 157
64 158
64 159
64 160
64 161
65 68
65 69
65 75
65 83
65 84
65 86
65 87
65 89
65 93
65 98
65 99
65 106
65 108
65 112
65 113
65 114
65 117
65 119
65 122
65 123
65 125
65 130
65 131
65 135
65 138
65 139
65 140
65 142
65 144
65 154
65 158
65 160
65 161
66 67
66 68
66 69
66 72
66 74
66 87
66 89
66 95
66 100
66 102
66 108
66 116
66 118
66 131
66 133
66 138
66 141
66 142
66 143
66 146
66 151
66 152
66 154
66 157
66 159
67 68
67 69
67 71
67 74
67 75
67 76
67 79
67 84
67 87
67 89
67 94
67 95
67 97
67 99
67 100
67 101
67 102
67 110
67 111
67 112
67 113
67 117
67 118
67 123
67 125
67 126
67 127
67 128
67 133
67 136
67 137
67 138
67 139
67 146
67 150
67 151
67 152
67 155
67 161
68 74
68 77
68 88
68 91
68 92
68 98
68 99
68 102
68 103
68 107
68 108
68 109
68 111
68 112
68 113
68 114
68 115
68 116
68 117
68 118
68 123
68 129
68 130
68 131
68 132
68 133
68 134
68 135
68 137
68 140
68 141
68 143
68 144
68 145
68 146
68 150
68 151
68 153
68 154
68 155
68 157
68 158
68 159
68 160
69 72
69 74
69 80
69 86
69 91
69 99
69 101
69 102
69 103
69 105
69 111
69 116
69 117
69 118
69 120
69 123
69 125
69 131
69 133
69 136
69 137
69 139
69 141
69 150
69 153
69 154
69 157
69 159
69 160
69 161
70 72
70 73
70 74
70 77
70 82
70 85
70 86
70 88
70 89
70 90
70 93
70 94
70 96
70 98
70 99
70 103
70 106
70 109
70 113
70 114
70 115
70 118
70 125
70 126
70 131
70 133
70 135
70 137
70 138
70 140
70 141
70 142
70 147
70 149
70 150
70 151
70 152
70 154
70 155
70 157
70 158
70 159
70 160
70 161
71 72
71 74
71 75
71 82
71 84
71 85
71 88
71 92
71 101
71 102
71 105
71 106
71 108
71 118
71 119
71 120
71 129
71 131
71 133
71 134
71 135
71 139
71 146
71 147
71 152
71 153
71 158
71 159
71 160
71 161
72 74
72 75
72 77
72 79
72 86
72 89
72 91
72 93
72 97
72 102
72 103
72 105
72 108
72 109
72 114
72 115
72 118
72 126
72 127
72 128
72 130
72 131
72 133
72 134
72 137
72 142
72 145
72 147
72 150
72 158
72 160
73 74
73 75
73 79
73 80
73 84
73 85
73 94
73 97
73 98
73 103
73 108
73 111
73 113
73 116
73 118
73 124
73 125
73 127
73 133
73 134
73 135
73 137
73 139
73 140
73 149
73 151
73 154
73 157
73 158
74 75
74 76
74 77
74 81
74 85
74 86
74 89
74 94
74 95
74 97
74 99
74 100
74 102
74 105
74 106
74 107
74 108
74 110
74 114
74 115
74 117
74 125
74 126
74 127
74 128
74 129
74 131
74 133
74 134
74 135
74 141
74 142
74 143
74 146
74 147
74 148
74 151
74 153
74 154
74 157
74 158
74 159
74 161
75 77
75 87
75 89
75 90
75 98
75 99
75 102
75 103
75 104
75 106
75 108
75 112
75 113
75 114
75 125
75 128
75 138
75 140
75 141
75 142
75 148
75 155
75 159
76 77
76 79
76 89
76 99
76 116
76 133
76 137
76 141
76 142
76 145
76 146
76 147
76 151
76 153
76 154
76 161
77 84
77 85
77 86
77 90
77 95
77 99
77 101
77 102
77 112
77 115
77 117
77 118
77 127
77 129
77 131
77 138
77 142
77 143
77 145
77 147
77 150
77 152
77 156
77 157
77 160
78 89
78 90
78 97
78 100
78 129
78 134
78 135
78 144
78 145
78 150
78 152
79 80
79 86
79 87
79 93
79 94
79 97
79 100
79 101
79 102
79 103
79 104
79 107
79 108
79 110
79 111
79 115
79 117
79 125
79 129
79 133
79 134
79 135
79 137
79 140
79 141
79 142
79 144
79 147
79 151
79 152
79 153
79 157
79 158
79 159
79 160
80 83
80 84
80 85
80 94
80 98
80 102
80 105
80 107
80 112
80 114
80 117
80 127
80 133
80 135
80 142
80 150
80 151
80 154
80 158
80 161
81 89
81 93
81 99
81 114
81 116
81 120
81 145
81 152
82 94
82 97
82 98
82 108
82 110
82 113
82 114
82 116
82 117
82 125
82 128
82 134
82 139
82 142
82 144
82 147
83 88
83 94
83 106
83 108
83 110
83 114
83 125
83 130
83 139
83 145
83 150
83 153
83 158
84 89
84 91
84 92
84 93
84 95
84 98
84 99
84 102
84 103
84 105
84 115
84 116
84 125
84 129
84 136
84 137
84 138
84 143
84 147
84 148
84 150
84 151
84 152
84 158
84 159
85 89
85 90
85 94
85 96
85 101
85 104
85 113
85 116
85 117
85 126
85 128
85 129
85 133
85 134
85 142
85 146
85 149
85 151
85 160
86 87
86 98
86 104
86 106
86 108
86 112
86 115
86 121
86 126
86 127
86 134
86 137
86 152
86 157
87 89
87 94
87 99
87 100
87 102
87 117
87 118
87 129
87 131
87 133
87 137
87 139
87 141
87 146
87 150
87 157
87 159
87 160
88 89
88 94
88 97
88 100
88 101
88 106
88 109
88 115
88 124
88 129
88 134
88 138
88 142
88 153
88 156
89 94
89 95
89 97
89 98
89 99
89 103
89 105
89 106
89 108
89 114
89 115
89 116
89 120
89 123
89 136
89 137
89 138
89 141
89 142
89 143
89 146
89 147
89 150
89 152
89 153
89 154
89 157
90 99
90 101
90 104
90 113
90 115
90 117
90 128
90 136
90 142
90 149
90 152
90 160
91 94
91 95
91 99
91 109
91 110
91 114
91 127
91 129
91 131
91 135
91 136
91 137
91 143
91 147
91 149
91 152
91 158
92 94
92 95
92 97
92 99
92 101
92 105
92 113
92 129
92 136
92 137
92 142
92 147
92 149
92 152
92 158
92 159
92 160
93 97
93 101
93 103
93 108
93 110
93 111
93 112
93 116
93 117
93 118
93 134
93 136
93 143
93 145
93 151
93 153
93 154
93 155
93 158
93 161
94 95
94 98
94 104
94 105
94 107
94 111
94 114
94 117
94 120
94 122
94 124
94 125
94 126
94 128
94 131
94 133
94 136
94 138
94 139
94 143
94 144
94 145
94 147
94 149
94 150
94 151
94 152
94 158
94 160
94 161
95 97
95 99
95 106
95 112
95 118
95 132
95 133
95 134
95 137
95 147
95 155
96 107
96 108
96 113
96 115
96 118
96 122
96 137
96 139
96 145
96 147
96 152
96 153
97 101
97 105
97 106
97 108
97 109
97 112
97 115
97 117
97 122
97 125
97 129
97 131
97 135
97 136
97 137
97 143
97 147
97 148
97 151
97 153
97 154
97 157
97 160
97 161
98 112
98 115
98 125
98 127
98 129
98 131
98 137
98 138
98 144
98 146
99 102
99 112
99 117
99 118
99 123
99 126
99 129
99 131
99 134
99 137
99 138
99 139
99 143
99 154
99 159
99 160
100 101
100 102
100 106
100 110
100 111
100 113
100 116
100 118
100 125
100 131
100 139
100 141
100 146
100 147
100 150
100 153
100 154
100 156
100 158
101 103
101 104
101 106
101 107
101 108
101 109
101 110
101 112
101 113
101 115
101 123
101 125
101 127
101 129
101 131
101 133
101 137
101 138
101 143
101 154
101 157
101 160
101 161
102 103
102 104
102 106
102 110
102 114
102 118
102 120
102 126
102 129
102 130
102 133
102 137
102 138
102 139
102 141
102 144
102 148
102 151
102 152
102 153
102 160
103 105
103 106
103 108
103 109
103 112
103 114
103 118
103 119
103 126
103 131
103 136
103 137
103 141
103 150
103 152
103 154
103 157
103 160
104 112
104 115
104 118
104 130
104 146
104 148
104 152
104 158
104 159
104 161
105 111
105 112
105 113
105 115
105 125
105 126
105 129
105 131
105 139
105 140
105 148
105 151
105 153
105 157
105 158
106 108
106 112
106 115
106 116
106 120
106 121
106 122
106 123
106 125
106 130
106 131
106 133
106 134
106 135
106 136
106 137
106 138
106 147
106 149
106 153
106 154
106 161
107 111
107 113
107 117
107 129
107 131
107 134
107 138
107 139
107 146
107 148
107 150
107 152
107 157
107 159
108 111
108 113
108 117
108 118
108 119
108 122
108 124
108 125
108 133
108 134
108 141
108 147
108 148
108 157
108 158
108 159
109 122
109 126
109 130
109 131
109 134
109 138
109 139
109 142
109 146
109 147
109 153
109 154
109 155
109 156
109 157
109 158
109 161
110 115
110 118
110 125
110 126
110 131
110 132
110 135
110 136
110 137
110 138
110 153
111 113
111 121
111 125
111 128
111 131
111 133
111 135
111 137
111 153
111 160
111 161
112 113
112 119
112 120
112 125
112 127
112 133
112 134
112 136
112 139
112 143
112 145
112 147
112 149
112 150
112 151
112 156
112 159
112 160
113 115
113 116
113 117
113 118
113 120
113 122
113 123
113 124
113 126
113 129
113 130
113 131
113 133
113 135
113 137
113 141
113 142
113 143
113 144
113 145
113 146
113 152
113 154
113 157
113 158
114 115
114 118
114 120
114 126
114 128
114 129
114 130
114 131
114 132
114 133
114 134
114 138
114 139
114 145
114 149
114 150
114 151
114 153
114 154
114 157
114 158
114 159
114 161
115 118
115 122
115 125
115 134
115 135
115 138
115 141
115 142
115 155
115 157
115 161
116 121
116 122
116 128
116 129
116 130
116 131
116 134
116 135
116 137
116 138
116 146
116 147
116 158
117 118
117 123
117 124
117 125
117 129
117 135
117 136
117 137
117 138
117 145
117 147
117 149
117 152
118 126
118 133
118 135
118 139
118 146
118 147
118 148
118 149
118 150
118 151
118 152
118 155
119 135
119 141
119 142
119 155
120 125
120 131
120 136
120 146
120 151
120 155
121 123
121 133
121 134
121 148
121 150
121 152
121 153
122 137
122 143
122 155
122 158
122 159
122 160
123 135
123 137
123 138
123 145
123 149
124 127
124 142
124 153
124 154
125 126
125 128
125 134
125 141
125 148
125 149
125 150
125 156
125 157
126 129
126 131
126 133
126 134
126 145
126 150
126 159
127 133
127 137
127 138
127 144
127 146
127 149
127 150
127 152
127 154
127 160
128 138
128 141
128 142
128 145
128 149
128 150
128 154
128 157
128 159
129 133
129 135
129 139
129 141
129 142
129 145
129 146
129 151
129 154
129 157
129 159
130 135
130 138
130 146
130 160
131 133
131 136
131 143
131 149
131 152
131 157
131 158
131 159
131 161
132 137
132 150
132 159
133 134
133 138
133 139
133 140
133 141
133 143
133 145
133 152
133 155
133 156
133 157
133 159
133 160
133 161
134 137
134 141
134 142
134 148
134 152
134 155
134 159
134 161
135 137
135 140
135 141
135 146
135 151
135 153
135 156
136 138
136 142
136 153
136 155
136 160
137 138
137 139
137 140
137 143
137 146
137 147
137 150
137 152
137 153
137 154
137 155
137 157
137 158
137 159
137 161
138 141
138 145
138 149
138 151
138 152
138 157
138 158
138 161
139 141
139 142
139 145
139 147
139 148
139 149
139 150
139 152
139 155
139 159
139 161
140 142
140 151
141 147
141 148
141 149
141 160
142 143
142 145
142 146
142 150
142 154
142 159
143 145
143 147
143 148
143 149
143 150
143 157
144 149
144 159
145 146
145 150
145 154
145 157
145 160
146 149
146 151
146 157
146 161
147 149
147 153
147 154
147 157
147 160
148 151
148 154
149 150
149 151
149 152
149 154
150 158
151 154
151 161
152 153
152 154
152 157
152 158
154 155
154 158
155 159
156 158
157 161
158 161
