0 2
0 11
0 22
0 24
0 27
0 32
0 34
0 35
0 36
0 38
0 40
0 44
0 45
0 49
0 50
0 54
0 55
0 56
0 61
0 66
0 69
0 70
0 82
0 89
0 91
0 95
0 100
0 101
0 103
0 104
0 108
0 113
0 115
0 117
0 126
0 138
0 142
0 143
0 146
0 147
0 149
0 158
1 2
1 7
1 11
1 14
1 30
1 32
1 34
1 42
1 49
1 50
1 51
1 62
1 65
1 72
1 74
1 79
1 80
1 81
1 86
1 87
1 89
1 94
1 96
1 102
1 106
1 108
1 109
1 124
1 125
1 128
1 130
1 131
1 134
1 135
1 139
1 140
1 142
1 145
1 151
1 152
1 154
1 159
1 160
1 161
2 7
2 10
2 21
2 29
2 30
2 32
2 41
2 46
2 50
2 61
2 64
2 69
2 72
2 73
2 79
2 84
2 85
2 87
2 89
2 91
2 94
2 96
2 109
2 111
2 113
2 134
2 135
2 138
2 142
2 152
2 157
3 5
3 7
3 26
3 30
3 34
3 35
3 38
3 45
3 50
3 52
3 54
3 59
3 63
3 67
3 69
3 72
3 74
3 83
3 97
3 101
3 102
3 106
3 111
3 119
3 125
3 129
3 131
3 134
3 139
3 141
3 143
3 144
3 145
3 152
3 153
3 154
3 161
4 7
4 8
4 12
4 21
4 22
4 26
4 27
4 28
4 32
4 36
4 39
4 43
4 44
4 49
4 52
4 55
4 61
4 63
4 67
4 68
4 72
4 73
4 74
4 76
4 80
4 84
4 89
4 91
4 92
4 95
4 96
4 98
4 102
4 105
4 109
4 112
4 113
4 114
4 115
4 116
4 117
4 118
4 119
4 131
4 135
4 138
4 141
4 144
4 146
4 147
4 150
4 151
4 154
4 161
5 6
5 14
5 16
5 30
5 34
5 35
5 65
5 79
5 91
5 96
5 103
5 105
5 106
5 112
5 113
5 127
5 142
5 147
5 152
6 7
6 9
6 12
6 15
6 18
6 19
6 20
6 21
6 25
6 26
6 28
6 31
6 36
6 39
6 40
6 44
6 45
6 51
6 54
6 55
6 56
6 59
6 61
6 68
6 69
6 70
6 71
6 72
6 75
6 78
6 79
6 81
6 86
6 88
6 91
6 92
6 94
6 98
6 99
6 102
6 105
6 106
6 109
6 112
6 113
6 114
6 115
6 117
6 118
6 119
6 121
6 124
6 125
6 127
6 128
6 130
6 131
6 142
6 147
6 150
6 153
6 154
6 155
6 158
6 159
7 9
7 10
7 11
7 12
7 14
7 17
7 20
7 22
7 23
7 29
7 34
7 35
7 38
7 40
7 41
7 42
7 43
7 45
7 46
7 49
7 51
7 53
7 54
7 55
7 58
7 63
7 65
7 66
7 67
7 68
7 69
7 70
7 71
7 73
7 74
7 75
7 76
7 79
7 87
7 90
7 96
7 97
7 99
7 100
7 101
7 105
7 106
7 108
7 110
7 112
7 114
7 117
7 118
7 122
7 131
7 133
7 135
7 136
7 137
7 138
7 144
7 147
7 152
7 154
7 155
7 158
7 159
7 160
8 21
8 29
8 30
8 40
8 45
8 54
8 55
8 61
8 65
8 82
8 84
8 94
8 102
8 115
8 118
8 121
8 129
8 130
8 138
8 150
8 152
8 160
9 10
9 11
9 16
9 21
9 25
9 30
9 31
9 42
9 43
9 45
9 54
9 63
9 71
9 72
9 73
9 76
9 81
9 84
9 89
9 91
9 94
9 98
9 101
9 105
9 108
9 109
9 111
9 113
9 114
9 115
9 120
9 121
9 122
9 123
9 126
9 128
9 133
9 134
9 135
9 137
9 142
9 145
9 147
9 148
9 153
9 154
9 158
9 161
10 12
10 19
10 30
10 31
10 32
10 39
10 50
10 51
10 62
10 64
10 65
10 66
10 67
10 68
10 70
10 77
10 79
10 80
10 88
10 91
10 94
10 99
10 100
10 101
10 103
10 106
10 112
10 117
10 118
10 119
10 121
10 122
10 131
10 133
10 136
10 137
10 138
10 141
10 142
10 143
10 147
10 157
10 161
11 13
11 34
11 38
11 39
11 42
11 46
11 47
11 50
11 52
11 53
11 54
11 55
11 58
11 59
11 60
11 61
11 64
11 65
11 67
11 70
11 71
11 72
11 74
11 79
11 80
11 82
11 83
11 88
11 108
11 112
11 115
11 117
11 118
11 119
11 129
11 131
11 133
11 136
11 139
11 141
11 145
11 147
11 148
11 149
11 150
11 153
11 154
11 155
11 157
11 159
12 15
12 17
12 18
12 21
12 28
12 45
12 49
12 50
12 51
12 55
12 64
12 65
12 67
12 72
12 77
12 82
12 94
12 95
12 96
12 100
12 102
12 103
12 105
12 119
12 122
12 125
12 126
12 127
12 135
12 137
12 138
12 145
12 159
12 160
13 19
13 22
13 25
13 26
13 35
13 36
13 38
13 39
13 40
13 45
13 49
13 50
13 51
13 55
13 61
13 64
13 65
13 68
13 70
13 77
13 80
13 87
13 88
13 91
13 92
13 94
13 100
13 101
13 103
13 108
13 112
13 122
13 145
13 146
13 149
13 151
13 153
13 157
13 159
14 19
14 22
14 23
14 25
14 26
14 27
14 29
14 32
14 33
14 35
14 36
14 38
14 42
14 45
14 46
14 49
14 51
14 54
14 55
14 58
14 59
14 61
14 63
14 64
14 65
14 70
14 71
14 72
14 73
14 75
14 79
14 82
14 83
14 84
14 86
14 87
14 89
14 91
14 92
14 93
14 94
14 98
14 101
14 102
14 104
14 105
14 108
14 109
14 111
14 112
14 113
14 115
14 116
14 117
14 118
14 120
14 125
14 127
14 128
14 129
14 131
14 134
14 135
14 136
14 137
14 138
14 139
14 142
14 144
14 145
14 147
14 148
14 149
14 150
14 152
14 154
14 157
15 25
15 54
15 66
15 67
15 77
15 78
15 79
15 80
15 90
15 91
15 94
15 101
15 102
15 108
15 112
15 127
15 133
15 135
15 137
15 141
15 142
15 148
15 151
15 152
16 24
16 34
16 40
16 42
16 43
16 49
16 53
16 55
16 58
16 63
16 66
16 67
16 84
16 89
16 91
16 93
16 96
16 101
16 102
16 112
16 113
16 119
16 134
16 135
16 138
16 145
16 153
17 35
17 63
17 65
17 66
17 71
17 78
17 79
17 89
17 93
17 97
17 102
17 112
17 116
17 129
17 135
17 147
17 152
17 153
17 154
17 157
17 160
17 161
18 19
18 21
18 24
18 25
18 27
18 28
18 29
18 34
18 40
18 56
18 58
18 61
18 62
18 63
18 66
18 67
18 75
18 82
18 85
18 88
18 89
18 90
18 91
18 92
18 102
18 105
18 106
18 107
18 108
18 109
18 111
18 112
18 113
18 117
18 118
18 125
18 136
18 137
18 138
18 139
18 141
18 143
18 147
18 153
18 160
19 21
19 23
19 25
19 26
19 36
19 38
19 39
19 43
19 51
19 54
19 56
19 65
19 68
19 73
19 74
19 80
19 84
19 89
19 91
19 93
19 95
19 97
19 103
19 105
19 106
19 108
19 112
19 113
19 114
19 115
19 118
19 121
19 129
19 132
19 137
19 138
19 141
19 142
19 143
19 145
19 147
19 148
19 149
19 150
19 151
19 152
19 154
19 155
19 156
19 158
19 159
19 161
20 21
20 31
20 35
20 48
20 62
20 64
20 67
20 69
20 75
20 76
20 88
20 89
20 92
20 102
20 107
20 114
20 125
20 129
20 134
20 135
20 137
20 139
20 144
20 146
20 154
20 159
21 24
21 26
21 27
21 29
21 30
21 33
21 35
21 36
21 42
21 46
21 49
21 52
21 53
21 54
21 55
21 56
21 58
21 64
21 65
21 66
21 67
21 68
21 72
21 73
21 75
21 79
21 80
21 81
21 85
21 90
21 91
21 94
21 99
21 100
21 102
21 108
21 109
21 113
21 114
21 115
21 118
21 123
21 126
21 130
21 131
21 134
21 136
21 138
21 141
21 142
21 145
21 148
21 152
21 153
21 154
21 158
21 159
22 25
22 26
22 44
22 48
22 50
22 51
22 55
22 59
22 60
22 63
22 65
22 70
22 75
22 77
22 94
22 103
22 104
22 105
22 106
22 109
22 111
22 112
22 113
22 117
22 125
22 129
22 131
22 133
22 134
22 150
22 152
22 157
22 158
22 159
22 160
23 24
23 26
23 27
23 31
23 32
23 40
23 44
23 45
23 46
23 52
23 61
23 65
23 66
23 68
23 71
23 74
23 94
23 100
23 102
23 113
23 131
23 138
23 146
23 152
23 156
23 160
24 25
24 29
24 31
24 35
24 37
24 42
24 48
24 56
24 57
24 61
24 65
24 67
24 77
24 95
24 97
24 99
24 104
24 107
24 108
24 112
24 113
24 115
24 117
24 127
24 129
24 133
24 134
24 136
24 137
24 149
24 150
24 151
24 152
24 156
24 157
24 159
25 26
25 31
25 32
25 48
25 49
25 52
25 55
25 56
25 62
25 72
25 73
25 74
25 77
25 78
25 81
25 84
25 91
25 93
25 97
25 99
25 100
25 105
25 107
25 108
25 110
25 114
25 115
25 116
25 118
25 127
25 129
25 130
25 134
25 137
25 138
25 142
25 145
26 28
26 29
26 32
26 39
26 40
26 47
26 50
26 55
26 58
26 59
26 61
26 62
26 63
26 65
26 70
26 72
26 74
26 77
26 79
26 86
26 88
26 93
26 94
26 97
26 98
26 101
26 102
26 103
26 108
26 113
26 114
26 115
26 116
26 118
26 127
26 129
26 131
26 133
26 135
26 137
26 140
26 142
26 144
26 145
26 146
26 147
26 148
26 149
26 151
26 152
26 153
26 154
26 158
26 160
27 38
27 39
27 61
27 62
27 74
27 81
27 98
27 101
27 103
27 129
27 134
27 135
27 161
28 34
28 43
28 44
28 49
28 64
28 67
28 70
28 79
28 85
28 88
28 97
28 101
28 102
28 105
28 106
28 110
28 112
28 114
28 116
28 129
28 131
28 132
28 133
28 137
28 148
28 152
28 155
28 161
29 31
29 34
29 40
29 47
29 60
29 67
29 69
29 72
29 77
29 101
29 106
29 108
29 112
29 130
29 138
29 141
29 147
29 153
29 154
29 156
29 158
30 31
30 32
30 35
30 37
30 42
30 43
30 45
30 51
30 55
30 56
30 58
30 59
30 62
30 70
30 73
30 74
30 77
30 79
30 84
30 87
30 88
30 89
30 91
30 92
30 93
30 94
30 100
30 102
30 106
30 109
30 110
30 111
30 113
30 115
30 116
30 117
30 118
30 128
30 134
30 135
30 136
30 138
30 141
30 145
30 147
30 149
30 152
30 153
30 154
30 159
30 160
30 161
31 32
31 34
31 35
31 37
31 38
31 40
31 48
31 50
31 56
31 57
31 59
31 67
31 68
31 71
31 72
31 78
31 79
31 80
31 84
31 87
31 88
31 90
31 91
31 94
31 99
31 101
31 102
31 105
31 106
31 107
31 108
31 110
31 112
31 113
31 114
31 117
31 118
31 125
31 129
31 131
31 132
31 135
31 137
31 138
31 139
31 142
31 143
31 146
31 147
31 151
31 153
31 154
31 157
31 160
31 161
32 34
32 36
32 40
32 41
32 42
32 43
32 49
32 51
32 54
32 58
32 61
32 63
32 64
32 65
32 68
32 69
32 70
32 71
32 73
32 75
32 76
32 77
32 79
32 83
32 84
32 87
32 88
32 89
32 91
32 94
32 95
32 99
32 101
32 102
32 104
32 105
32 106
32 107
32 109
32 111
32 112
32 113
32 114
32 115
32 124
32 127
32 131
32 133
32 137
32 146
32 147
32 152
32 158
32 159
32 161
33 35
33 37
33 39
33 44
33 49
33 51
33 61
33 71
33 73
33 74
33 92
33 137
33 141
33 145
33 148
33 151
33 154
33 156
34 35
34 36
34 45
34 50
34 58
34 65
34 70
34 72
34 88
34 92
34 93
34 94
34 99
34 105
34 109
34 111
34 113
34 114
34 116
34 118
34 122
34 124
34 132
34 141
34 145
34 149
34 152
34 154
35 36
35 38
35 42
35 45
35 56
35 57
35 58
35 59
35 60
35 65
35 67
35 71
35 72
35 75
35 76
35 80
35 83
35 85
35 89
35 91
35 92
35 94
35 98
35 99
35 102
35 104
35 105
35 109
35 110
35 111
35 116
35 118
35 131
35 133
35 134
35 137
35 138
35 139
35 142
35 145
35 146
35 147
35 150
35 152
35 153
35 154
35 158
36 38
36 39
36 43
36 46
36 51
36 60
36 64
36 65
36 68
36 70
36 74
36 75
36 83
36 84
36 85
36 88
36 99
36 101
36 103
36 106
36 108
36 111
36 112
36 115
36 116
36 117
36 130
36 135
36 138
36 146
36 147
36 150
36 152
36 153
36 156
36 160
37 39
37 43
37 46
37 51
37 52
37 54
37 58
37 61
37 65
37 68
37 69
37 74
37 79
37 80
37 86
37 89
37 91
37 93
37 94
37 104
37 108
37 109
37 113
37 129
37 131
37 134
37 138
37 139
37 143
37 145
37 148
37 159
38 40
38 42
38 44
38 45
38 46
38 49
38 50
38 52
38 54
38 55
38 56
38 62
38 63
38 66
38 67
38 68
38 71
38 73
38 76
38 79
38 80
38 83
38 86
38 89
38 96
38 100
38 101
38 102
38 104
38 105
38 110
38 111
38 114
38 116
38 117
38 118
38 126
38 129
38 130
38 133
38 134
38 137
38 138
38 139
38 142
38 147
38 151
38 157
38 161
39 41
39 42
39 45
39 48
39 51
39 52
39 54
39 55
39 58
39 60
39 61
39 63
39 66
39 74
39 75
39 76
39 77
39 81
39 85
39 88
39 94
39 96
39 99
39 105
39 109
39 112
39 115
39 116
39 121
39 141
39 142
39 151
39 152
39 154
39 156
39 157
40 43
40 44
40 46
40 48
40 49
40 50
40 51
40 52
40 54
40 56
40 57
40 58
40 66
40 68
40 69
40 71
40 73
40 74
40 75
40 76
40 82
40 86
40 87
40 90
40 94
40 96
40 97
40 101
40 105
40 108
40 109
40 112
40 114
40 117
40 125
40 131
40 133
40 135
40 137
40 138
40 142
40 145
40 146
40 147
40 150
40 151
40 153
40 157
40 161
41 46
41 47
41 49
41 53
41 55
41 56
41 62
41 72
41 75
41 85
41 87
41 88
41 91
41 99
41 104
41 113
41 119
41 135
41 141
41 153
41 157
42 48
42 49
42 51
42 55
42 73
42 74
42 75
42 90
42 93
42 97
42 100
42 101
42 105
42 106
42 108
42 109
42 115
42 117
42 125
42 130
42 133
42 134
42 136
42 138
42 140
42 143
42 145
42 151
42 154
42 157
43 44
43 53
43 59
43 65
43 66
43 67
43 75
43 76
43 79
43 82
43 91
43 97
43 98
43 102
43 106
43 109
43 111
43 112
43 113
43 114
43 115
43 116
43 118
43 125
43 129
43 133
43 136
43 138
43 153
43 154
43 157
44 46
44 49
44 52
44 55
44 67
44 69
44 72
44 74
44 75
44 77
44 78
44 79
44 83
44 85
44 88
44 94
44 97
44 98
44 99
44 100
44 101
44 102
44 104
44 105
44 106
44 109
44 113
44 114
44 116
44 117
44 124
44 127
44 130
44 133
44 134
44 135
44 137
44 138
44 142
44 146
44 147
44 149
44 152
44 154
44 158
44 161
45 47
45 49
45 50
45 51
45 56
45 58
45 59
45 63
45 65
45 66
45 67
45 68
45 69
45 82
45 85
45 87
45 89
45 91
45 96
45 101
45 102
45 105
45 106
45 109
45 114
45 125
45 129
45 133
45 141
45 143
45 145
45 147
45 148
45 150
45 152
45 157
45 158
45 161
46 49
46 59
46 61
46 65
46 70
46 71
46 72
46 73
46 74
46 76
46 77
46 80
46 83
46 87
46 91
46 100
46 102
46 105
46 113
46 135
46 139
46 146
46 147
46 148
46 151
46 152
46 156
46 157
46 158
47 54
47 56
47 72
47 111
47 113
47 147
48 50
48 54
48 55
48 56
48 59
48 67
48 72
48 88
48 93
48 94
48 97
48 101
48 106
48 110
48 139
48 146
48 147
48 151
48 154
48 156
48 159
48 160
48 161
49 50
49 51
49 54
49 60
49 61
49 63
49 66
49 67
49 69
49 73
49 79
49 84
49 85
49 87
49 89
49 92
49 94
49 96
49 97
49 98
49 100
49 101
49 102
49 103
49 106
49 109
49 111
49 112
49 113
49 115
49 116
49 118
49 122
49 125
49 126
49 129
49 133
49 135
49 137
49 142
49 146
49 147
49 148
49 151
49 153
49 154
49 157
49 159
49 161
50 51
50 54
50 56
50 65
50 69
50 71
50 73
50 74
50 77
50 82
50 84
50 89
50 98
50 101
50 106
50 111
50 112
50 113
50 115
50 118
50 126
50 131
50 133
50 134
50 137
50 138
50 141
50 145
50 151
50 152
50 159
50 161
51 54
51 56
51 57
51 65
51 66
51 67
51 70
51 71
51 72
51 74
51 75
51 76
51 78
51 79
51 82
51 84
51 89
51 92
51 93
51 94
51 100
51 101
51 102
51 103
51 106
51 111
51 112
51 114
51 115
51 117
51 121
51 125
51 129
51 130
51 134
51 135
51 137
51 139
51 141
51 142
51 144
51 145
51 146
51 147
51 148
51 150
51 153
51 154
51 158
51 161
52 53
52 54
52 56
52 57
52 65
52 67
52 72
52 75
52 83
52 84
52 87
52 91
52 93
52 95
52 100
52 102
52 106
52 110
52 114
52 115
52 117
52 124
52 128
52 131
52 135
52 146
52 151
52 153
53 58
53 63
53 69
53 74
53 76
53 85
53 88
53 91
53 93
53 96
53 103
53 104
53 107
53 108
53 115
53 125
53 131
53 135
53 141
53 147
53 153
53 161
54 55
54 56
54 59
54 60
54 61
54 65
54 66
54 68
54 69
54 70
54 73
54 75
54 76
54 79
54 87
54 88
54 95
54 97
54 98
54 99
54 100
54 101
54 102
54 106
54 108
54 109
54 111
54 113
54 125
54 126
54 129
54 130
54 131
54 133
54 134
54 135
54 137
54 139
54 141
54 142
54 143
54 145
54 146
54 153
54 155
55 56
55 57
55 65
55 66
55 68
55 69
55 75
55 92
55 93
55 98
55 102
55 103
55 108
55 112
55 114
55 117
55 118
55 122
55 125
55 127
55 128
55 129
55 130
55 131
55 137
55 138
55 140
55 145
55 147
55 149
55 157
55 158
55 159
55 161
56 58
56 59
56 61
56 63
56 64
56 65
56 67
56 69
56 70
56 72
56 75
56 77
56 78
56 82
56 83
56 85
56 89
56 92
56 96
56 101
56 102
56 106
56 110
56 111
56 114
56 115
56 121
56 125
56 128
56 130
56 134
56 135
56 136
56 138
56 139
56 142
56 146
56 148
56 151
56 152
56 153
56 154
57 59
57 67
57 77
57 89
57 92
57 101
57 105
57 107
57 108
57 113
57 116
57 121
57 135
57 136
57 137
57 152
57 159
58 61
58 62
58 64
58 68
58 72
58 73
58 74
58 77
58 78
58 79
58 80
58 81
58 82
58 85
58 88
58 89
58 94
58 99
58 100
58 101
58 102
58 103
58 104
58 106
58 109
58 110
58 112
58 113
58 114
58 115
58 116
58 117
58 118
58 129
58 130
58 131
58 133
58 134
58 135
58 139
58 141
58 145
58 146
58 147
58 148
58 154
58 155
58 157
58 159
58 161
59 65
59 72
59 78
59 86
59 94
59 102
59 104
59 108
59 114
59 117
59 121
59 124
59 128
59 134
59 137
59 143
59 148
60 82
60 130
60 142
60 152
60 158
61 64
61 65
61 71
61 72
61 74
61 80
61 87
61 89
61 91
61 93
61 96
61 103
61 105
61 107
61 108
61 113
61 115
61 117
61 122
61 128
61 129
61 132
61 133
61 135
61 136
61 137
61 139
61 149
61 151
61 153
61 154
61 157
61 160
62 63
62 64
62 79
62 81
62 91
62 95
62 98
62 99
62 100
62 101
62 111
62 113
62 115
62 118
62 129
62 134
62 137
62 152
63 64
63 66
63 74
63 82
63 84
63 87
63 89
63 91
63 97
63 99
63 103
63 106
63 108
63 109
63 111
63 114
63 117
63 127
63 129
63 144
63 145
63 146
63 157
64 65
64 66
64 69
64 73
64 74
64 77
64 83
64 86
64 87
64 89
64 91
64 93
64 97
64 99
64 110
64 112
64 113
64 120
64 124
64 125
64 127
64 129
64 132
64 139
64 141
64 145
64 146
64 147
64 152
64 158
64 159
65 68
65 70
65 71
65 72
65 74
65 80
65 83
65 86
65 88
65 91
65 94
65 98
65 99
65 100
65 101
65 104
65 111
65 112
65 114
65 115
65 118
65 121
65 128
65 129
65 131
65 133
65 137
65 140
65 142
65 143
65 147
65 154
65 159
66 67
66 68
66 69
66 71
66 76
66 77
66 79
66 85
66 86
66 95
66 97
66 98
66 101
66 103
66 106
66 109
66 111
66 117
66 121
66 123
66 127
66 129
66 132
66 134
66 137
66 141
66 151
66 154
66 157
66 158
66 161
67 69
67 70
67 71
67 74
67 75
67 77
67 79
67 85
67 86
67 87
67 91
67 94
67 97
67 99
67 102
67 109
67 111
67 113
67 114
67 116
67 117
67 129
67 130
67 131
67 134
67 141
67 143
67 145
67 146
67 147
67 152
67 153
67 154
67 155
67 157
67 161
68 69
68 70
68 74
68 76
68 77
68 79
68 81
68 82
68 86
68 87
68 94
68 96
68 97
68 98
68 101
68 102
68 103
68 105
68 106
68 111
68 112
68 122
68 128
68 129
68 131
68 133
68 134
68 135
68 137
68 138
68 143
68 147
68 150
68 151
68 152
68 154
68 155
68 157
68 158
68 161
69 70
69 72
69 73
69 77
69 82
69 87
69 88
69 91
69 95
69 96
69 97
69 103
69 105
69 106
69 109
69 115
69 116
69 117
69 118
69 119
69 121
69 122
69 126
69 128
69 129
69 131
69 132
69 137
69 138
69 139
69 141
69 146
69 147
69 149
69 153
69 157
69 159
69 161
70 71
70 73
70 74
70 77
70 79
70 84
70 85
70 86
70 87
70 89
70 91
70 94
70 97
70 101
70 102
70 105
70 106
70 110
70 121
70 126
70 129
70 133
70 134
70 135
70 138
70 139
70 145
70 146
70 147
70 151
70 154
70 155
70 156
70 157
70 161
71 72
71 73
71 75
71 79
71 81
71 83
71 84
71 85
71 89
71 92
71 94
71 98
71 99
71 101
71 102
71 103
71 104
71 105
71 111
71 112
71 114
71 115
71 116
71 118
71 125
71 130
71 131
71 137
71 139
71 141
71 143
71 146
71 151
71 152
71 153
71 154
72 76
72 78
72 80
72 84
72 95
72 96
72 101
72 104
72 106
72 107
72 112
72 113
72 114
72 115
72 116
72 122
72 129
72 133
72 134
72 135
72 136
72 137
72 138
72 139
72 145
72 146
72 149
72 151
72 152
72 154
72 156
72 158
72 159
73 74
73 77
73 79
73 82
73 83
73 84
73 90
73 96
73 98
73 99
73 102
73 108
73 110
73 111
73 113
73 120
73 123
73 124
73 126
73 130
73 131
73 133
73 135
73 138
73 150
73 151
73 154
73 158
74 76
74 77
74 80
74 84
74 89
74 94
74 97
74 102
74 104
74 105
74 106
74 108
74 109
74 111
74 113
74 114
74 115
74 118
74 120
74 122
74 128
74 129
74 130
74 131
74 132
74 134
74 142
74 143
74 146
74 148
74 154
74 157
74 158
75 77
75 80
75 82
75 89
75 94
75 97
75 100
75 101
75 102
75 105
75 106
75 111
75 112
75 115
75 116
75 117
75 118
75 122
75 127
75 131
75 133
75 135
75 145
75 147
75 148
75 149
75 155
76 77
76 102
76 103
76 109
76 111
76 122
76 123
76 124
76 134
76 139
76 146
76 152
76 153
76 158
77 82
77 83
77 86
77 90
77 91
77 93
77 97
77 100
77 102
77 103
77 104
77 106
77 110
77 112
77 113
77 114
77 118
77 119
77 120
77 124
77 131
77 136
77 138
77 142
77 146
77 154
77 160
77 161
78 86
78 114
78 116
78 143
78 149
79 80
79 84
79 88
79 91
79 97
79 98
79 103
79 106
79 113
79 115
79 116
79 117
79 118
79 121
79 125
79 126
79 127
79 129
79 132
79 133
79 134
79 138
79 139
79 140
79 141
79 143
79 149
79 150
79 153
79 157
79 158
79 159
79 161
80 82
80 87
80 94
80 96
80 101
80 102
80 109
80 111
80 112
80 114
80 127
80 134
80 138
80 145
80 152
81 95
81 107
81 137
81 138
81 153
81 157
82 83
82 84
82 87
82 88
82 89
82 99
82 100
82 103
82 106
82 107
82 108
82 109
82 114
82 115
82 117
82 127
82 137
82 139
82 141
82 145
82 146
82 150
82 156
82 157
82 160
83 85
83 90
83 101
83 104
83 111
83 114
83 116
83 130
83 133
83 137
83 138
83 139
83 142
83 154
83 159
84 103
84 104
84 106
84 108
84 109
84 110
84 111
84 112
84 113
84 117
84 118
84 119
84 125
84 127
84 128
84 129
84 135
84 138
84 139
84 140
84 141
84 143
84 149
84 160
85 91
85 93
85 97
85 98
85 100
85 111
85 115
85 116
85 119
85 124
85 129
85 133
85 134
85 151
85 152
85 154
85 155
85 156
85 157
85 159
85 160
86 87
86 107
86 108
86 115
86 117
86 118
86 129
86 137
86 144
86 147
86 152
86 153
86 154
86 158
87 89
87 93
87 94
87 96
87 97
87 99
87 101
87 112
87 117
87 118
87 125
87 130
87 131
87 135
87 143
87 150
87 154
87 155
87 157
87 160
88 89
88 90
88 94
88 95
88 99
88 102
88 108
88 109
88 111
88 112
88 132
88 136
88 140
88 142
88 143
88 145
88 150
89 93
89 96
89 97
89 100
89 102
89 104
89 105
89 106
89 107
89 110
89 111
89 113
89 114
89 115
89 125
89 131
89 133
89 134
89 136
89 137
89 138
89 143
89 149
89 150
89 151
89 152
89 160
90 109
90 115
90 118
90 138
90 142
90 152
90 157
90 159
91 92
91 93
91 94
91 98
91 102
91 103
91 104
91 105
91 106
91 107
91 108
91 109
91 115
91 116
91 120
91 129
91 130
91 132
91 133
91 134
91 137
91 138
91 142
91 146
91 147
91 151
91 152
91 157
91 158
91 160
92 100
92 106
92 113
92 115
92 147
92 151
92 157
92 161
93 95
93 96
93 105
93 129
93 132
93 135
93 142
93 151
93 155
93 158
93 160
94 99
94 102
94 103
94 105
94 109
94 110
94 111
94 113
94 114
94 118
94 122
94 134
94 135
94 137
94 138
94 139
94 146
94 147
94 149
94 150
94 151
94 152
94 154
94 155
94 157
94 159
94 160
95 97
95 103
95 105
95 106
95 112
95 114
95 125
95 129
95 143
95 145
95 148
95 153
95 158
96 102
96 106
96 109
96 112
96 116
96 117
96 118
96 122
96 128
96 137
96 138
96 142
96 147
96 154
96 155
96 156
97 99
97 101
97 104
97 108
97 109
97 111
97 112
97 115
97 116
97 118
97 119
97 128
97 133
97 138
97 139
97 141
97 145
97 147
97 149
97 157
97 160
98 101
98 108
98 118
98 120
98 125
98 129
98 133
98 136
98 137
98 143
98 146
98 147
98 151
98 152
98 154
98 157
99 101
99 102
99 106
99 109
99 113
99 114
99 116
99 119
99 121
99 127
99 130
99 131
99 133
99 134
99 137
99 140
99 145
99 147
99 151
99 153
99 154
99 158
100 102
100 103
100 105
100 108
100 110
100 114
100 129
100 131
100 136
100 139
100 142
100 143
100 146
100 148
100 149
100 150
100 152
101 102
101 104
101 107
101 108
101 109
101 110
101 114
101 115
101 116
101 125
101 130
101 131
101 135
101 138
101 139
101 141
101 142
101 150
101 153
101 154
101 158
101 161
102 108
102 113
102 118
102 122
102 124
102 125
102 129
102 132
102 133
102 134
102 139
102 142
102 145
102 146
102 150
102 151
102 153
103 106
103 108
103 111
103 112
103 120
103 122
103 132
103 133
103 137
103 142
103 151
103 154
103 155
103 160
104 106
104 108
104 112
104 118
104 126
104 134
104 136
104 138
104 139
104 141
104 144
104 147
104 151
104 152
104 161
105 106
105 109
105 114
105 116
105 117
105 118
105 122
105 125
105 130
105 133
105 139
105 147
105 149
105 152
105 154
105 158
105 160
105 161
106 107
106 108
106 109
106 110
106 111
106 113
106 115
106 120
106 122
106 133
106 134
106 138
106 141
106 142
106 146
106 152
106 153
106 155
106 160
106 161
107 109
107 112
107 113
107 119
107 126
107 134
107 135
107 137
107 138
107 152
107 153
107 154
107 158
107 161
108 109
108 116
108 120
108 121
108 122
108 124
108 125
108 127
108 129
108 130
108 131
108 135
108 137
108 138
108 140
108 142
108 149
108 150
108 152
108 154
108 156
108 158
108 161
109 110
109 113
109 114
109 117
109 121
109 124
109 125
109 129
109 131
109 135
109 136
109 137
109 138
109 139
109 146
109 153
109 154
109 156
109 158
109 159
109 160
110 117
110 128
110 129
110 133
110 135
110 137
110 139
110 147
110 152
110 154
111 113
111 122
111 125
111 129
111 132
111 133
111 134
111 137
111 140
111 141
111 142
111 143
111 145
111 147
111 149
111 158
112 113
112 114
112 115
112 117
112 119
112 125
112 126
112 127
112 137
112 141
112 146
112 147
112 148
112 149
112 152
112 158
112 160
112 161
113 114
113 115
113 116
113 122
113 127
113 128
113 129
113 132
113 136
113 138
113 141
113 142
113 146
113 147
113 148
113 151
113 152
113 154
113 156
113 157
113 158
114 116
114 117
114 122
114 128
114 131
114 132
114 133
114 135
114 136
114 137
114 138
114 142
114 143
114 145
114 146
114 147
114 148
114 150
114 151
114 152
114 153
114 157
114 161
115 116
115 117
115 118
115 119
115 126
115 131
115 132
115 133
115 135
115 138
115 139
115 141
115 142
115 143
115 145
115 147
115 149
115 153
115 154
115 156
115 158
116 125
116 133
116 138
116 142
116 147
116 149
116 150
116 151
116 152
116 154
117 125
117 127
117 129
117 130
117 133
117 135
117 138
117 144
117 147
117 148
117 151
117 153
117 156
117 158
117 160
118 121
118 126
118 128
118 134
118 139
118 142
118 144
118 145
118 146
118 149
118 150
118 152
118 153
118 157
118 161
119 134
119 137
119 141
119 148
119 153
119 161
120 134
120 137
120 147
120 151
120 154
121 125
121 133
121 142
121 149
121 157
122 135
122 139
122 140
122 141
122 145
122 149
122 153
122 158
123 131
123 134
123 145
124 129
124 135
124 145
124 147
124 161
125 129
125 130
125 132
125 133
125 135
125 136
125 137
125 141
125 142
125 146
125 147
125 152
125 154
125 157
125 160
126 129
126 134
126 137
126 148
126 153
126 159
127 130
127 136
127 150
127 154
127 159
128 129
128 137
128 138
128 139
128 142
128 143
128 145
128 152
128 158
128 159
128 160
129 131
129 133
129 134
129 138
129 139
129 141
129 144
129 145
129 149
129 151
129 153
129 154
129 155
129 158
129 161
130 131
130 142
130 145
130 149
130 154
130 157
131 132
131 133
131 134
131 138
131 139
131 147
131 151
131 152
131 153
131 159
132 134
132 139
132 150
132 152
133 134
133 137
133 140
133 141
133 142
133 144
133 151
133 152
133 154
133 157
133 158
133 160
134 137
134 140
134 141
134 147
134 157
134 158
135 141
135 146
135 148
135 150
135 151
135 152
135 154
135 157
136 137
136 139
136 142
136 146
136 151
136 158
137 138
137 142
137 144
137 145
137 146
137 147
137 151
137 152
137 154
137 156
137 157
137 159
138 141
138 142
138 147
138 149
138 152
138 157
138 158
138 160
139 140
139 142
139 146
139 148
139 151
139 159
140 154
140 160
140 161
141 143
141 147
141 149
141 152
141 154
141 157
142 151
142 153
142 155
142 156
142 157
142 159
142 160
143 145
143 153
143 154
143 158
143 161
144 152
144 153
145 147
145 149
145 157
145 158
146 152
146 161
147 148
147 151
147 152
147 157
147 161
148 158
149 151
149 154
149 158
149 159
150 152
150 153
150 158
150 159
150 161
151 152
151 153
152 154
152 160
152 161
153 154
153 158
153 159
153 161
157 158
159 160
