0 6
0 8
0 9
0 13
0 30
0 36
0 39
0 49
0 54
0 55
0 57
0 63
0 65
0 69
0 70
0 77
0 80
0 84
0 85
0 87
0 88
0 97
0 101
0 113
0 122
0 124
0 126
0 131
0 132
0 134
0 139
0 140
0 141
0 142
0 143
0 157
1 9
1 11
1 12
1 23
1 29
1 32
1 33
1 36
1 41
1 44
1 47
1 56
1 59
1 60
1 66
1 67
1 71
1 72
1 79
1 80
1 86
1 98
1 103
1 109
1 112
1 126
1 133
1 135
1 136
1 139
1 142
1 147
1 154
1 161
2 9
2 11
2 12
2 14
2 16
2 19
2 21
2 22
2 30
2 34
2 35
2 37
2 42
2 49
2 51
2 61
2 63
2 66
2 86
2 91
2 94
2 96
2 103
2 104
2 112
2 114
2 122
2 123
2 130
2 131
2 136
2 137
2 138
2 144
2 149
3 6
3 21
3 30
3 33
3 39
3 45
3 64
3 65
3 68
3 71
3 75
3 77
3 79
3 80
3 83
3 96
3 97
3 102
3 106
3 108
3 112
3 129
3 132
3 135
3 138
3 139
3 142
3 143
3 146
3 160
4 6
4 10
4 11
4 13
4 14
4 16
4 17
4 20
4 21
4 24
4 37
4 39
4 43
4 45
4 46
4 48
4 49
4 51
4 58
4 62
4 63
4 65
4 66
4 67
4 68
4 70
4 71
4 73
4 74
4 75
4 79
4 80
4 83
4 86
4 88
4 89
4 94
4 97
4 100
4 101
4 106
4 108
4 109
4 110
4 111
4 112
4 128
4 131
4 133
4 134
4 135
4 138
4 139
4 142
4 143
4 145
4 147
4 154
4 157
4 160
4 161
5 36
5 40
5 54
5 74
5 99
5 124
5 125
5 135
5 137
5 142
5 152
5 159
6 10
6 17
6 19
6 24
6 26
6 28
6 30
6 31
6 32
6 37
6 40
6 44
6 45
6 50
6 54
6 56
6 57
6 59
6 60
6 61
6 64
6 65
6 68
6 69
6 70
6 73
6 74
6 75
6 78
6 79
6 83
6 84
6 87
6 88
6 90
6 94
6 96
6 97
6 100
6 104
6 105
6 107
6 108
6 111
6 117
6 118
6 119
6 121
6 123
6 125
6 126
6 128
6 129
6 131
6 136
6 137
6 138
6 143
6 144
6 146
6 147
6 148
6 149
6 153
6 157
6 158
7 13
7 14
7 15
7 19
7 23
7 24
7 28
7 35
7 37
7 38
7 42
7 44
7 49
7 50
7 51
7 52
7 53
7 57
7 59
7 61
7 64
7 66
7 67
7 68
7 69
7 71
7 72
7 74
7 77
7 79
7 84
7 88
7 99
7 100
7 104
7 106
7 108
7 109
7 114
7 116
7 117
7 118
7 119
7 121
7 126
7 127
7 129
7 131
7 135
7 136
7 137
7 138
7 141
7 143
7 147
7 150
7 152
7 154
7 157
7 158
7 160
7 161
8 18
8 21
8 26
8 35
8 39
8 45
8 48
8 56
8 70
8 80
8 88
8 92
8 102
8 106
8 109
8 128
8 133
8 145
8 146
8 154
8 161
9 10
9 13
9 14
9 18
9 22
9 26
9 30
9 33
9 38
9 40
9 42
9 43
9 51
9 65
9 66
9 67
9 71
9 72
9 73
9 74
9 78
9 80
9 83
9 84
9 86
9 87
9 89
9 92
9 93
9 98
9 102
9 105
9 112
9 113
9 115
9 117
9 118
9 126
9 131
9 134
9 137
9 141
9 142
9 147
9 149
9 150
9 152
9 153
9 154
9 155
9 161
10 12
10 19
10 22
10 23
10 29
10 30
10 31
10 33
10 45
10 55
10 56
10 59
10 60
10 65
10 69
10 70
10 79
10 80
10 84
10 85
10 87
10 89
10 94
10 101
10 102
10 105
10 106
10 109
10 111
10 113
10 114
10 116
10 118
10 121
10 131
10 134
10 138
10 139
10 144
10 151
10 152
10 153
10 157
11 12
11 24
11 26
11 36
11 40
11 42
11 49
11 51
11 53
11 54
11 55
11 58
11 62
11 63
11 64
11 66
11 67
11 68
11 72
11 75
11 79
11 81
11 83
11 91
11 93
11 94
11 96
11 98
11 101
11 102
11 105
11 106
11 112
11 114
11 116
11 121
11 126
11 130
11 131
11 133
11 137
11 138
11 152
11 156
11 157
11 158
11 161
12 14
12 16
12 18
12 20
12 21
12 25
12 26
12 30
12 34
12 38
12 39
12 52
12 54
12 57
12 60
12 64
12 65
12 66
12 69
12 71
12 73
12 75
12 90
12 91
12 95
12 99
12 100
12 108
12 111
12 118
12 125
12 130
12 132
12 139
12 145
12 149
12 150
12 151
12 152
12 154
12 158
12 160
13 17
13 19
13 28
13 30
13 31
13 33
13 34
13 35
13 38
13 41
13 51
13 56
13 58
13 65
13 73
13 77
13 86
13 87
13 89
13 97
13 108
13 110
13 111
13 112
13 115
13 131
13 134
13 135
13 142
13 146
13 147
13 155
14 15
14 20
14 21
14 23
14 24
14 26
14 30
14 35
14 36
14 37
14 41
14 43
14 44
14 45
14 46
14 52
14 54
14 56
14 57
14 58
14 63
14 67
14 69
14 71
14 72
14 73
14 74
14 77
14 79
14 80
14 86
14 88
14 89
14 91
14 93
14 97
14 100
14 101
14 103
14 106
14 107
14 108
14 109
14 110
14 112
14 115
14 121
14 122
14 126
14 127
14 129
14 133
14 134
14 139
14 141
14 142
14 147
14 148
14 150
14 151
14 153
14 154
14 160
15 20
15 21
15 30
15 34
15 38
15 40
15 42
15 43
15 45
15 51
15 65
15 68
15 70
15 73
15 74
15 77
15 78
15 82
15 91
15 92
15 96
15 99
15 106
15 124
15 125
15 131
15 134
15 140
15 149
15 154
15 155
15 161
16 25
16 26
16 33
16 34
16 44
16 50
16 54
16 59
16 65
16 70
16 73
16 75
16 76
16 80
16 82
16 97
16 101
16 102
16 105
16 114
16 129
16 130
16 134
16 136
16 138
16 141
16 148
16 155
16 161
17 23
17 26
17 38
17 42
17 49
17 55
17 62
17 73
17 74
17 77
17 78
17 87
17 88
17 100
17 103
17 105
17 107
17 111
17 113
17 115
17 118
17 133
17 139
17 149
17 152
17 154
17 157
18 19
18 24
18 28
18 30
18 34
18 35
18 36
18 37
18 39
18 42
18 44
18 45
18 46
18 49
18 50
18 61
18 63
18 68
18 69
18 70
18 75
18 77
18 79
18 84
18 89
18 96
18 97
18 99
18 101
18 108
18 110
18 113
18 115
18 116
18 117
18 119
18 122
18 125
18 134
18 135
18 137
18 138
18 151
18 154
18 160
19 20
19 21
19 24
19 26
19 28
19 30
19 33
19 34
19 35
19 36
19 38
19 40
19 41
19 43
19 46
19 52
19 54
19 55
19 56
19 58
19 60
19 61
19 62
19 64
19 65
19 67
19 68
19 70
19 72
19 79
19 80
19 81
19 82
19 84
19 89
19 91
19 92
19 93
19 94
19 98
19 99
19 100
19 102
19 104
19 105
19 106
19 107
19 109
19 112
19 114
19 117
19 133
19 134
19 135
19 137
19 138
19 139
19 141
19 151
19 152
19 154
19 158
20 21
20 29
20 31
20 34
20 35
20 37
20 38
20 44
20 50
20 58
20 73
20 77
20 105
20 112
20 125
20 129
20 130
20 138
20 145
20 146
20 153
21 22
21 23
21 26
21 30
21 31
21 33
21 34
21 35
21 36
21 38
21 39
21 40
21 41
21 43
21 47
21 50
21 53
21 54
21 58
21 66
21 67
21 68
21 70
21 73
21 74
21 75
21 77
21 80
21 81
21 88
21 89
21 91
21 94
21 96
21 97
21 98
21 101
21 102
21 103
21 106
21 107
21 108
21 109
21 110
21 114
21 115
21 116
21 117
21 121
21 126
21 129
21 131
21 135
21 137
21 141
21 142
21 145
21 151
21 154
21 158
21 161
22 25
22 29
22 31
22 35
22 36
22 40
22 52
22 55
22 56
22 57
22 63
22 64
22 66
22 68
22 72
22 74
22 85
22 86
22 89
22 90
22 92
22 95
22 99
22 100
22 101
22 108
22 109
22 112
22 115
22 121
22 129
22 131
22 133
22 135
22 136
22 139
22 147
22 151
22 153
23 24
23 26
23 30
23 33
23 36
23 40
23 45
23 49
23 50
23 56
23 57
23 66
23 67
23 83
23 87
23 91
23 94
23 95
23 99
23 101
23 102
23 103
23 108
23 116
23 117
23 132
23 140
23 152
23 153
23 154
23 157
23 160
24 30
24 37
24 39
24 40
24 44
24 49
24 51
24 54
24 56
24 57
24 69
24 70
24 71
24 72
24 82
24 96
24 106
24 118
24 122
24 126
24 127
24 142
24 143
24 145
24 146
24 152
24 159
25 30
25 31
25 32
25 38
25 45
25 47
25 55
25 61
25 63
25 67
25 72
25 73
25 78
25 84
25 88
25 93
25 97
25 101
25 103
25 104
25 106
25 107
25 108
25 112
25 114
25 117
25 118
25 129
25 133
25 134
25 137
25 138
25 140
25 147
25 150
25 154
25 161
26 29
26 30
26 35
26 36
26 37
26 42
26 51
26 52
26 54
26 58
26 59
26 61
26 63
26 64
26 66
26 68
26 69
26 70
26 71
26 72
26 75
26 77
26 79
26 84
26 85
26 87
26 88
26 89
26 93
26 97
26 99
26 101
26 103
26 104
26 107
26 108
26 109
26 111
26 116
26 125
26 127
26 139
26 141
26 148
26 150
26 152
26 153
26 154
26 158
26 159
27 28
27 36
27 61
27 71
27 73
27 75
27 79
27 84
27 89
27 107
27 109
27 113
27 118
27 124
27 136
27 138
27 149
27 154
27 158
28 32
28 42
28 48
28 51
28 58
28 59
28 65
28 67
28 77
28 79
28 92
28 93
28 96
28 98
28 100
28 103
28 108
28 113
28 116
28 118
28 119
28 121
28 129
28 137
28 147
28 149
28 150
28 151
28 152
28 153
28 158
29 31
29 32
29 33
29 35
29 46
29 51
29 56
29 71
29 90
29 92
29 94
29 96
29 99
29 103
29 105
29 107
29 112
29 117
29 130
29 131
29 133
29 137
29 145
29 152
30 31
30 34
30 36
30 38
30 41
30 42
30 45
30 46
30 49
30 51
30 53
30 55
30 58
30 62
30 65
30 70
30 71
30 73
30 74
30 76
30 79
30 86
30 91
30 99
30 101
30 105
30 106
30 107
30 108
30 109
30 117
30 118
30 121
30 122
30 125
30 126
30 131
30 137
30 139
30 142
30 145
30 146
30 147
30 149
30 150
30 152
30 153
30 154
30 155
30 157
30 158
30 159
30 161
31 32
31 41
31 43
31 45
31 48
31 52
31 56
31 58
31 61
31 63
31 64
31 65
31 67
31 68
31 70
31 71
31 74
31 75
31 76
31 77
31 79
31 80
31 82
31 85
31 87
31 89
31 91
31 95
31 96
31 98
31 99
31 101
31 103
31 105
31 107
31 109
31 110
31 112
31 115
31 118
31 122
31 132
31 133
31 134
31 135
31 136
31 137
31 139
31 141
31 142
31 143
31 145
31 147
31 149
31 150
31 153
31 154
31 161
32 35
32 42
32 44
32 45
32 46
32 49
32 51
32 56
32 57
32 60
32 65
32 67
32 69
32 71
32 73
32 74
32 75
32 77
32 82
32 84
32 91
32 94
32 96
32 97
32 98
32 101
32 103
32 105
32 106
32 109
32 110
32 111
32 112
32 113
32 114
32 118
32 122
32 126
32 129
32 131
32 133
32 135
32 136
32 137
32 139
32 141
32 145
32 149
32 151
32 153
32 155
32 157
32 159
33 35
33 43
33 49
33 57
33 79
33 88
33 90
33 97
33 101
33 109
33 110
33 113
33 116
33 120
33 123
33 126
33 129
33 133
33 142
33 149
33 158
33 160
34 40
34 52
34 55
34 65
34 74
34 76
34 77
34 83
34 92
34 98
34 99
34 101
34 106
34 125
34 126
34 127
34 131
34 132
34 134
34 138
34 141
34 145
34 146
34 147
34 158
35 38
35 40
35 42
35 45
35 55
35 58
35 59
35 61
35 63
35 64
35 66
35 67
35 69
35 70
35 72
35 73
35 74
35 75
35 84
35 86
35 89
35 97
35 98
35 99
35 100
35 103
35 105
35 107
35 109
35 111
35 112
35 117
35 118
35 126
35 129
35 131
35 134
35 135
35 136
35 137
35 141
35 146
35 147
35 149
35 150
35 151
35 158
35 160
35 161
36 39
36 42
36 43
36 49
36 51
36 54
36 58
36 62
36 65
36 68
36 75
36 82
36 86
36 87
36 89
36 103
36 105
36 109
36 113
36 115
36 119
36 122
36 125
36 133
36 137
36 141
36 142
36 143
36 145
36 147
36 151
36 154
36 158
36 159
36 161
37 40
37 49
37 57
37 68
37 69
37 70
37 72
37 82
37 87
37 94
37 96
37 98
37 105
37 112
37 114
37 115
37 121
37 123
37 137
37 145
37 146
37 147
37 152
37 154
37 157
38 40
38 42
38 46
38 49
38 51
38 56
38 57
38 61
38 64
38 65
38 66
38 71
38 72
38 73
38 75
38 80
38 86
38 88
38 89
38 91
38 96
38 98
38 99
38 100
38 101
38 102
38 104
38 106
38 110
38 111
38 114
38 117
38 118
38 121
38 128
38 129
38 131
38 133
38 136
38 139
38 143
38 145
38 146
38 149
38 150
38 151
38 152
38 157
38 159
38 161
39 46
39 49
39 54
39 55
39 56
39 61
39 63
39 64
39 72
39 77
39 87
39 89
39 97
39 100
39 101
39 111
39 112
39 123
39 125
39 129
39 134
39 135
39 137
39 139
39 142
39 149
39 151
39 152
39 153
40 41
40 42
40 43
40 44
40 48
40 50
40 51
40 54
40 55
40 56
40 57
40 58
40 59
40 62
40 67
40 70
40 71
40 72
40 73
40 74
40 78
40 89
40 91
40 97
40 98
40 99
40 100
40 104
40 106
40 108
40 112
40 115
40 118
40 123
40 125
40 126
40 130
40 133
40 134
40 135
40 139
40 141
40 142
40 143
40 146
40 147
40 150
40 153
40 154
40 157
40 158
40 160
40 161
41 46
41 48
41 54
41 67
41 68
41 71
41 72
41 73
41 84
41 91
41 98
41 110
41 112
41 113
41 114
41 115
41 116
41 118
41 126
41 137
41 143
41 147
41 148
41 152
41 158
41 159
42 45
42 46
42 51
42 57
42 66
42 67
42 69
42 77
42 80
42 94
42 96
42 99
42 108
42 110
42 115
42 131
42 133
42 134
42 142
42 152
42 153
42 154
42 156
42 157
42 160
43 44
43 50
43 51
43 52
43 54
43 59
43 61
43 64
43 67
43 68
43 79
43 82
43 94
43 95
43 97
43 99
43 101
43 107
43 111
43 112
43 113
43 115
43 117
43 118
43 130
43 131
43 132
43 145
43 146
43 149
43 153
44 50
44 51
44 62
44 63
44 64
44 68
44 71
44 72
44 73
44 88
44 91
44 94
44 96
44 97
44 98
44 100
44 103
44 105
44 106
44 112
44 114
44 115
44 116
44 119
44 127
44 129
44 131
44 133
44 134
44 145
44 147
44 152
44 156
44 157
44 160
44 161
45 46
45 53
45 55
45 56
45 58
45 63
45 64
45 65
45 67
45 73
45 74
45 78
45 79
45 81
45 84
45 91
45 92
45 98
45 100
45 102
45 103
45 104
45 108
45 111
45 112
45 113
45 115
45 116
45 118
45 119
45 120
45 123
45 129
45 131
45 133
45 134
45 135
45 137
45 138
45 139
45 142
45 143
45 146
45 147
45 149
45 151
45 153
45 158
45 159
45 160
46 50
46 54
46 59
46 62
46 65
46 68
46 72
46 77
46 80
46 83
46 87
46 92
46 94
46 95
46 101
46 105
46 106
46 109
46 113
46 114
46 121
46 125
46 128
46 130
46 135
46 136
46 138
46 142
46 145
46 146
46 153
46 155
47 55
47 72
47 111
47 128
47 131
47 135
47 157
47 158
48 54
48 56
48 69
48 75
48 83
48 92
48 94
48 98
48 102
48 109
48 112
48 117
48 126
48 134
48 135
48 158
48 161
49 50
49 51
49 54
49 57
49 58
49 59
49 60
49 61
49 62
49 64
49 65
49 68
49 69
49 74
49 75
49 76
49 78
49 83
49 84
49 92
49 96
49 97
49 99
49 102
49 103
49 106
49 108
49 109
49 110
49 115
49 116
49 118
49 120
49 122
49 126
49 128
49 133
49 134
49 135
49 136
49 137
49 138
49 145
49 146
49 151
49 153
49 157
49 158
49 159
49 160
50 51
50 53
50 54
50 61
50 64
50 67
50 68
50 69
50 74
50 76
50 77
50 79
50 84
50 92
50 99
50 101
50 104
50 105
50 108
50 112
50 114
50 115
50 118
50 127
50 128
50 129
50 133
50 139
50 142
50 143
50 146
50 147
50 148
50 151
50 157
50 158
50 160
51 54
51 58
51 59
51 61
51 62
51 64
51 65
51 66
51 72
51 73
51 75
51 82
51 83
51 93
51 98
51 100
51 102
51 109
51 112
51 114
51 118
51 120
51 121
51 129
51 134
51 135
51 136
51 137
51 138
51 141
51 142
51 145
51 149
51 150
51 152
51 153
51 154
51 157
51 161
52 64
52 66
52 70
52 71
52 72
52 75
52 77
52 89
52 95
52 98
52 99
52 101
52 105
52 112
52 113
52 114
52 118
52 119
52 121
52 130
52 131
52 134
52 138
52 139
52 142
52 147
52 150
52 152
53 61
53 62
53 63
53 65
53 66
53 67
53 72
53 75
53 79
53 81
53 95
53 106
53 118
53 129
53 132
53 133
53 142
53 145
54 56
54 58
54 64
54 66
54 67
54 71
54 74
54 84
54 86
54 89
54 91
54 97
54 99
54 101
54 102
54 103
54 106
54 108
54 111
54 113
54 116
54 130
54 134
54 135
54 136
54 137
54 138
54 140
54 141
54 146
54 147
54 151
54 153
54 159
54 161
55 61
55 64
55 66
55 68
55 69
55 71
55 81
55 85
55 89
55 92
55 94
55 98
55 102
55 103
55 105
55 106
55 107
55 108
55 112
55 113
55 115
55 116
55 117
55 120
55 129
55 131
55 133
55 135
55 137
55 141
55 142
55 146
55 147
55 149
55 151
55 152
55 160
55 161
56 57
56 58
56 61
56 65
56 66
56 69
56 71
56 73
56 74
56 75
56 82
56 84
56 86
56 88
56 93
56 94
56 101
56 102
56 103
56 105
56 106
56 114
56 116
56 117
56 118
56 122
56 124
56 128
56 129
56 130
56 131
56 136
56 138
56 139
56 140
56 142
56 143
56 145
56 146
56 148
56 150
56 153
56 160
56 161
57 58
57 59
57 60
57 65
57 66
57 69
57 79
57 85
57 88
57 102
57 115
57 117
57 125
57 126
57 135
57 143
57 145
57 155
57 157
58 62
58 63
58 64
58 70
58 73
58 76
58 83
58 84
58 85
58 87
58 94
58 99
58 110
58 111
58 115
58 120
58 124
58 125
58 127
58 131
58 134
58 137
58 139
58 140
58 141
58 142
58 145
58 147
58 152
58 153
58 154
58 155
58 157
58 158
58 160
58 161
59 61
59 63
59 65
59 69
59 72
59 78
59 79
59 82
59 88
59 91
59 98
59 101
59 103
59 104
59 105
59 106
59 113
59 114
59 115
59 116
59 118
59 126
59 127
59 132
59 134
59 135
59 137
59 138
59 139
59 140
59 146
59 148
59 154
59 158
60 70
60 72
60 76
60 101
60 106
60 107
60 110
60 121
60 127
60 135
60 145
60 150
60 153
60 154
60 155
60 158
61 64
61 65
61 66
61 68
61 70
61 75
61 77
61 79
61 80
61 82
61 85
61 87
61 91
61 94
61 104
61 105
61 107
61 108
61 119
61 125
61 131
61 137
61 138
61 141
61 142
61 145
61 158
61 160
61 161
62 65
62 69
62 71
62 72
62 73
62 77
62 83
62 84
62 86
62 87
62 94
62 99
62 102
62 103
62 105
62 107
62 109
62 112
62 113
62 119
62 125
62 128
62 132
62 133
62 134
62 136
62 137
62 142
63 64
63 65
63 67
63 69
63 71
63 74
63 77
63 80
63 86
63 89
63 90
63 91
63 93
63 97
63 98
63 100
63 101
63 106
63 108
63 109
63 118
63 125
63 129
63 131
63 133
63 136
63 139
63 141
63 142
63 143
63 145
63 153
63 154
63 157
63 160
64 66
64 67
64 71
64 74
64 75
64 77
64 80
64 82
64 85
64 87
64 93
64 96
64 99
64 105
64 106
64 107
64 112
64 113
64 114
64 115
64 117
64 119
64 129
64 131
64 134
64 137
64 139
64 147
64 152
64 156
64 158
64 159
65 66
65 67
65 71
65 72
65 77
65 80
65 83
65 89
65 94
65 99
65 103
65 107
65 108
65 110
65 112
65 114
65 117
65 122
65 129
65 131
65 135
65 136
65 138
65 139
65 141
65 144
65 145
65 146
65 148
65 154
65 159
66 67
66 69
66 71
66 73
66 74
66 87
66 92
66 97
66 98
66 99
66 102
66 105
66 111
66 112
66 114
66 116
66 117
66 118
66 119
66 126
66 127
66 129
66 131
66 133
66 135
66 137
66 140
66 141
66 143
66 145
66 151
66 153
66 156
66 157
66 159
67 68
67 71
67 72
67 73
67 79
67 80
67 85
67 88
67 91
67 93
67 100
67 101
67 104
67 105
67 108
67 109
67 111
67 112
67 114
67 115
67 116
67 118
67 121
67 124
67 128
67 129
67 131
67 134
67 135
67 138
67 142
67 143
67 145
67 146
67 152
67 156
67 157
67 158
67 159
67 161
68 70
68 72
68 74
68 75
68 77
68 80
68 81
68 82
68 94
68 102
68 104
68 106
68 108
68 111
68 112
68 115
68 117
68 118
68 122
68 124
68 126
68 129
68 131
68 132
68 134
68 135
68 136
68 138
68 140
68 141
68 145
68 148
68 151
68 158
68 159
68 161
69 70
69 73
69 75
69 77
69 79
69 80
69 82
69 83
69 84
69 87
69 89
69 90
69 94
69 96
69 99
69 103
69 104
69 106
69 108
69 109
69 111
69 114
69 120
69 125
69 131
69 134
69 136
69 137
69 138
69 141
69 142
69 143
69 144
69 147
69 150
69 152
69 155
69 159
69 161
70 72
70 74
70 77
70 78
70 81
70 82
70 83
70 85
70 86
70 91
70 94
70 95
70 96
70 97
70 98
70 99
70 100
70 101
70 103
70 105
70 109
70 112
70 113
70 114
70 117
70 118
70 125
70 128
70 129
70 131
70 133
70 134
70 135
70 138
70 139
70 140
70 141
70 146
70 147
70 149
70 150
70 151
71 72
71 83
71 84
71 89
71 91
71 93
71 94
71 97
71 98
71 106
71 108
71 109
71 111
71 115
71 116
71 118
71 126
71 129
71 130
71 131
71 133
71 136
71 137
71 143
71 145
71 153
71 158
72 77
72 79
72 87
72 88
72 90
72 93
72 98
72 102
72 103
72 107
72 108
72 109
72 112
72 113
72 115
72 117
72 118
72 122
72 125
72 128
72 131
72 132
72 133
72 138
72 139
72 141
72 147
72 157
72 158
72 161
73 74
73 75
73 82
73 84
73 87
73 91
73 93
73 94
73 98
73 101
73 103
73 104
73 108
73 110
73 113
73 114
73 116
73 122
73 131
73 134
73 136
73 140
73 141
73 145
73 147
73 153
73 157
74 77
74 81
74 82
74 89
74 90
74 91
74 94
74 97
74 99
74 101
74 102
74 105
74 106
74 108
74 111
74 112
74 114
74 117
74 118
74 126
74 129
74 131
74 133
74 136
74 141
74 146
74 147
74 149
74 151
74 152
74 153
75 77
75 89
75 92
75 93
75 96
75 101
75 102
75 105
75 106
75 107
75 108
75 113
75 117
75 129
75 131
75 134
75 136
75 137
75 138
75 148
75 149
75 158
75 161
76 79
76 89
76 92
76 93
76 95
76 97
76 103
76 105
76 111
76 115
76 135
76 138
76 139
76 152
76 153
76 158
77 80
77 84
77 87
77 90
77 100
77 101
77 104
77 105
77 106
77 109
77 111
77 114
77 117
77 125
77 127
77 129
77 138
77 141
77 146
77 147
77 152
77 153
77 155
77 158
77 161
78 97
78 103
78 112
78 118
78 125
78 151
78 158
79 80
79 81
79 82
79 84
79 88
79 90
79 93
79 96
79 97
79 98
79 101
79 102
79 103
79 107
79 108
79 109
79 111
79 112
79 118
79 119
79 123
79 124
79 125
79 126
79 131
79 132
79 133
79 134
79 135
79 139
79 143
79 145
79 146
79 150
79 152
79 154
79 156
79 157
79 160
79 161
80 87
80 88
80 89
80 91
80 94
80 99
80 100
80 105
80 109
80 110
80 112
80 128
80 129
80 131
80 132
80 138
80 139
80 144
80 148
80 154
80 155
80 160
81 91
81 100
81 115
81 116
81 121
81 131
81 137
81 154
82 86
82 98
82 105
82 112
82 117
82 118
82 122
82 124
82 125
82 131
82 136
82 137
82 138
82 139
82 143
82 147
82 152
82 154
82 156
82 158
82 159
83 87
83 91
83 92
83 96
83 102
83 105
83 106
83 113
83 115
83 116
83 120
83 129
83 130
83 151
84 89
84 97
84 99
84 101
84 102
84 115
84 116
84 118
84 125
84 127
84 132
84 134
84 137
84 142
84 145
84 146
84 148
84 150
84 158
84 159
85 89
85 94
85 100
85 102
85 106
85 117
85 119
85 121
85 122
85 138
85 139
85 145
85 153
85 157
85 160
86 90
86 98
86 104
86 106
86 108
86 109
86 112
86 113
86 115
86 125
86 134
86 135
86 139
86 141
86 147
86 158
87 89
87 90
87 94
87 96
87 97
87 101
87 104
87 107
87 108
87 114
87 116
87 117
87 118
87 128
87 129
87 131
87 135
87 138
87 142
87 146
87 152
87 153
87 154
88 89
88 91
88 92
88 93
88 94
88 99
88 100
88 101
88 102
88 104
88 113
88 115
88 123
88 125
88 128
88 132
88 135
88 151
88 155
88 157
88 161
89 94
89 101
89 106
89 109
89 111
89 112
89 114
89 118
89 126
89 137
89 139
89 140
89 141
89 142
89 143
89 145
89 150
89 151
89 153
89 154
89 157
89 158
89 159
90 92
90 94
90 99
90 107
90 109
90 118
90 124
90 137
90 138
90 141
90 148
90 157
91 97
91 98
91 99
91 101
91 106
91 108
91 111
91 113
91 114
91 117
91 122
91 126
91 130
91 133
91 134
91 137
91 153
92 109
92 113
92 114
92 117
92 130
92 133
92 151
92 154
92 161
93 95
93 96
93 99
93 104
93 111
93 116
93 117
93 122
93 125
93 137
93 138
93 140
93 143
93 145
93 147
93 148
93 152
93 157
94 97
94 99
94 100
94 101
94 104
94 107
94 111
94 112
94 113
94 115
94 116
94 118
94 122
94 124
94 125
94 135
94 138
94 146
94 147
94 149
94 150
94 153
94 156
94 157
94 159
94 161
95 96
95 105
95 114
95 115
95 118
95 137
95 145
95 146
95 160
95 161
96 97
96 101
96 106
96 109
96 113
96 115
96 118
96 125
96 137
96 141
96 147
96 150
96 156
96 157
96 159
97 99
97 102
97 106
97 108
97 117
97 131
97 133
97 137
97 138
97 153
97 158
97 159
97 161
98 99
98 103
98 104
98 117
98 125
98 133
98 142
98 145
98 148
98 152
98 153
98 154
98 157
98 161
99 101
99 106
99 109
99 111
99 112
99 114
99 115
99 117
99 131
99 132
99 149
99 150
99 152
100 102
100 105
100 107
100 109
100 110
100 113
100 117
100 129
100 133
100 140
100 141
100 143
100 146
100 150
100 152
100 153
100 158
100 160
101 102
101 103
101 105
101 107
101 110
101 115
101 121
101 124
101 126
101 129
101 131
101 134
101 137
101 139
101 142
101 146
101 147
101 149
101 150
101 151
101 154
101 157
101 158
101 160
101 161
102 103
102 106
102 107
102 108
102 109
102 117
102 118
102 125
102 129
102 131
102 132
102 134
102 136
102 137
102 143
102 148
102 149
102 153
102 154
102 159
103 108
103 111
103 112
103 115
103 117
103 123
103 126
103 129
103 135
103 136
103 138
103 152
103 154
103 156
103 158
104 106
104 114
104 118
104 119
104 126
104 129
104 131
104 137
104 142
104 149
104 151
104 154
104 158
104 160
105 114
105 115
105 116
105 117
105 121
105 129
105 130
105 138
105 139
105 146
105 147
105 149
105 150
105 151
105 154
105 157
105 159
106 108
106 109
106 110
106 111
106 112
106 113
106 115
106 116
106 117
106 122
106 125
106 128
106 131
106 132
106 133
106 134
106 135
106 136
106 137
106 138
106 142
106 146
106 147
106 154
106 155
106 158
106 159
106 160
106 161
107 108
107 131
107 134
107 142
107 143
107 145
107 146
107 147
107 157
107 161
108 112
108 115
108 118
108 123
108 125
108 126
108 127
108 130
108 133
108 137
108 138
108 139
108 141
108 145
108 146
108 147
108 153
108 154
108 157
108 158
108 161
109 110
109 111
109 113
109 114
109 115
109 122
109 125
109 130
109 131
109 134
109 145
109 146
109 150
109 152
109 153
109 157
109 159
109 160
110 114
110 115
110 118
110 124
110 127
110 134
110 152
110 153
110 154
111 113
111 115
111 122
111 123
111 125
111 129
111 131
111 133
111 134
111 136
111 137
111 138
111 142
111 145
111 147
111 150
111 154
111 157
111 158
112 115
112 117
112 118
112 121
112 126
112 128
112 129
112 133
112 137
112 140
112 141
112 151
112 154
112 157
112 158
112 159
112 161
113 114
113 123
113 124
113 129
113 132
113 133
113 136
113 139
113 142
113 145
113 146
113 147
113 151
113 152
113 153
113 154
113 158
113 161
114 115
114 116
114 118
114 119
114 124
114 125
114 131
114 133
114 134
114 137
114 139
114 142
114 143
114 146
114 147
114 151
114 152
114 154
115 116
115 118
115 119
115 128
115 129
115 130
115 131
115 133
115 135
115 136
115 137
115 138
115 141
115 142
115 143
115 146
115 147
115 149
115 158
116 121
116 138
116 144
116 151
116 152
116 161
117 121
117 125
117 126
117 129
117 131
117 133
117 134
117 136
117 137
117 141
117 142
117 143
117 145
117 146
117 148
117 151
117 152
117 153
117 154
117 155
117 157
117 160
118 121
118 126
118 128
118 132
118 135
118 137
118 149
118 150
118 152
118 157
118 161
119 135
119 140
119 152
119 153
119 154
119 160
120 128
120 138
121 140
121 142
121 143
121 152
121 154
121 159
122 123
122 126
122 136
122 141
122 142
122 152
122 153
122 154
123 134
123 138
123 149
124 125
124 134
124 137
124 154
124 161
125 131
125 133
125 134
125 135
125 136
125 137
125 138
125 139
125 141
125 146
125 147
125 149
125 152
125 153
125 155
125 157
126 133
126 135
126 137
126 141
126 146
126 151
126 152
126 154
126 158
127 142
127 149
127 152
127 159
127 160
128 130
128 134
128 139
128 142
128 149
128 155
128 159
129 130
129 131
129 136
129 137
129 138
129 139
129 143
129 145
129 148
129 149
129 152
129 153
129 154
129 157
129 158
130 135
130 137
130 141
130 147
130 152
130 157
130 161
131 134
131 135
131 139
131 142
131 143
131 145
131 146
131 147
131 148
131 149
131 150
131 153
131 154
131 157
132 137
132 146
132 150
133 135
133 136
133 141
133 142
133 152
133 153
133 158
133 159
133 160
134 137
134 138
134 142
134 143
134 146
134 148
134 150
134 153
134 157
134 160
135 141
135 148
135 149
135 152
135 153
136 137
136 152
136 154
137 139
137 142
137 144
137 145
137 152
137 153
137 154
137 157
137 158
137 159
138 139
138 146
138 147
138 149
138 151
138 152
138 154
139 140
139 142
139 146
139 148
139 155
140 142
140 145
140 152
140 160
141 142
141 149
141 153
141 154
141 157
141 158
141 159
141 161
142 143
142 151
142 152
142 153
142 154
142 157
142 158
143 146
143 147
143 155
144 151
144 152
145 153
145 154
145 156
145 157
145 159
146 148
146 150
146 151
146 157
146 158
146 160
147 150
147 153
147 161
148 157
149 152
149 158
149 159
149 161
150 154
150 157
150 158
150 160
151 152
151 153
151 154
151 161
152 153
152 155
152 156
152 157
153 154
153 157
153 158
153 160
154 155
154 157
154 160
154 161
155 161
156 157
156 161
157 158
157 159
157 161
158 159
158 161
159 161
