0 4
0 6
0 7
0 11
0 24
0 30
0 34
0 36
0 38
0 40
0 49
0 54
0 56
0 58
0 61
0 65
0 66
0 68
0 74
0 84
0 86
0 87
0 97
0 101
0 102
0 105
0 108
0 111
0 114
0 115
0 116
0 118
0 122
0 131
0 132
0 133
0 136
0 137
0 141
0 142
0 144
0 145
0 148
0 150
0 151
0 152
0 153
0 158
1 4
1 7
1 9
1 13
1 26
1 46
1 49
1 50
1 51
1 53
1 56
1 58
1 60
1 61
1 65
1 66
1 67
1 72
1 75
1 77
1 84
1 89
1 103
1 104
1 105
1 106
1 108
1 111
1 136
1 142
1 145
1 146
1 147
1 149
1 153
1 154
1 160
1 161
2 6
2 7
2 11
2 22
2 23
2 26
2 42
2 43
2 49
2 57
2 58
2 64
2 67
2 68
2 72
2 79
2 98
2 115
2 118
2 125
2 135
2 142
2 146
2 155
2 157
3 6
3 10
3 12
3 16
3 21
3 35
3 39
3 45
3 50
3 67
3 81
3 83
3 90
3 100
3 105
3 109
3 112
3 138
3 141
3 145
3 146
3 151
3 154
3 157
3 158
3 160
3 161
4 9
4 11
4 12
4 16
4 17
4 18
4 19
4 24
4 28
4 29
4 31
4 36
4 38
4 39
4 51
4 52
4 64
4 65
4 67
4 71
4 74
4 75
4 77
4 80
4 83
4 84
4 87
4 88
4 89
4 92
4 94
4 97
4 99
4 101
4 108
4 113
4 115
4 117
4 118
4 122
4 125
4 127
4 128
4 134
4 136
4 137
4 139
4 140
4 143
4 145
4 147
4 151
4 153
4 154
4 160
4 161
5 7
5 9
5 12
5 14
5 30
5 51
5 58
5 64
5 67
5 102
5 114
5 129
5 147
5 149
5 154
6 9
6 13
6 14
6 16
6 18
6 22
6 25
6 26
6 32
6 37
6 38
6 39
6 40
6 44
6 45
6 46
6 49
6 50
6 51
6 54
6 59
6 62
6 63
6 66
6 68
6 69
6 73
6 75
6 76
6 80
6 82
6 84
6 85
6 93
6 94
6 97
6 100
6 101
6 102
6 103
6 104
6 105
6 106
6 107
6 108
6 109
6 111
6 113
6 116
6 119
6 122
6 124
6 126
6 129
6 131
6 133
6 135
6 137
6 138
6 139
6 141
6 142
6 147
6 148
6 151
6 152
6 153
6 154
6 155
6 158
6 161
7 9
7 14
7 18
7 19
7 21
7 22
7 23
7 26
7 28
7 30
7 35
7 37
7 45
7 49
7 51
7 53
7 54
7 55
7 66
7 67
7 68
7 69
7 70
7 71
7 72
7 73
7 74
7 75
7 77
7 78
7 79
7 84
7 87
7 89
7 90
7 91
7 94
7 95
7 98
7 99
7 100
7 102
7 105
7 107
7 113
7 114
7 115
7 117
7 119
7 121
7 122
7 125
7 126
7 127
7 133
7 135
7 137
7 139
7 141
7 143
7 146
7 152
7 154
7 155
7 157
7 158
8 11
8 12
8 14
8 19
8 36
8 39
8 43
8 46
8 56
8 68
8 69
8 72
8 73
8 79
8 87
8 90
8 94
8 103
8 107
8 113
8 114
8 150
8 156
8 158
9 11
9 14
9 17
9 18
9 19
9 20
9 23
9 24
9 32
9 34
9 35
9 40
9 47
9 49
9 54
9 55
9 58
9 64
9 65
9 66
9 67
9 68
9 71
9 72
9 73
9 74
9 77
9 79
9 87
9 89
9 92
9 95
9 98
9 99
9 101
9 105
9 106
9 107
9 108
9 109
9 111
9 113
9 114
9 117
9 118
9 123
9 125
9 127
9 139
9 151
9 152
9 153
10 14
10 17
10 24
10 25
10 30
10 31
10 37
10 39
10 40
10 45
10 49
10 52
10 54
10 59
10 60
10 65
10 66
10 69
10 71
10 74
10 76
10 79
10 80
10 89
10 94
10 97
10 101
10 102
10 103
10 104
10 106
10 108
10 109
10 110
10 111
10 114
10 116
10 118
10 122
10 132
10 133
10 134
10 139
10 141
10 142
10 145
10 146
10 150
10 151
10 154
10 155
11 14
11 21
11 31
11 33
11 34
11 37
11 40
11 43
11 45
11 46
11 49
11 51
11 53
11 54
11 55
11 59
11 61
11 66
11 68
11 70
11 72
11 74
11 76
11 77
11 80
11 81
11 85
11 87
11 91
11 98
11 101
11 102
11 108
11 109
11 112
11 113
11 117
11 120
11 125
11 127
11 133
11 135
11 137
11 138
11 147
11 149
11 150
11 151
11 153
11 154
11 158
11 161
12 14
12 19
12 27
12 32
12 38
12 40
12 42
12 43
12 44
12 45
12 55
12 58
12 61
12 62
12 64
12 65
12 68
12 69
12 70
12 77
12 78
12 84
12 85
12 90
12 99
12 101
12 103
12 112
12 117
12 129
12 131
12 145
12 146
12 147
12 148
12 156
12 161
13 15
13 18
13 21
13 25
13 31
13 36
13 38
13 40
13 49
13 54
13 61
13 63
13 65
13 67
13 68
13 69
13 72
13 74
13 83
13 94
13 95
13 102
13 103
13 104
13 112
13 114
13 115
13 125
13 137
13 141
13 142
13 144
13 147
13 152
13 159
14 15
14 20
14 21
14 22
14 25
14 26
14 28
14 30
14 31
14 35
14 38
14 40
14 41
14 43
14 44
14 45
14 46
14 49
14 50
14 51
14 53
14 54
14 55
14 59
14 61
14 64
14 65
14 66
14 67
14 69
14 71
14 72
14 76
14 79
14 84
14 89
14 94
14 97
14 99
14 100
14 101
14 102
14 103
14 106
14 108
14 110
14 112
14 118
14 125
14 128
14 131
14 134
14 136
14 140
14 142
14 143
14 144
14 145
14 147
14 148
14 150
14 152
14 153
14 154
14 156
14 157
14 158
14 159
14 160
15 18
15 23
15 30
15 42
15 46
15 55
15 58
15 69
15 71
15 72
15 76
15 80
15 81
15 93
15 100
15 105
15 106
15 114
15 129
15 132
15 133
15 135
15 136
15 137
15 142
15 143
15 147
15 157
15 159
16 19
16 22
16 26
16 33
16 34
16 39
16 40
16 43
16 58
16 64
16 67
16 69
16 85
16 86
16 91
16 98
16 101
16 105
16 112
16 113
16 115
16 131
16 134
16 135
16 136
16 137
16 142
16 147
16 151
16 160
16 161
17 18
17 23
17 34
17 51
17 55
17 74
17 97
17 101
17 104
17 109
17 112
17 118
17 129
17 140
17 141
17 154
17 157
17 158
18 20
18 25
18 26
18 39
18 40
18 45
18 49
18 54
18 63
18 64
18 67
18 68
18 72
18 86
18 94
18 99
18 100
18 102
18 103
18 106
18 109
18 118
18 135
18 138
18 141
18 142
18 151
18 159
18 160
19 20
19 21
19 24
19 30
19 31
19 33
19 40
19 42
19 44
19 50
19 51
19 52
19 54
19 55
19 56
19 57
19 62
19 63
19 66
19 69
19 73
19 74
19 75
19 77
19 91
19 92
19 94
19 95
19 98
19 99
19 100
19 103
19 105
19 108
19 109
19 111
19 116
19 118
19 126
19 129
19 131
19 133
19 135
19 137
19 138
19 140
19 145
19 146
19 147
19 150
19 151
19 152
19 153
19 154
19 157
19 158
19 160
20 30
20 39
20 41
20 50
20 51
20 58
20 61
20 70
20 74
20 79
20 80
20 84
20 93
20 101
20 103
20 111
20 113
20 114
20 117
20 134
20 137
20 139
20 142
20 145
20 147
20 157
20 161
21 24
21 30
21 31
21 33
21 36
21 38
21 44
21 45
21 46
21 49
21 51
21 52
21 54
21 55
21 59
21 61
21 63
21 66
21 67
21 69
21 71
21 72
21 77
21 78
21 79
21 80
21 82
21 83
21 91
21 97
21 99
21 101
21 102
21 103
21 104
21 109
21 111
21 117
21 119
21 126
21 128
21 133
21 134
21 135
21 137
21 138
21 140
21 142
21 143
21 145
21 148
21 149
21 151
21 155
21 159
21 160
21 161
22 23
22 24
22 28
22 34
22 39
22 40
22 42
22 49
22 59
22 64
22 68
22 70
22 72
22 94
22 96
22 101
22 107
22 108
22 109
22 111
22 112
22 128
22 129
22 130
22 131
22 134
22 137
22 139
22 143
22 145
22 149
22 152
22 154
22 161
23 32
23 39
23 43
23 44
23 45
23 49
23 54
23 56
23 67
23 69
23 75
23 95
23 99
23 100
23 102
23 111
23 116
23 117
23 118
23 122
23 125
23 135
23 137
23 138
23 139
23 150
23 151
23 152
23 161
24 25
24 26
24 27
24 36
24 38
24 39
24 40
24 45
24 52
24 55
24 63
24 65
24 67
24 68
24 77
24 87
24 93
24 99
24 101
24 105
24 106
24 112
24 131
24 133
24 161
25 26
25 28
25 30
25 32
25 34
25 35
25 44
25 45
25 47
25 49
25 51
25 52
25 54
25 56
25 58
25 61
25 63
25 65
25 70
25 71
25 72
25 73
25 74
25 77
25 81
25 84
25 85
25 86
25 97
25 103
25 104
25 109
25 112
25 113
25 117
25 124
25 125
25 131
25 134
25 138
25 139
25 141
25 142
25 143
25 145
25 147
25 150
25 153
26 28
26 33
26 36
26 38
26 39
26 42
26 46
26 49
26 50
26 53
26 54
26 55
26 58
26 62
26 65
26 66
26 67
26 68
26 69
26 70
26 74
26 76
26 77
26 78
26 79
26 81
26 82
26 84
26 85
26 90
26 92
26 93
26 94
26 97
26 99
26 100
26 102
26 105
26 106
26 108
26 113
26 114
26 116
26 117
26 123
26 125
26 126
26 131
26 134
26 137
26 139
26 142
26 144
26 149
26 150
26 151
26 152
26 156
26 157
26 158
26 159
27 28
27 37
27 40
27 53
27 102
27 111
27 114
27 129
27 132
27 137
27 138
27 142
28 35
28 39
28 43
28 50
28 54
28 56
28 58
28 59
28 65
28 66
28 68
28 73
28 77
28 79
28 80
28 84
28 89
28 91
28 101
28 103
28 109
28 110
28 112
28 117
28 118
28 127
28 140
28 150
28 159
28 160
29 32
29 35
29 36
29 45
29 46
29 49
29 50
29 63
29 69
29 70
29 79
29 86
29 104
29 107
29 113
29 134
29 143
29 145
29 150
29 161
30 31
30 32
30 38
30 40
30 41
30 47
30 50
30 52
30 54
30 56
30 58
30 59
30 62
30 63
30 64
30 65
30 66
30 67
30 68
30 69
30 72
30 73
30 80
30 83
30 85
30 86
30 88
30 89
30 91
30 93
30 97
30 98
30 99
30 101
30 103
30 105
30 108
30 112
30 113
30 114
30 119
30 125
30 126
30 127
30 132
30 133
30 135
30 139
30 141
30 142
30 146
30 152
30 157
30 158
30 160
31 32
31 33
31 35
31 36
31 38
31 40
31 41
31 45
31 46
31 49
31 51
31 54
31 63
31 64
31 66
31 67
31 69
31 70
31 71
31 72
31 75
31 77
31 84
31 85
31 86
31 87
31 88
31 90
31 91
31 94
31 100
31 105
31 106
31 108
31 109
31 114
31 116
31 125
31 126
31 128
31 129
31 133
31 138
31 139
31 143
31 144
31 147
31 152
31 153
31 154
31 158
31 160
31 161
32 33
32 34
32 35
32 40
32 42
32 43
32 44
32 49
32 58
32 60
32 61
32 63
32 65
32 67
32 70
32 74
32 78
32 80
32 84
32 91
32 93
32 94
32 96
32 98
32 101
32 106
32 107
32 110
32 112
32 118
32 122
32 125
32 130
32 132
32 136
32 137
32 138
32 139
32 142
32 147
32 149
32 152
32 153
32 154
32 156
33 34
33 45
33 49
33 50
33 56
33 65
33 70
33 71
33 72
33 77
33 88
33 89
33 91
33 94
33 99
33 102
33 103
33 108
33 133
33 143
33 147
33 148
33 154
33 158
33 161
34 38
34 40
34 45
34 46
34 48
34 51
34 53
34 68
34 74
34 77
34 86
34 89
34 96
34 103
34 105
34 109
34 110
34 111
34 112
34 113
34 114
34 116
34 128
34 133
34 137
34 138
34 139
34 142
34 145
34 146
34 153
34 157
35 36
35 39
35 40
35 42
35 44
35 50
35 51
35 55
35 56
35 58
35 63
35 64
35 66
35 67
35 68
35 74
35 85
35 90
35 93
35 94
35 97
35 98
35 100
35 108
35 109
35 110
35 112
35 113
35 114
35 119
35 121
35 125
35 126
35 131
35 133
35 135
35 137
35 138
35 140
35 141
35 142
35 149
35 154
35 155
36 38
36 40
36 51
36 53
36 56
36 58
36 63
36 64
36 65
36 66
36 68
36 70
36 71
36 72
36 73
36 74
36 77
36 78
36 82
36 83
36 84
36 87
36 91
36 95
36 97
36 98
36 99
36 105
36 108
36 111
36 113
36 115
36 116
36 118
36 130
36 131
36 133
36 137
36 139
36 143
36 147
36 148
36 150
36 155
37 40
37 42
37 45
37 49
37 51
37 52
37 53
37 59
37 61
37 65
37 68
37 70
37 72
37 74
37 86
37 89
37 91
37 93
37 95
37 96
37 99
37 102
37 112
37 114
37 115
37 124
37 125
37 134
37 135
37 139
37 142
37 146
37 157
37 159
37 161
38 50
38 53
38 54
38 64
38 67
38 68
38 70
38 72
38 77
38 80
38 81
38 87
38 93
38 94
38 97
38 98
38 99
38 100
38 101
38 106
38 114
38 134
38 137
38 138
38 145
38 146
38 147
38 153
38 154
38 159
39 40
39 44
39 49
39 53
39 56
39 58
39 61
39 64
39 67
39 79
39 81
39 88
39 99
39 100
39 108
39 109
39 112
39 115
39 119
39 122
39 124
39 129
39 133
39 135
39 152
39 153
39 154
39 155
39 156
39 158
40 46
40 49
40 51
40 52
40 53
40 54
40 57
40 58
40 60
40 61
40 63
40 64
40 65
40 67
40 68
40 71
40 72
40 74
40 79
40 81
40 84
40 85
40 89
40 92
40 93
40 95
40 97
40 100
40 101
40 102
40 103
40 105
40 106
40 108
40 110
40 113
40 115
40 116
40 117
40 126
40 129
40 130
40 133
40 137
40 138
40 141
40 145
40 146
40 149
40 152
40 153
40 161
41 51
41 64
41 66
41 89
41 100
41 101
41 108
41 109
41 114
41 135
41 139
41 145
41 152
42 51
42 64
42 65
42 68
42 71
42 73
42 74
42 76
42 79
42 83
42 87
42 88
42 89
42 96
42 101
42 105
42 106
42 107
42 108
42 112
42 113
42 114
42 117
42 123
42 126
42 134
42 138
42 139
42 141
42 147
42 152
42 156
42 158
42 161
43 45
43 46
43 49
43 52
43 55
43 56
43 61
43 62
43 63
43 66
43 68
43 71
43 72
43 73
43 85
43 89
43 97
43 99
43 101
43 103
43 106
43 109
43 111
43 114
43 115
43 117
43 118
43 135
43 136
43 137
43 139
43 145
43 146
43 151
43 152
44 45
44 50
44 51
44 53
44 55
44 58
44 59
44 61
44 63
44 64
44 66
44 67
44 68
44 69
44 73
44 74
44 79
44 88
44 89
44 92
44 96
44 97
44 101
44 102
44 106
44 109
44 114
44 120
44 126
44 127
44 129
44 130
44 133
44 135
44 137
44 142
44 143
44 145
44 146
44 149
44 152
44 153
44 157
44 158
44 159
44 161
45 49
45 51
45 52
45 53
45 57
45 67
45 68
45 69
45 70
45 71
45 74
45 75
45 80
45 83
45 84
45 86
45 91
45 96
45 97
45 98
45 99
45 105
45 106
45 113
45 116
45 117
45 123
45 129
45 131
45 134
45 136
45 137
45 138
45 139
45 140
45 142
45 145
45 146
45 154
45 155
45 158
46 49
46 50
46 53
46 58
46 59
46 65
46 68
46 74
46 82
46 85
46 86
46 97
46 102
46 105
46 111
46 114
46 118
46 119
46 132
46 134
46 137
46 140
46 142
46 145
46 154
46 158
47 57
47 65
47 67
47 71
47 72
47 75
47 89
47 115
47 143
47 148
47 150
47 152
47 153
47 154
48 49
48 52
48 63
48 66
48 70
48 72
48 76
48 88
48 95
48 97
48 100
48 104
48 105
48 120
48 121
48 123
48 125
48 142
48 157
48 160
49 50
49 55
49 56
49 57
49 58
49 59
49 66
49 67
49 69
49 70
49 73
49 75
49 76
49 77
49 78
49 79
49 84
49 88
49 90
49 94
49 98
49 101
49 103
49 108
49 112
49 113
49 117
49 118
49 123
49 126
49 131
49 134
49 136
49 138
49 143
49 147
49 151
49 153
49 154
49 157
49 160
49 161
50 55
50 56
50 60
50 61
50 65
50 71
50 74
50 78
50 79
50 80
50 82
50 85
50 87
50 97
50 103
50 108
50 109
50 110
50 112
50 113
50 114
50 115
50 121
50 123
50 129
50 130
50 133
50 134
50 138
50 140
50 142
50 152
50 153
50 154
50 157
50 158
50 160
51 52
51 54
51 55
51 57
51 64
51 65
51 66
51 67
51 69
51 72
51 75
51 76
51 77
51 79
51 80
51 82
51 83
51 86
51 89
51 90
51 94
51 99
51 101
51 103
51 107
51 108
51 109
51 113
51 115
51 116
51 121
51 126
51 127
51 130
51 131
51 133
51 142
51 146
51 149
51 152
51 153
51 154
51 157
51 158
52 54
52 61
52 65
52 66
52 70
52 71
52 74
52 91
52 95
52 97
52 98
52 102
52 103
52 104
52 108
52 109
52 115
52 116
52 118
52 122
52 129
52 134
52 135
52 138
52 139
52 143
52 144
52 147
52 149
52 157
52 158
53 54
53 56
53 65
53 67
53 68
53 70
53 72
53 76
53 77
53 79
53 89
53 94
53 95
53 97
53 106
53 107
53 112
53 114
53 122
53 127
53 154
53 160
53 161
54 55
54 63
54 64
54 65
54 66
54 67
54 69
54 71
54 72
54 75
54 77
54 80
54 87
54 89
54 90
54 95
54 96
54 97
54 99
54 102
54 103
54 109
54 110
54 111
54 113
54 114
54 115
54 127
54 128
54 135
54 141
54 142
54 147
54 151
54 152
54 154
54 157
54 158
54 159
55 56
55 61
55 63
55 65
55 67
55 68
55 72
55 74
55 77
55 80
55 82
55 85
55 92
55 104
55 105
55 109
55 112
55 115
55 116
55 118
55 123
55 125
55 128
55 129
55 133
55 134
55 139
55 140
55 141
55 142
55 148
55 152
55 154
55 158
55 161
56 59
56 61
56 62
56 63
56 64
56 67
56 68
56 69
56 70
56 73
56 74
56 75
56 77
56 79
56 84
56 87
56 92
56 95
56 96
56 97
56 100
56 105
56 106
56 107
56 108
56 109
56 112
56 113
56 117
56 129
56 131
56 133
56 134
56 135
56 138
56 139
56 142
56 145
56 150
56 152
56 157
56 158
57 58
57 61
57 64
57 70
57 72
57 75
57 80
57 100
57 108
57 112
57 125
57 126
57 128
57 133
57 135
57 146
57 153
57 160
58 59
58 62
58 63
58 64
58 69
58 78
58 79
58 80
58 86
58 89
58 90
58 91
58 92
58 95
58 98
58 101
58 108
58 109
58 113
58 115
58 118
58 126
58 129
58 131
58 138
58 139
58 141
58 142
58 147
58 151
58 152
58 159
58 161
59 64
59 66
59 69
59 71
59 74
59 77
59 85
59 89
59 90
59 91
59 94
59 98
59 99
59 100
59 103
59 109
59 115
59 116
59 117
59 129
59 134
59 135
59 144
59 145
59 149
59 152
59 153
59 159
60 67
60 71
60 72
60 84
60 95
60 101
60 112
60 125
60 127
60 142
60 146
60 159
61 63
61 64
61 65
61 68
61 70
61 71
61 72
61 78
61 85
61 97
61 99
61 101
61 107
61 108
61 113
61 115
61 126
61 135
61 137
61 142
61 151
61 152
62 63
62 71
62 73
62 79
62 84
62 91
62 93
62 107
62 113
62 116
62 130
62 133
62 136
62 147
62 157
62 158
63 64
63 67
63 71
63 73
63 77
63 82
63 84
63 85
63 86
63 91
63 93
63 97
63 98
63 101
63 102
63 108
63 109
63 111
63 113
63 114
63 117
63 118
63 119
63 122
63 129
63 132
63 133
63 137
63 138
63 141
63 145
63 152
63 153
63 154
63 157
64 71
64 72
64 74
64 75
64 76
64 77
64 79
64 82
64 86
64 87
64 97
64 99
64 102
64 103
64 105
64 106
64 111
64 113
64 114
64 120
64 125
64 126
64 127
64 128
64 129
64 134
64 135
64 137
64 139
64 142
64 144
64 145
64 147
64 150
64 153
64 159
64 161
65 66
65 69
65 73
65 74
65 77
65 81
65 86
65 88
65 89
65 93
65 94
65 100
65 102
65 105
65 106
65 107
65 109
65 112
65 132
65 145
65 147
65 148
65 149
65 151
65 155
65 159
65 161
66 68
66 72
66 74
66 75
66 77
66 81
66 84
66 86
66 91
66 94
66 98
66 102
66 104
66 125
66 126
66 128
66 131
66 132
66 139
66 141
66 142
66 145
66 151
66 152
66 154
66 155
66 157
66 158
67 70
67 71
67 72
67 73
67 76
67 79
67 80
67 84
67 85
67 87
67 89
67 93
67 95
67 99
67 100
67 102
67 103
67 105
67 106
67 108
67 109
67 113
67 116
67 117
67 118
67 120
67 123
67 125
67 126
67 129
67 132
67 133
67 134
67 135
67 136
67 139
67 141
67 145
67 153
67 154
67 157
67 159
67 160
67 161
68 69
68 71
68 72
68 73
68 74
68 76
68 79
68 85
68 87
68 90
68 96
68 100
68 101
68 102
68 105
68 109
68 114
68 116
68 122
68 130
68 132
68 133
68 134
68 135
68 136
68 137
68 138
68 139
68 147
68 149
68 150
68 151
68 152
68 155
68 156
68 158
69 73
69 75
69 79
69 82
69 84
69 90
69 91
69 98
69 99
69 101
69 102
69 105
69 108
69 109
69 113
69 114
69 115
69 116
69 118
69 123
69 129
69 132
69 133
69 134
69 136
69 138
69 140
69 141
69 145
69 148
69 152
69 153
69 157
69 159
70 71
70 72
70 74
70 75
70 77
70 79
70 83
70 84
70 89
70 90
70 91
70 97
70 99
70 101
70 102
70 103
70 104
70 105
70 106
70 109
70 110
70 112
70 115
70 116
70 125
70 128
70 130
70 132
70 133
70 135
70 137
70 138
70 139
70 141
70 143
70 145
70 146
70 148
70 149
70 152
70 153
71 72
71 73
71 75
71 79
71 80
71 81
71 83
71 85
71 86
71 89
71 105
71 106
71 108
71 111
71 112
71 113
71 114
71 117
71 118
71 121
71 124
71 125
71 127
71 128
71 129
71 130
71 133
71 136
71 138
71 142
71 147
71 149
71 151
71 152
71 153
71 154
71 155
71 161
72 73
72 75
72 78
72 79
72 80
72 81
72 82
72 83
72 84
72 89
72 91
72 92
72 93
72 96
72 99
72 101
72 102
72 104
72 106
72 109
72 111
72 112
72 113
72 114
72 115
72 116
72 117
72 129
72 130
72 134
72 135
72 136
72 139
72 144
72 146
72 150
72 151
72 152
72 157
72 159
73 77
73 80
73 83
73 84
73 88
73 89
73 100
73 101
73 102
73 108
73 110
73 114
73 115
73 119
73 126
73 129
73 133
73 134
73 137
73 139
73 141
73 145
73 148
73 152
73 153
73 161
74 75
74 77
74 80
74 85
74 89
74 93
74 94
74 97
74 98
74 99
74 100
74 102
74 105
74 106
74 108
74 110
74 111
74 116
74 117
74 131
74 133
74 134
74 135
74 136
74 137
74 140
74 141
74 144
74 145
74 148
74 150
74 151
74 152
74 154
74 155
74 161
75 76
75 77
75 78
75 79
75 82
75 85
75 89
75 93
75 97
75 99
75 101
75 102
75 105
75 108
75 109
75 114
75 117
75 126
75 136
75 137
75 145
75 151
75 154
75 157
76 79
76 85
76 95
76 98
76 105
76 106
76 121
76 133
76 140
76 141
76 143
76 158
76 159
76 161
77 81
77 88
77 95
77 97
77 100
77 102
77 111
77 113
77 114
77 118
77 119
77 121
77 125
77 129
77 133
77 136
77 137
77 138
77 140
77 143
77 145
77 147
77 151
77 157
77 160
77 161
78 92
78 101
78 117
78 123
78 160
79 80
79 82
79 85
79 88
79 92
79 94
79 102
79 103
79 105
79 106
79 107
79 109
79 110
79 111
79 113
79 114
79 115
79 117
79 119
79 122
79 128
79 129
79 131
79 133
79 134
79 136
79 137
79 138
79 140
79 141
79 142
79 145
79 146
79 147
79 149
79 161
80 82
80 85
80 89
80 94
80 102
80 103
80 109
80 114
80 117
80 122
80 131
80 133
80 135
80 140
80 146
80 152
80 153
80 157
80 158
80 159
80 161
81 100
81 102
81 112
81 113
81 117
81 126
81 128
81 154
81 159
82 84
82 87
82 89
82 90
82 99
82 103
82 108
82 109
82 113
82 117
82 118
82 131
82 137
82 141
82 147
82 154
82 161
83 89
83 93
83 101
83 109
83 113
83 114
83 117
83 118
83 119
83 126
83 133
83 137
83 138
83 146
83 154
83 160
84 87
84 91
84 94
84 95
84 101
84 102
84 109
84 110
84 112
84 116
84 118
84 121
84 122
84 125
84 128
84 134
84 137
84 139
84 145
84 146
84 147
84 152
84 154
84 158
84 161
85 91
85 93
85 99
85 101
85 106
85 110
85 111
85 113
85 117
85 122
85 129
85 135
85 136
85 139
85 140
85 145
85 152
85 154
85 158
85 159
85 161
86 94
86 98
86 106
86 108
86 109
86 112
86 114
86 115
86 126
86 128
86 131
86 133
86 134
86 138
86 142
86 147
86 151
87 89
87 92
87 101
87 102
87 106
87 108
87 110
87 111
87 112
87 113
87 117
87 120
87 124
87 129
87 132
87 139
87 146
87 147
87 148
87 151
87 155
87 158
87 160
88 94
88 103
88 108
88 114
88 116
88 125
88 126
88 131
88 135
88 139
88 142
88 145
88 146
88 149
88 158
88 160
89 94
89 97
89 99
89 102
89 105
89 106
89 107
89 109
89 113
89 114
89 115
89 116
89 121
89 122
89 127
89 128
89 130
89 131
89 133
89 134
89 137
89 140
89 141
89 145
89 147
89 149
89 150
89 151
89 153
89 157
89 158
89 159
89 161
90 102
90 104
90 106
90 110
90 111
90 118
90 122
90 135
90 139
90 141
90 146
90 152
90 153
90 155
90 161
91 103
91 105
91 107
91 108
91 113
91 115
91 118
91 121
91 124
91 126
91 129
91 132
91 133
91 134
91 135
91 137
91 138
91 139
91 141
91 145
91 151
91 152
91 155
91 158
92 99
92 101
92 107
92 108
92 112
92 125
92 126
92 131
92 132
92 136
92 141
92 145
92 146
92 154
93 94
93 99
93 100
93 103
93 109
93 112
93 113
93 120
93 124
93 129
93 131
93 134
93 135
93 137
93 139
93 140
93 150
93 154
94 97
94 98
94 102
94 103
94 105
94 109
94 114
94 117
94 118
94 121
94 126
94 131
94 133
94 136
94 141
94 143
94 144
94 149
94 154
94 157
94 158
94 159
94 160
95 96
95 98
95 102
95 109
95 112
95 116
95 133
95 139
95 157
95 160
96 102
96 105
96 115
96 117
96 119
96 133
96 135
96 137
96 138
96 141
96 159
97 101
97 102
97 104
97 109
97 111
97 112
97 113
97 114
97 116
97 122
97 128
97 131
97 134
97 136
97 137
97 139
97 142
97 147
97 153
97 154
97 159
98 102
98 105
98 111
98 113
98 114
98 118
98 119
98 122
98 125
98 129
98 135
98 138
98 139
98 145
98 147
98 151
98 152
98 157
99 101
99 102
99 103
99 106
99 107
99 108
99 111
99 114
99 130
99 133
99 138
99 142
99 147
100 103
100 107
100 109
100 110
100 112
100 116
100 125
100 130
100 131
100 137
100 146
100 147
100 148
100 149
100 151
100 152
100 158
101 102
101 103
101 104
101 108
101 111
101 112
101 113
101 114
101 115
101 117
101 118
101 126
101 128
101 132
101 134
101 135
101 137
101 139
101 141
101 146
101 149
101 151
101 152
101 153
101 157
101 160
102 105
102 106
102 109
102 114
102 118
102 119
102 121
102 124
102 133
102 137
102 138
102 139
102 142
102 146
102 147
102 151
102 152
102 154
102 156
102 157
102 159
102 161
103 105
103 107
103 111
103 113
103 115
103 124
103 125
103 126
103 132
103 134
103 138
103 142
103 146
103 147
103 149
103 150
103 157
103 158
104 113
104 131
104 141
104 143
104 158
105 109
105 114
105 117
105 122
105 126
105 128
105 133
105 135
105 138
105 139
105 141
105 142
105 147
105 158
105 160
106 108
106 111
106 114
106 115
106 116
106 117
106 119
106 125
106 129
106 131
106 135
106 136
106 138
106 139
106 140
106 142
106 143
106 145
106 146
106 147
106 148
106 151
106 154
106 155
106 157
106 160
107 108
107 115
107 120
107 125
107 129
107 130
107 133
107 134
107 138
107 139
107 141
107 142
107 153
107 157
108 111
108 113
108 118
108 120
108 131
108 133
108 135
108 137
108 138
108 139
108 142
108 146
108 147
108 152
108 154
108 157
108 158
108 159
108 160
109 114
109 116
109 117
109 118
109 125
109 127
109 132
109 133
109 134
109 135
109 138
109 142
109 158
109 160
109 161
110 114
110 115
110 117
110 122
110 126
110 128
110 129
110 134
110 139
110 148
110 154
110 160
111 112
111 114
111 117
111 125
111 129
111 131
111 133
111 137
111 138
111 140
111 147
111 149
111 152
111 154
112 116
112 117
112 118
112 119
112 127
112 129
112 131
112 132
112 137
112 141
112 143
112 146
112 147
112 150
112 151
112 157
112 158
112 159
113 115
113 117
113 118
113 121
113 128
113 129
113 131
113 132
113 134
113 139
113 142
113 145
113 146
113 148
113 151
113 152
113 157
114 117
114 121
114 126
114 129
114 131
114 132
114 133
114 134
114 136
114 142
114 143
114 144
114 146
114 147
114 148
114 152
114 153
114 154
114 156
114 160
114 161
115 117
115 121
115 123
115 125
115 126
115 127
115 128
115 133
115 135
115 136
115 138
115 145
115 146
115 150
115 151
115 152
115 153
115 154
115 157
115 160
116 117
116 125
116 131
116 135
116 138
116 147
116 152
116 153
116 156
117 122
117 123
117 125
117 126
117 129
117 132
117 133
117 135
117 138
117 141
117 147
117 150
117 151
117 154
117 158
117 159
118 120
118 129
118 131
118 133
118 135
118 138
118 139
118 141
118 142
118 147
118 148
118 150
118 152
118 153
118 158
118 160
118 161
119 128
119 131
119 137
119 143
119 148
120 126
120 129
120 130
120 133
120 145
120 148
120 152
120 157
121 123
121 127
121 133
121 157
121 158
122 125
122 126
122 127
122 129
122 143
122 161
123 142
123 151
123 152
123 158
123 159
124 129
124 138
124 147
124 152
125 128
125 130
125 131
125 132
125 137
125 138
125 139
125 145
125 151
125 154
125 156
125 161
126 132
126 133
126 134
126 138
126 147
126 151
126 152
126 154
126 157
126 160
126 161
127 131
127 141
127 143
127 151
128 130
128 133
128 138
128 149
128 151
128 154
128 160
129 130
129 131
129 132
129 133
129 134
129 137
129 138
129 140
129 147
129 149
129 152
129 153
129 154
129 157
129 159
129 160
129 161
130 133
130 134
130 142
130 152
130 161
131 133
131 138
131 139
131 146
131 147
131 150
131 153
131 154
131 155
131 157
131 161
132 138
132 146
132 149
132 152
132 153
132 158
132 161
133 134
133 135
133 137
133 138
133 140
133 142
133 146
133 149
133 151
133 152
133 153
133 159
134 137
134 139
134 147
134 149
134 152
134 154
134 157
134 160
134 161
135 138
135 140
135 142
135 145
135 146
135 147
135 148
135 151
135 154
135 157
135 159
136 139
136 152
136 154
136 160
137 139
137 145
137 146
137 147
137 150
137 151
137 152
137 153
137 154
137 155
137 158
137 161
138 143
138 144
138 145
138 148
138 153
138 159
138 161
139 142
139 147
139 148
139 151
139 152
139 158
139 161
140 142
140 153
140 157
140 159
141 142
141 147
141 149
141 150
141 158
142 143
142 144
142 149
142 152
142 158
142 159
142 160
143 150
143 157
143 158
144 158
145 146
145 154
145 155
145 158
146 147
146 152
146 153
147 149
147 150
147 151
147 153
147 154
147 155
148 151
148 152
148 156
150 151
150 154
150 155
150 160
150 161
151 152
151 153
151 154
151 156
151 161
152 155
152 158
153 154
153 157
153 159
154 157
154 158
154 159
154 160
154 161
155 161
157 161
158 159
159 160
