0 6
0 14
0 16
0 19
0 31
0 34
0 35
0 36
0 40
0 49
0 50
0 54
0 65
0 70
0 75
0 77
0 89
0 93
0 94
0 111
0 113
0 114
0 115
0 116
0 129
0 135
0 147
0 157
1 4
1 5
1 9
1 10
1 16
1 19
1 23
1 25
1 26
1 31
1 33
1 40
1 44
1 45
1 49
1 51
1 54
1 58
1 61
1 66
1 68
1 70
1 73
1 74
1 75
1 77
1 86
1 87
1 99
1 101
1 108
1 109
1 112
1 115
1 118
1 121
1 130
1 137
1 141
1 145
1 151
1 152
1 154
2 4
2 6
2 7
2 12
2 15
2 22
2 24
2 30
2 52
2 54
2 58
2 70
2 108
2 112
2 114
2 134
2 159
3 10
3 18
3 19
3 21
3 34
3 38
3 45
3 46
3 48
3 49
3 51
3 56
3 63
3 64
3 69
3 70
3 71
3 82
3 86
3 88
3 89
3 91
3 94
3 106
3 114
3 118
3 122
3 123
3 129
3 132
3 138
3 144
3 147
3 150
3 151
3 158
4 6
4 10
4 11
4 12
4 17
4 18
4 19
4 21
4 26
4 30
4 32
4 34
4 35
4 36
4 40
4 42
4 50
4 56
4 62
4 63
4 64
4 66
4 68
4 69
4 70
4 71
4 72
4 73
4 74
4 76
4 79
4 80
4 81
4 82
4 83
4 87
4 89
4 93
4 94
4 95
4 99
4 101
4 103
4 105
4 107
4 108
4 113
4 115
4 116
4 117
4 119
4 128
4 133
4 134
4 135
4 137
4 138
4 141
4 142
4 146
4 149
4 150
4 152
4 153
4 154
4 155
4 160
4 161
5 18
5 19
5 21
5 23
5 38
5 39
5 61
5 67
5 72
5 74
5 77
5 93
5 99
5 106
5 107
5 112
5 130
5 133
5 150
5 155
5 157
6 7
6 8
6 13
6 14
6 17
6 18
6 19
6 26
6 27
6 30
6 31
6 34
6 37
6 38
6 42
6 44
6 45
6 48
6 50
6 51
6 52
6 53
6 62
6 67
6 68
6 69
6 72
6 74
6 75
6 77
6 80
6 84
6 87
6 88
6 89
6 91
6 94
6 96
6 97
6 99
6 102
6 105
6 106
6 108
6 109
6 112
6 113
6 114
6 115
6 117
6 118
6 120
6 121
6 126
6 132
6 133
6 134
6 138
6 141
6 144
6 147
6 152
6 157
6 158
6 160
6 161
7 11
7 14
7 15
7 18
7 19
7 31
7 36
7 44
7 45
7 46
7 50
7 51
7 53
7 55
7 57
7 64
7 65
7 66
7 67
7 68
7 69
7 70
7 71
7 72
7 73
7 74
7 75
7 77
7 80
7 82
7 84
7 88
7 89
7 95
7 96
7 97
7 99
7 101
7 111
7 114
7 117
7 120
7 122
7 125
7 127
7 130
7 131
7 133
7 136
7 139
7 140
7 145
7 147
7 148
7 150
7 151
7 152
7 156
7 157
7 158
8 9
8 14
8 18
8 30
8 31
8 32
8 37
8 44
8 64
8 77
8 92
8 104
8 105
8 116
8 131
8 138
8 139
8 145
8 152
8 158
9 10
9 16
9 21
9 22
9 25
9 26
9 27
9 35
9 36
9 37
9 43
9 46
9 53
9 58
9 59
9 64
9 68
9 72
9 77
9 79
9 83
9 84
9 86
9 89
9 91
9 93
9 95
9 97
9 99
9 100
9 102
9 105
9 110
9 112
9 113
9 115
9 129
9 133
9 135
9 136
9 137
9 139
9 141
9 143
9 145
9 146
9 148
9 150
9 153
9 159
9 161
10 13
10 14
10 16
10 28
10 31
10 35
10 36
10 38
10 45
10 50
10 58
10 63
10 65
10 68
10 70
10 74
10 76
10 79
10 82
10 84
10 88
10 89
10 94
10 100
10 103
10 105
10 106
10 107
10 109
10 110
10 111
10 113
10 114
10 115
10 118
10 130
10 131
10 134
10 136
10 137
10 139
10 141
10 142
10 146
10 147
10 148
10 152
10 158
11 13
11 19
11 22
11 23
11 25
11 30
11 43
11 44
11 46
11 48
11 51
11 53
11 55
11 57
11 58
11 60
11 61
11 62
11 64
11 65
11 69
11 70
11 77
11 81
11 82
11 84
11 86
11 92
11 95
11 96
11 97
11 99
11 104
11 108
11 109
11 112
11 114
11 115
11 117
11 121
11 125
11 129
11 134
11 136
11 140
11 142
11 145
11 148
11 152
11 159
11 160
12 17
12 19
12 21
12 26
12 30
12 33
12 40
12 43
12 49
12 54
12 57
12 58
12 64
12 66
12 68
12 70
12 71
12 72
12 73
12 74
12 75
12 77
12 78
12 83
12 86
12 92
12 96
12 97
12 102
12 104
12 106
12 107
12 111
12 116
12 118
12 120
12 124
12 129
12 131
12 133
12 140
12 142
12 146
12 147
12 152
12 153
12 156
12 157
12 158
12 160
13 45
13 49
13 51
13 56
13 57
13 63
13 64
13 68
13 69
13 70
13 71
13 73
13 74
13 79
13 89
13 94
13 96
13 102
13 108
13 112
13 113
13 117
13 118
13 131
13 133
13 138
13 139
13 142
13 145
13 146
13 147
13 148
13 152
13 154
13 155
13 160
14 15
14 17
14 18
14 19
14 21
14 22
14 23
14 30
14 32
14 34
14 35
14 42
14 46
14 49
14 51
14 53
14 63
14 67
14 68
14 69
14 71
14 75
14 79
14 80
14 81
14 89
14 92
14 95
14 96
14 99
14 102
14 103
14 106
14 109
14 111
14 113
14 114
14 116
14 117
14 119
14 125
14 127
14 128
14 129
14 131
14 133
14 137
14 138
14 139
14 141
14 146
14 147
14 148
14 151
14 153
14 154
14 155
14 157
14 158
14 159
14 161
15 19
15 21
15 30
15 32
15 45
15 54
15 57
15 75
15 82
15 101
15 105
15 106
15 122
15 132
15 138
15 146
15 147
15 149
15 153
15 161
16 21
16 22
16 23
16 28
16 30
16 31
16 32
16 34
16 36
16 46
16 51
16 56
16 63
16 67
16 70
16 73
16 79
16 80
16 84
16 85
16 87
16 89
16 114
16 117
16 119
16 120
16 122
16 129
16 133
16 134
16 135
16 139
16 141
16 145
16 151
16 152
16 154
16 160
17 31
17 51
17 61
17 65
17 66
17 72
17 73
17 84
17 86
17 94
17 96
17 97
17 113
17 126
17 131
17 133
17 155
17 158
18 19
18 21
18 22
18 25
18 27
18 28
18 30
18 34
18 35
18 38
18 40
18 43
18 45
18 52
18 53
18 56
18 59
18 62
18 66
18 67
18 69
18 70
18 71
18 75
18 79
18 80
18 83
18 84
18 86
18 87
18 91
18 94
18 97
18 101
18 103
18 105
18 108
18 109
18 112
18 113
18 114
18 117
18 129
18 131
18 134
18 138
18 140
18 142
18 143
18 145
18 150
18 154
18 160
18 161
19 21
19 23
19 31
19 33
19 35
19 36
19 38
19 40
19 42
19 43
19 45
19 51
19 54
19 56
19 61
19 63
19 68
19 72
19 74
19 79
19 80
19 85
19 86
19 88
19 91
19 95
19 97
19 100
19 101
19 102
19 106
19 108
19 110
19 111
19 112
19 114
19 116
19 117
19 118
19 119
19 127
19 133
19 135
19 138
19 140
19 142
19 147
19 150
19 153
19 156
19 157
19 158
19 161
20 32
20 44
20 45
20 49
20 50
20 61
20 63
20 67
20 70
20 75
20 76
20 79
20 87
20 89
20 97
20 101
20 102
20 106
20 118
20 126
20 128
20 139
20 147
20 153
20 155
20 157
20 158
20 161
21 22
21 24
21 25
21 29
21 31
21 32
21 33
21 39
21 42
21 45
21 48
21 51
21 53
21 56
21 58
21 62
21 63
21 67
21 68
21 71
21 73
21 77
21 80
21 82
21 84
21 85
21 86
21 87
21 89
21 92
21 97
21 98
21 99
21 107
21 109
21 111
21 113
21 116
21 128
21 129
21 131
21 133
21 134
21 136
21 138
21 141
21 142
21 145
21 152
21 154
21 159
22 25
22 32
22 44
22 51
22 54
22 58
22 61
22 67
22 68
22 70
22 88
22 99
22 100
22 101
22 103
22 115
22 123
22 126
22 139
22 147
22 152
22 154
23 27
23 30
23 32
23 38
23 51
23 54
23 59
23 65
23 66
23 68
23 69
23 73
23 74
23 75
23 77
23 84
23 88
23 94
23 99
23 103
23 106
23 108
23 113
23 115
23 117
23 126
23 128
23 130
23 133
23 145
23 154
23 158
23 159
24 25
24 68
24 71
24 73
24 77
24 88
24 94
24 99
24 101
24 104
24 106
24 114
24 115
24 125
24 126
24 129
24 131
24 134
24 140
24 142
24 147
24 154
24 158
24 160
25 27
25 28
25 36
25 37
25 40
25 41
25 44
25 45
25 61
25 64
25 66
25 71
25 72
25 75
25 86
25 89
25 93
25 94
25 97
25 102
25 104
25 105
25 106
25 111
25 112
25 114
25 115
25 118
25 125
25 127
25 131
25 133
25 137
25 141
25 142
25 143
25 145
25 146
25 150
25 152
25 161
26 32
26 33
26 36
26 42
26 43
26 44
26 45
26 50
26 51
26 60
26 63
26 67
26 68
26 69
26 71
26 73
26 75
26 83
26 85
26 91
26 95
26 99
26 100
26 101
26 102
26 103
26 107
26 109
26 112
26 115
26 116
26 117
26 118
26 119
26 121
26 122
26 123
26 124
26 125
26 130
26 133
26 136
26 137
26 138
26 139
26 142
26 143
26 147
26 152
26 157
26 160
26 161
27 28
27 45
27 56
27 58
27 94
27 96
27 97
27 106
27 113
27 129
27 130
27 131
27 147
27 150
28 29
28 36
28 37
28 39
28 40
28 42
28 44
28 45
28 49
28 59
28 61
28 65
28 68
28 70
28 84
28 95
28 102
28 103
28 106
28 109
28 110
28 112
28 113
28 115
28 117
28 119
28 130
28 132
28 135
28 137
28 139
28 141
28 146
28 154
28 155
28 161
29 32
29 34
29 36
29 51
29 53
29 63
29 70
29 79
29 88
29 89
29 93
29 96
29 97
29 105
29 108
29 114
29 118
29 126
29 131
29 137
29 145
29 151
29 152
29 154
30 31
30 32
30 33
30 34
30 36
30 38
30 40
30 42
30 43
30 49
30 52
30 55
30 56
30 57
30 58
30 60
30 61
30 63
30 70
30 72
30 73
30 74
30 75
30 77
30 81
30 82
30 91
30 97
30 98
30 101
30 102
30 103
30 105
30 106
30 107
30 108
30 111
30 112
30 114
30 115
30 117
30 119
30 125
30 126
30 133
30 136
30 137
30 143
30 145
30 149
30 151
30 155
30 159
30 160
31 32
31 39
31 40
31 41
31 48
31 49
31 54
31 55
31 57
31 62
31 64
31 65
31 67
31 68
31 69
31 70
31 71
31 72
31 75
31 77
31 82
31 83
31 85
31 89
31 91
31 92
31 94
31 97
31 99
31 101
31 102
31 103
31 104
31 105
31 106
31 107
31 108
31 109
31 110
31 112
31 114
31 115
31 118
31 124
31 125
31 133
31 135
31 143
31 145
31 148
31 150
31 151
31 152
31 154
31 158
31 160
32 33
32 34
32 35
32 36
32 37
32 39
32 40
32 44
32 46
32 49
32 50
32 56
32 58
32 60
32 61
32 62
32 64
32 65
32 66
32 68
32 69
32 70
32 71
32 79
32 85
32 89
32 90
32 92
32 93
32 94
32 97
32 99
32 100
32 101
32 106
32 107
32 108
32 114
32 126
32 132
32 135
32 142
32 145
32 146
32 149
32 150
32 157
32 158
33 42
33 43
33 49
33 51
33 54
33 57
33 59
33 62
33 70
33 71
33 74
33 93
33 96
33 100
33 109
33 114
33 118
33 129
33 133
33 134
33 138
33 145
33 147
33 155
34 36
34 38
34 43
34 44
34 54
34 56
34 58
34 63
34 66
34 67
34 77
34 85
34 101
34 107
34 114
34 117
34 120
34 122
34 126
34 128
34 133
34 135
34 138
34 139
34 142
34 145
34 147
34 151
34 154
35 38
35 40
35 44
35 48
35 49
35 52
35 63
35 64
35 65
35 67
35 68
35 69
35 71
35 79
35 89
35 91
35 92
35 93
35 94
35 96
35 99
35 100
35 104
35 106
35 108
35 109
35 114
35 118
35 125
35 126
35 129
35 132
35 133
35 134
35 135
35 138
35 139
35 144
35 146
35 150
35 154
35 158
35 159
35 160
36 44
36 49
36 50
36 58
36 61
36 65
36 66
36 67
36 70
36 79
36 83
36 88
36 89
36 93
36 97
36 105
36 106
36 107
36 109
36 114
36 115
36 116
36 117
36 120
36 122
36 134
36 137
36 146
36 147
36 148
36 149
36 151
36 154
36 158
36 160
37 45
37 49
37 52
37 54
37 56
37 58
37 59
37 63
37 65
37 66
37 68
37 70
37 83
37 85
37 91
37 94
37 98
37 102
37 106
37 109
37 112
37 115
37 117
37 130
37 131
37 132
37 133
37 143
37 148
37 150
37 151
37 154
37 157
37 158
38 41
38 47
38 49
38 51
38 52
38 53
38 54
38 57
38 58
38 61
38 62
38 67
38 73
38 74
38 75
38 80
38 81
38 84
38 88
38 89
38 93
38 95
38 99
38 103
38 106
38 107
38 108
38 112
38 113
38 114
38 115
38 118
38 122
38 130
38 134
38 137
38 139
38 141
38 142
38 146
38 147
38 148
38 150
38 158
39 40
39 45
39 54
39 56
39 59
39 61
39 63
39 66
39 70
39 72
39 73
39 74
39 77
39 79
39 84
39 87
39 89
39 92
39 97
39 99
39 100
39 101
39 102
39 103
39 109
39 115
39 117
39 118
39 121
39 128
39 130
39 131
39 142
39 145
39 146
39 154
39 157
39 158
40 52
40 53
40 54
40 55
40 56
40 58
40 61
40 64
40 66
40 68
40 69
40 71
40 72
40 74
40 75
40 78
40 79
40 82
40 83
40 84
40 87
40 94
40 99
40 100
40 101
40 103
40 104
40 105
40 106
40 107
40 109
40 110
40 111
40 112
40 113
40 114
40 116
40 117
40 118
40 122
40 124
40 126
40 129
40 134
40 135
40 136
40 138
40 141
40 142
40 144
40 147
40 148
40 152
40 153
40 155
40 158
40 161
41 51
41 54
41 63
41 64
41 73
41 79
41 80
41 81
41 89
41 92
41 94
41 107
41 113
41 114
41 117
41 137
41 155
41 157
41 158
42 43
42 46
42 49
42 52
42 53
42 55
42 60
42 70
42 71
42 73
42 77
42 83
42 88
42 97
42 98
42 101
42 107
42 109
42 112
42 114
42 115
42 130
42 133
42 138
42 151
42 154
42 158
42 160
42 161
43 46
43 49
43 51
43 52
43 55
43 56
43 57
43 58
43 63
43 74
43 83
43 85
43 87
43 90
43 98
43 100
43 106
43 107
43 108
43 118
43 121
43 125
43 126
43 127
43 129
43 131
43 137
43 138
43 140
43 145
43 152
43 153
43 154
43 157
44 49
44 51
44 54
44 56
44 65
44 67
44 69
44 70
44 72
44 73
44 77
44 81
44 83
44 84
44 85
44 87
44 88
44 89
44 91
44 92
44 93
44 95
44 101
44 102
44 105
44 106
44 108
44 112
44 114
44 117
44 118
44 122
44 128
44 129
44 131
44 133
44 134
44 138
44 139
44 140
44 144
44 145
44 149
44 152
44 153
44 156
44 160
44 161
45 46
45 49
45 50
45 51
45 52
45 55
45 60
45 63
45 65
45 68
45 77
45 79
45 80
45 83
45 87
45 93
45 94
45 98
45 99
45 100
45 101
45 102
45 108
45 109
45 111
45 112
45 113
45 114
45 115
45 117
45 118
45 126
45 127
45 128
45 131
45 137
45 138
45 139
45 142
45 143
45 144
45 145
45 147
45 148
45 152
45 154
45 155
45 157
45 158
46 51
46 65
46 69
46 71
46 74
46 80
46 83
46 87
46 91
46 93
46 97
46 101
46 105
46 108
46 109
46 117
46 120
46 124
46 128
46 134
46 136
46 141
46 142
46 146
46 152
46 154
46 155
47 55
47 65
47 69
47 83
47 142
47 158
48 50
48 54
48 57
48 64
48 67
48 70
48 72
48 82
48 87
48 88
48 89
48 100
48 110
48 111
48 112
48 113
48 115
48 116
48 129
48 142
48 146
48 151
48 152
49 52
49 59
49 63
49 65
49 66
49 69
49 70
49 72
49 73
49 74
49 77
49 79
49 84
49 88
49 89
49 91
49 97
49 99
49 101
49 102
49 105
49 106
49 108
49 112
49 113
49 114
49 115
49 117
49 121
49 125
49 132
49 133
49 134
49 135
49 136
49 137
49 138
49 139
49 142
49 145
49 151
49 152
49 153
49 154
49 161
50 51
50 52
50 56
50 63
50 65
50 68
50 69
50 74
50 79
50 82
50 86
50 87
50 89
50 94
50 97
50 103
50 105
50 106
50 112
50 115
50 118
50 129
50 138
50 151
50 152
50 158
50 159
50 161
51 54
51 55
51 57
51 58
51 59
51 61
51 62
51 65
51 67
51 69
51 72
51 76
51 81
51 83
51 84
51 86
51 88
51 89
51 90
51 91
51 94
51 96
51 99
51 100
51 101
51 102
51 104
51 106
51 107
51 114
51 115
51 117
51 119
51 121
51 125
51 127
51 128
51 131
51 133
51 138
51 139
51 145
51 150
51 152
51 154
51 157
51 158
52 60
52 67
52 77
52 81
52 84
52 85
52 89
52 97
52 99
52 100
52 101
52 102
52 109
52 111
52 113
52 114
52 116
52 118
52 126
52 138
52 139
52 142
52 150
52 152
52 154
53 56
53 58
53 64
53 65
53 71
53 87
53 89
53 91
53 95
53 99
53 103
53 104
53 106
53 117
53 129
53 135
53 137
53 142
53 152
53 154
53 157
53 160
54 55
54 56
54 59
54 60
54 64
54 65
54 66
54 69
54 71
54 72
54 73
54 74
54 80
54 86
54 89
54 90
54 91
54 94
54 102
54 104
54 106
54 107
54 109
54 112
54 113
54 116
54 120
54 133
54 135
54 137
54 138
54 139
54 141
54 142
54 144
54 146
54 147
54 150
54 152
54 155
54 158
54 160
55 56
55 57
55 61
55 62
55 65
55 68
55 69
55 72
55 73
55 84
55 85
55 87
55 99
55 101
55 102
55 107
55 110
55 111
55 113
55 116
55 117
55 118
55 121
55 123
55 125
55 126
55 128
55 129
55 131
55 132
55 135
55 139
55 141
55 142
55 145
55 149
55 151
55 159
56 63
56 64
56 65
56 68
56 69
56 71
56 73
56 74
56 75
56 84
56 91
56 93
56 94
56 103
56 106
56 109
56 111
56 113
56 115
56 117
56 118
56 126
56 129
56 133
56 134
56 135
56 136
56 137
56 139
56 141
56 142
56 143
56 146
56 148
56 150
56 152
56 154
56 157
56 159
57 63
57 64
57 69
57 74
57 77
57 84
57 89
57 97
57 98
57 101
57 112
57 116
57 118
57 124
57 126
57 128
57 134
57 138
57 144
57 147
57 153
58 59
58 67
58 68
58 71
58 72
58 74
58 75
58 79
58 82
58 85
58 87
58 89
58 90
58 91
58 92
58 93
58 97
58 104
58 105
58 106
58 107
58 108
58 112
58 114
58 115
58 122
58 128
58 130
58 131
58 137
58 139
58 142
58 145
58 147
58 151
58 152
58 154
58 157
58 158
59 60
59 62
59 67
59 69
59 71
59 72
59 79
59 80
59 89
59 91
59 92
59 100
59 101
59 102
59 104
59 106
59 108
59 113
59 115
59 116
59 126
59 127
59 128
59 129
59 134
59 138
59 141
59 143
59 145
59 154
59 161
60 67
60 77
60 92
60 97
60 98
60 103
60 105
60 107
60 113
60 142
60 152
61 66
61 70
61 71
61 75
61 76
61 79
61 81
61 83
61 94
61 97
61 112
61 118
61 123
61 131
61 134
61 135
61 136
61 137
61 138
61 139
61 141
61 142
61 151
62 66
62 67
62 68
62 76
62 79
62 80
62 85
62 102
62 106
62 109
62 110
62 134
62 137
62 140
62 145
62 146
62 149
62 150
62 152
62 155
63 64
63 65
63 68
63 70
63 71
63 75
63 79
63 81
63 82
63 84
63 85
63 86
63 87
63 88
63 89
63 91
63 94
63 101
63 102
63 109
63 110
63 111
63 114
63 115
63 116
63 117
63 118
63 121
63 122
63 126
63 129
63 133
63 139
63 140
63 142
63 152
63 157
63 158
63 159
64 65
64 66
64 68
64 69
64 70
64 71
64 72
64 74
64 75
64 77
64 79
64 89
64 91
64 95
64 99
64 101
64 102
64 105
64 107
64 110
64 112
64 113
64 115
64 116
64 118
64 119
64 120
64 121
64 122
64 123
64 126
64 127
64 129
64 133
64 134
64 135
64 138
64 146
64 147
64 152
64 153
64 154
64 157
64 160
65 67
65 68
65 72
65 73
65 78
65 79
65 80
65 84
65 91
65 93
65 95
65 96
65 98
65 101
65 102
65 103
65 106
65 108
65 109
65 111
65 112
65 113
65 117
65 120
65 122
65 124
65 125
65 131
65 135
65 139
65 141
65 148
65 151
65 152
65 154
65 156
65 159
65 161
66 69
66 72
66 75
66 77
66 85
66 93
66 95
66 96
66 102
66 108
66 109
66 110
66 111
66 113
66 114
66 115
66 117
66 127
66 128
66 129
66 130
66 131
66 134
66 137
66 145
66 147
66 148
66 151
66 152
67 68
67 69
67 70
67 71
67 72
67 74
67 75
67 79
67 80
67 86
67 92
67 96
67 97
67 102
67 108
67 115
67 119
67 121
67 126
67 128
67 130
67 131
67 134
67 135
67 136
67 137
67 138
67 139
67 141
67 143
67 146
67 152
67 157
67 159
67 160
67 161
68 72
68 74
68 75
68 77
68 79
68 80
68 83
68 84
68 86
68 89
68 92
68 95
68 99
68 101
68 102
68 103
68 106
68 108
68 110
68 111
68 112
68 113
68 115
68 116
68 120
68 125
68 126
68 128
68 133
68 134
68 135
68 137
68 139
68 140
68 141
68 143
68 146
68 147
68 150
68 155
68 157
68 160
68 161
69 75
69 77
69 79
69 81
69 83
69 87
69 88
69 92
69 94
69 98
69 99
69 100
69 101
69 106
69 107
69 108
69 114
69 116
69 117
69 118
69 119
69 121
69 122
69 128
69 129
69 130
69 133
69 134
69 137
69 142
69 143
69 144
69 148
69 149
69 152
69 153
69 154
69 159
69 160
69 161
70 71
70 74
70 79
70 81
70 82
70 83
70 86
70 89
70 93
70 94
70 98
70 99
70 106
70 108
70 112
70 113
70 114
70 115
70 119
70 121
70 125
70 128
70 130
70 131
70 134
70 136
70 137
70 139
70 143
70 147
70 152
70 153
70 154
70 158
71 79
71 81
71 84
71 88
71 90
71 93
71 94
71 98
71 100
71 101
71 106
71 110
71 111
71 112
71 114
71 115
71 117
71 118
71 119
71 125
71 130
71 133
71 134
71 135
71 138
71 140
71 142
71 147
71 148
71 149
71 151
71 153
71 160
71 161
72 73
72 74
72 75
72 77
72 79
72 84
72 85
72 100
72 102
72 104
72 108
72 112
72 113
72 114
72 115
72 118
72 125
72 131
72 133
72 134
72 137
72 139
72 141
72 142
72 143
72 145
72 146
72 149
72 150
72 156
72 161
73 74
73 80
73 81
73 84
73 89
73 90
73 93
73 101
73 103
73 105
73 106
73 107
73 109
73 111
73 113
73 114
73 117
73 120
73 125
73 126
73 131
73 133
73 134
73 137
73 139
73 142
73 143
73 144
73 145
73 148
73 149
73 154
73 158
73 160
74 77
74 82
74 87
74 88
74 89
74 91
74 94
74 96
74 98
74 100
74 101
74 102
74 105
74 107
74 108
74 109
74 110
74 113
74 114
74 115
74 116
74 117
74 119
74 121
74 125
74 128
74 129
74 131
74 132
74 133
74 134
74 137
74 138
74 139
74 142
74 143
74 145
74 146
74 150
74 151
74 152
74 153
74 154
74 155
74 159
74 160
74 161
75 88
75 91
75 95
75 98
75 100
75 102
75 103
75 105
75 108
75 112
75 113
75 115
75 117
75 130
75 135
75 146
75 147
75 155
76 77
76 88
76 91
76 109
76 111
76 113
76 117
76 129
76 137
76 145
76 152
76 154
77 79
77 80
77 88
77 89
77 91
77 102
77 105
77 106
77 108
77 109
77 114
77 115
77 116
77 117
77 118
77 121
77 123
77 125
77 130
77 134
77 136
77 138
77 141
77 142
77 146
77 147
77 153
77 154
77 158
78 79
78 111
78 113
78 129
78 136
78 152
78 153
78 154
78 161
79 80
79 81
79 84
79 85
79 87
79 92
79 93
79 94
79 95
79 96
79 97
79 99
79 100
79 104
79 106
79 108
79 109
79 112
79 113
79 118
79 125
79 126
79 127
79 129
79 131
79 133
79 135
79 136
79 139
79 140
79 141
79 148
79 152
79 153
79 158
79 161
80 83
80 86
80 91
80 93
80 98
80 105
80 110
80 111
80 112
80 115
80 128
80 134
80 138
80 149
80 151
80 158
81 87
81 99
81 101
81 109
81 114
81 117
81 132
81 152
81 161
82 84
82 86
82 97
82 98
82 108
82 109
82 113
82 122
82 125
82 128
82 134
82 141
82 150
82 152
82 155
83 90
83 91
83 92
83 94
83 101
83 103
83 108
83 113
83 115
83 127
83 129
83 138
83 147
83 151
83 154
83 161
84 85
84 91
84 94
84 95
84 98
84 99
84 102
84 112
84 113
84 114
84 115
84 116
84 117
84 118
84 126
84 133
84 134
84 135
84 138
84 147
84 155
84 158
84 159
85 90
85 97
85 102
85 105
85 106
85 109
85 114
85 115
85 117
85 125
85 126
85 129
85 130
85 133
85 135
85 136
85 138
85 142
85 147
86 91
86 92
86 101
86 108
86 109
86 111
86 118
86 128
86 129
86 139
86 142
86 146
86 159
86 160
87 88
87 96
87 101
87 103
87 105
87 112
87 114
87 115
87 116
87 117
87 133
87 136
87 137
87 138
87 139
87 142
87 150
87 152
87 154
87 157
87 158
87 159
88 89
88 96
88 100
88 102
88 105
88 119
88 126
88 129
88 132
88 133
88 136
88 147
88 152
88 153
88 154
88 155
88 157
88 159
89 92
89 93
89 103
89 107
89 109
89 111
89 112
89 113
89 114
89 116
89 117
89 118
89 127
89 130
89 134
89 139
89 141
89 142
89 144
89 148
89 153
89 154
89 155
89 157
89 158
89 159
90 97
90 101
90 102
90 109
90 113
90 127
90 133
90 134
90 136
91 93
91 94
91 96
91 97
91 98
91 101
91 102
91 103
91 105
91 106
91 108
91 109
91 111
91 112
91 117
91 118
91 126
91 135
91 137
91 138
91 139
91 154
91 157
92 98
92 102
92 106
92 107
92 119
92 133
92 135
92 151
92 154
92 159
93 99
93 100
93 101
93 102
93 104
93 105
93 107
93 108
93 109
93 112
93 113
93 114
93 125
93 127
93 130
93 132
93 134
93 137
93 149
93 150
93 152
93 153
93 156
93 158
94 96
94 100
94 101
94 105
94 108
94 109
94 110
94 112
94 114
94 115
94 116
94 118
94 122
94 124
94 127
94 131
94 133
94 137
94 138
94 143
94 151
94 154
94 157
94 158
94 160
94 161
95 97
95 99
95 101
95 102
95 105
95 115
95 147
95 157
96 98
96 101
96 102
96 105
96 109
96 110
96 113
96 131
96 133
96 134
96 138
96 141
96 158
97 98
97 103
97 104
97 111
97 112
97 113
97 114
97 115
97 117
97 118
97 122
97 125
97 132
97 133
97 135
97 139
97 142
97 145
97 151
97 153
97 154
97 157
98 99
98 100
98 102
98 107
98 108
98 129
98 138
98 139
98 148
98 151
98 158
98 159
99 100
99 103
99 104
99 105
99 113
99 115
99 118
99 126
99 131
99 135
99 151
99 157
100 107
100 108
100 109
100 110
100 117
100 123
100 125
100 127
100 129
100 134
100 136
100 141
100 159
101 102
101 105
101 106
101 109
101 111
101 112
101 114
101 118
101 122
101 128
101 131
101 133
101 134
101 135
101 137
101 145
101 149
101 151
101 152
101 156
101 157
101 158
101 161
102 105
102 106
102 108
102 109
102 111
102 113
102 114
102 117
102 120
102 121
102 122
102 125
102 131
102 133
102 134
102 135
102 138
102 139
102 141
102 143
102 146
102 147
102 150
102 153
102 159
103 104
103 105
103 111
103 115
103 121
103 125
103 126
103 131
103 134
103 137
103 142
103 147
103 154
104 105
104 111
104 145
104 146
104 147
104 149
104 154
104 161
105 108
105 114
105 117
105 126
105 136
105 139
105 140
105 142
105 146
105 154
105 155
105 157
105 158
106 107
106 108
106 113
106 115
106 117
106 125
106 127
106 131
106 133
106 134
106 135
106 137
106 141
106 145
106 146
106 150
106 151
106 154
106 157
107 108
107 117
107 118
107 129
107 133
107 137
107 139
107 149
107 152
107 159
108 109
108 110
108 112
108 113
108 114
108 117
108 123
108 125
108 126
108 132
108 134
108 138
108 139
108 141
108 142
108 144
108 147
108 148
108 151
108 154
108 155
108 158
108 159
108 161
109 113
109 117
109 124
109 129
109 133
109 135
109 136
109 137
109 141
109 144
109 145
109 146
109 147
109 152
109 155
109 156
109 157
110 113
110 115
110 118
110 122
110 124
110 126
110 129
110 130
110 137
110 138
110 154
110 155
110 159
111 112
111 114
111 115
111 117
111 118
111 121
111 126
111 128
111 134
111 135
111 137
111 138
111 139
111 141
111 142
111 146
111 150
111 152
111 154
112 113
112 115
112 117
112 118
112 120
112 125
112 129
112 130
112 133
112 135
112 142
112 158
113 129
113 138
113 139
113 141
113 142
113 143
113 146
113 147
113 149
113 153
113 156
113 158
113 160
114 115
114 116
114 117
114 120
114 122
114 125
114 126
114 129
114 131
114 133
114 134
114 135
114 137
114 138
114 141
114 142
114 150
114 154
114 155
114 157
115 117
115 120
115 123
115 124
115 128
115 129
115 134
115 135
115 136
115 137
115 139
115 142
115 143
115 145
115 150
115 152
115 154
115 157
115 159
115 160
115 161
116 117
116 118
116 126
116 138
116 139
116 147
116 151
116 153
116 154
116 155
116 158
116 159
116 161
117 118
117 121
117 122
117 125
117 126
117 128
117 129
117 130
117 132
117 133
117 137
117 138
117 144
117 145
117 149
117 151
117 152
117 153
117 155
117 157
117 158
117 159
117 161
118 125
118 134
118 136
118 142
118 148
118 152
118 153
118 158
118 159
119 125
119 133
119 145
119 155
119 156
120 126
120 134
120 141
120 151
121 130
121 138
121 139
121 158
122 123
122 128
122 129
122 133
122 138
122 147
122 149
122 161
123 128
123 138
123 149
124 138
124 147
124 154
125 126
125 130
125 134
125 142
125 143
125 145
125 147
125 152
125 153
125 157
125 158
125 161
126 128
126 131
126 133
126 139
126 142
126 151
126 156
126 159
127 130
127 132
127 136
127 139
127 141
127 142
127 145
127 147
127 150
127 151
127 154
128 133
128 138
128 145
128 154
128 161
129 131
129 134
129 141
129 142
129 143
129 146
129 147
129 148
129 150
129 151
129 152
129 154
129 155
129 158
129 159
130 131
130 137
130 140
130 142
130 143
130 152
130 155
130 156
130 159
131 132
131 135
131 139
131 140
131 145
131 149
131 151
131 154
131 155
131 157
131 160
131 161
132 134
132 146
132 147
132 157
133 139
133 144
133 146
133 147
133 150
133 152
133 153
133 158
133 159
134 137
134 139
134 142
134 143
134 153
134 159
134 160
135 138
135 139
135 143
135 147
135 150
135 151
135 154
135 158
135 159
135 160
136 138
136 145
136 150
136 151
136 153
136 157
137 138
137 139
137 142
137 144
137 145
137 147
137 152
137 155
137 158
138 139
138 141
138 142
138 145
138 146
138 147
138 148
138 149
138 151
138 154
138 157
138 158
139 144
139 145
139 147
139 154
139 159
140 143
140 145
140 149
140 157
141 149
141 154
142 145
142 146
142 147
142 148
142 150
142 151
142 152
142 154
142 157
142 159
142 161
143 147
143 149
143 153
143 157
144 146
144 147
144 157
144 158
144 160
145 149
145 152
145 157
145 161
146 148
146 149
146 151
146 152
147 148
147 149
147 154
147 155
147 158
147 161
148 151
148 161
149 152
149 154
149 155
149 159
150 151
150 154
150 157
151 155
151 158
151 161
152 153
152 158
153 155
153 158
154 157
154 159
154 160
154 161
156 159
157 159
157 161
158 159
