0 1
0 2
0 4
0 7
0 9
0 12
0 25
0 31
0 32
0 41
0 49
0 52
0 60
0 64
0 65
0 67
0 73
0 78
0 79
0 80
0 84
0 89
0 92
0 94
0 97
0 102
0 103
0 107
0 109
0 115
0 117
0 123
0 128
0 129
0 133
0 137
0 142
0 145
0 151
0 154
0 157
1 2
1 4
1 6
1 10
1 11
1 15
1 16
1 22
1 26
1 34
1 40
1 42
1 51
1 52
1 53
1 65
1 67
1 69
1 71
1 77
1 78
1 79
1 83
1 87
1 91
1 92
1 95
1 97
1 99
1 101
1 103
1 105
1 106
1 110
1 111
1 112
1 113
1 115
1 117
1 118
1 123
1 126
1 129
1 133
1 134
1 135
1 141
1 142
1 147
1 151
1 158
1 160
2 8
2 18
2 26
2 39
2 40
2 41
2 42
2 43
2 44
2 45
2 51
2 62
2 68
2 79
2 85
2 89
2 98
2 101
2 118
2 126
2 129
2 131
2 139
2 145
2 159
3 5
3 29
3 30
3 31
3 36
3 37
3 42
3 43
3 45
3 51
3 53
3 56
3 59
3 62
3 69
3 70
3 72
3 80
3 82
3 83
3 91
3 98
3 100
3 101
3 104
3 105
3 115
3 117
3 131
3 133
3 134
3 138
3 142
3 155
3 161
4 5
4 7
4 8
4 9
4 10
4 12
4 16
4 19
4 21
4 27
4 28
4 34
4 37
4 38
4 39
4 43
4 44
4 45
4 48
4 50
4 54
4 55
4 56
4 57
4 61
4 62
4 64
4 66
4 68
4 69
4 72
4 73
4 74
4 77
4 79
4 80
4 81
4 84
4 88
4 89
4 90
4 91
4 92
4 103
4 104
4 105
4 106
4 118
4 120
4 122
4 123
4 131
4 132
4 133
4 137
4 138
4 139
4 142
4 143
4 146
4 151
4 152
4 154
4 158
4 160
4 161
5 15
5 21
5 26
5 31
5 34
5 46
5 51
5 62
5 65
5 86
5 99
5 106
5 111
5 131
5 135
5 137
5 138
5 142
6 7
6 9
6 11
6 12
6 13
6 14
6 16
6 17
6 18
6 20
6 21
6 23
6 27
6 30
6 37
6 38
6 40
6 41
6 46
6 47
6 49
6 51
6 54
6 59
6 60
6 61
6 63
6 64
6 69
6 71
6 73
6 77
6 78
6 79
6 80
6 81
6 83
6 84
6 85
6 86
6 91
6 93
6 94
6 96
6 98
6 99
6 100
6 102
6 104
6 105
6 109
6 110
6 111
6 112
6 115
6 117
6 127
6 130
6 131
6 133
6 134
6 140
6 141
6 142
6 145
6 146
6 150
6 157
7 9
7 11
7 14
7 19
7 21
7 22
7 26
7 30
7 32
7 33
7 38
7 40
7 44
7 45
7 46
7 49
7 51
7 55
7 57
7 60
7 61
7 62
7 64
7 67
7 73
7 74
7 75
7 77
7 78
7 82
7 84
7 87
7 89
7 94
7 96
7 97
7 98
7 99
7 103
7 108
7 109
7 111
7 112
7 114
7 117
7 118
7 119
7 121
7 122
7 124
7 125
7 129
7 130
7 133
7 134
7 136
7 139
7 142
7 143
7 146
7 149
7 150
7 151
7 152
7 153
7 155
7 160
8 25
8 29
8 31
8 36
8 39
8 42
8 47
8 68
8 79
8 100
8 101
8 107
8 114
8 118
8 119
8 125
8 128
8 129
8 133
8 134
8 141
8 142
8 146
8 149
8 152
8 157
9 14
9 26
9 28
9 30
9 35
9 39
9 46
9 48
9 49
9 52
9 57
9 58
9 62
9 64
9 66
9 70
9 71
9 72
9 74
9 75
9 77
9 80
9 82
9 84
9 86
9 91
9 92
9 93
9 97
9 101
9 103
9 105
9 106
9 119
9 130
9 131
9 138
9 147
9 153
9 154
9 157
9 158
9 161
10 12
10 16
10 18
10 21
10 26
10 31
10 34
10 35
10 38
10 51
10 55
10 56
10 57
10 62
10 63
10 64
10 66
10 67
10 72
10 74
10 79
10 80
10 81
10 83
10 84
10 94
10 102
10 105
10 106
10 109
10 114
10 117
10 118
10 120
10 129
10 131
10 134
10 137
10 138
10 139
10 141
10 147
10 152
10 155
10 158
11 14
11 18
11 19
11 20
11 27
11 28
11 32
11 33
11 38
11 45
11 49
11 50
11 56
11 57
11 58
11 64
11 65
11 66
11 67
11 69
11 80
11 83
11 90
11 94
11 97
11 99
11 102
11 103
11 107
11 108
11 110
11 112
11 113
11 114
11 115
11 116
11 126
11 129
11 130
11 131
11 133
11 134
11 139
11 143
11 146
11 147
11 150
11 151
11 155
11 158
12 14
12 19
12 32
12 39
12 45
12 49
12 50
12 55
12 56
12 57
12 59
12 68
12 69
12 71
12 74
12 79
12 85
12 88
12 94
12 102
12 116
12 117
12 121
12 126
12 128
12 131
12 139
12 142
12 144
12 145
12 151
12 152
12 153
12 158
13 14
13 15
13 16
13 18
13 25
13 30
13 32
13 40
13 45
13 52
13 63
13 64
13 67
13 69
13 78
13 79
13 90
13 96
13 99
13 106
13 114
13 115
13 129
13 131
13 135
13 141
13 146
13 147
13 157
13 158
13 159
13 161
14 21
14 22
14 23
14 28
14 30
14 34
14 35
14 36
14 37
14 40
14 42
14 43
14 44
14 46
14 50
14 58
14 61
14 62
14 63
14 65
14 68
14 71
14 72
14 74
14 77
14 79
14 82
14 83
14 85
14 88
14 89
14 91
14 92
14 93
14 97
14 99
14 102
14 104
14 105
14 106
14 108
14 109
14 110
14 111
14 115
14 117
14 118
14 120
14 121
14 125
14 126
14 127
14 128
14 129
14 130
14 131
14 133
14 136
14 138
14 139
14 143
14 145
14 146
14 147
14 152
14 155
14 158
14 159
14 160
14 161
15 37
15 38
15 40
15 43
15 45
15 46
15 49
15 52
15 55
15 56
15 62
15 65
15 67
15 70
15 75
15 91
15 93
15 106
15 108
15 109
15 110
15 112
15 114
15 133
15 135
15 138
15 153
16 19
16 21
16 22
16 24
16 35
16 39
16 44
16 49
16 55
16 64
16 65
16 70
16 85
16 87
16 98
16 105
16 108
16 113
16 114
16 117
16 128
16 131
16 132
16 133
16 136
16 138
16 143
16 151
16 154
17 20
17 26
17 35
17 38
17 43
17 45
17 71
17 86
17 89
17 94
17 100
17 101
17 117
17 119
17 132
17 142
18 35
18 36
18 41
18 46
18 49
18 57
18 59
18 72
18 74
18 79
18 87
18 88
18 89
18 94
18 97
18 99
18 102
18 105
18 117
18 118
18 123
18 126
18 129
18 131
18 132
18 133
18 135
18 138
18 143
18 144
18 145
18 150
18 152
18 154
18 157
18 160
19 20
19 30
19 37
19 41
19 43
19 44
19 45
19 51
19 52
19 58
19 62
19 63
19 66
19 71
19 73
19 74
19 79
19 80
19 81
19 85
19 89
19 92
19 97
19 98
19 99
19 101
19 103
19 104
19 109
19 113
19 115
19 116
19 117
19 119
19 126
19 129
19 131
19 134
19 135
19 138
19 141
19 142
19 145
19 146
19 147
19 151
19 153
19 155
19 157
19 159
19 161
20 34
20 40
20 51
20 66
20 67
20 68
20 72
20 74
20 84
20 105
20 109
20 111
20 112
20 118
20 121
20 131
20 137
20 151
20 153
20 154
21 25
21 26
21 33
21 35
21 36
21 37
21 38
21 43
21 44
21 46
21 48
21 49
21 51
21 57
21 58
21 61
21 64
21 65
21 70
21 72
21 73
21 74
21 76
21 79
21 80
21 83
21 89
21 92
21 93
21 94
21 97
21 100
21 101
21 103
21 104
21 106
21 109
21 110
21 113
21 116
21 121
21 128
21 136
21 137
21 138
21 142
21 144
21 145
21 149
21 152
21 154
21 155
21 157
22 25
22 32
22 45
22 48
22 54
22 64
22 66
22 68
22 70
22 73
22 74
22 76
22 82
22 83
22 85
22 86
22 94
22 98
22 102
22 105
22 111
22 117
22 118
22 129
22 137
22 141
22 146
22 147
22 152
22 153
22 155
22 157
22 161
23 28
23 31
23 37
23 40
23 44
23 46
23 54
23 55
23 56
23 58
23 62
23 72
23 73
23 83
23 89
23 95
23 100
23 103
23 106
23 111
23 115
23 125
23 134
23 139
23 141
23 142
23 148
24 25
24 28
24 31
24 69
24 74
24 77
24 80
24 81
24 83
24 84
24 87
24 102
24 105
24 111
24 112
24 130
24 131
24 134
24 137
24 138
24 142
24 152
25 26
25 28
25 32
25 40
25 44
25 45
25 51
25 54
25 55
25 57
25 59
25 61
25 65
25 68
25 69
25 70
25 72
25 73
25 74
25 82
25 83
25 84
25 87
25 89
25 95
25 96
25 97
25 100
25 101
25 106
25 108
25 109
25 110
25 112
25 113
25 114
25 115
25 119
25 129
25 133
25 135
25 137
25 138
25 142
25 146
25 149
25 151
26 30
26 33
26 37
26 38
26 40
26 49
26 50
26 52
26 56
26 57
26 61
26 62
26 63
26 64
26 65
26 67
26 68
26 70
26 72
26 74
26 76
26 79
26 85
26 87
26 88
26 89
26 92
26 96
26 98
26 100
26 101
26 103
26 105
26 106
26 109
26 121
26 124
26 126
26 130
26 133
26 135
26 137
26 138
26 139
26 142
26 146
26 147
26 151
26 152
26 154
26 157
26 158
26 159
26 161
27 45
27 55
27 65
27 66
27 70
27 73
27 74
27 79
27 82
27 104
27 107
27 109
27 127
27 133
27 153
28 31
28 42
28 43
28 45
28 46
28 57
28 58
28 60
28 61
28 64
28 66
28 67
28 70
28 71
28 72
28 76
28 84
28 87
28 92
28 93
28 95
28 99
28 101
28 102
28 106
28 111
28 113
28 130
28 139
28 142
28 145
28 146
28 150
28 154
28 160
29 30
29 34
29 38
29 45
29 50
29 54
29 64
29 67
29 71
29 80
29 106
29 135
29 137
29 139
29 151
29 152
29 154
29 158
30 31
30 33
30 40
30 43
30 44
30 45
30 49
30 52
30 53
30 54
30 55
30 58
30 62
30 64
30 68
30 72
30 73
30 79
30 84
30 86
30 90
30 95
30 100
30 101
30 105
30 106
30 108
30 117
30 118
30 121
30 125
30 127
30 129
30 134
30 135
30 136
30 138
30 139
30 140
30 141
30 142
30 145
30 146
30 154
31 32
31 35
31 36
31 38
31 39
31 41
31 42
31 43
31 44
31 46
31 51
31 52
31 53
31 58
31 59
31 65
31 66
31 68
31 71
31 74
31 85
31 87
31 89
31 90
31 91
31 92
31 94
31 99
31 100
31 101
31 106
31 107
31 108
31 111
31 113
31 114
31 115
31 116
31 117
31 118
31 120
31 121
31 128
31 129
31 133
31 138
31 141
31 142
31 143
31 146
31 151
31 153
31 155
31 156
31 157
31 160
32 35
32 37
32 43
32 46
32 49
32 52
32 54
32 55
32 56
32 57
32 58
32 61
32 65
32 67
32 72
32 74
32 75
32 80
32 81
32 85
32 89
32 91
32 92
32 94
32 97
32 98
32 102
32 103
32 104
32 107
32 112
32 113
32 114
32 117
32 118
32 120
32 122
32 123
32 129
32 131
32 133
32 138
32 144
32 151
32 152
32 157
32 158
32 159
32 161
33 43
33 45
33 46
33 56
33 67
33 68
33 77
33 79
33 82
33 93
33 102
33 105
33 124
33 131
33 133
33 137
33 138
33 142
33 144
33 160
34 36
34 37
34 38
34 40
34 44
34 46
34 48
34 49
34 51
34 53
34 55
34 64
34 66
34 67
34 68
34 69
34 71
34 72
34 84
34 95
34 102
34 113
34 114
34 118
34 120
34 121
34 125
34 147
34 158
34 159
34 160
35 38
35 39
35 49
35 52
35 57
35 58
35 59
35 64
35 65
35 66
35 70
35 77
35 88
35 89
35 91
35 93
35 97
35 103
35 104
35 105
35 108
35 111
35 113
35 114
35 115
35 116
35 117
35 125
35 127
35 133
35 137
35 138
35 141
35 143
35 146
35 149
35 150
35 152
35 155
35 158
35 160
35 161
36 37
36 38
36 44
36 45
36 46
36 50
36 51
36 58
36 64
36 67
36 68
36 71
36 72
36 74
36 77
36 87
36 90
36 92
36 100
36 103
36 104
36 105
36 109
36 111
36 112
36 113
36 114
36 117
36 118
36 122
36 128
36 132
36 134
36 137
36 140
36 142
36 152
36 153
36 155
36 161
37 38
37 45
37 46
37 56
37 68
37 74
37 75
37 80
37 83
37 93
37 105
37 129
37 136
37 138
37 141
37 142
37 147
37 159
38 40
38 44
38 49
38 50
38 52
38 53
38 54
38 55
38 56
38 60
38 61
38 62
38 63
38 64
38 65
38 66
38 70
38 73
38 74
38 75
38 77
38 79
38 80
38 84
38 89
38 93
38 95
38 96
38 97
38 98
38 99
38 101
38 103
38 105
38 110
38 116
38 117
38 121
38 125
38 126
38 127
38 128
38 130
38 137
38 138
38 142
38 151
38 152
38 155
39 42
39 44
39 46
39 49
39 52
39 65
39 67
39 68
39 69
39 71
39 72
39 74
39 77
39 79
39 81
39 84
39 85
39 87
39 89
39 91
39 106
39 108
39 109
39 116
39 117
39 118
39 119
39 126
39 132
39 136
39 138
39 151
39 152
39 153
39 154
39 157
39 158
39 159
40 41
40 43
40 44
40 50
40 51
40 53
40 54
40 55
40 58
40 63
40 65
40 66
40 70
40 72
40 73
40 75
40 77
40 83
40 84
40 85
40 88
40 89
40 91
40 92
40 93
40 94
40 95
40 99
40 100
40 106
40 107
40 109
40 111
40 112
40 115
40 128
40 129
40 130
40 133
40 134
40 135
40 136
40 137
40 138
40 141
40 147
40 151
40 153
40 158
40 160
41 45
41 49
41 50
41 65
41 70
41 71
41 72
41 96
41 101
41 113
41 117
41 125
41 126
41 134
41 137
41 139
41 145
41 147
41 150
41 156
41 157
42 46
42 55
42 61
42 62
42 63
42 67
42 79
42 85
42 91
42 93
42 105
42 111
42 116
42 117
42 125
42 133
42 138
42 142
42 145
42 146
42 158
42 159
42 160
43 44
43 45
43 49
43 50
43 52
43 53
43 59
43 61
43 64
43 67
43 69
43 70
43 71
43 72
43 74
43 75
43 79
43 84
43 88
43 89
43 95
43 96
43 97
43 113
43 115
43 120
43 128
43 131
43 133
43 135
43 142
43 146
43 151
43 157
43 158
44 45
44 49
44 51
44 57
44 61
44 64
44 66
44 70
44 71
44 74
44 82
44 85
44 89
44 90
44 92
44 97
44 98
44 100
44 102
44 103
44 104
44 106
44 109
44 115
44 123
44 126
44 129
44 131
44 133
44 135
44 137
44 138
44 141
44 146
44 157
44 158
45 48
45 50
45 51
45 52
45 55
45 58
45 61
45 67
45 72
45 73
45 83
45 84
45 86
45 91
45 92
45 95
45 99
45 101
45 104
45 112
45 113
45 117
45 119
45 122
45 124
45 127
45 128
45 134
45 137
45 138
45 140
45 141
45 146
45 147
45 148
45 150
45 151
45 157
45 158
45 161
46 50
46 51
46 56
46 57
46 67
46 68
46 70
46 72
46 75
46 78
46 80
46 83
46 85
46 88
46 91
46 93
46 95
46 97
46 99
46 100
46 101
46 108
46 109
46 113
46 117
46 123
46 129
46 130
46 133
46 134
46 139
46 143
46 145
46 146
46 148
46 152
46 157
46 161
47 56
47 79
47 93
47 152
47 158
48 49
48 52
48 54
48 56
48 58
48 59
48 61
48 74
48 91
48 105
48 109
48 117
48 135
48 139
48 145
48 154
48 158
49 51
49 54
49 55
49 61
49 62
49 64
49 65
49 66
49 69
49 70
49 71
49 72
49 73
49 75
49 76
49 79
49 83
49 84
49 90
49 94
49 96
49 100
49 106
49 109
49 110
49 111
49 113
49 116
49 118
49 123
49 125
49 128
49 133
49 137
49 143
49 151
49 152
49 154
49 156
49 157
49 160
49 161
50 51
50 52
50 56
50 61
50 64
50 70
50 74
50 76
50 79
50 80
50 84
50 89
50 90
50 92
50 93
50 99
50 102
50 105
50 106
50 107
50 109
50 112
50 115
50 124
50 125
50 127
50 131
50 133
50 135
50 136
50 137
50 138
50 151
50 156
51 52
51 53
51 54
51 63
51 64
51 65
51 67
51 71
51 72
51 75
51 84
51 85
51 86
51 88
51 89
51 97
51 98
51 99
51 100
51 101
51 105
51 106
51 108
51 111
51 113
51 115
51 118
51 119
51 127
51 131
51 133
51 135
51 138
51 140
51 144
51 145
51 147
51 154
51 158
51 159
51 160
52 56
52 61
52 65
52 66
52 67
52 68
52 73
52 86
52 88
52 100
52 101
52 102
52 104
52 106
52 107
52 108
52 109
52 112
52 116
52 117
52 118
52 129
52 134
52 135
52 138
52 146
52 147
52 148
52 150
52 153
52 154
52 157
53 73
53 80
53 85
53 87
53 93
53 96
53 99
53 100
53 102
53 105
53 108
53 109
53 112
53 137
53 142
53 145
53 149
53 161
54 65
54 67
54 69
54 70
54 71
54 72
54 76
54 77
54 79
54 85
54 88
54 89
54 94
54 95
54 99
54 102
54 103
54 104
54 105
54 106
54 110
54 111
54 113
54 114
54 115
54 129
54 130
54 132
54 135
54 136
54 138
54 142
54 146
54 147
54 149
54 151
54 152
54 154
54 155
54 156
54 158
54 160
54 161
55 59
55 72
55 74
55 76
55 78
55 80
55 84
55 86
55 88
55 89
55 90
55 91
55 93
55 94
55 97
55 101
55 106
55 108
55 109
55 112
55 113
55 116
55 117
55 123
55 125
55 126
55 128
55 129
55 133
55 134
55 137
55 139
55 141
55 142
55 144
55 147
55 149
55 151
55 153
55 154
55 161
56 58
56 64
56 65
56 68
56 69
56 70
56 73
56 77
56 82
56 83
56 87
56 89
56 96
56 97
56 100
56 101
56 106
56 107
56 113
56 114
56 115
56 117
56 118
56 119
56 122
56 123
56 125
56 127
56 129
56 130
56 136
56 138
56 140
56 141
56 148
56 149
56 150
56 152
56 153
56 154
56 158
57 64
57 70
57 78
57 92
57 96
57 102
57 110
57 113
57 115
57 117
57 118
57 127
57 128
57 131
57 134
57 135
57 142
57 146
57 147
57 148
57 154
58 60
58 63
58 64
58 75
58 84
58 94
58 96
58 97
58 99
58 101
58 105
58 106
58 116
58 117
58 124
58 125
58 126
58 130
58 134
58 136
58 137
58 149
58 152
58 156
58 158
58 160
58 161
59 66
59 67
59 68
59 70
59 71
59 80
59 82
59 87
59 107
59 108
59 111
59 114
59 115
59 116
59 117
59 118
59 122
59 127
59 129
59 143
59 146
59 147
59 148
59 151
59 153
59 155
59 158
59 161
60 71
60 72
60 79
60 89
60 94
60 118
60 120
60 134
60 136
60 152
60 158
61 62
61 65
61 66
61 70
61 71
61 72
61 77
61 84
61 88
61 89
61 91
61 94
61 100
61 102
61 108
61 112
61 113
61 114
61 117
61 120
61 121
61 125
61 126
61 135
61 137
61 139
61 141
61 143
61 145
61 155
61 158
61 160
61 161
62 66
62 71
62 72
62 74
62 77
62 85
62 97
62 105
62 108
62 110
62 115
62 133
62 135
62 146
62 149
62 151
62 152
62 160
63 65
63 69
63 74
63 76
63 77
63 85
63 87
63 94
63 108
63 116
63 117
63 125
63 129
63 138
63 141
63 146
63 152
63 153
63 157
64 70
64 71
64 72
64 73
64 75
64 77
64 79
64 86
64 89
64 91
64 93
64 94
64 95
64 98
64 100
64 103
64 105
64 106
64 108
64 112
64 113
64 117
64 118
64 125
64 128
64 130
64 133
64 135
64 137
64 138
64 139
64 140
64 142
64 145
64 146
64 147
64 148
64 149
64 151
64 152
64 153
64 154
64 158
65 67
65 68
65 71
65 72
65 73
65 74
65 75
65 77
65 79
65 81
65 82
65 84
65 89
65 90
65 93
65 94
65 95
65 98
65 101
65 105
65 109
65 110
65 112
65 115
65 116
65 125
65 128
65 129
65 130
65 131
65 132
65 133
65 137
65 144
65 148
65 152
65 153
65 157
65 158
65 161
66 69
66 71
66 72
66 75
66 79
66 80
66 82
66 85
66 86
66 87
66 90
66 92
66 93
66 94
66 96
66 98
66 100
66 103
66 108
66 109
66 110
66 113
66 114
66 116
66 117
66 119
66 126
66 128
66 131
66 134
66 135
66 137
66 142
66 145
66 147
66 149
66 152
66 153
67 68
67 69
67 71
67 74
67 75
67 77
67 79
67 87
67 88
67 89
67 93
67 94
67 95
67 96
67 99
67 105
67 106
67 107
67 108
67 109
67 113
67 114
67 115
67 117
67 119
67 121
67 127
67 132
67 134
67 138
67 141
67 144
67 145
67 146
67 150
67 151
67 152
67 153
67 157
67 158
67 159
67 160
67 161
68 69
68 71
68 72
68 76
68 79
68 82
68 84
68 86
68 92
68 94
68 97
68 98
68 102
68 104
68 106
68 108
68 113
68 114
68 115
68 116
68 118
68 121
68 125
68 126
68 127
68 128
68 130
68 131
68 132
68 134
68 135
68 137
68 139
68 141
68 143
68 144
68 145
68 146
68 149
68 151
68 152
68 157
68 158
69 70
69 71
69 77
69 80
69 83
69 85
69 86
69 96
69 98
69 99
69 101
69 106
69 109
69 110
69 111
69 113
69 117
69 118
69 119
69 124
69 128
69 133
69 137
69 142
69 145
69 147
69 148
69 150
69 151
69 154
69 157
69 160
69 161
70 73
70 74
70 77
70 79
70 80
70 85
70 88
70 89
70 90
70 92
70 94
70 95
70 97
70 98
70 99
70 101
70 106
70 111
70 114
70 116
70 121
70 131
70 133
70 134
70 135
70 137
70 143
70 147
70 152
70 154
70 155
70 157
71 74
71 76
71 79
71 81
71 82
71 85
71 100
71 102
71 105
71 107
71 108
71 113
71 115
71 117
71 131
71 134
71 136
71 142
71 147
71 150
71 153
71 154
71 161
72 74
72 76
72 77
72 79
72 80
72 86
72 88
72 89
72 93
72 94
72 97
72 99
72 101
72 103
72 104
72 106
72 109
72 111
72 114
72 115
72 116
72 117
72 118
72 120
72 124
72 125
72 128
72 129
72 130
72 134
72 135
72 136
72 137
72 139
72 149
72 152
72 154
72 157
72 160
73 74
73 77
73 79
73 80
73 82
73 83
73 89
73 93
73 95
73 96
73 97
73 99
73 109
73 112
73 114
73 115
73 117
73 119
73 120
73 128
73 129
73 130
73 131
73 139
73 141
73 142
73 148
73 152
73 155
73 157
73 158
73 160
74 78
74 80
74 82
74 87
74 88
74 89
74 92
74 93
74 96
74 98
74 102
74 104
74 106
74 107
74 109
74 111
74 114
74 117
74 121
74 125
74 126
74 128
74 133
74 135
74 137
74 142
74 145
74 147
74 148
74 152
74 154
74 156
74 158
74 161
75 77
75 80
75 87
75 88
75 89
75 90
75 97
75 103
75 109
75 113
75 115
75 121
75 125
75 126
75 127
75 128
75 130
75 133
75 135
75 137
75 146
75 151
75 153
75 157
75 158
75 159
75 160
76 79
76 102
76 125
76 129
76 138
76 149
76 153
76 154
76 157
76 159
77 79
77 87
77 94
77 102
77 103
77 104
77 106
77 108
77 111
77 113
77 115
77 117
77 119
77 125
77 126
77 131
77 134
77 137
77 139
77 140
77 142
77 145
77 147
77 151
77 159
78 80
78 94
78 105
78 108
78 127
78 135
78 143
78 146
78 147
78 157
78 159
79 80
79 86
79 93
79 95
79 97
79 98
79 101
79 103
79 104
79 105
79 108
79 111
79 117
79 118
79 125
79 129
79 131
79 132
79 134
79 138
79 139
79 141
79 142
79 143
79 146
79 147
79 148
79 152
79 154
79 155
79 157
79 160
80 87
80 92
80 100
80 107
80 117
80 125
80 128
80 129
80 131
80 133
80 147
80 151
80 152
80 154
80 157
80 158
81 82
81 89
81 92
81 101
81 150
81 157
81 160
81 161
82 87
82 92
82 97
82 100
82 102
82 106
82 113
82 115
82 118
82 125
82 129
82 131
82 136
82 142
82 149
82 153
82 156
83 91
83 97
83 98
83 112
83 115
83 117
83 120
83 140
83 141
83 148
83 152
83 153
83 158
83 159
84 94
84 95
84 98
84 104
84 106
84 109
84 113
84 114
84 116
84 117
84 127
84 129
84 131
84 132
84 133
84 139
84 141
84 143
84 152
84 161
85 86
85 87
85 89
85 96
85 100
85 112
85 118
85 119
85 125
85 126
85 129
85 131
85 135
85 142
85 147
85 148
85 150
85 153
86 89
86 91
86 94
86 101
86 102
86 105
86 107
86 109
86 110
86 111
86 113
86 114
86 117
86 123
86 129
86 131
86 139
86 153
86 158
86 159
86 161
87 89
87 96
87 102
87 103
87 106
87 108
87 111
87 113
87 114
87 116
87 124
87 132
87 133
87 138
87 140
87 142
87 144
87 146
87 149
87 151
87 154
88 95
88 101
88 103
88 108
88 115
88 125
88 126
88 127
88 128
88 130
88 133
88 134
88 135
88 141
88 142
88 145
88 146
88 147
88 154
89 91
89 92
89 94
89 96
89 105
89 106
89 110
89 111
89 112
89 113
89 114
89 116
89 119
89 120
89 129
89 134
89 137
89 138
89 139
89 141
89 143
89 149
89 151
89 153
89 154
89 160
90 112
90 114
90 116
90 141
90 142
90 150
90 154
91 94
91 95
91 96
91 102
91 104
91 106
91 112
91 115
91 117
91 122
91 123
91 124
91 129
91 134
91 137
91 141
91 150
91 152
91 153
91 157
92 93
92 101
92 102
92 103
92 106
92 108
92 109
92 116
92 121
92 126
92 129
92 139
92 143
92 146
92 150
92 152
92 159
92 161
93 100
93 101
93 105
93 107
93 109
93 113
93 117
93 125
93 126
93 129
93 131
93 133
93 135
93 137
93 138
93 146
93 152
93 154
93 156
93 158
94 96
94 99
94 102
94 105
94 109
94 111
94 114
94 115
94 117
94 121
94 125
94 128
94 129
94 133
94 134
94 137
94 138
94 140
94 141
94 142
94 143
94 149
94 151
94 152
94 154
94 157
94 158
94 161
95 101
95 111
95 113
95 129
95 139
95 152
95 153
95 158
95 159
96 101
96 102
96 103
96 105
96 112
96 113
96 118
96 130
96 132
96 135
96 137
96 142
96 149
96 150
96 153
96 156
97 98
97 99
97 102
97 104
97 105
97 111
97 118
97 119
97 121
97 130
97 131
97 132
97 133
97 134
97 135
97 137
97 139
97 141
97 147
97 148
97 149
97 150
97 151
97 153
97 161
98 107
98 109
98 112
98 123
98 124
98 125
98 131
98 132
98 133
98 134
98 138
98 139
98 140
98 142
98 146
98 149
98 150
98 152
99 102
99 103
99 105
99 106
99 111
99 117
99 118
99 129
99 133
99 134
99 136
99 137
99 153
99 156
99 158
99 161
100 103
100 109
100 111
100 117
100 118
100 121
100 126
100 127
100 137
100 140
100 142
100 146
100 147
100 152
100 154
100 156
100 157
101 105
101 106
101 108
101 109
101 113
101 114
101 115
101 118
101 122
101 127
101 131
101 132
101 134
101 135
101 136
101 137
101 141
101 147
101 148
101 152
101 156
101 157
101 158
101 160
101 161
102 106
102 110
102 112
102 114
102 117
102 122
102 125
102 126
102 127
102 135
102 141
102 145
102 146
102 148
102 152
102 153
102 160
103 107
103 108
103 109
103 110
103 113
103 125
103 126
103 133
103 137
103 138
103 139
103 140
103 145
103 146
103 149
103 151
103 152
103 154
103 160
104 105
104 111
104 120
104 124
104 133
104 134
104 135
104 141
104 146
104 151
104 157
105 106
105 111
105 113
105 114
105 117
105 126
105 128
105 133
105 135
105 137
105 139
105 145
105 154
105 160
105 161
106 107
106 108
106 109
106 113
106 114
106 115
106 116
106 120
106 124
106 125
106 127
106 129
106 130
106 131
106 133
106 134
106 136
106 138
106 141
106 142
106 143
106 152
106 154
106 158
106 159
106 161
107 109
107 115
107 118
107 123
107 127
107 136
107 141
107 143
107 147
107 148
107 154
108 109
108 111
108 113
108 114
108 115
108 132
108 133
108 137
108 139
108 142
108 145
108 149
108 150
108 151
108 154
108 160
108 161
109 117
109 124
109 125
109 126
109 129
109 131
109 133
109 134
109 137
109 146
109 147
109 150
109 151
109 152
110 111
110 115
110 120
110 125
110 131
110 138
110 151
110 152
110 154
111 112
111 114
111 118
111 121
111 125
111 129
111 133
111 134
111 138
111 139
111 142
111 143
111 150
111 153
111 158
111 161
112 113
112 116
112 117
112 122
112 123
112 129
112 131
112 132
112 134
112 135
112 137
112 141
112 142
112 143
112 147
112 153
112 154
112 155
113 114
113 115
113 117
113 125
113 126
113 128
113 129
113 130
113 131
113 132
113 133
113 134
113 135
113 137
113 138
113 142
113 144
113 147
113 148
113 150
113 151
113 152
114 116
114 118
114 128
114 131
114 132
114 133
114 135
114 136
114 142
114 148
114 155
114 157
114 158
115 116
115 118
115 120
115 121
115 122
115 123
115 125
115 129
115 131
115 133
115 134
115 136
115 137
115 138
115 140
115 149
115 151
115 152
115 154
115 155
115 159
115 160
116 118
116 129
116 132
116 133
116 135
116 136
116 137
116 141
116 142
116 144
116 148
116 149
116 152
117 118
117 125
117 126
117 130
117 131
117 134
117 137
117 150
117 151
117 152
117 153
117 160
117 161
118 121
118 127
118 128
118 130
118 131
118 132
118 140
118 142
118 145
118 146
118 147
118 152
118 154
118 155
118 157
118 158
119 124
119 126
119 135
119 138
119 143
119 145
119 146
119 151
120 126
120 129
120 136
120 139
120 143
121 136
121 137
121 138
121 142
121 143
121 148
121 158
122 131
122 134
122 142
122 146
122 152
122 161
123 134
123 146
123 155
124 131
124 133
124 134
124 137
124 138
125 126
125 127
125 130
125 132
125 134
125 136
125 138
125 141
125 144
125 147
125 158
125 161
126 129
126 131
126 135
126 147
126 149
126 152
126 154
126 158
127 130
127 131
127 134
127 147
127 154
127 158
128 131
128 133
128 143
128 147
128 150
128 154
128 158
128 159
129 136
129 138
129 139
129 141
129 142
129 143
129 145
129 149
129 151
129 152
129 154
129 158
129 159
130 133
130 135
130 138
130 142
130 145
130 146
130 152
130 153
130 158
130 161
131 133
131 134
131 135
131 137
131 139
131 140
131 141
131 142
131 147
131 148
131 152
131 154
132 146
132 161
133 134
133 135
133 136
133 140
133 143
133 144
133 147
133 150
133 153
133 158
134 135
134 141
134 142
134 144
134 147
134 148
134 150
134 151
134 153
134 156
134 157
134 158
134 159
134 161
135 138
135 139
135 140
135 146
135 149
135 151
135 153
135 155
135 157
135 161
136 138
136 141
136 147
136 158
136 161
137 138
137 139
137 142
137 147
137 148
137 151
137 153
137 154
137 158
137 160
137 161
138 145
138 146
138 147
138 157
138 158
138 159
139 141
139 145
139 147
139 148
139 152
139 154
139 157
139 158
139 161
140 141
140 143
140 145
140 147
140 154
141 145
141 147
141 154
141 157
141 160
141 161
142 145
142 147
142 149
142 152
142 154
142 156
142 160
143 146
143 153
143 154
143 157
143 158
143 159
143 160
144 150
144 153
144 154
144 161
145 149
145 153
145 157
145 161
146 149
146 150
146 154
146 157
147 152
147 153
147 158
147 160
148 149
148 151
148 161
149 150
149 155
150 154
150 157
151 154
151 158
152 153
152 154
152 158
152 159
153 154
153 158
153 159
153 161
154 158
154 160
156 158
157 159
157 161
