0 1
0 2
0 3
0 4
0 7
0 9
0 11
0 19
0 20
0 24
0 25
0 26
0 31
0 32
0 34
0 36
0 40
0 43
0 44
0 46
0 51
0 52
0 55
0 56
0 58
0 60
0 64
0 70
0 71
0 72
0 73
0 77
0 79
0 83
0 88
0 89
0 93
0 96
0 100
0 101
0 102
0 105
0 106
0 107
0 110
0 114
0 115
0 117
0 118
0 125
0 126
0 128
0 130
0 132
0 134
0 135
0 139
0 142
0 146
0 147
0 148
0 151
0 153
0 156
0 157
0 158
1 4
1 5
1 7
1 10
1 11
1 12
1 15
1 16
1 19
1 20
1 21
1 24
1 26
1 27
1 30
1 31
1 32
1 34
1 35
1 37
1 39
1 42
1 44
1 45
1 46
1 49
1 50
1 51
1 53
1 54
1 56
1 58
1 62
1 64
1 65
1 66
1 67
1 68
1 70
1 71
1 72
1 74
1 76
1 77
1 79
1 82
1 83
1 86
1 87
1 90
1 92
1 93
1 96
1 97
1 101
1 102
1 103
1 104
1 106
1 108
1 109
1 110
1 111
1 112
1 113
1 114
1 117
1 125
1 126
1 130
1 131
1 133
1 134
1 135
1 137
1 139
1 142
1 149
1 152
1 153
1 154
1 155
1 157
1 158
2 4
2 6
2 7
2 9
2 11
2 12
2 14
2 15
2 18
2 19
2 21
2 25
2 30
2 31
2 32
2 35
2 38
2 43
2 44
2 45
2 49
2 51
2 54
2 55
2 61
2 65
2 66
2 67
2 68
2 70
2 71
2 74
2 75
2 76
2 77
2 83
2 84
2 88
2 89
2 90
2 92
2 93
2 94
2 97
2 100
2 101
2 102
2 104
2 105
2 106
2 107
2 108
2 109
2 112
2 114
2 115
2 116
2 117
2 129
2 131
2 133
2 134
2 143
2 146
2 150
2 152
2 158
2 159
3 7
3 8
3 11
3 14
3 18
3 19
3 26
3 31
3 34
3 35
3 39
3 42
3 45
3 48
3 49
3 51
3 52
3 54
3 56
3 62
3 63
3 65
3 67
3 69
3 70
3 71
3 76
3 77
3 79
3 80
3 83
3 84
3 88
3 94
3 97
3 101
3 102
3 103
3 111
3 114
3 115
3 117
3 118
3 131
3 133
3 139
3 142
3 146
3 149
3 150
3 151
3 152
3 153
3 154
3 160
4 6
4 7
4 9
4 11
4 13
4 14
4 16
4 17
4 18
4 19
4 20
4 21
4 24
4 25
4 26
4 28
4 29
4 30
4 31
4 32
4 34
4 35
4 36
4 37
4 38
4 40
4 42
4 43
4 44
4 45
4 46
4 49
4 50
4 51
4 52
4 54
4 55
4 56
4 57
4 58
4 59
4 60
4 62
4 63
4 65
4 66
4 67
4 69
4 70
4 71
4 72
4 75
4 76
4 77
4 78
4 79
4 80
4 81
4 82
4 83
4 84
4 88
4 89
4 92
4 94
4 96
4 98
4 99
4 100
4 101
4 102
4 103
4 104
4 106
4 107
4 108
4 109
4 112
4 113
4 114
4 115
4 117
4 118
4 119
4 123
4 125
4 126
4 127
4 128
4 131
4 133
4 134
4 135
4 136
4 138
4 140
4 142
4 144
4 145
4 146
4 148
4 149
4 150
4 151
4 153
4 154
4 157
4 158
5 7
5 10
5 14
5 15
5 17
5 19
5 25
5 26
5 36
5 38
5 49
5 54
5 62
5 63
5 64
5 65
5 67
5 69
5 72
5 79
5 82
5 84
5 88
5 89
5 93
5 97
5 99
5 108
5 112
5 113
5 116
5 117
5 125
5 131
5 134
5 139
5 141
5 142
5 150
5 151
5 152
5 154
5 155
5 158
5 160
6 7
6 8
6 9
6 10
6 11
6 12
6 14
6 15
6 19
6 20
6 21
6 22
6 23
6 24
6 25
6 26
6 30
6 31
6 32
6 35
6 36
6 37
6 38
6 39
6 40
6 41
6 42
6 44
6 45
6 46
6 47
6 49
6 50
6 51
6 54
6 55
6 56
6 57
6 58
6 59
6 60
6 61
6 62
6 63
6 64
6 65
6 66
6 67
6 68
6 69
6 70
6 71
6 72
6 73
6 75
6 76
6 77
6 78
6 79
6 80
6 82
6 83
6 84
6 85
6 86
6 87
6 88
6 89
6 90
6 92
6 93
6 94
6 95
6 96
6 97
6 98
6 99
6 100
6 101
6 102
6 104
6 105
6 106
6 108
6 109
6 112
6 113
6 115
6 116
6 117
6 118
6 119
6 120
6 124
6 125
6 127
6 128
6 129
6 130
6 131
6 133
6 135
6 137
6 138
6 139
6 142
6 145
6 146
6 147
6 149
6 150
6 151
6 152
6 153
6 154
6 155
6 158
7 8
7 9
7 10
7 11
7 12
7 13
7 15
7 17
7 19
7 20
7 21
7 23
7 24
7 25
7 26
7 27
7 28
7 29
7 30
7 31
7 36
7 37
7 38
7 39
7 40
7 42
7 44
7 46
7 48
7 49
7 50
7 51
7 52
7 54
7 55
7 56
7 60
7 61
7 62
7 63
7 64
7 65
7 66
7 67
7 68
7 69
7 70
7 72
7 73
7 75
7 76
7 77
7 78
7 79
7 81
7 83
7 84
7 85
7 87
7 88
7 89
7 90
7 92
7 93
7 96
7 97
7 98
7 99
7 100
7 101
7 102
7 103
7 104
7 105
7 106
7 107
7 108
7 109
7 111
7 112
7 113
7 114
7 115
7 117
7 118
7 119
7 120
7 121
7 122
7 124
7 125
7 126
7 127
7 128
7 129
7 130
7 131
7 132
7 133
7 134
7 135
7 136
7 137
7 138
7 139
7 141
7 142
7 143
7 145
7 146
7 147
7 149
7 150
7 151
7 153
7 154
7 155
7 156
7 157
7 158
7 160
7 161
8 15
8 19
8 24
8 26
8 30
8 31
8 32
8 35
8 40
8 41
8 42
8 43
8 44
8 45
8 49
8 51
8 52
8 54
8 55
8 62
8 64
8 65
8 67
8 71
8 75
8 76
8 77
8 84
8 87
8 89
8 93
8 94
8 95
8 101
8 106
8 108
8 110
8 111
8 113
8 115
8 117
8 125
8 126
8 128
8 131
8 134
8 137
8 142
8 145
8 153
8 154
8 157
8 161
9 11
9 12
9 14
9 17
9 18
9 23
9 26
9 28
9 29
9 31
9 32
9 35
9 36
9 37
9 38
9 39
9 40
9 42
9 43
9 44
9 45
9 46
9 48
9 49
9 50
9 51
9 52
9 54
9 55
9 56
9 57
9 58
9 59
9 63
9 64
9 65
9 67
9 68
9 70
9 72
9 76
9 79
9 80
9 83
9 84
9 86
9 87
9 90
9 91
9 94
9 95
9 97
9 99
9 101
9 102
9 106
9 112
9 117
9 118
9 122
9 125
9 127
9 129
9 131
9 133
9 135
9 136
9 137
9 138
9 142
9 144
9 145
9 149
9 150
9 151
9 152
9 154
9 155
9 158
9 161
10 13
10 14
10 19
10 21
10 23
10 24
10 25
10 28
10 30
10 32
10 37
10 38
10 39
10 40
10 42
10 44
10 45
10 49
10 51
10 53
10 54
10 57
10 61
10 62
10 64
10 65
10 66
10 67
10 68
10 69
10 70
10 71
10 72
10 73
10 74
10 76
10 77
10 78
10 80
10 81
10 83
10 84
10 87
10 89
10 93
10 94
10 95
10 97
10 98
10 99
10 100
10 101
10 104
10 105
10 108
10 109
10 111
10 114
10 115
10 118
10 121
10 125
10 126
10 131
10 133
10 137
10 138
10 139
10 141
10 146
10 147
10 148
10 149
10 157
10 158
10 159
11 12
11 14
11 18
11 19
11 23
11 25
11 26
11 29
11 30
11 31
11 32
11 34
11 35
11 37
11 38
11 39
11 40
11 42
11 43
11 44
11 45
11 46
11 49
11 51
11 53
11 54
11 55
11 57
11 58
11 59
11 62
11 63
11 65
11 66
11 68
11 69
11 70
11 71
11 72
11 74
11 76
11 77
11 83
11 84
11 85
11 87
11 89
11 90
11 91
11 92
11 95
11 99
11 101
11 102
11 104
11 105
11 106
11 107
11 108
11 109
11 110
11 112
11 114
11 116
11 117
11 118
11 123
11 125
11 126
11 127
11 129
11 131
11 133
11 134
11 137
11 140
11 141
11 144
11 145
11 146
11 147
11 150
11 151
11 153
11 154
11 158
11 161
12 14
12 25
12 28
12 29
12 31
12 32
12 35
12 36
12 42
12 45
12 46
12 48
12 52
12 54
12 56
12 59
12 62
12 63
12 64
12 65
12 67
12 69
12 71
12 72
12 74
12 75
12 77
12 84
12 86
12 87
12 88
12 89
12 94
12 101
12 102
12 103
12 104
12 107
12 109
12 112
12 115
12 117
12 118
12 121
12 122
12 125
12 130
12 131
12 133
12 136
12 142
12 145
12 146
12 147
12 148
12 150
12 151
12 152
12 154
12 157
12 161
13 15
13 16
13 24
13 26
13 28
13 30
13 33
13 34
13 35
13 36
13 37
13 38
13 39
13 40
13 42
13 45
13 46
13 47
13 49
13 50
13 51
13 54
13 55
13 63
13 64
13 65
13 67
13 68
13 71
13 74
13 76
13 84
13 86
13 88
13 89
13 92
13 93
13 94
13 96
13 101
13 102
13 103
13 104
13 105
13 109
13 110
13 114
13 115
13 117
13 125
13 126
13 129
13 130
13 135
13 137
13 138
13 143
13 148
13 150
13 155
13 157
13 158
13 159
14 15
14 16
14 19
14 20
14 21
14 22
14 24
14 25
14 26
14 27
14 28
14 30
14 31
14 32
14 33
14 35
14 36
14 37
14 38
14 39
14 40
14 42
14 43
14 44
14 45
14 49
14 50
14 51
14 54
14 55
14 56
14 57
14 58
14 59
14 61
14 62
14 63
14 64
14 65
14 67
14 68
14 69
14 70
14 71
14 72
14 73
14 74
14 75
14 76
14 77
14 78
14 79
14 80
14 84
14 86
14 87
14 89
14 91
14 93
14 94
14 97
14 99
14 100
14 101
14 102
14 103
14 104
14 105
14 106
14 108
14 109
14 110
14 112
14 113
14 114
14 115
14 116
14 117
14 118
14 119
14 121
14 122
14 123
14 125
14 126
14 127
14 128
14 129
14 130
14 131
14 133
14 135
14 137
14 138
14 139
14 141
14 142
14 143
14 145
14 147
14 149
14 150
14 151
14 152
14 153
14 154
14 155
14 156
14 157
14 158
14 159
14 160
14 161
15 20
15 21
15 22
15 23
15 25
15 27
15 32
15 35
15 36
15 38
15 42
15 44
15 45
15 51
15 54
15 55
15 56
15 58
15 59
15 61
15 64
15 65
15 66
15 67
15 68
15 69
15 70
15 71
15 72
15 74
15 80
15 82
15 85
15 86
15 92
15 94
15 99
15 101
15 102
15 103
15 106
15 107
15 108
15 112
15 114
15 117
15 118
15 121
15 122
15 125
15 126
15 129
15 133
15 134
15 135
15 136
15 137
15 138
15 146
15 147
15 148
15 149
15 151
15 153
15 157
15 160
15 161
16 19
16 21
16 24
16 28
16 30
16 31
16 33
16 35
16 38
16 40
16 48
16 50
16 52
16 54
16 65
16 66
16 68
16 69
16 70
16 71
16 74
16 75
16 77
16 79
16 80
16 84
16 85
16 87
16 88
16 89
16 91
16 93
16 94
16 97
16 105
16 108
16 109
16 113
16 117
16 118
16 125
16 129
16 131
16 133
16 137
16 139
16 141
16 146
16 147
16 150
16 151
16 152
16 153
16 155
16 157
16 159
17 18
17 20
17 30
17 34
17 48
17 51
17 56
17 61
17 64
17 66
17 70
17 72
17 79
17 81
17 82
17 89
17 93
17 99
17 102
17 108
17 115
17 118
17 119
17 142
17 147
17 154
18 19
18 20
18 21
18 27
18 31
18 32
18 35
18 37
18 39
18 40
18 43
18 45
18 46
18 50
18 51
18 52
18 54
18 55
18 56
18 57
18 58
18 61
18 65
18 67
18 68
18 69
18 70
18 71
18 74
18 76
18 79
18 88
18 89
18 91
18 92
18 93
18 94
18 95
18 97
18 101
18 104
18 105
18 106
18 107
18 111
18 114
18 115
18 116
18 117
18 121
18 125
18 126
18 129
18 131
18 134
18 138
18 140
18 143
18 145
18 146
18 147
18 151
18 152
18 153
18 154
18 157
19 20
19 21
19 23
19 26
19 27
19 28
19 29
19 30
19 31
19 32
19 33
19 34
19 35
19 36
19 38
19 41
19 43
19 44
19 45
19 47
19 49
19 50
19 51
19 52
19 54
19 56
19 58
19 59
19 63
19 64
19 66
19 67
19 68
19 69
19 71
19 72
19 73
19 74
19 79
19 80
19 82
19 83
19 84
19 85
19 86
19 87
19 88
19 89
19 91
19 97
19 99
19 100
19 101
19 102
19 103
19 105
19 106
19 107
19 108
19 109
19 111
19 113
19 114
19 115
19 116
19 117
19 118
19 119
19 120
19 125
19 127
19 128
19 129
19 130
19 131
19 132
19 133
19 134
19 135
19 136
19 137
19 138
19 139
19 140
19 141
19 142
19 143
19 145
19 146
19 147
19 149
19 150
19 151
19 152
19 153
19 154
19 156
19 157
19 158
19 160
19 161
20 24
20 36
20 38
20 43
20 44
20 46
20 51
20 54
20 66
20 67
20 69
20 70
20 73
20 75
20 87
20 88
20 91
20 93
20 94
20 98
20 101
20 102
20 104
20 106
20 108
20 109
20 113
20 117
20 119
20 126
20 129
20 133
20 134
20 137
20 138
20 139
20 142
20 146
20 147
20 149
20 150
20 151
20 153
20 154
20 155
21 22
21 28
21 31
21 32
21 33
21 34
21 35
21 36
21 39
21 40
21 44
21 49
21 50
21 51
21 52
21 53
21 54
21 55
21 56
21 57
21 58
21 59
21 60
21 61
21 63
21 64
21 65
21 66
21 67
21 68
21 70
21 71
21 72
21 73
21 74
21 75
21 76
21 77
21 79
21 80
21 81
21 82
21 83
21 84
21 87
21 88
21 89
21 93
21 94
21 95
21 98
21 99
21 100
21 101
21 104
21 106
21 108
21 109
21 111
21 112
21 114
21 116
21 118
21 121
21 124
21 125
21 129
21 130
21 131
21 132
21 133
21 135
21 137
21 138
21 139
21 140
21 144
21 145
21 147
21 148
21 150
21 151
21 152
21 157
21 158
21 159
21 160
21 161
22 24
22 25
22 26
22 31
22 35
22 38
22 39
22 40
22 42
22 49
22 53
22 55
22 56
22 58
22 63
22 64
22 65
22 66
22 67
22 68
22 69
22 70
22 72
22 75
22 76
22 79
22 81
22 82
22 85
22 87
22 88
22 89
22 93
22 94
22 103
22 105
22 109
22 114
22 123
22 125
22 127
22 129
22 130
22 131
22 133
22 134
22 137
22 139
22 140
22 142
22 143
22 147
22 150
22 151
22 152
22 153
22 158
23 24
23 25
23 27
23 30
23 31
23 32
23 35
23 43
23 49
23 50
23 53
23 56
23 61
23 63
23 67
23 72
23 74
23 75
23 77
23 79
23 93
23 98
23 100
23 101
23 102
23 105
23 106
23 108
23 113
23 115
23 125
23 131
23 134
23 142
23 145
23 147
23 150
23 152
23 153
23 154
23 156
23 158
23 160
23 161
24 26
24 29
24 30
24 32
24 33
24 40
24 44
24 47
24 51
24 54
24 56
24 63
24 64
24 65
24 67
24 72
24 74
24 75
24 91
24 94
24 96
24 97
24 99
24 102
24 105
24 107
24 108
24 109
24 112
24 114
24 118
24 129
24 130
24 131
24 134
24 135
24 136
24 137
24 140
24 141
24 147
24 151
24 152
24 153
24 155
24 157
24 158
24 159
24 161
25 26
25 27
25 29
25 32
25 38
25 40
25 44
25 45
25 46
25 49
25 50
25 51
25 54
25 55
25 56
25 58
25 59
25 61
25 63
25 64
25 65
25 66
25 67
25 68
25 70
25 71
25 72
25 75
25 77
25 79
25 81
25 82
25 83
25 85
25 87
25 89
25 93
25 94
25 96
25 97
25 98
25 99
25 101
25 102
25 105
25 106
25 109
25 110
25 113
25 114
25 115
25 116
25 117
25 118
25 121
25 122
25 125
25 128
25 131
25 133
25 134
25 135
25 137
25 138
25 139
25 142
25 149
25 152
25 153
25 157
25 158
25 161
26 27
26 29
26 30
26 31
26 32
26 33
26 34
26 35
26 36
26 37
26 38
26 39
26 40
26 41
26 42
26 43
26 44
26 45
26 46
26 48
26 49
26 51
26 53
26 54
26 55
26 56
26 57
26 59
26 61
26 62
26 64
26 65
26 66
26 67
26 68
26 69
26 70
26 71
26 72
26 73
26 74
26 76
26 77
26 80
26 83
26 84
26 85
26 86
26 87
26 89
26 90
26 91
26 92
26 93
26 94
26 96
26 97
26 99
26 101
26 102
26 104
26 105
26 106
26 107
26 108
26 109
26 110
26 111
26 112
26 114
26 115
26 117
26 118
26 121
26 122
26 123
26 126
26 128
26 129
26 130
26 131
26 132
26 133
26 134
26 135
26 136
26 137
26 138
26 142
26 143
26 145
26 146
26 147
26 148
26 149
26 150
26 151
26 152
26 153
26 154
26 158
26 159
26 161
27 37
27 44
27 51
27 54
27 64
27 68
27 70
27 72
27 74
27 77
27 80
27 88
27 93
27 101
27 105
27 106
27 108
27 109
27 113
27 131
27 133
27 138
27 142
27 146
27 150
27 152
27 154
27 155
27 157
27 158
28 30
28 31
28 32
28 34
28 36
28 40
28 43
28 49
28 51
28 54
28 56
28 58
28 59
28 61
28 63
28 64
28 65
28 68
28 69
28 72
28 74
28 79
28 80
28 83
28 88
28 89
28 91
28 92
28 97
28 101
28 103
28 104
28 105
28 106
28 107
28 108
28 112
28 113
28 115
28 117
28 121
28 125
28 126
28 129
28 130
28 131
28 137
28 138
28 140
28 142
28 146
28 147
28 148
28 150
28 151
28 152
28 154
28 156
28 157
29 30
29 32
29 38
29 40
29 41
29 43
29 45
29 46
29 51
29 54
29 56
29 64
29 66
29 67
29 69
29 70
29 71
29 73
29 74
29 76
29 77
29 79
29 80
29 83
29 84
29 91
29 92
29 94
29 97
29 99
29 101
29 106
29 113
29 124
29 126
29 127
29 129
29 135
29 138
29 139
29 141
29 145
29 147
29 150
29 154
29 157
29 158
30 31
30 32
30 33
30 36
30 37
30 38
30 39
30 40
30 41
30 43
30 46
30 49
30 50
30 51
30 52
30 54
30 56
30 61
30 63
30 64
30 65
30 67
30 68
30 69
30 70
30 71
30 72
30 73
30 74
30 75
30 76
30 77
30 80
30 82
30 83
30 84
30 86
30 88
30 91
30 92
30 93
30 94
30 97
30 98
30 99
30 100
30 101
30 102
30 104
30 105
30 107
30 108
30 109
30 114
30 115
30 116
30 117
30 118
30 119
30 124
30 125
30 126
30 127
30 129
30 130
30 131
30 133
30 134
30 135
30 136
30 137
30 138
30 139
30 140
30 143
30 144
30 146
30 147
30 149
30 150
30 151
30 152
30 154
30 156
30 158
30 161
31 33
31 34
31 35
31 36
31 37
31 38
31 39
31 40
31 42
31 46
31 47
31 48
31 49
31 50
31 51
31 52
31 54
31 56
31 57
31 58
31 60
31 61
31 62
31 64
31 65
31 66
31 67
31 68
31 69
31 70
31 71
31 72
31 73
31 74
31 75
31 76
31 77
31 79
31 80
31 82
31 83
31 84
31 85
31 86
31 87
31 89
31 90
31 91
31 92
31 93
31 94
31 95
31 97
31 99
31 100
31 101
31 102
31 105
31 106
31 107
31 108
31 109
31 110
31 112
31 113
31 114
31 115
31 117
31 118
31 120
31 122
31 123
31 124
31 125
31 126
31 127
31 129
31 131
31 132
31 133
31 134
31 136
31 137
31 139
31 140
31 141
31 142
31 143
31 146
31 147
31 148
31 149
31 150
31 151
31 152
31 153
31 154
31 157
31 158
31 161
32 33
32 34
32 35
32 37
32 38
32 40
32 46
32 47
32 49
32 51
32 53
32 54
32 55
32 56
32 58
32 61
32 62
32 63
32 64
32 65
32 66
32 67
32 68
32 69
32 71
32 72
32 74
32 75
32 77
32 79
32 83
32 89
32 91
32 92
32 93
32 95
32 96
32 97
32 99
32 101
32 102
32 103
32 104
32 105
32 106
32 107
32 108
32 110
32 111
32 112
32 113
32 114
32 115
32 116
32 117
32 118
32 119
32 123
32 126
32 127
32 131
32 132
32 133
32 134
32 137
32 139
32 145
32 146
32 147
32 148
32 150
32 151
32 152
32 153
32 154
32 157
32 159
32 160
33 36
33 40
33 45
33 46
33 51
33 52
33 54
33 58
33 64
33 70
33 72
33 74
33 84
33 89
33 94
33 100
33 101
33 102
33 105
33 112
33 117
33 118
33 125
33 128
33 129
33 133
33 134
33 137
33 139
33 141
33 142
33 145
33 147
33 151
33 152
33 155
34 35
34 37
34 45
34 46
34 47
34 49
34 50
34 52
34 54
34 56
34 57
34 63
34 65
34 67
34 68
34 70
34 71
34 75
34 79
34 80
34 84
34 86
34 87
34 88
34 89
34 93
34 94
34 96
34 102
34 103
34 105
34 107
34 109
34 111
34 113
34 114
34 115
34 116
34 120
34 125
34 128
34 129
34 130
34 131
34 138
34 139
34 141
34 142
34 143
34 145
34 147
34 149
34 150
34 152
34 153
34 157
35 38
35 39
35 42
35 43
35 44
35 45
35 47
35 48
35 49
35 51
35 54
35 55
35 56
35 58
35 59
35 63
35 67
35 68
35 69
35 71
35 72
35 73
35 74
35 75
35 76
35 79
35 80
35 83
35 85
35 86
35 88
35 93
35 94
35 95
35 97
35 99
35 100
35 101
35 102
35 106
35 108
35 111
35 112
35 113
35 114
35 115
35 116
35 122
35 126
35 129
35 130
35 131
35 132
35 133
35 134
35 135
35 136
35 137
35 138
35 139
35 140
35 141
35 142
35 143
35 145
35 146
35 147
35 148
35 150
35 151
35 152
35 153
35 154
35 155
35 156
35 157
35 158
35 160
35 161
36 37
36 38
36 39
36 40
36 42
36 44
36 45
36 46
36 48
36 49
36 50
36 51
36 54
36 55
36 56
36 57
36 59
36 62
36 65
36 66
36 67
36 68
36 70
36 71
36 75
36 79
36 81
36 82
36 83
36 84
36 85
36 86
36 87
36 88
36 89
36 93
36 94
36 95
36 97
36 99
36 102
36 105
36 106
36 107
36 109
36 111
36 112
36 114
36 115
36 117
36 118
36 126
36 127
36 128
36 129
36 130
36 134
36 136
36 138
36 139
36 142
36 143
36 145
36 146
36 147
36 149
36 150
36 151
36 152
36 153
36 155
36 157
36 158
37 38
37 39
37 40
37 46
37 49
37 51
37 55
37 57
37 58
37 59
37 61
37 62
37 63
37 64
37 66
37 67
37 68
37 69
37 71
37 74
37 76
37 77
37 79
37 82
37 84
37 85
37 89
37 96
37 97
37 99
37 101
37 105
37 106
37 113
37 114
37 117
37 125
37 129
37 133
37 134
37 135
37 137
37 138
37 139
37 141
37 143
37 145
37 146
37 149
37 150
37 152
37 154
37 157
37 158
37 159
37 161
38 40
38 42
38 43
38 44
38 48
38 49
38 51
38 53
38 54
38 55
38 56
38 59
38 61
38 62
38 63
38 64
38 65
38 66
38 68
38 69
38 71
38 72
38 73
38 74
38 76
38 77
38 78
38 82
38 83
38 84
38 85
38 86
38 89
38 92
38 93
38 94
38 96
38 97
38 99
38 100
38 101
38 102
38 105
38 106
38 107
38 109
38 110
38 112
38 113
38 114
38 115
38 116
38 117
38 119
38 121
38 123
38 124
38 125
38 128
38 129
38 130
38 131
38 133
38 134
38 135
38 136
38 137
38 138
38 139
38 141
38 142
38 144
38 145
38 146
38 147
38 149
38 150
38 151
38 152
38 153
38 154
38 157
38 158
38 159
38 160
39 44
39 45
39 46
39 49
39 51
39 55
39 56
39 58
39 61
39 64
39 65
39 67
39 68
39 69
39 71
39 73
39 75
39 76
39 77
39 78
39 79
39 82
39 84
39 86
39 87
39 89
39 91
39 93
39 94
39 97
39 100
39 101
39 102
39 106
39 108
39 109
39 113
39 114
39 116
39 117
39 118
39 121
39 122
39 123
39 125
39 126
39 130
39 131
39 133
39 134
39 135
39 137
39 138
39 139
39 140
39 141
39 142
39 146
39 150
39 151
39 152
39 153
39 154
39 157
39 158
39 161
40 41
40 43
40 44
40 45
40 46
40 51
40 52
40 54
40 55
40 56
40 58
40 59
40 63
40 64
40 65
40 66
40 67
40 68
40 69
40 70
40 71
40 72
40 74
40 75
40 76
40 77
40 79
40 80
40 81
40 82
40 87
40 88
40 89
40 91
40 92
40 93
40 94
40 95
40 96
40 97
40 98
40 101
40 102
40 103
40 104
40 106
40 107
40 108
40 109
40 110
40 111
40 112
40 113
40 114
40 115
40 116
40 117
40 118
40 120
40 121
40 124
40 126
40 128
40 129
40 130
40 131
40 132
40 133
40 135
40 137
40 138
40 139
40 141
40 142
40 143
40 147
40 148
40 149
40 150
40 151
40 152
40 154
40 155
40 156
40 157
40 158
40 159
40 161
41 49
41 64
41 68
41 70
41 72
41 82
41 83
41 94
41 103
41 106
41 107
41 108
41 109
41 115
41 116
41 125
41 129
41 130
41 131
41 142
41 150
41 152
41 154
42 44
42 45
42 46
42 49
42 51
42 54
42 55
42 56
42 63
42 65
42 66
42 67
42 68
42 69
42 70
42 71
42 72
42 73
42 79
42 83
42 87
42 88
42 89
42 94
42 101
42 105
42 106
42 108
42 109
42 110
42 112
42 113
42 114
42 117
42 118
42 129
42 131
42 134
42 137
42 138
42 139
42 140
42 141
42 142
42 143
42 147
42 150
42 151
42 152
42 153
42 155
42 157
42 158
43 45
43 49
43 50
43 51
43 54
43 55
43 56
43 58
43 59
43 63
43 64
43 65
43 67
43 69
43 70
43 72
43 74
43 77
43 79
43 80
43 82
43 84
43 89
43 91
43 92
43 93
43 94
43 97
43 98
43 99
43 100
43 101
43 102
43 103
43 105
43 106
43 107
43 108
43 111
43 112
43 113
43 116
43 117
43 118
43 123
43 124
43 131
43 133
43 134
43 135
43 138
43 139
43 141
43 142
43 146
43 151
43 152
43 153
43 154
43 157
43 158
43 160
44 45
44 46
44 48
44 49
44 51
44 52
44 54
44 55
44 56
44 57
44 63
44 64
44 65
44 66
44 67
44 68
44 69
44 70
44 71
44 72
44 73
44 74
44 75
44 77
44 78
44 79
44 80
44 82
44 83
44 84
44 86
44 87
44 91
44 93
44 94
44 96
44 100
44 101
44 102
44 104
44 105
44 106
44 107
44 108
44 113
44 114
44 115
44 116
44 117
44 118
44 119
44 120
44 123
44 125
44 126
44 129
44 131
44 133
44 134
44 135
44 136
44 137
44 138
44 140
44 141
44 142
44 146
44 147
44 149
44 150
44 151
44 152
44 154
44 157
44 158
44 159
44 160
44 161
45 46
45 49
45 51
45 52
45 53
45 54
45 55
45 56
45 58
45 59
45 60
45 61
45 62
45 63
45 64
45 65
45 66
45 67
45 68
45 69
45 71
45 72
45 73
45 75
45 77
45 79
45 80
45 84
45 85
45 86
45 88
45 91
45 92
45 93
45 94
45 95
45 100
45 101
45 102
45 103
45 105
45 108
45 109
45 112
45 113
45 115
45 116
45 117
45 118
45 125
45 126
45 127
45 128
45 129
45 130
45 131
45 132
45 133
45 136
45 137
45 138
45 139
45 140
45 141
45 142
45 145
45 146
45 147
45 149
45 151
45 153
45 157
45 158
45 160
45 161
46 47
46 48
46 49
46 52
46 53
46 54
46 56
46 57
46 58
46 62
46 64
46 66
46 67
46 68
46 70
46 71
46 72
46 73
46 74
46 75
46 79
46 81
46 84
46 87
46 88
46 92
46 93
46 94
46 96
46 97
46 101
46 102
46 104
46 110
46 112
46 113
46 114
46 115
46 116
46 117
46 118
46 119
46 120
46 124
46 125
46 129
46 131
46 133
46 134
46 135
46 137
46 138
46 141
46 142
46 144
46 145
46 147
46 148
46 150
46 151
46 153
46 155
46 158
46 159
46 160
46 161
47 49
47 58
47 64
47 66
47 69
47 74
47 75
47 81
47 84
47 86
47 88
47 91
47 101
47 102
47 112
47 119
47 120
47 121
47 125
47 131
47 139
47 142
47 146
47 154
47 159
48 49
48 56
48 60
48 63
48 67
48 69
48 72
48 75
48 79
48 80
48 82
48 88
48 91
48 93
48 95
48 97
48 100
48 102
48 104
48 105
48 106
48 107
48 108
48 112
48 114
48 125
48 127
48 131
48 135
48 137
48 150
48 151
48 153
49 51
49 52
49 53
49 54
49 55
49 56
49 57
49 58
49 59
49 61
49 62
49 63
49 64
49 65
49 66
49 67
49 68
49 69
49 70
49 71
49 72
49 74
49 75
49 76
49 77
49 80
49 82
49 83
49 84
49 85
49 87
49 88
49 89
49 90
49 91
49 93
49 94
49 95
49 96
49 98
49 100
49 102
49 103
49 104
49 106
49 108
49 110
49 111
49 113
49 114
49 115
49 116
49 117
49 118
49 121
49 124
49 125
49 126
49 129
49 130
49 131
49 133
49 135
49 137
49 138
49 139
49 141
49 142
49 143
49 147
49 150
49 151
49 152
49 153
49 154
49 155
49 156
49 157
49 158
49 160
49 161
50 51
50 55
50 56
50 57
50 59
50 61
50 63
50 64
50 65
50 66
50 67
50 68
50 69
50 70
50 71
50 72
50 74
50 76
50 77
50 80
50 81
50 82
50 83
50 84
50 85
50 88
50 89
50 91
50 93
50 94
50 97
50 98
50 100
50 101
50 102
50 104
50 105
50 108
50 109
50 110
50 111
50 112
50 113
50 114
50 116
50 118
50 119
50 125
50 126
50 127
50 129
50 133
50 134
50 135
50 138
50 139
50 141
50 142
50 146
50 147
50 148
50 149
50 151
50 152
50 157
50 158
50 160
50 161
51 52
51 54
51 55
51 56
51 58
51 60
51 61
51 62
51 63
51 64
51 65
51 66
51 67
51 68
51 69
51 71
51 72
51 73
51 74
51 75
51 76
51 77
51 78
51 79
51 82
51 83
51 84
51 86
51 87
51 88
51 89
51 90
51 92
51 94
51 95
51 96
51 97
51 99
51 101
51 103
51 104
51 105
51 106
51 107
51 108
51 109
51 110
51 111
51 112
51 113
51 114
51 115
51 117
51 118
51 119
51 121
51 124
51 125
51 126
51 127
51 128
51 129
51 130
51 131
51 132
51 133
51 134
51 135
51 137
51 138
51 139
51 140
51 141
51 142
51 143
51 145
51 146
51 147
51 148
51 150
51 151
51 152
51 153
51 154
51 156
51 157
51 158
51 159
51 160
51 161
52 54
52 55
52 57
52 59
52 63
52 64
52 65
52 67
52 68
52 70
52 71
52 72
52 73
52 74
52 76
52 77
52 80
52 84
52 85
52 88
52 89
52 93
52 94
52 97
52 98
52 99
52 101
52 104
52 105
52 112
52 113
52 115
52 116
52 118
52 127
52 128
52 129
52 131
52 132
52 133
52 137
52 138
52 139
52 141
52 145
52 146
52 147
52 150
52 151
52 152
52 154
52 157
52 160
53 54
53 57
53 64
53 70
53 71
53 74
53 75
53 77
53 79
53 84
53 85
53 87
53 89
53 93
53 94
53 99
53 100
53 101
53 104
53 105
53 108
53 113
53 114
53 117
53 129
53 133
53 138
53 141
53 142
53 146
53 147
53 151
53 153
53 154
53 157
53 160
54 55
54 56
54 57
54 58
54 59
54 62
54 63
54 64
54 65
54 66
54 67
54 68
54 69
54 70
54 71
54 72
54 73
54 74
54 75
54 77
54 78
54 79
54 80
54 82
54 83
54 84
54 85
54 86
54 88
54 89
54 90
54 91
54 93
54 94
54 95
54 98
54 99
54 100
54 101
54 102
54 103
54 105
54 106
54 108
54 109
54 111
54 112
54 113
54 114
54 115
54 117
54 118
54 119
54 120
54 123
54 125
54 128
54 129
54 130
54 131
54 133
54 134
54 135
54 136
54 137
54 138
54 139
54 141
54 142
54 143
54 145
54 146
54 147
54 148
54 149
54 151
54 152
54 153
54 154
54 155
54 157
54 158
54 160
54 161
55 56
55 58
55 59
55 61
55 62
55 63
55 64
55 65
55 66
55 67
55 70
55 71
55 72
55 73
55 77
55 79
55 84
55 85
55 86
55 90
55 94
55 95
55 96
55 100
55 101
55 104
55 106
55 108
55 113
55 115
55 117
55 118
55 120
55 126
55 129
55 131
55 137
55 138
55 139
55 141
55 142
55 143
55 145
55 146
55 147
55 151
55 152
55 153
55 155
55 158
55 159
55 160
55 161
56 63
56 64
56 65
56 67
56 68
56 70
56 71
56 72
56 73
56 74
56 75
56 76
56 77
56 79
56 81
56 82
56 83
56 84
56 85
56 86
56 87
56 88
56 89
56 90
56 91
56 92
56 93
56 94
56 97
56 99
56 101
56 102
56 104
56 105
56 106
56 108
56 109
56 110
56 111
56 112
56 113
56 114
56 115
56 116
56 117
56 118
56 119
56 122
56 125
56 126
56 128
56 129
56 130
56 131
56 133
56 134
56 135
56 136
56 137
56 138
56 139
56 140
56 141
56 142
56 145
56 146
56 147
56 148
56 149
56 150
56 151
56 153
56 154
56 158
56 160
56 161
57 58
57 61
57 64
57 68
57 69
57 70
57 74
57 91
57 97
57 101
57 102
57 104
57 106
57 107
57 109
57 111
57 115
57 117
57 124
57 126
57 131
57 133
57 134
57 146
57 152
57 153
57 158
57 160
58 60
58 62
58 63
58 64
58 65
58 66
58 68
58 69
58 70
58 71
58 74
58 76
58 79
58 82
58 84
58 86
58 87
58 88
58 89
58 91
58 100
58 101
58 102
58 105
58 106
58 108
58 109
58 113
58 114
58 118
58 120
58 121
58 125
58 126
58 127
58 128
58 129
58 130
58 131
58 133
58 135
58 139
58 143
58 144
58 146
58 147
58 148
58 149
58 151
58 152
58 153
58 154
58 155
58 156
58 157
58 158
58 159
58 160
58 161
59 60
59 63
59 64
59 65
59 67
59 68
59 70
59 72
59 75
59 79
59 80
59 84
59 86
59 87
59 89
59 94
59 95
59 96
59 97
59 102
59 105
59 111
59 115
59 117
59 128
59 131
59 133
59 135
59 138
59 141
59 142
59 146
59 147
59 150
59 151
59 152
59 154
59 156
59 157
59 158
59 159
59 161
60 70
60 71
60 72
60 79
60 89
60 91
60 98
60 107
60 108
60 110
60 113
60 114
60 115
60 126
60 134
60 137
60 141
60 152
60 154
61 62
61 66
61 67
61 68
61 69
61 70
61 71
61 72
61 73
61 75
61 79
61 84
61 85
61 86
61 87
61 89
61 93
61 94
61 96
61 108
61 109
61 114
61 116
61 118
61 129
61 131
61 133
61 134
61 137
61 138
61 139
61 142
61 143
61 146
61 148
61 151
61 152
61 154
61 158
61 159
61 160
62 68
62 69
62 70
62 73
62 74
62 75
62 77
62 79
62 91
62 97
62 100
62 101
62 102
62 106
62 107
62 109
62 114
62 115
62 116
62 117
62 118
62 125
62 130
62 133
62 134
62 135
62 137
62 139
62 141
62 142
62 146
62 148
62 149
62 151
62 152
62 154
62 155
62 158
62 161
63 64
63 66
63 68
63 69
63 70
63 72
63 73
63 74
63 78
63 79
63 82
63 83
63 84
63 86
63 88
63 89
63 90
63 91
63 92
63 93
63 94
63 95
63 98
63 99
63 100
63 101
63 103
63 105
63 106
63 107
63 108
63 109
63 114
63 115
63 116
63 117
63 118
63 119
63 121
63 122
63 125
63 126
63 128
63 130
63 132
63 133
63 135
63 136
63 137
63 138
63 139
63 141
63 142
63 144
63 146
63 147
63 148
63 151
63 152
63 153
63 154
63 155
63 157
63 158
63 159
63 160
63 161
64 65
64 67
64 69
64 70
64 72
64 73
64 74
64 77
64 78
64 79
64 80
64 81
64 82
64 85
64 88
64 89
64 90
64 91
64 92
64 93
64 95
64 97
64 98
64 100
64 101
64 102
64 103
64 105
64 106
64 107
64 108
64 109
64 110
64 111
64 112
64 113
64 114
64 115
64 116
64 117
64 118
64 122
64 123
64 124
64 129
64 130
64 131
64 133
64 134
64 135
64 137
64 138
64 139
64 140
64 142
64 143
64 146
64 147
64 148
64 151
64 152
64 153
64 154
64 156
64 157
64 159
64 160
64 161
65 66
65 68
65 69
65 71
65 72
65 73
65 74
65 75
65 79
65 83
65 84
65 86
65 88
65 89
65 93
65 94
65 97
65 101
65 102
65 103
65 104
65 105
65 106
65 107
65 109
65 111
65 113
65 114
65 115
65 116
65 118
65 121
65 122
65 124
65 126
65 129
65 130
65 131
65 132
65 133
65 135
65 136
65 137
65 138
65 139
65 140
65 141
65 142
65 145
65 146
65 147
65 150
65 151
65 152
65 153
65 154
65 155
65 157
65 158
65 159
66 67
66 68
66 71
66 72
66 73
66 74
66 75
66 78
66 79
66 80
66 82
66 84
66 85
66 86
66 89
66 91
66 93
66 94
66 96
66 97
66 98
66 101
66 102
66 106
66 107
66 108
66 109
66 110
66 111
66 112
66 116
66 117
66 118
66 125
66 126
66 129
66 130
66 131
66 134
66 137
66 138
66 139
66 140
66 141
66 142
66 143
66 146
66 147
66 152
66 153
66 154
66 157
66 158
66 159
66 160
67 68
67 69
67 70
67 71
67 72
67 73
67 74
67 75
67 76
67 77
67 78
67 79
67 80
67 81
67 84
67 87
67 88
67 92
67 93
67 94
67 96
67 97
67 99
67 100
67 101
67 102
67 103
67 104
67 106
67 108
67 109
67 111
67 112
67 113
67 114
67 115
67 116
67 117
67 118
67 119
67 120
67 125
67 126
67 127
67 129
67 130
67 131
67 132
67 133
67 134
67 137
67 138
67 139
67 140
67 141
67 142
67 145
67 146
67 148
67 150
67 151
67 152
67 153
67 154
67 155
67 156
67 157
67 158
67 159
67 160
67 161
68 69
68 70
68 71
68 72
68 73
68 74
68 75
68 76
68 77
68 79
68 82
68 83
68 84
68 85
68 87
68 89
68 91
68 92
68 94
68 95
68 96
68 97
68 100
68 101
68 102
68 104
68 105
68 106
68 107
68 108
68 109
68 110
68 111
68 112
68 113
68 115
68 116
68 117
68 118
68 125
68 126
68 127
68 128
68 129
68 130
68 131
68 133
68 134
68 136
68 137
68 138
68 139
68 140
68 141
68 142
68 145
68 146
68 147
68 148
68 150
68 151
68 152
68 154
68 155
68 156
68 158
68 159
68 161
69 70
69 71
69 72
69 74
69 75
69 76
69 77
69 79
69 82
69 83
69 84
69 85
69 88
69 89
69 91
69 93
69 94
69 96
69 98
69 99
69 100
69 101
69 102
69 103
69 105
69 106
69 107
69 109
69 110
69 111
69 113
69 114
69 115
69 117
69 118
69 125
69 127
69 130
69 131
69 133
69 134
69 135
69 136
69 137
69 138
69 139
69 140
69 141
69 142
69 145
69 147
69 151
69 152
69 153
69 154
69 155
69 157
69 158
69 159
69 161
70 71
70 72
70 73
70 74
70 76
70 77
70 79
70 80
70 81
70 84
70 86
70 87
70 88
70 89
70 95
70 97
70 99
70 101
70 102
70 103
70 104
70 105
70 106
70 107
70 108
70 109
70 110
70 111
70 112
70 114
70 115
70 116
70 117
70 118
70 127
70 128
70 129
70 131
70 133
70 134
70 135
70 136
70 137
70 139
70 141
70 142
70 145
70 147
70 149
70 150
70 151
70 152
70 153
70 154
70 155
70 156
70 157
70 158
70 159
70 160
70 161
71 72
71 73
71 74
71 75
71 76
71 77
71 78
71 80
71 81
71 83
71 84
71 85
71 86
71 87
71 88
71 89
71 90
71 92
71 95
71 96
71 97
71 99
71 100
71 101
71 102
71 103
71 104
71 105
71 106
71 108
71 109
71 111
71 112
71 113
71 114
71 117
71 118
71 119
71 120
71 122
71 123
71 126
71 127
71 128
71 129
71 130
71 131
71 132
71 133
71 134
71 135
71 136
71 137
71 140
71 142
71 146
71 147
71 148
71 149
71 150
71 151
71 152
71 153
71 154
71 157
71 158
71 159
71 161
72 74
72 75
72 76
72 77
72 79
72 80
72 81
72 82
72 83
72 84
72 86
72 87
72 88
72 89
72 92
72 93
72 94
72 95
72 96
72 97
72 99
72 101
72 102
72 103
72 105
72 106
72 107
72 108
72 109
72 112
72 113
72 114
72 115
72 116
72 117
72 118
72 119
72 120
72 122
72 125
72 126
72 129
72 130
72 131
72 132
72 133
72 134
72 135
72 138
72 139
72 141
72 142
72 144
72 145
72 147
72 148
72 149
72 150
72 151
72 153
72 154
72 155
72 157
72 158
72 160
72 161
73 74
73 75
73 79
73 81
73 83
73 84
73 85
73 89
73 91
73 94
73 96
73 97
73 99
73 101
73 103
73 104
73 107
73 108
73 109
73 110
73 111
73 112
73 114
73 115
73 116
73 117
73 118
73 119
73 121
73 125
73 126
73 127
73 128
73 129
73 130
73 131
73 133
73 137
73 138
73 139
73 140
73 141
73 143
73 145
73 146
73 147
73 151
73 152
73 154
73 157
73 159
73 160
73 161
74 75
74 76
74 79
74 81
74 82
74 83
74 84
74 85
74 86
74 87
74 88
74 89
74 91
74 92
74 93
74 94
74 95
74 96
74 97
74 98
74 100
74 101
74 102
74 103
74 104
74 105
74 106
74 112
74 113
74 114
74 115
74 116
74 117
74 118
74 123
74 124
74 125
74 129
74 131
74 136
74 137
74 138
74 139
74 140
74 142
74 145
74 146
74 147
74 149
74 150
74 151
74 152
74 153
74 154
74 156
74 157
74 158
74 159
74 160
75 77
75 79
75 84
75 87
75 91
75 93
75 94
75 96
75 97
75 105
75 106
75 109
75 112
75 113
75 116
75 117
75 124
75 125
75 126
75 129
75 131
75 133
75 134
75 137
75 138
75 139
75 141
75 142
75 146
75 147
75 148
75 149
75 150
75 151
75 152
75 154
75 156
75 158
75 161
76 77
76 82
76 83
76 87
76 88
76 91
76 93
76 97
76 98
76 101
76 102
76 107
76 109
76 112
76 113
76 114
76 115
76 117
76 118
76 120
76 122
76 129
76 134
76 136
76 138
76 139
76 142
76 146
76 147
76 149
76 151
76 154
76 156
76 157
76 159
76 160
77 79
77 80
77 81
77 84
77 87
77 88
77 89
77 91
77 92
77 94
77 97
77 99
77 100
77 101
77 102
77 103
77 105
77 106
77 107
77 109
77 110
77 112
77 113
77 114
77 116
77 117
77 118
77 121
77 125
77 126
77 127
77 129
77 130
77 131
77 133
77 134
77 138
77 139
77 140
77 142
77 147
77 149
77 151
77 152
77 153
77 154
77 155
77 156
77 157
77 158
77 160
77 161
78 82
78 93
78 111
78 125
78 130
78 135
78 141
78 146
78 147
78 149
78 153
78 158
79 80
79 81
79 83
79 84
79 87
79 88
79 89
79 91
79 92
79 93
79 94
79 96
79 97
79 99
79 100
79 101
79 102
79 103
79 104
79 105
79 106
79 107
79 109
79 110
79 111
79 112
79 113
79 114
79 115
79 116
79 117
79 118
79 119
79 126
79 127
79 129
79 130
79 131
79 133
79 134
79 135
79 136
79 137
79 138
79 139
79 140
79 142
79 143
79 145
79 146
79 147
79 150
79 152
79 153
79 154
79 157
79 158
79 159
79 160
79 161
80 84
80 85
80 89
80 91
80 92
80 93
80 95
80 96
80 98
80 100
80 101
80 102
80 103
80 106
80 107
80 108
80 109
80 111
80 112
80 114
80 116
80 125
80 128
80 129
80 131
80 132
80 134
80 138
80 146
80 147
80 151
80 152
80 154
80 159
80 161
81 83
81 87
81 92
81 97
81 101
81 102
81 113
81 114
81 115
81 117
81 123
81 125
81 131
81 133
81 138
81 141
81 142
81 150
81 151
81 154
82 84
82 89
82 94
82 95
82 96
82 100
82 101
82 102
82 103
82 108
82 109
82 112
82 113
82 115
82 118
82 125
82 127
82 129
82 131
82 133
82 136
82 137
82 138
82 153
82 158
83 86
83 88
83 89
83 93
83 94
83 95
83 96
83 97
83 101
83 102
83 106
83 107
83 109
83 110
83 112
83 113
83 115
83 118
83 125
83 127
83 129
83 130
83 132
83 133
83 139
83 140
83 141
83 143
83 144
83 145
83 147
83 150
83 151
83 152
83 154
83 155
83 158
84 86
84 87
84 88
84 92
84 93
84 94
84 97
84 99
84 100
84 102
84 103
84 104
84 105
84 106
84 107
84 109
84 114
84 115
84 118
84 121
84 122
84 125
84 126
84 130
84 131
84 133
84 136
84 137
84 138
84 139
84 140
84 142
84 146
84 149
84 152
84 153
84 157
84 158
85 86
85 87
85 95
85 99
85 100
85 101
85 102
85 103
85 104
85 106
85 107
85 108
85 109
85 110
85 111
85 112
85 119
85 125
85 129
85 130
85 131
85 133
85 134
85 137
85 138
85 146
85 147
85 153
85 154
85 155
85 157
85 158
85 161
86 89
86 91
86 93
86 94
86 96
86 98
86 103
86 107
86 108
86 109
86 112
86 113
86 114
86 117
86 118
86 120
86 125
86 126
86 127
86 130
86 133
86 137
86 138
86 139
86 140
86 143
86 145
86 146
86 149
86 152
86 153
86 155
86 157
86 161
87 92
87 93
87 94
87 95
87 96
87 101
87 102
87 104
87 105
87 106
87 107
87 108
87 109
87 110
87 111
87 112
87 114
87 115
87 118
87 119
87 121
87 125
87 128
87 129
87 130
87 131
87 132
87 133
87 134
87 135
87 136
87 137
87 138
87 139
87 141
87 142
87 145
87 146
87 147
87 148
87 149
87 150
87 152
87 153
87 154
87 155
87 157
87 158
87 160
88 89
88 92
88 93
88 94
88 97
88 100
88 102
88 103
88 104
88 105
88 106
88 108
88 109
88 110
88 111
88 113
88 116
88 118
88 125
88 126
88 129
88 131
88 132
88 137
88 138
88 139
88 142
88 143
88 146
88 147
88 151
88 153
88 154
88 156
88 157
88 158
88 160
89 91
89 94
89 95
89 96
89 98
89 100
89 101
89 102
89 103
89 104
89 105
89 106
89 107
89 108
89 109
89 111
89 112
89 113
89 114
89 115
89 116
89 117
89 118
89 121
89 123
89 125
89 126
89 127
89 128
89 129
89 130
89 133
89 134
89 135
89 138
89 139
89 141
89 142
89 144
89 146
89 147
89 149
89 150
89 151
89 152
89 154
89 156
89 157
89 158
89 160
89 161
90 91
90 94
90 103
90 105
90 108
90 109
90 112
90 125
90 129
90 130
90 131
90 133
90 138
90 139
90 142
90 147
90 151
90 152
91 93
91 94
91 95
91 96
91 102
91 103
91 104
91 105
91 108
91 111
91 112
91 114
91 115
91 116
91 120
91 125
91 127
91 128
91 129
91 130
91 131
91 133
91 134
91 137
91 138
91 140
91 141
91 142
91 150
91 151
91 153
91 154
91 158
91 159
91 160
91 161
92 94
92 97
92 103
92 105
92 107
92 109
92 111
92 112
92 114
92 116
92 119
92 125
92 129
92 131
92 133
92 137
92 138
92 139
92 142
92 143
92 145
92 150
92 151
92 153
92 154
92 155
92 156
92 157
92 158
92 159
92 161
93 94
93 97
93 99
93 101
93 102
93 103
93 105
93 106
93 107
93 108
93 110
93 111
93 112
93 113
93 115
93 116
93 118
93 119
93 121
93 122
93 125
93 131
93 132
93 133
93 139
93 140
93 142
93 143
93 147
93 149
93 150
93 151
93 152
93 154
93 155
93 156
93 158
94 95
94 98
94 99
94 100
94 101
94 102
94 104
94 106
94 107
94 108
94 111
94 112
94 113
94 114
94 115
94 116
94 118
94 119
94 120
94 122
94 127
94 129
94 130
94 131
94 133
94 134
94 135
94 137
94 138
94 139
94 140
94 141
94 142
94 145
94 146
94 147
94 148
94 150
94 151
94 153
94 156
94 157
94 158
94 161
95 100
95 101
95 102
95 105
95 107
95 108
95 113
95 115
95 117
95 118
95 125
95 127
95 130
95 133
95 137
95 139
95 141
95 142
95 149
95 151
95 152
95 155
95 158
95 160
96 97
96 99
96 101
96 107
96 108
96 116
96 118
96 129
96 137
96 138
96 139
96 141
96 142
96 143
96 146
96 149
96 154
96 159
97 99
97 101
97 102
97 103
97 105
97 106
97 108
97 109
97 111
97 112
97 113
97 115
97 116
97 117
97 118
97 119
97 125
97 127
97 129
97 130
97 132
97 133
97 134
97 135
97 137
97 138
97 142
97 146
97 147
97 149
97 150
97 152
97 157
97 158
97 159
98 101
98 102
98 106
98 109
98 114
98 115
98 117
98 118
98 119
98 126
98 133
98 137
98 138
98 147
98 149
98 153
98 157
98 158
99 101
99 103
99 104
99 106
99 109
99 112
99 113
99 114
99 118
99 126
99 130
99 131
99 133
99 134
99 137
99 138
99 139
99 141
99 142
99 143
99 146
99 147
99 151
99 152
99 153
99 154
99 156
99 157
99 158
99 161
100 101
100 103
100 106
100 107
100 111
100 113
100 115
100 116
100 117
100 118
100 124
100 125
100 126
100 127
100 131
100 133
100 134
100 135
100 137
100 138
100 140
100 141
100 142
100 143
100 146
100 147
100 148
100 150
100 151
100 154
100 155
101 102
101 103
101 104
101 105
101 106
101 107
101 108
101 109
101 111
101 112
101 113
101 115
101 116
101 117
101 118
101 121
101 123
101 124
101 125
101 126
101 127
101 129
101 130
101 131
101 135
101 136
101 138
101 139
101 141
101 142
101 143
101 145
101 146
101 147
101 150
101 151
101 153
101 154
101 155
101 156
101 157
101 158
101 159
101 161
102 103
102 105
102 106
102 108
102 109
102 112
102 113
102 115
102 116
102 117
102 118
102 125
102 126
102 127
102 129
102 130
102 131
102 132
102 133
102 134
102 136
102 137
102 138
102 140
102 142
102 145
102 146
102 147
102 148
102 149
102 150
102 151
102 152
102 153
102 154
102 155
102 157
102 159
102 160
103 104
103 105
103 106
103 108
103 109
103 110
103 111
103 113
103 115
103 117
103 118
103 126
103 127
103 129
103 131
103 133
103 134
103 137
103 138
103 140
103 142
103 146
103 147
103 148
103 151
103 152
103 154
103 155
103 158
104 106
104 108
104 112
104 114
104 116
104 118
104 131
104 133
104 135
104 137
104 138
104 143
104 146
104 149
104 151
104 154
105 106
105 108
105 111
105 113
105 114
105 115
105 117
105 120
105 121
105 122
105 125
105 126
105 127
105 129
105 130
105 131
105 133
105 135
105 137
105 138
105 141
105 142
105 146
105 147
105 148
105 149
105 151
105 152
105 153
105 154
105 155
105 158
105 160
106 108
106 109
106 111
106 112
106 113
106 114
106 115
106 116
106 117
106 118
106 119
106 120
106 121
106 122
106 123
106 125
106 126
106 127
106 128
106 129
106 130
106 131
106 133
106 134
106 135
106 136
106 137
106 138
106 139
106 140
106 141
106 142
106 143
106 145
106 146
106 147
106 149
106 151
106 152
106 153
106 154
106 155
106 158
106 161
107 108
107 109
107 111
107 113
107 114
107 115
107 117
107 118
107 123
107 125
107 126
107 127
107 129
107 131
107 133
107 134
107 136
107 137
107 138
107 139
107 141
107 142
107 143
107 146
107 149
107 150
107 151
107 152
107 153
107 154
107 158
107 161
108 109
108 110
108 111
108 112
108 113
108 114
108 115
108 117
108 118
108 119
108 120
108 121
108 122
108 124
108 125
108 126
108 128
108 129
108 131
108 133
108 134
108 136
108 137
108 138
108 139
108 141
108 142
108 145
108 146
108 147
108 150
108 151
108 152
108 153
108 154
108 157
108 158
108 159
108 160
108 161
109 111
109 112
109 113
109 114
109 115
109 116
109 117
109 118
109 124
109 126
109 127
109 129
109 130
109 131
109 133
109 134
109 135
109 137
109 141
109 142
109 143
109 146
109 147
109 150
109 151
109 152
109 153
109 154
109 157
109 158
109 159
110 111
110 114
110 115
110 117
110 126
110 128
110 129
110 133
110 134
110 135
110 137
110 138
110 139
110 141
110 143
110 145
110 147
110 150
110 152
110 154
110 157
110 158
111 112
111 115
111 116
111 117
111 125
111 127
111 129
111 130
111 131
111 133
111 134
111 135
111 136
111 138
111 140
111 142
111 146
111 147
111 149
111 151
111 154
111 157
111 158
112 113
112 114
112 125
112 126
112 128
112 129
112 130
112 131
112 132
112 134
112 138
112 139
112 142
112 143
112 147
112 149
112 150
112 152
112 154
112 157
112 158
112 159
113 114
113 115
113 116
113 117
113 120
113 129
113 130
113 131
113 132
113 133
113 135
113 136
113 137
113 138
113 139
113 141
113 144
113 147
113 150
113 152
113 153
113 154
113 158
113 160
113 161
114 115
114 116
114 117
114 118
114 120
114 121
114 124
114 125
114 126
114 128
114 129
114 131
114 132
114 133
114 134
114 135
114 137
114 138
114 139
114 141
114 143
114 146
114 147
114 148
114 150
114 151
114 152
114 153
114 154
114 158
114 160
114 161
115 116
115 117
115 118
115 119
115 124
115 125
115 126
115 129
115 133
115 134
115 135
115 136
115 137
115 138
115 139
115 141
115 143
115 144
115 145
115 147
115 148
115 150
115 151
115 152
115 153
115 154
115 155
115 157
115 158
115 159
115 160
116 117
116 125
116 126
116 128
116 129
116 134
116 138
116 141
116 142
116 145
116 147
116 148
116 152
116 153
116 154
116 155
116 157
116 158
116 161
117 118
117 123
117 126
117 128
117 129
117 130
117 131
117 134
117 137
117 138
117 139
117 140
117 142
117 143
117 146
117 147
117 149
117 152
117 154
117 156
117 159
117 160
118 122
118 125
118 126
118 127
118 128
118 129
118 131
118 133
118 134
118 135
118 137
118 138
118 139
118 140
118 141
118 142
118 145
118 147
118 149
118 150
118 151
118 152
118 153
118 154
118 156
118 157
118 158
118 159
118 160
118 161
119 126
119 138
119 139
119 142
120 125
120 133
120 138
120 140
120 150
120 151
120 155
120 157
120 158
121 129
121 131
121 135
121 137
121 145
121 147
121 148
121 150
121 152
121 158
122 125
122 126
122 128
122 130
122 131
122 133
122 137
122 138
122 142
122 143
122 147
122 149
122 158
123 129
123 147
123 152
124 125
124 126
124 134
124 147
125 126
125 127
125 129
125 130
125 131
125 133
125 134
125 137
125 138
125 139
125 140
125 141
125 142
125 145
125 147
125 149
125 150
125 151
125 152
125 154
125 157
125 158
125 159
125 160
125 161
126 129
126 131
126 134
126 136
126 137
126 138
126 139
126 142
126 145
126 152
126 157
126 158
127 129
127 131
127 134
127 138
127 139
127 142
127 147
127 151
127 153
127 154
127 159
128 129
128 131
128 133
128 137
128 138
128 147
128 148
128 151
128 154
128 158
128 159
128 160
128 161
129 131
129 134
129 135
129 136
129 137
129 138
129 139
129 140
129 141
129 142
129 144
129 145
129 146
129 147
129 148
129 149
129 150
129 151
129 152
129 153
129 154
129 155
129 156
129 157
129 158
129 159
129 160
130 133
130 134
130 135
130 137
130 139
130 141
130 142
130 146
130 147
130 148
130 149
130 151
130 152
130 153
130 154
130 155
130 157
130 158
130 159
130 160
130 161
131 133
131 134
131 135
131 136
131 137
131 138
131 139
131 141
131 142
131 146
131 147
131 148
131 149
131 150
131 151
131 152
131 153
131 154
131 156
131 158
131 160
131 161
132 141
132 152
132 156
132 158
133 134
133 137
133 138
133 140
133 141
133 142
133 146
133 147
133 148
133 149
133 150
133 151
133 152
133 153
133 154
133 155
133 157
133 158
133 159
133 160
133 161
134 135
134 136
134 137
134 138
134 141
134 142
134 143
134 144
134 145
134 146
134 148
134 149
134 151
134 152
134 154
134 157
134 158
134 159
134 161
135 138
135 139
135 147
135 148
135 150
135 152
135 154
135 157
135 158
135 161
136 138
136 142
136 145
136 147
136 148
136 149
136 151
136 154
136 157
136 161
137 138
137 139
137 141
137 142
137 144
137 145
137 146
137 147
137 149
137 150
137 151
137 152
137 153
137 154
137 155
137 157
137 158
137 160
137 161
138 139
138 140
138 141
138 142
138 143
138 145
138 146
138 147
138 148
138 149
138 150
138 151
138 153
138 154
138 155
138 157
138 158
138 159
138 160
138 161
139 141
139 142
139 146
139 151
139 152
139 153
139 154
139 155
139 157
139 158
139 159
139 160
140 142
140 143
140 152
140 154
141 142
141 143
141 145
141 147
141 149
141 150
141 152
141 153
141 154
141 157
141 160
141 161
142 145
142 146
142 147
142 150
142 151
142 152
142 153
142 154
142 155
142 158
142 159
142 161
143 146
143 147
143 151
143 152
143 155
143 157
143 158
143 160
143 161
144 154
145 146
145 147
145 149
145 150
145 151
145 152
145 154
145 155
145 156
145 159
146 147
146 149
146 150
146 151
146 154
146 157
146 158
146 159
147 148
147 150
147 151
147 152
147 153
147 154
147 156
147 157
147 158
147 160
147 161
148 154
148 155
148 157
148 158
149 151
149 152
149 155
149 157
149 158
149 160
150 151
150 152
150 153
150 154
150 157
150 158
150 161
151 152
151 153
151 154
151 156
151 157
151 158
151 159
151 160
152 153
152 155
152 157
152 158
152 159
152 160
153 154
153 157
153 160
153 161
154 156
154 157
154 158
154 159
154 160
155 158
156 158
157 158
157 159
157 160
158 160
160 161
