0 2
0 4
0 6
0 8
0 14
0 18
0 24
0 25
0 26
0 29
0 34
0 36
0 37
0 38
0 40
0 41
0 46
0 49
0 51
0 56
0 65
0 67
0 68
0 70
0 74
0 75
0 79
0 81
0 82
0 86
0 90
0 93
0 98
0 99
0 105
0 106
0 107
0 108
0 114
0 115
0 121
0 122
0 124
0 125
0 128
0 131
0 133
0 134
0 142
0 145
0 147
0 150
0 151
0 153
0 154
0 157
0 158
1 4
1 6
1 7
1 9
1 10
1 12
1 14
1 19
1 21
1 26
1 28
1 31
1 37
1 38
1 39
1 41
1 44
1 45
1 49
1 51
1 56
1 59
1 63
1 64
1 65
1 66
1 68
1 69
1 70
1 71
1 72
1 74
1 76
1 77
1 79
1 82
1 84
1 86
1 87
1 88
1 89
1 91
1 92
1 93
1 94
1 97
1 99
1 101
1 102
1 105
1 106
1 107
1 108
1 112
1 113
1 118
1 125
1 126
1 129
1 134
1 135
1 136
1 137
1 138
1 139
1 143
1 144
1 148
1 149
1 152
1 153
1 154
1 155
1 157
1 158
2 3
2 4
2 16
2 21
2 23
2 24
2 25
2 26
2 31
2 35
2 36
2 38
2 40
2 41
2 44
2 48
2 50
2 54
2 55
2 56
2 64
2 65
2 66
2 67
2 68
2 70
2 72
2 74
2 75
2 79
2 84
2 85
2 86
2 88
2 89
2 92
2 94
2 97
2 98
2 101
2 104
2 106
2 112
2 113
2 117
2 118
2 120
2 125
2 129
2 133
2 137
2 141
2 145
2 154
2 155
2 157
2 161
3 5
3 6
3 13
3 18
3 22
3 25
3 26
3 30
3 36
3 37
3 41
3 42
3 48
3 50
3 52
3 54
3 56
3 58
3 62
3 63
3 64
3 65
3 68
3 69
3 70
3 71
3 72
3 73
3 74
3 75
3 77
3 79
3 80
3 81
3 89
3 92
3 93
3 97
3 101
3 103
3 106
3 107
3 108
3 109
3 114
3 117
3 118
3 125
3 129
3 131
3 135
3 137
3 138
3 139
3 142
3 147
3 153
3 154
3 157
4 6
4 7
4 8
4 9
4 10
4 11
4 13
4 14
4 16
4 19
4 21
4 22
4 24
4 26
4 28
4 29
4 30
4 31
4 33
4 34
4 35
4 36
4 37
4 38
4 40
4 42
4 44
4 45
4 46
4 48
4 50
4 51
4 52
4 53
4 54
4 56
4 58
4 59
4 63
4 64
4 65
4 69
4 70
4 71
4 73
4 74
4 76
4 77
4 79
4 80
4 82
4 84
4 86
4 87
4 88
4 89
4 91
4 94
4 95
4 98
4 99
4 101
4 102
4 104
4 105
4 106
4 108
4 109
4 110
4 112
4 113
4 114
4 115
4 116
4 117
4 118
4 122
4 123
4 125
4 127
4 128
4 129
4 130
4 131
4 133
4 134
4 135
4 136
4 137
4 138
4 139
4 140
4 141
4 142
4 143
4 144
4 146
4 147
4 149
4 151
4 152
4 153
4 154
4 157
4 158
4 159
4 160
4 161
5 7
5 13
5 19
5 22
5 23
5 24
5 26
5 28
5 32
5 36
5 40
5 41
5 42
5 43
5 44
5 49
5 50
5 51
5 52
5 54
5 58
5 65
5 66
5 68
5 71
5 79
5 81
5 92
5 93
5 94
5 95
5 101
5 102
5 103
5 105
5 111
5 118
5 143
5 150
5 151
5 153
5 158
5 159
6 7
6 8
6 9
6 10
6 11
6 13
6 14
6 19
6 20
6 21
6 23
6 24
6 25
6 26
6 28
6 29
6 30
6 31
6 32
6 33
6 34
6 35
6 37
6 38
6 39
6 40
6 41
6 42
6 43
6 44
6 45
6 48
6 49
6 50
6 51
6 53
6 54
6 58
6 62
6 64
6 65
6 66
6 67
6 68
6 69
6 71
6 72
6 73
6 74
6 75
6 76
6 77
6 79
6 80
6 81
6 84
6 85
6 86
6 87
6 88
6 90
6 92
6 94
6 96
6 97
6 99
6 102
6 103
6 104
6 105
6 106
6 108
6 109
6 110
6 111
6 112
6 113
6 114
6 115
6 116
6 117
6 118
6 119
6 122
6 125
6 126
6 127
6 128
6 129
6 131
6 132
6 133
6 135
6 137
6 138
6 139
6 141
6 142
6 143
6 145
6 146
6 147
6 148
6 150
6 151
6 152
6 153
6 154
6 157
6 158
6 160
7 8
7 11
7 13
7 14
7 15
7 17
7 18
7 19
7 21
7 23
7 25
7 26
7 29
7 30
7 31
7 32
7 34
7 35
7 36
7 38
7 39
7 40
7 41
7 43
7 44
7 45
7 47
7 48
7 49
7 50
7 51
7 53
7 54
7 56
7 58
7 59
7 61
7 63
7 64
7 65
7 66
7 67
7 68
7 69
7 71
7 72
7 73
7 74
7 75
7 77
7 78
7 79
7 80
7 81
7 83
7 84
7 85
7 88
7 90
7 91
7 92
7 93
7 94
7 95
7 97
7 98
7 100
7 101
7 102
7 103
7 104
7 105
7 106
7 108
7 109
7 112
7 113
7 115
7 117
7 118
7 120
7 122
7 124
7 125
7 126
7 129
7 131
7 133
7 134
7 138
7 139
7 141
7 142
7 143
7 146
7 147
7 150
7 151
7 152
7 153
7 154
7 157
7 158
7 159
7 160
7 161
8 11
8 16
8 21
8 22
8 24
8 26
8 27
8 29
8 32
8 34
8 38
8 40
8 44
8 45
8 48
8 51
8 64
8 66
8 68
8 69
8 70
8 75
8 83
8 84
8 89
8 93
8 99
8 101
8 108
8 113
8 114
8 115
8 118
8 125
8 129
8 131
8 133
8 134
8 137
8 147
8 151
8 152
8 154
8 157
8 158
9 10
9 12
9 14
9 16
9 19
9 21
9 24
9 25
9 29
9 30
9 31
9 32
9 34
9 35
9 36
9 38
9 39
9 40
9 41
9 42
9 43
9 50
9 51
9 53
9 54
9 61
9 64
9 65
9 66
9 67
9 68
9 69
9 70
9 71
9 72
9 73
9 74
9 79
9 80
9 81
9 82
9 83
9 84
9 86
9 87
9 89
9 92
9 95
9 101
9 102
9 103
9 104
9 106
9 109
9 112
9 113
9 114
9 115
9 116
9 117
9 118
9 125
9 126
9 127
9 129
9 131
9 132
9 133
9 134
9 135
9 137
9 139
9 140
9 141
9 142
9 145
9 147
9 151
9 152
9 154
9 155
9 157
9 159
9 160
9 161
10 11
10 13
10 14
10 18
10 19
10 21
10 25
10 27
10 31
10 32
10 34
10 35
10 36
10 37
10 38
10 40
10 43
10 45
10 48
10 50
10 51
10 54
10 55
10 61
10 63
10 64
10 65
10 67
10 68
10 70
10 71
10 72
10 73
10 74
10 79
10 80
10 81
10 83
10 85
10 88
10 89
10 93
10 95
10 97
10 98
10 100
10 101
10 102
10 103
10 104
10 107
10 108
10 109
10 111
10 112
10 114
10 115
10 116
10 117
10 125
10 126
10 129
10 130
10 131
10 133
10 134
10 136
10 137
10 138
10 139
10 141
10 142
10 145
10 151
10 152
10 153
10 154
10 158
11 12
11 13
11 14
11 15
11 18
11 20
11 21
11 22
11 25
11 27
11 28
11 29
11 31
11 32
11 33
11 35
11 36
11 38
11 40
11 43
11 45
11 47
11 48
11 49
11 50
11 51
11 52
11 53
11 54
11 55
11 56
11 58
11 59
11 61
11 62
11 63
11 64
11 65
11 66
11 67
11 68
11 69
11 70
11 71
11 72
11 73
11 74
11 75
11 76
11 77
11 79
11 80
11 82
11 83
11 86
11 87
11 88
11 92
11 93
11 94
11 97
11 98
11 101
11 103
11 105
11 106
11 107
11 108
11 110
11 111
11 112
11 114
11 115
11 116
11 117
11 119
11 125
11 126
11 132
11 134
11 135
11 136
11 137
11 139
11 142
11 147
11 148
11 149
11 150
11 151
11 152
11 153
11 154
11 155
11 156
11 157
11 158
11 159
11 161
12 14
12 18
12 21
12 23
12 24
12 26
12 30
12 31
12 32
12 36
12 38
12 40
12 46
12 51
12 53
12 54
12 56
12 58
12 63
12 64
12 66
12 67
12 68
12 70
12 71
12 72
12 77
12 88
12 97
12 101
12 103
12 105
12 106
12 107
12 108
12 109
12 110
12 115
12 118
12 121
12 125
12 126
12 129
12 131
12 134
12 137
12 138
12 139
12 141
12 147
12 149
12 150
12 152
12 154
12 155
12 157
12 158
12 159
13 14
13 18
13 21
13 23
13 24
13 25
13 26
13 30
13 31
13 34
13 35
13 36
13 38
13 39
13 45
13 46
13 49
13 51
13 52
13 53
13 54
13 55
13 56
13 58
13 63
13 65
13 68
13 69
13 70
13 71
13 72
13 73
13 74
13 83
13 86
13 87
13 97
13 101
13 108
13 114
13 115
13 116
13 117
13 125
13 130
13 131
13 132
13 133
13 135
13 137
13 140
13 141
13 142
13 145
13 146
13 147
13 150
13 153
13 158
14 16
14 18
14 19
14 20
14 21
14 22
14 23
14 24
14 25
14 26
14 28
14 29
14 30
14 31
14 32
14 33
14 34
14 35
14 36
14 37
14 38
14 40
14 41
14 42
14 43
14 44
14 45
14 46
14 48
14 49
14 50
14 51
14 52
14 53
14 54
14 55
14 56
14 57
14 58
14 59
14 60
14 61
14 63
14 64
14 65
14 66
14 67
14 68
14 69
14 70
14 71
14 73
14 74
14 76
14 77
14 79
14 80
14 82
14 83
14 84
14 86
14 87
14 88
14 90
14 91
14 93
14 94
14 97
14 98
14 99
14 100
14 101
14 102
14 103
14 105
14 106
14 107
14 108
14 109
14 110
14 111
14 112
14 113
14 114
14 115
14 116
14 117
14 118
14 119
14 120
14 124
14 125
14 126
14 127
14 128
14 129
14 130
14 131
14 132
14 133
14 134
14 137
14 138
14 139
14 141
14 142
14 143
14 145
14 146
14 147
14 148
14 150
14 151
14 152
14 153
14 154
14 157
14 158
14 159
14 160
14 161
15 18
15 19
15 24
15 26
15 28
15 30
15 31
15 35
15 38
15 40
15 42
15 45
15 46
15 49
15 51
15 52
15 56
15 57
15 59
15 64
15 68
15 69
15 70
15 75
15 83
15 84
15 86
15 87
15 88
15 99
15 102
15 105
15 107
15 113
15 114
15 116
15 117
15 120
15 126
15 128
15 129
15 130
15 131
15 132
15 133
15 135
15 136
15 137
15 139
15 141
15 149
15 150
15 151
15 152
15 153
15 156
15 157
15 158
15 159
15 161
16 18
16 21
16 25
16 27
16 31
16 32
16 36
16 38
16 40
16 42
16 44
16 45
16 51
16 55
16 56
16 58
16 61
16 64
16 66
16 67
16 68
16 70
16 73
16 76
16 77
16 79
16 81
16 83
16 88
16 89
16 91
16 98
16 101
16 105
16 106
16 108
16 109
16 110
16 115
16 117
16 125
16 126
16 128
16 129
16 131
16 133
16 137
16 142
16 143
16 145
16 148
16 158
16 161
17 21
17 30
17 31
17 35
17 41
17 44
17 45
17 54
17 55
17 67
17 69
17 71
17 73
17 77
17 79
17 86
17 89
17 94
17 97
17 102
17 103
17 108
17 115
17 116
17 117
17 118
17 125
17 129
17 134
17 139
17 142
17 146
17 150
17 151
17 152
17 155
18 19
18 21
18 22
18 23
18 25
18 26
18 28
18 30
18 31
18 32
18 34
18 36
18 38
18 39
18 40
18 50
18 52
18 54
18 55
18 56
18 58
18 63
18 64
18 65
18 66
18 67
18 68
18 69
18 70
18 73
18 74
18 75
18 79
18 80
18 83
18 84
18 86
18 89
18 92
18 96
18 97
18 99
18 101
18 103
18 108
18 109
18 110
18 111
18 113
18 114
18 115
18 117
18 118
18 121
18 122
18 125
18 128
18 129
18 131
18 133
18 134
18 135
18 137
18 138
18 139
18 140
18 141
18 142
18 143
18 146
18 149
18 150
18 154
18 155
18 159
18 161
19 20
19 21
19 22
19 24
19 26
19 28
19 29
19 32
19 33
19 34
19 35
19 36
19 37
19 38
19 39
19 42
19 43
19 44
19 45
19 46
19 47
19 48
19 49
19 50
19 51
19 52
19 53
19 55
19 56
19 57
19 59
19 61
19 62
19 64
19 65
19 66
19 67
19 68
19 69
19 70
19 71
19 72
19 73
19 74
19 75
19 76
19 77
19 80
19 83
19 84
19 85
19 86
19 87
19 88
19 89
19 91
19 92
19 93
19 94
19 95
19 96
19 97
19 98
19 99
19 100
19 101
19 102
19 103
19 104
19 105
19 106
19 108
19 109
19 110
19 111
19 112
19 113
19 116
19 117
19 118
19 120
19 123
19 125
19 126
19 127
19 129
19 130
19 131
19 132
19 133
19 134
19 136
19 137
19 138
19 139
19 140
19 141
19 142
19 143
19 145
19 146
19 148
19 149
19 150
19 151
19 152
19 153
19 154
19 155
19 156
19 157
19 158
19 159
19 160
19 161
20 21
20 25
20 26
20 28
20 30
20 31
20 45
20 49
20 51
20 54
20 58
20 59
20 64
20 65
20 67
20 79
20 80
20 83
20 89
20 92
20 94
20 99
20 100
20 113
20 114
20 115
20 118
20 129
20 134
20 136
20 137
20 141
20 147
20 151
20 152
20 154
20 158
21 22
21 23
21 24
21 25
21 26
21 27
21 28
21 30
21 31
21 32
21 34
21 35
21 36
21 37
21 38
21 40
21 42
21 44
21 45
21 46
21 48
21 49
21 50
21 51
21 54
21 55
21 57
21 59
21 60
21 62
21 63
21 64
21 65
21 66
21 67
21 69
21 70
21 71
21 72
21 73
21 74
21 75
21 77
21 78
21 79
21 80
21 81
21 83
21 86
21 87
21 88
21 89
21 90
21 91
21 92
21 94
21 97
21 99
21 101
21 102
21 103
21 105
21 106
21 107
21 108
21 109
21 112
21 113
21 115
21 117
21 118
21 124
21 125
21 126
21 127
21 128
21 129
21 131
21 134
21 135
21 136
21 137
21 138
21 139
21 141
21 142
21 146
21 147
21 149
21 150
21 151
21 152
21 153
21 154
21 157
21 158
21 159
22 25
22 30
22 32
22 35
22 36
22 37
22 38
22 40
22 43
22 44
22 46
22 49
22 50
22 51
22 53
22 54
22 55
22 56
22 58
22 59
22 67
22 69
22 70
22 71
22 75
22 79
22 82
22 95
22 98
22 99
22 101
22 102
22 103
22 105
22 106
22 107
22 108
22 112
22 113
22 114
22 117
22 118
22 123
22 125
22 126
22 127
22 131
22 133
22 135
22 137
22 140
22 141
22 147
22 149
22 154
22 157
22 161
23 26
23 29
23 30
23 31
23 35
23 37
23 38
23 40
23 43
23 44
23 45
23 49
23 50
23 51
23 53
23 54
23 56
23 59
23 65
23 68
23 70
23 71
23 73
23 74
23 79
23 89
23 93
23 94
23 98
23 106
23 109
23 112
23 117
23 122
23 125
23 126
23 130
23 133
23 135
23 136
23 137
23 139
23 141
23 142
23 143
23 147
23 151
23 152
23 153
23 154
23 157
23 158
24 25
24 26
24 31
24 32
24 38
24 39
24 44
24 45
24 54
24 63
24 64
24 65
24 69
24 70
24 72
24 73
24 74
24 76
24 77
24 79
24 80
24 89
24 97
24 98
24 99
24 100
24 102
24 105
24 108
24 110
24 113
24 116
24 117
24 126
24 131
24 132
24 133
24 134
24 135
24 136
24 137
24 138
24 141
24 142
24 146
24 151
24 152
24 158
24 161
25 26
25 28
25 31
25 34
25 35
25 36
25 39
25 42
25 43
25 44
25 45
25 46
25 48
25 49
25 50
25 51
25 54
25 55
25 56
25 61
25 62
25 63
25 64
25 67
25 68
25 70
25 72
25 73
25 74
25 76
25 79
25 80
25 81
25 83
25 84
25 85
25 86
25 87
25 89
25 94
25 96
25 101
25 102
25 106
25 107
25 108
25 114
25 115
25 116
25 117
25 125
25 127
25 129
25 131
25 132
25 134
25 135
25 136
25 138
25 139
25 142
25 143
25 146
25 147
25 148
25 150
25 152
25 153
25 155
25 156
25 157
25 158
25 161
26 28
26 29
26 30
26 31
26 32
26 33
26 34
26 35
26 36
26 37
26 38
26 39
26 40
26 41
26 42
26 43
26 44
26 45
26 46
26 48
26 49
26 51
26 52
26 54
26 55
26 56
26 58
26 59
26 61
26 62
26 64
26 65
26 66
26 68
26 70
26 71
26 72
26 74
26 75
26 76
26 79
26 80
26 82
26 83
26 84
26 86
26 87
26 88
26 89
26 91
26 92
26 93
26 94
26 95
26 97
26 98
26 99
26 100
26 101
26 102
26 103
26 104
26 106
26 108
26 109
26 110
26 111
26 112
26 113
26 114
26 115
26 116
26 117
26 118
26 122
26 124
26 125
26 126
26 128
26 129
26 130
26 131
26 132
26 133
26 134
26 135
26 136
26 137
26 138
26 139
26 141
26 142
26 146
26 147
26 149
26 150
26 151
26 152
26 153
26 154
26 157
26 158
26 159
26 160
27 28
27 32
27 40
27 42
27 49
27 55
27 60
27 64
27 67
27 69
27 78
27 79
27 83
27 87
27 91
27 93
27 94
27 100
27 101
27 102
27 105
27 112
27 115
27 122
27 125
27 133
27 138
27 142
27 147
27 153
27 154
27 161
28 33
28 34
28 36
28 38
28 40
28 43
28 45
28 46
28 49
28 54
28 57
28 64
28 65
28 66
28 67
28 68
28 69
28 70
28 71
28 72
28 74
28 77
28 80
28 84
28 92
28 95
28 99
28 100
28 101
28 103
28 106
28 108
28 110
28 111
28 114
28 118
28 119
28 122
28 130
28 131
28 133
28 134
28 138
28 139
28 141
28 146
28 147
28 150
28 151
28 152
28 153
28 154
28 155
28 158
28 160
29 34
29 35
29 36
29 37
29 38
29 40
29 51
29 55
29 56
29 58
29 60
29 62
29 64
29 65
29 67
29 68
29 69
29 70
29 71
29 72
29 88
29 97
29 102
29 105
29 108
29 110
29 113
29 118
29 125
29 129
29 131
29 133
29 134
29 136
29 142
29 147
29 148
29 153
29 157
29 158
29 161
30 31
30 32
30 33
30 35
30 36
30 37
30 38
30 41
30 43
30 44
30 45
30 46
30 48
30 49
30 50
30 51
30 54
30 55
30 56
30 57
30 58
30 60
30 61
30 62
30 63
30 64
30 66
30 67
30 68
30 69
30 70
30 72
30 73
30 74
30 76
30 79
30 80
30 81
30 82
30 84
30 85
30 87
30 89
30 93
30 94
30 95
30 100
30 101
30 102
30 103
30 104
30 105
30 107
30 108
30 109
30 110
30 112
30 113
30 114
30 116
30 117
30 122
30 123
30 125
30 126
30 127
30 129
30 130
30 131
30 133
30 134
30 135
30 136
30 137
30 138
30 141
30 142
30 143
30 144
30 145
30 147
30 148
30 151
30 152
30 153
30 154
30 155
30 157
30 158
30 161
31 32
31 34
31 35
31 36
31 39
31 40
31 41
31 43
31 44
31 45
31 46
31 47
31 48
31 49
31 50
31 51
31 52
31 54
31 55
31 56
31 57
31 58
31 59
31 61
31 63
31 64
31 65
31 66
31 67
31 68
31 69
31 70
31 71
31 72
31 73
31 74
31 75
31 76
31 79
31 80
31 82
31 83
31 84
31 85
31 90
31 93
31 94
31 95
31 97
31 98
31 99
31 101
31 102
31 104
31 105
31 106
31 107
31 108
31 109
31 110
31 111
31 112
31 113
31 114
31 115
31 116
31 118
31 119
31 121
31 125
31 126
31 127
31 130
31 131
31 132
31 133
31 134
31 135
31 136
31 137
31 138
31 139
31 140
31 141
31 143
31 146
31 148
31 150
31 153
31 154
31 155
31 157
31 158
31 160
31 161
32 33
32 34
32 35
32 38
32 39
32 40
32 41
32 42
32 43
32 44
32 45
32 46
32 47
32 49
32 50
32 51
32 53
32 54
32 56
32 57
32 58
32 62
32 63
32 65
32 66
32 68
32 69
32 70
32 71
32 72
32 73
32 74
32 76
32 79
32 80
32 81
32 82
32 83
32 84
32 86
32 87
32 88
32 89
32 93
32 94
32 95
32 97
32 98
32 99
32 100
32 101
32 102
32 103
32 105
32 107
32 110
32 111
32 112
32 113
32 114
32 115
32 116
32 117
32 118
32 119
32 121
32 122
32 126
32 127
32 129
32 130
32 131
32 133
32 134
32 136
32 137
32 138
32 140
32 142
32 143
32 146
32 147
32 149
32 150
32 151
32 152
32 153
32 154
32 157
32 160
32 161
33 35
33 38
33 44
33 45
33 54
33 56
33 72
33 74
33 75
33 77
33 87
33 89
33 93
33 95
33 98
33 101
33 107
33 110
33 111
33 117
33 118
33 119
33 126
33 134
33 137
33 138
33 139
33 143
33 147
33 148
33 150
33 151
34 35
34 37
34 38
34 39
34 40
34 42
34 45
34 46
34 51
34 52
34 53
34 55
34 56
34 65
34 66
34 67
34 69
34 70
34 72
34 75
34 77
34 79
34 84
34 85
34 87
34 89
34 90
34 91
34 94
34 97
34 100
34 102
34 107
34 108
34 110
34 111
34 112
34 115
34 118
34 125
34 130
34 131
34 133
34 135
34 138
34 142
34 147
34 149
34 151
34 153
34 154
34 155
34 157
34 158
35 36
35 37
35 38
35 40
35 42
35 43
35 44
35 46
35 49
35 50
35 51
35 53
35 54
35 55
35 56
35 57
35 58
35 63
35 64
35 65
35 66
35 68
35 69
35 70
35 71
35 72
35 74
35 75
35 76
35 79
35 80
35 85
35 86
35 89
35 90
35 91
35 93
35 94
35 95
35 97
35 101
35 102
35 103
35 104
35 105
35 106
35 107
35 108
35 109
35 111
35 112
35 113
35 114
35 115
35 117
35 118
35 119
35 125
35 129
35 131
35 133
35 135
35 136
35 138
35 139
35 141
35 142
35 143
35 145
35 147
35 148
35 150
35 151
35 152
35 154
35 157
35 158
35 160
35 161
36 38
36 39
36 40
36 44
36 45
36 47
36 50
36 51
36 52
36 53
36 54
36 56
36 57
36 59
36 62
36 63
36 64
36 65
36 66
36 68
36 69
36 70
36 72
36 75
36 77
36 79
36 80
36 82
36 84
36 86
36 87
36 88
36 89
36 91
36 93
36 94
36 95
36 97
36 98
36 99
36 100
36 102
36 103
36 104
36 106
36 108
36 109
36 113
36 114
36 115
36 116
36 117
36 118
36 122
36 129
36 131
36 132
36 135
36 137
36 138
36 141
36 142
36 145
36 146
36 147
36 148
36 152
36 153
36 154
36 158
36 159
37 43
37 45
37 46
37 49
37 54
37 55
37 56
37 57
37 59
37 62
37 66
37 67
37 68
37 69
37 70
37 71
37 72
37 73
37 74
37 75
37 77
37 79
37 80
37 82
37 85
37 87
37 88
37 93
37 94
37 99
37 101
37 102
37 103
37 104
37 105
37 106
37 109
37 111
37 114
37 115
37 118
37 120
37 125
37 126
37 129
37 130
37 132
37 133
37 134
37 135
37 136
37 137
37 138
37 139
37 140
37 141
37 142
37 143
37 145
37 147
37 148
37 150
37 152
37 153
37 154
37 155
37 157
37 158
37 159
38 39
38 40
38 41
38 44
38 45
38 46
38 47
38 50
38 51
38 52
38 55
38 56
38 58
38 60
38 61
38 62
38 63
38 64
38 65
38 66
38 67
38 68
38 69
38 70
38 71
38 72
38 74
38 75
38 76
38 77
38 79
38 82
38 83
38 84
38 85
38 86
38 87
38 89
38 90
38 91
38 92
38 93
38 95
38 97
38 98
38 99
38 100
38 101
38 102
38 103
38 104
38 105
38 106
38 108
38 109
38 110
38 112
38 113
38 114
38 115
38 120
38 122
38 124
38 126
38 127
38 128
38 129
38 130
38 131
38 133
38 134
38 136
38 138
38 139
38 142
38 145
38 147
38 148
38 150
38 151
38 152
38 153
38 154
38 155
38 157
38 158
38 160
39 40
39 41
39 43
39 44
39 46
39 47
39 48
39 49
39 50
39 51
39 54
39 56
39 61
39 62
39 66
39 68
39 69
39 71
39 72
39 74
39 79
39 80
39 81
39 82
39 91
39 95
39 102
39 103
39 105
39 106
39 108
39 110
39 111
39 112
39 114
39 118
39 119
39 122
39 129
39 130
39 131
39 134
39 136
39 137
39 138
39 139
39 142
39 143
39 146
39 147
39 148
39 150
39 154
39 157
39 158
39 159
39 161
40 42
40 44
40 45
40 48
40 49
40 50
40 51
40 52
40 53
40 54
40 55
40 56
40 58
40 59
40 60
40 61
40 63
40 64
40 65
40 66
40 68
40 69
40 70
40 71
40 72
40 75
40 77
40 78
40 79
40 80
40 81
40 86
40 87
40 89
40 90
40 91
40 93
40 94
40 95
40 96
40 97
40 98
40 99
40 100
40 101
40 102
40 103
40 104
40 105
40 106
40 107
40 108
40 110
40 112
40 113
40 114
40 115
40 117
40 118
40 119
40 121
40 125
40 128
40 129
40 130
40 131
40 132
40 133
40 134
40 135
40 136
40 137
40 138
40 141
40 142
40 143
40 146
40 147
40 148
40 149
40 150
40 151
40 152
40 154
40 155
40 157
40 158
40 159
40 160
40 161
41 43
41 45
41 51
41 56
41 63
41 71
41 84
41 94
41 97
41 106
41 108
41 113
41 114
41 115
41 118
41 131
41 134
41 137
41 138
41 139
41 142
41 145
41 147
41 155
41 156
41 157
41 160
42 44
42 46
42 49
42 50
42 53
42 54
42 55
42 56
42 59
42 62
42 65
42 68
42 73
42 74
42 77
42 79
42 84
42 85
42 89
42 91
42 93
42 94
42 97
42 102
42 104
42 106
42 108
42 109
42 111
42 112
42 113
42 114
42 118
42 124
42 129
42 134
42 135
42 138
42 142
42 145
42 147
42 151
42 152
42 153
42 154
42 157
42 158
42 161
43 45
43 46
43 48
43 49
43 50
43 52
43 53
43 54
43 55
43 56
43 62
43 64
43 65
43 66
43 67
43 68
43 69
43 70
43 71
43 74
43 77
43 79
43 81
43 82
43 84
43 87
43 89
43 92
43 93
43 94
43 96
43 97
43 100
43 101
43 103
43 106
43 108
43 109
43 112
43 113
43 114
43 115
43 117
43 118
43 119
43 123
43 125
43 128
43 129
43 131
43 133
43 134
43 137
43 138
43 139
43 140
43 141
43 142
43 147
43 149
43 150
43 151
43 152
43 154
43 155
43 157
43 158
43 161
44 47
44 49
44 50
44 51
44 54
44 55
44 56
44 58
44 63
44 65
44 67
44 69
44 70
44 72
44 73
44 74
44 75
44 76
44 77
44 80
44 81
44 84
44 85
44 86
44 88
44 89
44 93
44 94
44 95
44 97
44 99
44 101
44 102
44 103
44 105
44 106
44 109
44 110
44 111
44 112
44 114
44 115
44 116
44 117
44 118
44 119
44 121
44 124
44 125
44 126
44 129
44 131
44 133
44 136
44 137
44 138
44 139
44 140
44 142
44 143
44 146
44 147
44 148
44 149
44 150
44 151
44 152
44 153
44 156
44 157
44 159
44 161
45 48
45 49
45 50
45 52
45 54
45 55
45 58
45 59
45 62
45 64
45 65
45 66
45 68
45 69
45 70
45 71
45 73
45 74
45 75
45 79
45 80
45 82
45 83
45 84
45 86
45 88
45 91
45 92
45 93
45 94
45 95
45 96
45 97
45 98
45 99
45 101
45 102
45 103
45 104
45 105
45 106
45 107
45 109
45 110
45 112
45 113
45 114
45 115
45 117
45 118
45 119
45 121
45 125
45 126
45 127
45 129
45 130
45 132
45 133
45 134
45 135
45 137
45 138
45 139
45 140
45 142
45 143
45 144
45 145
45 147
45 151
45 152
45 153
45 154
45 158
46 47
46 48
46 49
46 50
46 51
46 54
46 56
46 57
46 60
46 61
46 64
46 65
46 67
46 70
46 71
46 74
46 76
46 79
46 83
46 84
46 87
46 88
46 89
46 94
46 95
46 98
46 101
46 102
46 106
46 108
46 109
46 111
46 113
46 114
46 115
46 117
46 118
46 125
46 126
46 127
46 129
46 131
46 133
46 134
46 135
46 136
46 137
46 138
46 146
46 147
46 150
46 151
46 152
46 153
46 155
46 159
47 51
47 54
47 56
47 58
47 60
47 61
47 66
47 67
47 68
47 73
47 75
47 77
47 79
47 83
47 89
47 95
47 97
47 99
47 101
47 106
47 108
47 111
47 112
47 116
47 117
47 125
47 138
47 139
47 142
47 147
48 51
48 54
48 58
48 65
48 66
48 68
48 69
48 79
48 81
48 84
48 90
48 94
48 96
48 101
48 108
48 114
48 117
48 118
48 125
48 127
48 128
48 131
48 133
48 134
48 137
48 140
48 145
48 154
48 156
48 158
48 159
48 160
49 50
49 51
49 54
49 55
49 56
49 58
49 59
49 61
49 63
49 64
49 65
49 68
49 70
49 71
49 72
49 73
49 74
49 75
49 76
49 77
49 79
49 80
49 83
49 84
49 86
49 87
49 89
49 90
49 91
49 93
49 95
49 96
49 97
49 98
49 99
49 100
49 101
49 102
49 103
49 104
49 105
49 106
49 108
49 109
49 111
49 112
49 113
49 114
49 115
49 116
49 117
49 118
49 119
49 124
49 125
49 126
49 128
49 130
49 131
49 132
49 133
49 135
49 137
49 138
49 139
49 140
49 141
49 142
49 143
49 144
49 145
49 146
49 147
49 149
49 150
49 151
49 152
49 153
49 154
49 155
49 157
49 158
49 159
49 160
49 161
50 51
50 52
50 53
50 54
50 55
50 56
50 57
50 61
50 62
50 64
50 66
50 67
50 70
50 73
50 74
50 75
50 76
50 79
50 80
50 86
50 87
50 88
50 91
50 93
50 94
50 97
50 100
50 101
50 102
50 104
50 105
50 106
50 109
50 112
50 113
50 114
50 115
50 117
50 118
50 123
50 125
50 129
50 131
50 133
50 134
50 137
50 138
50 141
50 142
50 147
50 148
50 150
50 152
50 153
50 156
50 157
50 158
50 161
51 52
51 54
51 56
51 57
51 58
51 59
51 61
51 62
51 63
51 64
51 65
51 67
51 68
51 69
51 70
51 71
51 72
51 73
51 74
51 75
51 76
51 77
51 79
51 80
51 82
51 83
51 84
51 85
51 87
51 88
51 89
51 90
51 91
51 93
51 94
51 95
51 96
51 97
51 98
51 99
51 100
51 101
51 102
51 103
51 104
51 105
51 106
51 108
51 109
51 110
51 111
51 112
51 113
51 114
51 115
51 116
51 117
51 118
51 120
51 121
51 123
51 125
51 126
51 127
51 128
51 129
51 130
51 131
51 132
51 133
51 134
51 135
51 136
51 137
51 138
51 139
51 141
51 142
51 143
51 146
51 147
51 148
51 149
51 150
51 151
51 152
51 153
51 154
51 155
51 157
51 158
51 159
51 161
52 54
52 59
52 62
52 66
52 67
52 68
52 69
52 70
52 71
52 72
52 74
52 75
52 77
52 79
52 80
52 84
52 85
52 87
52 94
52 96
52 97
52 100
52 102
52 104
52 105
52 107
52 110
52 113
52 114
52 117
52 118
52 125
52 129
52 130
52 131
52 133
52 136
52 137
52 138
52 139
52 140
52 142
52 146
52 151
52 152
52 155
52 157
52 160
53 54
53 55
53 56
53 59
53 63
53 64
53 65
53 66
53 69
53 70
53 71
53 74
53 75
53 76
53 83
53 84
53 85
53 88
53 89
53 91
53 93
53 94
53 97
53 98
53 99
53 100
53 101
53 104
53 107
53 109
53 111
53 113
53 114
53 115
53 117
53 123
53 125
53 128
53 129
53 130
53 131
53 133
53 134
53 137
53 142
53 146
53 152
53 154
53 157
53 160
54 55
54 56
54 57
54 58
54 59
54 61
54 64
54 65
54 67
54 68
54 69
54 70
54 72
54 73
54 75
54 77
54 79
54 83
54 84
54 85
54 86
54 87
54 88
54 89
54 90
54 91
54 92
54 93
54 94
54 96
54 101
54 102
54 103
54 105
54 107
54 108
54 109
54 110
54 111
54 112
54 113
54 115
54 116
54 117
54 118
54 120
54 121
54 124
54 125
54 126
54 128
54 129
54 130
54 131
54 133
54 134
54 135
54 136
54 137
54 139
54 140
54 142
54 143
54 145
54 148
54 150
54 154
54 155
54 156
54 157
54 158
54 159
54 160
54 161
55 56
55 57
55 58
55 61
55 63
55 65
55 66
55 67
55 68
55 69
55 72
55 73
55 74
55 75
55 77
55 79
55 80
55 81
55 83
55 84
55 87
55 89
55 91
55 92
55 93
55 94
55 95
55 98
55 100
55 102
55 105
55 106
55 107
55 108
55 109
55 110
55 112
55 113
55 114
55 115
55 118
55 125
55 130
55 134
55 135
55 137
55 138
55 139
55 140
55 141
55 142
55 143
55 145
55 146
55 147
55 151
55 152
55 153
55 154
55 155
55 158
55 160
55 161
56 58
56 59
56 61
56 64
56 65
56 66
56 67
56 68
56 69
56 70
56 71
56 72
56 73
56 74
56 75
56 77
56 79
56 80
56 81
56 84
56 86
56 88
56 89
56 90
56 91
56 93
56 95
56 96
56 97
56 99
56 100
56 101
56 102
56 103
56 105
56 106
56 107
56 109
56 110
56 111
56 112
56 114
56 115
56 116
56 117
56 118
56 120
56 124
56 125
56 126
56 127
56 129
56 130
56 131
56 133
56 134
56 136
56 137
56 138
56 142
56 143
56 145
56 146
56 147
56 148
56 149
56 150
56 151
56 152
56 154
56 155
56 156
56 158
56 159
56 160
56 161
57 61
57 63
57 64
57 65
57 66
57 69
57 70
57 71
57 72
57 76
57 79
57 80
57 88
57 89
57 98
57 101
57 125
57 126
57 128
57 130
57 131
57 135
57 137
57 138
57 143
57 146
57 147
57 151
57 152
57 153
58 59
58 63
58 65
58 68
58 69
58 70
58 71
58 72
58 73
58 74
58 76
58 77
58 79
58 80
58 82
58 84
58 88
58 89
58 90
58 92
58 94
58 97
58 99
58 100
58 102
58 104
58 105
58 106
58 108
58 109
58 112
58 113
58 114
58 115
58 116
58 117
58 118
58 120
58 125
58 126
58 129
58 130
58 131
58 134
58 135
58 136
58 137
58 139
58 140
58 141
58 144
58 145
58 147
58 152
58 154
58 155
58 156
58 157
58 158
58 159
58 160
59 62
59 63
59 64
59 65
59 68
59 71
59 72
59 74
59 75
59 79
59 80
59 82
59 83
59 89
59 95
59 96
59 101
59 102
59 105
59 106
59 108
59 109
59 110
59 113
59 114
59 115
59 116
59 119
59 125
59 133
59 135
59 136
59 137
59 139
59 142
59 145
59 146
59 147
59 148
59 150
59 151
59 156
59 157
59 158
59 159
59 161
60 64
60 67
60 71
60 73
60 99
60 101
60 104
60 108
60 115
60 117
60 130
60 133
60 138
60 142
60 146
60 147
60 153
60 154
60 158
61 64
61 66
61 68
61 69
61 70
61 73
61 76
61 78
61 79
61 84
61 87
61 89
61 95
61 96
61 98
61 99
61 101
61 102
61 105
61 106
61 111
61 112
61 114
61 116
61 118
61 119
61 125
61 126
61 127
61 131
61 133
61 134
61 140
61 141
61 142
61 146
61 147
61 150
61 151
61 154
61 156
61 158
62 64
62 65
62 67
62 69
62 74
62 75
62 79
62 81
62 82
62 84
62 90
62 93
62 97
62 99
62 101
62 105
62 106
62 108
62 112
62 114
62 116
62 127
62 129
62 130
62 134
62 137
62 141
62 142
62 143
62 144
62 145
62 147
62 148
62 151
62 152
62 156
62 158
62 159
63 64
63 65
63 66
63 67
63 68
63 69
63 71
63 73
63 74
63 75
63 77
63 79
63 81
63 83
63 86
63 88
63 89
63 90
63 92
63 93
63 97
63 98
63 101
63 102
63 103
63 104
63 105
63 107
63 108
63 109
63 111
63 112
63 113
63 115
63 116
63 117
63 118
63 125
63 126
63 130
63 131
63 132
63 133
63 134
63 135
63 136
63 137
63 138
63 140
63 141
63 142
63 145
63 146
63 149
63 150
63 151
63 153
63 154
63 158
63 159
63 161
64 67
64 68
64 69
64 70
64 71
64 73
64 74
64 75
64 77
64 78
64 79
64 82
64 83
64 84
64 86
64 87
64 88
64 89
64 91
64 94
64 96
64 100
64 101
64 102
64 104
64 105
64 106
64 108
64 109
64 110
64 111
64 112
64 113
64 114
64 115
64 117
64 119
64 120
64 121
64 122
64 124
64 125
64 126
64 129
64 133
64 134
64 136
64 137
64 138
64 139
64 140
64 141
64 142
64 143
64 145
64 147
64 149
64 150
64 151
64 152
64 154
64 155
64 157
64 158
64 159
65 67
65 68
65 70
65 71
65 72
65 73
65 74
65 75
65 76
65 77
65 79
65 80
65 84
65 86
65 87
65 88
65 89
65 90
65 91
65 92
65 94
65 95
65 97
65 98
65 99
65 101
65 102
65 105
65 106
65 108
65 109
65 110
65 111
65 112
65 113
65 114
65 115
65 117
65 118
65 121
65 122
65 124
65 125
65 126
65 128
65 129
65 133
65 134
65 135
65 136
65 137
65 139
65 140
65 142
65 145
65 146
65 147
65 150
65 151
65 152
65 153
65 154
65 155
65 156
65 157
65 158
65 159
65 160
66 67
66 69
66 70
66 71
66 72
66 73
66 74
66 76
66 77
66 79
66 80
66 84
66 85
66 86
66 89
66 94
66 96
66 97
66 99
66 100
66 101
66 103
66 105
66 106
66 109
66 115
66 117
66 122
66 123
66 125
66 129
66 133
66 135
66 136
66 137
66 138
66 141
66 142
66 143
66 145
66 146
66 147
66 148
66 149
66 150
66 151
66 152
66 153
66 154
66 157
66 158
66 159
66 160
67 68
67 69
67 70
67 71
67 72
67 73
67 76
67 77
67 79
67 80
67 82
67 84
67 85
67 87
67 88
67 89
67 92
67 93
67 94
67 95
67 96
67 97
67 98
67 99
67 101
67 102
67 103
67 104
67 105
67 106
67 107
67 108
67 109
67 110
67 111
67 112
67 113
67 114
67 115
67 116
67 117
67 118
67 120
67 122
67 123
67 125
67 126
67 129
67 130
67 131
67 133
67 134
67 136
67 137
67 138
67 139
67 143
67 145
67 146
67 148
67 150
67 151
67 153
67 154
67 155
67 157
67 158
67 159
67 160
68 69
68 70
68 71
68 73
68 74
68 75
68 76
68 77
68 79
68 80
68 83
68 84
68 85
68 86
68 87
68 88
68 89
68 90
68 91
68 92
68 93
68 94
68 95
68 96
68 97
68 98
68 99
68 100
68 101
68 102
68 103
68 104
68 106
68 107
68 108
68 109
68 110
68 112
68 113
68 114
68 115
68 116
68 118
68 125
68 127
68 128
68 129
68 131
68 132
68 133
68 134
68 135
68 137
68 138
68 139
68 140
68 142
68 145
68 146
68 147
68 149
68 150
68 151
68 152
68 154
68 155
68 157
68 158
68 160
68 161
69 70
69 71
69 72
69 73
69 74
69 75
69 77
69 79
69 80
69 83
69 84
69 86
69 87
69 88
69 89
69 90
69 91
69 94
69 96
69 97
69 98
69 99
69 100
69 101
69 102
69 103
69 105
69 106
69 108
69 110
69 111
69 113
69 114
69 115
69 117
69 118
69 122
69 124
69 125
69 126
69 127
69 128
69 129
69 131
69 134
69 137
69 138
69 139
69 141
69 142
69 143
69 144
69 146
69 147
69 149
69 150
69 151
69 152
69 153
69 154
69 155
69 157
69 158
69 160
69 161
70 71
70 72
70 74
70 75
70 76
70 77
70 80
70 81
70 84
70 85
70 86
70 88
70 89
70 91
70 93
70 94
70 96
70 97
70 101
70 103
70 107
70 108
70 109
70 111
70 112
70 113
70 114
70 115
70 116
70 117
70 118
70 122
70 123
70 125
70 126
70 127
70 129
70 130
70 131
70 133
70 134
70 135
70 137
70 138
70 139
70 141
70 142
70 143
70 145
70 146
70 147
70 149
70 150
70 151
70 152
70 153
70 154
70 155
70 158
70 159
70 160
70 161
71 72
71 73
71 75
71 77
71 79
71 80
71 81
71 82
71 84
71 87
71 88
71 89
71 91
71 92
71 94
71 95
71 97
71 98
71 100
71 101
71 105
71 106
71 107
71 109
71 110
71 111
71 113
71 114
71 115
71 116
71 118
71 119
71 121
71 123
71 125
71 126
71 127
71 128
71 129
71 131
71 134
71 135
71 137
71 139
71 141
71 142
71 146
71 148
71 149
71 151
71 152
71 153
71 154
71 155
71 157
71 158
71 160
71 161
72 73
72 74
72 75
72 76
72 79
72 80
72 82
72 83
72 87
72 88
72 89
72 90
72 91
72 92
72 94
72 96
72 97
72 98
72 99
72 101
72 102
72 103
72 104
72 105
72 106
72 107
72 108
72 109
72 111
72 112
72 113
72 114
72 115
72 118
72 119
72 121
72 124
72 125
72 126
72 128
72 129
72 130
72 131
72 132
72 133
72 134
72 135
72 136
72 137
72 138
72 139
72 140
72 142
72 143
72 144
72 145
72 146
72 147
72 148
72 150
72 151
72 152
72 153
72 154
72 155
72 156
72 157
72 158
72 161
73 74
73 75
73 77
73 79
73 81
73 82
73 84
73 87
73 89
73 92
73 93
73 94
73 96
73 100
73 101
73 102
73 103
73 106
73 107
73 108
73 109
73 110
73 111
73 113
73 114
73 115
73 116
73 117
73 118
73 122
73 125
73 126
73 129
73 131
73 133
73 134
73 136
73 137
73 138
73 139
73 140
73 141
73 142
73 143
73 145
73 146
73 147
73 150
73 152
73 153
73 154
73 155
73 158
73 159
73 160
73 161
74 76
74 77
74 78
74 81
74 83
74 85
74 86
74 89
74 91
74 92
74 93
74 94
74 97
74 98
74 99
74 100
74 101
74 104
74 106
74 108
74 109
74 110
74 111
74 112
74 113
74 114
74 115
74 117
74 118
74 120
74 122
74 124
74 125
74 126
74 127
74 128
74 129
74 130
74 131
74 134
74 135
74 136
74 137
74 138
74 139
74 140
74 141
74 142
74 143
74 145
74 146
74 147
74 148
74 149
74 153
74 154
74 155
74 157
74 158
74 159
74 160
75 82
75 83
75 84
75 86
75 88
75 89
75 91
75 92
75 93
75 94
75 97
75 101
75 102
75 106
75 107
75 108
75 109
75 110
75 112
75 113
75 114
75 115
75 117
75 129
75 131
75 134
75 137
75 138
75 139
75 140
75 142
75 146
75 147
75 150
75 151
75 152
75 153
75 154
75 155
75 157
75 158
75 159
75 160
75 161
76 79
76 81
76 84
76 85
76 86
76 89
76 90
76 94
76 95
76 97
76 101
76 102
76 105
76 106
76 107
76 109
76 110
76 111
76 112
76 113
76 115
76 117
76 118
76 133
76 134
76 135
76 137
76 138
76 139
76 142
76 145
76 146
76 147
76 151
76 152
76 153
76 154
76 155
76 158
76 159
77 79
77 81
77 83
77 84
77 85
77 86
77 87
77 88
77 89
77 90
77 93
77 94
77 96
77 97
77 101
77 102
77 106
77 108
77 109
77 110
77 111
77 113
77 116
77 117
77 118
77 129
77 131
77 133
77 134
77 135
77 136
77 137
77 138
77 142
77 143
77 146
77 149
77 150
77 152
77 153
77 154
77 155
77 156
77 157
77 158
78 79
78 84
78 88
78 89
78 109
78 112
78 115
78 122
78 133
78 134
78 135
78 143
78 150
78 152
78 158
79 80
79 81
79 82
79 83
79 84
79 85
79 86
79 88
79 89
79 91
79 93
79 94
79 95
79 96
79 97
79 98
79 99
79 100
79 101
79 102
79 103
79 104
79 105
79 106
79 107
79 108
79 109
79 110
79 112
79 113
79 114
79 115
79 117
79 124
79 125
79 127
79 128
79 129
79 131
79 133
79 136
79 137
79 138
79 139
79 141
79 142
79 145
79 146
79 147
79 148
79 150
79 151
79 152
79 153
79 154
79 155
79 156
79 157
79 158
79 159
79 160
79 161
80 83
80 84
80 85
80 86
80 87
80 91
80 93
80 94
80 96
80 97
80 99
80 101
80 102
80 103
80 106
80 108
80 112
80 113
80 114
80 115
80 118
80 120
80 126
80 130
80 131
80 134
80 136
80 137
80 138
80 139
80 140
80 141
80 142
80 143
80 146
80 147
80 148
80 149
80 151
80 152
80 153
80 157
80 159
80 160
81 88
81 89
81 91
81 103
81 105
81 107
81 109
81 114
81 117
81 118
81 126
81 129
81 133
81 135
81 137
81 142
81 147
81 152
81 153
81 154
81 156
81 157
82 84
82 87
82 94
82 114
82 115
82 118
82 119
82 128
82 129
82 135
82 136
82 138
82 146
82 147
82 148
82 150
82 152
82 153
82 154
82 157
83 85
83 86
83 89
83 97
83 98
83 101
83 105
83 106
83 109
83 112
83 116
83 117
83 118
83 120
83 121
83 125
83 130
83 133
83 134
83 139
83 143
83 149
83 151
83 152
83 153
83 154
83 158
83 159
84 86
84 89
84 90
84 92
84 93
84 94
84 95
84 98
84 99
84 100
84 101
84 102
84 104
84 105
84 106
84 107
84 108
84 109
84 112
84 113
84 114
84 115
84 118
84 120
84 125
84 126
84 129
84 130
84 131
84 133
84 134
84 135
84 136
84 137
84 138
84 139
84 140
84 145
84 146
84 147
84 148
84 149
84 150
84 151
84 152
84 153
84 154
84 155
84 157
84 159
84 161
85 87
85 93
85 94
85 97
85 98
85 101
85 105
85 106
85 107
85 108
85 110
85 111
85 113
85 116
85 117
85 119
85 123
85 126
85 128
85 129
85 130
85 133
85 134
85 135
85 136
85 137
85 138
85 143
85 145
85 146
85 150
85 154
85 157
85 158
85 159
85 160
86 89
86 94
86 97
86 98
86 99
86 100
86 101
86 103
86 106
86 108
86 109
86 111
86 114
86 115
86 117
86 118
86 122
86 126
86 129
86 131
86 133
86 134
86 137
86 138
86 142
86 146
86 147
86 149
86 150
86 152
86 154
86 160
86 161
87 88
87 93
87 97
87 99
87 100
87 101
87 103
87 105
87 106
87 108
87 109
87 110
87 111
87 113
87 114
87 115
87 116
87 117
87 119
87 125
87 129
87 133
87 135
87 138
87 139
87 140
87 142
87 145
87 146
87 149
87 151
87 152
87 153
87 154
87 157
87 158
87 159
87 161
88 89
88 92
88 94
88 95
88 96
88 97
88 98
88 100
88 101
88 102
88 103
88 104
88 105
88 106
88 111
88 114
88 116
88 117
88 118
88 122
88 124
88 125
88 129
88 130
88 131
88 133
88 134
88 139
88 140
88 141
88 142
88 143
88 147
88 148
88 151
88 153
88 157
88 158
88 159
88 160
89 91
89 92
89 94
89 95
89 97
89 98
89 99
89 100
89 101
89 102
89 103
89 104
89 105
89 106
89 107
89 108
89 109
89 110
89 111
89 112
89 113
89 114
89 117
89 118
89 125
89 126
89 127
89 128
89 129
89 130
89 131
89 132
89 133
89 134
89 135
89 136
89 137
89 138
89 140
89 141
89 142
89 143
89 145
89 146
89 147
89 149
89 150
89 151
89 152
89 153
89 154
89 155
89 158
89 159
89 160
89 161
90 94
90 100
90 104
90 106
90 114
90 125
90 126
90 129
90 134
90 135
90 136
90 138
90 139
90 141
90 143
90 147
90 154
90 157
90 161
91 92
91 97
91 101
91 105
91 106
91 109
91 110
91 113
91 114
91 117
91 118
91 121
91 125
91 129
91 131
91 134
91 137
91 138
91 139
91 141
91 142
91 145
91 146
91 147
91 150
91 151
91 152
91 153
91 159
92 95
92 97
92 101
92 103
92 106
92 107
92 111
92 112
92 113
92 115
92 117
92 118
92 123
92 125
92 127
92 131
92 133
92 134
92 138
92 139
92 141
92 143
92 144
92 146
92 149
92 150
92 152
92 157
92 158
93 94
93 97
93 99
93 103
93 104
93 105
93 106
93 107
93 108
93 109
93 111
93 112
93 113
93 114
93 115
93 116
93 117
93 118
93 125
93 126
93 128
93 130
93 133
93 134
93 136
93 137
93 138
93 139
93 140
93 141
93 143
93 146
93 147
93 149
93 150
93 153
93 154
93 155
93 157
93 158
93 159
93 160
94 97
94 98
94 99
94 100
94 101
94 102
94 103
94 105
94 106
94 107
94 108
94 109
94 113
94 114
94 116
94 117
94 118
94 119
94 123
94 125
94 126
94 128
94 130
94 131
94 133
94 134
94 136
94 137
94 138
94 139
94 141
94 142
94 143
94 146
94 147
94 149
94 150
94 151
94 152
94 153
94 154
94 155
94 157
94 158
94 159
94 160
94 161
95 97
95 99
95 101
95 112
95 113
95 114
95 115
95 116
95 118
95 130
95 137
95 138
95 139
95 142
95 148
95 149
95 150
95 151
95 152
95 156
95 157
95 158
96 100
96 101
96 103
96 106
96 108
96 109
96 113
96 114
96 118
96 125
96 129
96 134
96 135
96 137
96 138
96 142
96 147
96 154
96 161
97 99
97 101
97 102
97 104
97 105
97 106
97 107
97 108
97 111
97 112
97 115
97 119
97 126
97 129
97 131
97 133
97 134
97 135
97 139
97 140
97 142
97 145
97 146
97 147
97 149
97 150
97 151
97 152
97 153
97 154
97 155
97 157
97 158
97 159
97 161
98 105
98 106
98 107
98 108
98 112
98 114
98 115
98 117
98 119
98 129
98 131
98 135
98 137
98 138
98 139
98 142
98 145
98 146
98 150
98 151
98 153
98 154
98 157
99 100
99 101
99 102
99 105
99 106
99 108
99 109
99 115
99 117
99 118
99 126
99 127
99 131
99 133
99 134
99 135
99 137
99 142
99 146
99 147
99 149
99 150
99 152
99 153
99 154
99 161
100 101
100 106
100 107
100 108
100 114
100 116
100 117
100 118
100 125
100 128
100 130
100 133
100 137
100 138
100 139
100 145
100 146
100 150
100 152
100 155
100 157
100 158
100 159
101 102
101 103
101 104
101 105
101 106
101 107
101 108
101 109
101 111
101 112
101 113
101 114
101 115
101 116
101 117
101 118
101 119
101 120
101 121
101 122
101 123
101 125
101 126
101 127
101 128
101 129
101 130
101 132
101 133
101 134
101 136
101 137
101 139
101 141
101 142
101 143
101 144
101 145
101 146
101 147
101 148
101 149
101 150
101 151
101 152
101 153
101 154
101 156
101 157
101 158
101 159
101 160
102 105
102 106
102 107
102 109
102 111
102 112
102 113
102 114
102 115
102 117
102 118
102 119
102 121
102 122
102 125
102 128
102 130
102 131
102 132
102 133
102 134
102 137
102 138
102 139
102 141
102 142
102 143
102 145
102 146
102 149
102 150
102 151
102 152
102 154
102 155
102 156
102 157
102 158
102 159
102 161
103 105
103 108
103 111
103 112
103 113
103 115
103 116
103 117
103 118
103 125
103 129
103 131
103 133
103 142
103 146
103 147
103 149
103 151
103 152
103 153
103 154
103 157
103 159
103 160
104 105
104 109
104 114
104 115
104 116
104 117
104 118
104 123
104 125
104 129
104 130
104 131
104 133
104 135
104 137
104 141
104 142
104 146
104 147
104 150
104 151
104 153
104 154
104 157
104 158
104 159
104 160
105 106
105 109
105 110
105 111
105 114
105 115
105 117
105 118
105 119
105 125
105 126
105 128
105 129
105 130
105 131
105 133
105 135
105 137
105 138
105 141
105 142
105 144
105 147
105 148
105 150
105 152
105 153
105 154
105 155
105 157
105 159
105 160
106 107
106 108
106 111
106 113
106 114
106 115
106 117
106 118
106 120
106 121
106 122
106 124
106 125
106 126
106 127
106 128
106 129
106 131
106 132
106 133
106 135
106 136
106 137
106 139
106 140
106 141
106 142
106 143
106 146
106 147
106 149
106 151
106 152
106 153
106 154
106 155
106 158
106 159
106 160
106 161
107 108
107 109
107 112
107 113
107 114
107 115
107 116
107 117
107 118
107 119
107 122
107 125
107 131
107 133
107 134
107 137
107 138
107 139
107 141
107 144
107 145
107 146
107 147
107 149
107 150
107 151
107 152
107 156
107 157
107 158
108 109
108 110
108 111
108 112
108 114
108 115
108 117
108 118
108 120
108 121
108 122
108 124
108 127
108 128
108 129
108 131
108 133
108 134
108 136
108 137
108 140
108 141
108 142
108 143
108 146
108 147
108 150
108 151
108 152
108 153
108 155
108 157
108 158
108 159
108 160
109 110
109 112
109 113
109 114
109 115
109 116
109 117
109 125
109 127
109 129
109 130
109 131
109 132
109 134
109 135
109 137
109 138
109 139
109 142
109 145
109 146
109 147
109 151
109 152
109 154
109 158
109 159
109 161
110 113
110 117
110 118
110 126
110 128
110 129
110 131
110 132
110 133
110 136
110 138
110 141
110 142
110 145
110 146
110 150
110 151
110 152
110 153
110 155
110 157
110 158
110 161
111 114
111 117
111 118
111 120
111 124
111 125
111 126
111 128
111 129
111 130
111 131
111 133
111 134
111 137
111 139
111 142
111 144
111 146
111 147
111 149
111 150
111 152
111 153
111 154
111 155
111 156
111 158
111 159
111 161
112 113
112 114
112 115
112 117
112 118
112 119
112 120
112 129
112 130
112 131
112 133
112 134
112 135
112 136
112 137
112 138
112 141
112 142
112 143
112 145
112 146
112 147
112 149
112 150
112 152
112 154
112 155
112 157
112 158
112 159
113 114
113 115
113 120
113 121
113 123
113 125
113 126
113 127
113 128
113 129
113 130
113 131
113 133
113 134
113 135
113 137
113 138
113 139
113 140
113 141
113 143
113 145
113 148
113 149
113 150
113 152
113 153
113 154
113 156
113 157
113 158
113 160
113 161
114 115
114 117
114 122
114 125
114 128
114 129
114 130
114 131
114 133
114 137
114 138
114 139
114 140
114 146
114 149
114 150
114 151
114 152
114 153
114 154
114 155
114 157
114 158
114 159
114 161
115 117
115 118
115 119
115 120
115 123
115 125
115 126
115 129
115 131
115 133
115 134
115 136
115 137
115 138
115 139
115 142
115 143
115 144
115 145
115 147
115 148
115 149
115 150
115 151
115 152
115 153
115 154
115 157
115 158
115 159
115 161
116 117
116 118
116 121
116 126
116 127
116 128
116 129
116 133
116 134
116 135
116 136
116 137
116 140
116 141
116 142
116 146
116 147
116 150
116 152
116 153
116 158
116 159
117 119
117 121
117 123
117 124
117 125
117 127
117 129
117 130
117 132
117 133
117 134
117 142
117 143
117 146
117 150
117 151
117 152
117 153
117 154
117 156
117 157
117 158
117 159
117 160
117 161
118 121
118 123
118 125
118 126
118 130
118 131
118 134
118 135
118 136
118 137
118 138
118 139
118 140
118 141
118 142
118 143
118 145
118 146
118 147
118 150
118 151
118 152
118 153
118 154
118 157
118 158
118 160
118 161
119 122
119 126
119 129
119 134
119 137
119 142
119 147
119 151
120 125
120 129
120 130
120 131
120 134
120 137
120 139
120 141
120 146
120 147
120 152
120 154
120 157
120 158
121 126
121 129
121 132
121 134
121 135
121 137
121 142
121 146
121 147
121 148
121 150
121 154
121 159
121 161
122 130
122 139
122 145
122 146
122 150
122 154
122 157
123 131
123 136
123 138
123 149
123 157
124 131
124 138
124 153
124 154
124 157
125 126
125 127
125 128
125 130
125 131
125 133
125 134
125 137
125 139
125 141
125 142
125 143
125 146
125 147
125 148
125 150
125 151
125 152
125 153
125 154
125 155
125 157
125 159
125 160
126 129
126 133
126 134
126 135
126 137
126 138
126 139
126 141
126 143
126 145
126 146
126 147
126 149
126 152
126 153
126 154
126 157
126 158
127 131
127 134
127 137
127 138
127 139
127 140
127 142
127 147
127 150
127 155
127 157
127 158
127 160
128 129
128 131
128 132
128 133
128 135
128 137
128 138
128 142
128 146
128 147
128 151
128 152
128 153
128 154
128 160
128 161
129 131
129 133
129 135
129 136
129 137
129 139
129 140
129 141
129 142
129 145
129 146
129 147
129 148
129 150
129 151
129 152
129 153
129 155
129 157
129 158
129 159
130 131
130 133
130 134
130 136
130 137
130 140
130 146
130 147
130 148
130 150
130 151
130 152
130 157
130 158
130 161
131 134
131 135
131 136
131 137
131 138
131 140
131 141
131 142
131 143
131 145
131 146
131 147
131 148
131 149
131 150
131 151
131 152
131 153
131 154
131 155
131 158
131 159
131 160
131 161
132 133
132 137
132 138
132 141
132 145
132 146
132 147
132 152
132 157
132 158
133 134
133 135
133 136
133 137
133 138
133 139
133 141
133 142
133 144
133 145
133 146
133 147
133 150
133 151
133 152
133 153
133 154
133 155
133 157
133 158
133 159
133 160
133 161
134 135
134 136
134 137
134 138
134 139
134 140
134 142
134 146
134 147
134 148
134 149
134 150
134 152
134 153
134 154
134 155
134 157
134 158
134 159
134 160
135 136
135 138
135 139
135 142
135 146
135 147
135 150
135 151
135 157
135 158
135 159
135 160
135 161
136 137
136 139
136 147
136 150
136 151
136 152
136 154
136 158
136 160
137 138
137 139
137 140
137 141
137 142
137 143
137 146
137 147
137 148
137 149
137 150
137 151
137 152
137 153
137 154
137 155
137 157
138 139
138 141
138 142
138 145
138 146
138 147
138 148
138 151
138 152
138 153
138 154
138 156
138 157
138 158
138 159
138 160
139 141
139 142
139 145
139 146
139 147
139 150
139 151
139 153
139 154
139 157
139 158
139 161
140 142
140 151
140 152
140 154
140 159
140 161
141 143
141 147
141 148
141 150
141 151
141 154
141 158
141 161
142 143
142 145
142 146
142 147
142 150
142 151
142 152
142 153
142 154
142 155
142 156
142 157
142 158
142 159
142 160
143 145
143 146
143 148
143 149
143 152
143 154
143 158
143 159
143 160
143 161
144 154
144 155
145 146
145 147
145 151
145 152
145 153
145 158
145 160
145 161
146 147
146 148
146 149
146 150
146 154
146 157
146 158
147 148
147 150
147 151
147 152
147 153
147 155
147 156
147 157
147 158
147 161
148 149
148 151
148 153
148 158
148 159
148 161
149 151
149 153
149 154
149 156
149 157
149 158
149 161
150 151
150 152
150 154
150 156
150 157
150 158
150 159
150 160
151 152
151 154
151 155
151 158
152 153
152 154
152 156
152 157
152 158
152 159
152 161
153 154
153 158
153 160
154 155
154 157
154 158
154 160
154 161
155 157
155 161
156 158
156 161
157 158
157 159
157 160
157 161
158 159
158 160
