0 1
0 4
0 13
0 14
0 21
0 22
0 25
0 26
0 28
0 31
0 32
0 36
0 42
0 45
0 46
0 51
0 52
0 54
0 56
0 58
0 64
0 65
0 67
0 68
0 70
0 71
0 72
0 73
0 74
0 78
0 79
0 80
0 84
0 85
0 86
0 88
0 94
0 104
0 105
0 106
0 107
0 109
0 110
0 114
0 117
0 122
0 123
0 125
0 129
0 133
0 135
0 137
0 138
0 139
0 142
0 145
0 146
0 147
0 150
0 152
0 154
0 158
0 161
1 2
1 4
1 5
1 7
1 11
1 21
1 24
1 26
1 31
1 32
1 34
1 37
1 38
1 39
1 40
1 42
1 52
1 53
1 55
1 59
1 60
1 64
1 65
1 67
1 69
1 70
1 71
1 72
1 73
1 74
1 75
1 77
1 80
1 81
1 83
1 84
1 85
1 87
1 92
1 93
1 99
1 100
1 101
1 102
1 105
1 106
1 108
1 109
1 114
1 115
1 117
1 118
1 125
1 126
1 128
1 130
1 132
1 133
1 134
1 135
1 138
1 139
1 141
1 142
1 143
1 147
1 148
1 149
1 150
1 153
1 154
1 155
1 157
1 158
1 161
2 6
2 19
2 22
2 28
2 31
2 35
2 37
2 38
2 39
2 40
2 45
2 46
2 51
2 52
2 54
2 55
2 63
2 65
2 67
2 70
2 72
2 73
2 74
2 75
2 77
2 80
2 84
2 86
2 88
2 89
2 94
2 100
2 103
2 105
2 106
2 108
2 110
2 111
2 112
2 113
2 114
2 117
2 133
2 134
2 137
2 139
2 141
2 142
2 143
2 149
2 150
2 151
2 157
2 158
3 4
3 6
3 7
3 9
3 12
3 14
3 15
3 17
3 18
3 21
3 28
3 30
3 32
3 35
3 40
3 42
3 46
3 49
3 51
3 55
3 56
3 58
3 61
3 63
3 64
3 66
3 67
3 68
3 69
3 70
3 72
3 74
3 77
3 80
3 83
3 89
3 94
3 97
3 100
3 101
3 106
3 108
3 109
3 112
3 113
3 114
3 115
3 117
3 118
3 124
3 129
3 130
3 131
3 133
3 134
3 135
3 137
3 139
3 142
3 145
3 146
3 147
3 150
3 151
3 152
3 158
3 159
4 6
4 7
4 9
4 10
4 11
4 14
4 15
4 16
4 18
4 19
4 20
4 21
4 22
4 24
4 25
4 26
4 28
4 30
4 31
4 32
4 33
4 36
4 38
4 39
4 40
4 42
4 44
4 47
4 48
4 49
4 50
4 52
4 53
4 54
4 55
4 56
4 58
4 59
4 61
4 62
4 63
4 64
4 65
4 66
4 67
4 68
4 69
4 70
4 71
4 72
4 73
4 74
4 75
4 77
4 78
4 79
4 80
4 81
4 82
4 83
4 84
4 85
4 86
4 88
4 89
4 91
4 92
4 93
4 94
4 96
4 97
4 98
4 101
4 102
4 104
4 105
4 107
4 108
4 109
4 110
4 111
4 112
4 113
4 114
4 116
4 117
4 118
4 119
4 120
4 126
4 128
4 129
4 130
4 131
4 133
4 134
4 135
4 136
4 137
4 139
4 141
4 142
4 144
4 145
4 146
4 149
4 150
4 151
4 152
4 153
4 155
4 157
4 158
4 159
4 160
4 161
5 10
5 13
5 14
5 16
5 21
5 26
5 31
5 35
5 36
5 39
5 44
5 45
5 54
5 56
5 67
5 68
5 69
5 70
5 71
5 76
5 80
5 87
5 89
5 91
5 94
5 97
5 102
5 103
5 106
5 107
5 108
5 110
5 113
5 114
5 115
5 118
5 120
5 126
5 129
5 131
5 133
5 134
5 137
5 138
5 142
5 149
5 150
5 152
5 155
5 157
5 158
6 7
6 9
6 10
6 11
6 12
6 13
6 14
6 18
6 19
6 21
6 22
6 23
6 25
6 26
6 30
6 31
6 32
6 33
6 35
6 36
6 37
6 38
6 39
6 40
6 41
6 42
6 43
6 44
6 45
6 46
6 47
6 49
6 51
6 53
6 54
6 55
6 56
6 58
6 60
6 61
6 62
6 63
6 64
6 66
6 67
6 68
6 69
6 70
6 71
6 72
6 73
6 74
6 76
6 77
6 79
6 80
6 84
6 85
6 87
6 88
6 89
6 92
6 94
6 95
6 96
6 97
6 98
6 99
6 100
6 101
6 102
6 103
6 104
6 105
6 106
6 107
6 108
6 109
6 111
6 112
6 113
6 114
6 115
6 116
6 117
6 118
6 119
6 120
6 121
6 124
6 125
6 126
6 128
6 129
6 131
6 133
6 134
6 135
6 136
6 137
6 138
6 139
6 140
6 141
6 142
6 143
6 145
6 146
6 147
6 148
6 149
6 150
6 151
6 152
6 153
6 154
6 156
6 157
6 158
6 159
6 160
6 161
7 9
7 11
7 12
7 13
7 14
7 15
7 16
7 18
7 19
7 21
7 22
7 25
7 26
7 28
7 29
7 30
7 31
7 32
7 35
7 36
7 37
7 38
7 40
7 42
7 43
7 45
7 48
7 49
7 50
7 51
7 52
7 54
7 56
7 58
7 61
7 63
7 65
7 67
7 68
7 69
7 70
7 71
7 72
7 73
7 74
7 75
7 76
7 77
7 78
7 82
7 84
7 85
7 86
7 87
7 88
7 89
7 91
7 93
7 94
7 95
7 97
7 99
7 100
7 101
7 102
7 103
7 104
7 105
7 106
7 107
7 108
7 109
7 110
7 113
7 114
7 115
7 116
7 117
7 118
7 119
7 122
7 124
7 125
7 126
7 127
7 129
7 130
7 131
7 133
7 134
7 135
7 136
7 137
7 138
7 139
7 140
7 142
7 145
7 146
7 147
7 148
7 150
7 151
7 152
7 153
7 154
7 157
7 158
7 159
7 160
7 161
8 14
8 15
8 16
8 19
8 20
8 22
8 23
8 28
8 31
8 32
8 35
8 36
8 38
8 44
8 49
8 50
8 51
8 55
8 58
8 67
8 69
8 70
8 71
8 76
8 77
8 79
8 81
8 87
8 90
8 93
8 99
8 100
8 109
8 112
8 114
8 116
8 118
8 125
8 128
8 133
8 135
8 137
8 138
8 139
8 141
8 142
8 145
8 146
8 151
8 152
8 153
8 155
8 161
9 13
9 16
9 18
9 19
9 20
9 21
9 24
9 25
9 26
9 30
9 31
9 32
9 35
9 37
9 38
9 40
9 44
9 49
9 51
9 52
9 54
9 55
9 58
9 63
9 64
9 65
9 66
9 67
9 68
9 70
9 71
9 74
9 77
9 78
9 80
9 82
9 86
9 87
9 89
9 93
9 99
9 100
9 102
9 105
9 107
9 109
9 111
9 113
9 114
9 117
9 118
9 126
9 127
9 130
9 131
9 133
9 134
9 135
9 137
9 138
9 139
9 140
9 141
9 148
9 150
9 151
9 152
9 155
9 156
9 157
9 158
10 12
10 13
10 14
10 15
10 16
10 20
10 21
10 26
10 27
10 29
10 30
10 31
10 36
10 40
10 42
10 44
10 45
10 47
10 49
10 51
10 52
10 55
10 56
10 57
10 58
10 60
10 64
10 65
10 66
10 67
10 70
10 71
10 72
10 77
10 79
10 82
10 86
10 89
10 93
10 94
10 96
10 97
10 98
10 99
10 100
10 101
10 102
10 103
10 105
10 106
10 108
10 110
10 111
10 112
10 113
10 114
10 115
10 117
10 118
10 119
10 125
10 126
10 127
10 129
10 132
10 133
10 134
10 137
10 138
10 141
10 143
10 147
10 149
10 150
10 151
10 152
10 153
10 157
10 158
11 14
11 15
11 16
11 19
11 21
11 22
11 23
11 24
11 25
11 26
11 30
11 31
11 34
11 38
11 39
11 40
11 41
11 44
11 45
11 46
11 49
11 50
11 51
11 52
11 54
11 56
11 57
11 59
11 61
11 63
11 65
11 68
11 69
11 70
11 72
11 74
11 75
11 76
11 77
11 79
11 86
11 87
11 89
11 91
11 93
11 94
11 97
11 99
11 100
11 102
11 103
11 105
11 106
11 107
11 108
11 109
11 110
11 112
11 113
11 114
11 116
11 117
11 118
11 125
11 126
11 128
11 131
11 133
11 134
11 135
11 136
11 137
11 138
11 139
11 140
11 141
11 142
11 145
11 146
11 150
11 151
11 152
11 154
11 157
11 158
12 13
12 14
12 16
12 24
12 30
12 31
12 32
12 33
12 35
12 36
12 39
12 40
12 42
12 44
12 45
12 50
12 51
12 52
12 53
12 54
12 56
12 58
12 63
12 64
12 65
12 66
12 67
12 68
12 70
12 72
12 76
12 77
12 78
12 79
12 80
12 94
12 95
12 97
12 100
12 101
12 102
12 106
12 107
12 108
12 109
12 111
12 112
12 114
12 115
12 116
12 123
12 125
12 126
12 129
12 134
12 137
12 138
12 141
12 146
12 147
12 151
12 156
13 14
13 19
13 24
13 27
13 29
13 30
13 36
13 38
13 43
13 45
13 51
13 53
13 56
13 59
13 62
13 63
13 64
13 65
13 66
13 67
13 69
13 70
13 71
13 72
13 74
13 75
13 79
13 80
13 87
13 88
13 89
13 93
13 99
13 101
13 103
13 104
13 106
13 111
13 113
13 115
13 117
13 118
13 126
13 129
13 131
13 133
13 134
13 137
13 138
13 139
13 140
13 145
13 146
13 147
13 148
13 149
13 151
13 153
13 154
13 157
13 158
13 161
14 15
14 16
14 18
14 19
14 20
14 21
14 24
14 25
14 26
14 28
14 29
14 30
14 31
14 32
14 33
14 34
14 35
14 36
14 37
14 38
14 40
14 42
14 44
14 45
14 46
14 47
14 49
14 50
14 51
14 53
14 55
14 56
14 57
14 58
14 59
14 60
14 62
14 63
14 64
14 65
14 66
14 67
14 68
14 70
14 71
14 72
14 73
14 74
14 75
14 77
14 79
14 80
14 81
14 82
14 83
14 86
14 88
14 89
14 90
14 91
14 92
14 93
14 94
14 95
14 96
14 97
14 98
14 99
14 101
14 102
14 104
14 106
14 107
14 108
14 110
14 111
14 112
14 114
14 115
14 118
14 119
14 125
14 126
14 127
14 128
14 129
14 130
14 131
14 132
14 133
14 134
14 135
14 136
14 137
14 138
14 139
14 140
14 141
14 142
14 146
14 147
14 148
14 149
14 152
14 153
14 154
14 155
14 157
14 158
14 159
14 160
14 161
15 22
15 25
15 30
15 31
15 32
15 34
15 40
15 43
15 44
15 45
15 49
15 52
15 54
15 55
15 58
15 59
15 64
15 65
15 69
15 70
15 74
15 75
15 79
15 83
15 85
15 89
15 93
15 94
15 97
15 99
15 101
15 102
15 103
15 104
15 113
15 114
15 115
15 118
15 125
15 128
15 130
15 131
15 134
15 136
15 137
15 138
15 141
15 147
15 149
15 151
15 154
15 155
15 156
15 158
15 161
16 18
16 21
16 22
16 30
16 31
16 32
16 34
16 35
16 36
16 38
16 39
16 40
16 42
16 49
16 50
16 56
16 60
16 64
16 66
16 68
16 70
16 71
16 72
16 74
16 75
16 79
16 80
16 83
16 87
16 88
16 89
16 91
16 97
16 102
16 103
16 104
16 106
16 107
16 112
16 113
16 114
16 115
16 116
16 118
16 124
16 129
16 130
16 131
16 133
16 134
16 137
16 138
16 140
16 146
16 147
16 148
16 152
16 154
16 160
17 18
17 28
17 31
17 40
17 53
17 54
17 64
17 87
17 92
17 97
17 99
17 101
17 106
17 109
17 125
17 131
17 140
17 142
17 148
17 152
17 154
17 159
18 19
18 20
18 22
18 28
18 30
18 35
18 38
18 40
18 42
18 43
18 45
18 47
18 48
18 49
18 50
18 53
18 55
18 56
18 57
18 63
18 64
18 65
18 66
18 67
18 69
18 70
18 72
18 73
18 76
18 77
18 79
18 80
18 86
18 87
18 88
18 89
18 92
18 93
18 94
18 95
18 96
18 97
18 100
18 101
18 102
18 106
18 111
18 115
18 116
18 118
18 120
18 125
18 126
18 129
18 130
18 131
18 133
18 134
18 135
18 136
18 137
18 138
18 140
18 142
18 147
18 149
18 151
18 152
18 153
18 154
18 155
18 157
18 158
18 159
18 160
18 161
19 21
19 23
19 25
19 26
19 28
19 29
19 31
19 32
19 33
19 34
19 35
19 37
19 38
19 39
19 41
19 42
19 43
19 44
19 45
19 46
19 49
19 51
19 52
19 54
19 56
19 57
19 59
19 61
19 62
19 63
19 64
19 67
19 68
19 69
19 70
19 71
19 72
19 74
19 75
19 76
19 77
19 78
19 79
19 80
19 82
19 83
19 84
19 85
19 86
19 87
19 88
19 89
19 90
19 91
19 93
19 94
19 95
19 96
19 97
19 98
19 99
19 100
19 101
19 102
19 103
19 106
19 108
19 110
19 112
19 113
19 114
19 115
19 116
19 117
19 118
19 120
19 122
19 123
19 126
19 128
19 129
19 130
19 131
19 133
19 134
19 135
19 136
19 137
19 138
19 141
19 142
19 143
19 144
19 145
19 146
19 147
19 149
19 150
19 151
19 152
19 153
19 154
19 155
19 157
19 158
19 159
19 161
20 21
20 26
20 32
20 35
20 38
20 40
20 43
20 44
20 51
20 52
20 59
20 63
20 65
20 66
20 68
20 70
20 72
20 74
20 79
20 83
20 84
20 96
20 97
20 99
20 102
20 109
20 111
20 112
20 114
20 117
20 118
20 126
20 129
20 131
20 134
20 137
20 138
20 142
20 150
20 151
20 152
20 153
20 157
20 158
20 161
21 22
21 23
21 24
21 25
21 26
21 27
21 28
21 30
21 31
21 32
21 34
21 36
21 37
21 38
21 39
21 40
21 42
21 43
21 44
21 45
21 46
21 47
21 48
21 49
21 50
21 51
21 52
21 53
21 54
21 55
21 58
21 59
21 63
21 64
21 66
21 67
21 68
21 69
21 70
21 71
21 72
21 73
21 74
21 75
21 76
21 77
21 79
21 80
21 84
21 86
21 87
21 88
21 89
21 90
21 92
21 93
21 94
21 95
21 100
21 101
21 102
21 104
21 105
21 106
21 107
21 108
21 110
21 112
21 113
21 114
21 115
21 116
21 117
21 118
21 121
21 129
21 130
21 133
21 134
21 138
21 140
21 141
21 142
21 143
21 145
21 146
21 150
21 151
21 152
21 154
21 157
21 158
21 161
22 25
22 26
22 30
22 32
22 34
22 35
22 36
22 39
22 40
22 41
22 42
22 44
22 45
22 49
22 51
22 52
22 53
22 54
22 55
22 56
22 62
22 63
22 64
22 68
22 71
22 74
22 83
22 84
22 87
22 89
22 90
22 99
22 101
22 103
22 106
22 112
22 115
22 118
22 125
22 129
22 131
22 133
22 134
22 137
22 138
22 139
22 145
22 147
22 150
22 151
22 153
22 154
22 155
22 158
22 159
22 160
23 26
23 29
23 32
23 34
23 35
23 36
23 37
23 38
23 45
23 46
23 49
23 51
23 54
23 58
23 59
23 61
23 64
23 68
23 75
23 79
23 82
23 84
23 92
23 101
23 104
23 105
23 113
23 115
23 116
23 118
23 125
23 126
23 129
23 131
23 132
23 133
23 134
23 136
23 137
23 138
23 144
23 145
23 146
23 147
23 149
23 151
23 152
23 154
23 155
23 157
23 161
24 26
24 31
24 32
24 34
24 35
24 37
24 40
24 45
24 49
24 56
24 62
24 64
24 67
24 71
24 73
24 74
24 79
24 84
24 85
24 90
24 92
24 94
24 96
24 101
24 102
24 105
24 107
24 108
24 109
24 110
24 113
24 114
24 115
24 117
24 119
24 131
24 134
24 136
24 137
24 138
24 139
24 141
24 142
24 145
24 146
24 147
24 150
24 152
24 154
24 155
24 156
24 159
24 160
24 161
25 30
25 31
25 34
25 36
25 37
25 38
25 39
25 42
25 43
25 44
25 45
25 46
25 49
25 50
25 51
25 53
25 54
25 55
25 58
25 59
25 60
25 61
25 64
25 65
25 66
25 67
25 68
25 71
25 74
25 76
25 77
25 79
25 84
25 86
25 87
25 88
25 89
25 91
25 92
25 95
25 99
25 101
25 102
25 103
25 106
25 107
25 115
25 117
25 118
25 119
25 121
25 124
25 128
25 129
25 130
25 131
25 133
25 134
25 136
25 137
25 138
25 139
25 144
25 145
25 146
25 150
25 153
25 154
25 157
25 158
25 161
26 27
26 28
26 29
26 30
26 31
26 32
26 33
26 35
26 36
26 37
26 39
26 40
26 42
26 43
26 44
26 45
26 46
26 47
26 48
26 49
26 50
26 51
26 55
26 56
26 58
26 59
26 60
26 61
26 62
26 64
26 66
26 67
26 68
26 70
26 72
26 73
26 74
26 75
26 77
26 78
26 79
26 80
26 81
26 82
26 83
26 84
26 85
26 87
26 88
26 89
26 92
26 94
26 97
26 100
26 101
26 102
26 103
26 104
26 105
26 106
26 107
26 108
26 109
26 111
26 112
26 113
26 114
26 115
26 117
26 118
26 119
26 121
26 122
26 127
26 128
26 129
26 130
26 131
26 132
26 133
26 134
26 136
26 137
26 138
26 139
26 140
26 141
26 142
26 143
26 146
26 147
26 148
26 149
26 150
26 151
26 152
26 153
26 154
26 155
26 158
26 160
26 161
27 30
27 39
27 40
27 42
27 49
27 51
27 66
27 67
27 68
27 73
27 74
27 75
27 78
27 79
27 88
27 93
27 95
27 98
27 106
27 108
27 109
27 111
27 113
27 114
27 115
27 119
27 120
27 126
27 137
27 138
27 139
27 142
27 152
27 153
27 159
28 30
28 34
28 35
28 36
28 38
28 39
28 40
28 46
28 49
28 50
28 51
28 55
28 56
28 58
28 59
28 63
28 67
28 68
28 70
28 71
28 73
28 74
28 79
28 80
28 84
28 87
28 89
28 92
28 93
28 96
28 106
28 107
28 108
28 110
28 113
28 114
28 118
28 123
28 128
28 129
28 130
28 131
28 133
28 134
28 135
28 137
28 138
28 141
28 145
28 147
28 151
28 152
28 154
28 158
29 31
29 35
29 36
29 39
29 40
29 44
29 52
29 54
29 56
29 57
29 58
29 61
29 62
29 66
29 67
29 68
29 71
29 72
29 73
29 74
29 79
29 80
29 84
29 87
29 89
29 101
29 102
29 103
29 106
29 111
29 114
29 115
29 116
29 117
29 118
29 126
29 131
29 136
29 138
29 141
29 142
29 145
29 147
29 149
29 158
30 31
30 32
30 33
30 35
30 36
30 37
30 38
30 41
30 42
30 43
30 45
30 46
30 49
30 50
30 51
30 52
30 54
30 56
30 59
30 60
30 61
30 62
30 63
30 64
30 65
30 66
30 69
30 70
30 71
30 72
30 73
30 74
30 75
30 76
30 77
30 79
30 80
30 82
30 85
30 86
30 88
30 92
30 93
30 94
30 95
30 96
30 97
30 101
30 102
30 104
30 105
30 106
30 107
30 108
30 109
30 110
30 112
30 113
30 114
30 115
30 116
30 117
30 120
30 122
30 125
30 126
30 127
30 131
30 133
30 134
30 137
30 138
30 139
30 140
30 141
30 142
30 143
30 147
30 151
30 152
30 153
30 154
30 155
30 157
30 158
30 159
30 161
31 32
31 34
31 35
31 36
31 37
31 38
31 40
31 41
31 42
31 43
31 44
31 45
31 49
31 50
31 51
31 52
31 53
31 54
31 55
31 56
31 57
31 63
31 64
31 65
31 68
31 69
31 70
31 71
31 72
31 73
31 75
31 77
31 78
31 79
31 82
31 84
31 85
31 88
31 89
31 90
31 91
31 92
31 93
31 96
31 97
31 98
31 99
31 100
31 102
31 103
31 105
31 106
31 107
31 108
31 109
31 110
31 111
31 112
31 114
31 115
31 117
31 118
31 120
31 125
31 126
31 128
31 129
31 130
31 131
31 133
31 134
31 136
31 137
31 138
31 139
31 141
31 142
31 143
31 144
31 145
31 146
31 147
31 149
31 150
31 151
31 152
31 153
31 154
31 155
31 157
31 158
31 159
31 161
32 35
32 36
32 37
32 38
32 40
32 42
32 43
32 45
32 46
32 47
32 49
32 51
32 52
32 53
32 54
32 55
32 56
32 58
32 63
32 64
32 65
32 66
32 67
32 68
32 69
32 70
32 72
32 73
32 74
32 75
32 76
32 77
32 79
32 85
32 86
32 87
32 88
32 89
32 92
32 93
32 94
32 97
32 99
32 101
32 102
32 103
32 104
32 105
32 108
32 109
32 111
32 112
32 113
32 115
32 116
32 118
32 125
32 128
32 129
32 131
32 132
32 133
32 134
32 136
32 137
32 138
32 139
32 140
32 141
32 146
32 147
32 149
32 150
32 151
32 153
32 154
32 155
32 156
32 157
32 160
32 161
33 35
33 36
33 40
33 41
33 53
33 59
33 63
33 73
33 74
33 75
33 77
33 82
33 87
33 88
33 89
33 97
33 100
33 105
33 108
33 109
33 112
33 114
33 118
33 126
33 138
33 139
33 146
33 147
33 148
33 150
33 151
33 152
33 154
33 161
34 36
34 38
34 39
34 40
34 45
34 46
34 50
34 53
34 54
34 55
34 56
34 60
34 64
34 65
34 66
34 68
34 69
34 70
34 71
34 72
34 73
34 74
34 75
34 77
34 78
34 79
34 80
34 84
34 86
34 92
34 93
34 94
34 97
34 98
34 99
34 101
34 102
34 103
34 104
34 106
34 111
34 114
34 115
34 116
34 117
34 118
34 121
34 122
34 125
34 128
34 131
34 133
34 134
34 135
34 136
34 138
34 141
34 142
34 146
34 147
34 149
34 150
34 151
34 152
34 154
34 157
35 36
35 37
35 38
35 40
35 42
35 43
35 45
35 46
35 49
35 51
35 53
35 54
35 55
35 56
35 58
35 63
35 65
35 67
35 68
35 69
35 71
35 72
35 73
35 74
35 75
35 79
35 80
35 81
35 82
35 83
35 84
35 87
35 88
35 89
35 92
35 93
35 94
35 95
35 96
35 97
35 98
35 99
35 100
35 101
35 105
35 107
35 108
35 109
35 111
35 112
35 113
35 115
35 116
35 117
35 123
35 124
35 126
35 129
35 130
35 131
35 133
35 134
35 135
35 136
35 137
35 138
35 141
35 142
35 143
35 145
35 147
35 149
35 151
35 152
35 153
35 154
35 158
35 159
35 160
35 161
36 37
36 38
36 39
36 42
36 44
36 45
36 46
36 48
36 49
36 50
36 51
36 53
36 54
36 55
36 57
36 58
36 59
36 61
36 63
36 64
36 65
36 66
36 67
36 68
36 69
36 70
36 71
36 72
36 73
36 74
36 75
36 76
36 79
36 80
36 84
36 85
36 86
36 87
36 88
36 92
36 93
36 94
36 96
36 101
36 103
36 105
36 106
36 108
36 109
36 111
36 113
36 115
36 117
36 118
36 120
36 122
36 125
36 126
36 127
36 128
36 129
36 131
36 133
36 137
36 138
36 139
36 143
36 146
36 147
36 150
36 152
36 154
36 156
36 157
36 158
37 38
37 40
37 42
37 43
37 45
37 48
37 50
37 51
37 54
37 56
37 58
37 64
37 67
37 68
37 69
37 70
37 74
37 77
37 79
37 80
37 84
37 86
37 89
37 91
37 92
37 94
37 96
37 97
37 98
37 99
37 100
37 101
37 102
37 103
37 105
37 106
37 108
37 111
37 112
37 113
37 115
37 117
37 118
37 119
37 126
37 128
37 129
37 130
37 131
37 133
37 135
37 136
37 137
37 138
37 139
37 140
37 141
37 142
37 143
37 146
37 150
37 151
37 152
37 154
37 158
38 39
38 40
38 42
38 44
38 45
38 46
38 49
38 50
38 51
38 54
38 56
38 58
38 59
38 61
38 63
38 64
38 65
38 66
38 67
38 68
38 71
38 73
38 74
38 75
38 76
38 77
38 78
38 79
38 80
38 82
38 83
38 84
38 85
38 86
38 88
38 89
38 92
38 94
38 96
38 97
38 101
38 102
38 105
38 106
38 107
38 109
38 112
38 113
38 115
38 116
38 117
38 120
38 121
38 125
38 126
38 129
38 130
38 133
38 134
38 135
38 136
38 137
38 138
38 139
38 142
38 143
38 147
38 148
38 149
38 151
38 152
38 153
38 154
38 157
38 158
39 44
39 49
39 51
39 55
39 56
39 59
39 61
39 66
39 68
39 70
39 71
39 72
39 78
39 79
39 80
39 81
39 82
39 84
39 87
39 89
39 90
39 91
39 96
39 97
39 101
39 102
39 106
39 108
39 109
39 111
39 112
39 113
39 114
39 116
39 117
39 118
39 125
39 129
39 130
39 131
39 133
39 137
39 138
39 139
39 146
39 150
39 151
39 153
39 155
39 157
39 158
39 161
40 42
40 44
40 46
40 47
40 48
40 50
40 51
40 52
40 53
40 54
40 55
40 56
40 58
40 59
40 60
40 62
40 63
40 64
40 65
40 66
40 67
40 68
40 70
40 71
40 72
40 73
40 74
40 75
40 76
40 79
40 80
40 81
40 83
40 84
40 85
40 86
40 87
40 89
40 90
40 91
40 92
40 93
40 96
40 97
40 98
40 100
40 101
40 102
40 103
40 105
40 107
40 108
40 109
40 111
40 114
40 115
40 116
40 117
40 118
40 119
40 120
40 125
40 127
40 129
40 130
40 131
40 132
40 133
40 134
40 135
40 136
40 137
40 138
40 141
40 142
40 143
40 144
40 145
40 146
40 147
40 148
40 149
40 150
40 151
40 152
40 153
40 157
40 159
40 160
41 51
41 54
41 64
41 70
41 72
41 74
41 87
41 94
41 99
41 101
41 102
41 106
41 118
41 131
41 137
41 145
41 146
41 151
41 153
41 157
41 158
42 43
42 44
42 45
42 48
42 49
42 50
42 51
42 52
42 59
42 61
42 62
42 69
42 71
42 72
42 73
42 74
42 75
42 79
42 84
42 86
42 87
42 89
42 92
42 93
42 94
42 96
42 100
42 102
42 106
42 108
42 112
42 113
42 114
42 116
42 117
42 118
42 120
42 122
42 127
42 131
42 133
42 134
42 139
42 141
42 145
42 146
42 147
42 154
42 155
42 158
42 159
42 161
43 46
43 49
43 50
43 51
43 56
43 57
43 58
43 61
43 64
43 65
43 67
43 69
43 71
43 72
43 73
43 74
43 75
43 77
43 79
43 83
43 88
43 90
43 92
43 93
43 94
43 98
43 100
43 101
43 102
43 104
43 106
43 108
43 109
43 111
43 113
43 114
43 117
43 122
43 123
43 125
43 127
43 129
43 130
43 131
43 133
43 134
43 141
43 142
43 143
43 146
43 147
43 149
43 150
43 152
43 154
43 155
43 157
43 158
43 159
43 160
43 161
44 45
44 46
44 49
44 50
44 51
44 52
44 53
44 54
44 56
44 57
44 59
44 63
44 64
44 65
44 67
44 68
44 69
44 72
44 73
44 74
44 79
44 83
44 86
44 87
44 88
44 89
44 91
44 94
44 95
44 96
44 97
44 101
44 102
44 105
44 106
44 107
44 108
44 109
44 110
44 111
44 112
44 113
44 114
44 115
44 116
44 117
44 118
44 119
44 121
44 124
44 129
44 131
44 133
44 135
44 137
44 138
44 139
44 140
44 141
44 142
44 145
44 146
44 150
44 151
44 152
44 153
44 154
44 158
44 161
45 46
45 47
45 50
45 51
45 54
45 55
45 57
45 58
45 59
45 63
45 64
45 65
45 66
45 67
45 69
45 70
45 71
45 72
45 73
45 76
45 77
45 79
45 80
45 83
45 84
45 85
45 86
45 88
45 89
45 90
45 91
45 92
45 93
45 94
45 95
45 96
45 97
45 98
45 100
45 101
45 102
45 104
45 105
45 106
45 107
45 108
45 112
45 113
45 114
45 115
45 116
45 117
45 118
45 121
45 125
45 126
45 128
45 129
45 130
45 131
45 134
45 135
45 136
45 138
45 139
45 140
45 141
45 142
45 143
45 145
45 146
45 147
45 148
45 150
45 151
45 153
45 157
45 159
45 160
45 161
46 48
46 49
46 51
46 54
46 55
46 56
46 59
46 60
46 61
46 64
46 67
46 68
46 69
46 70
46 72
46 73
46 74
46 75
46 77
46 83
46 86
46 87
46 92
46 93
46 97
46 99
46 100
46 102
46 104
46 106
46 109
46 111
46 113
46 115
46 117
46 118
46 125
46 126
46 129
46 131
46 133
46 134
46 135
46 136
46 137
46 138
46 139
46 142
46 143
46 145
46 146
46 147
46 149
46 151
46 154
46 156
46 157
46 158
47 54
47 63
47 68
47 70
47 73
47 74
47 75
47 77
47 84
47 93
47 102
47 106
47 107
47 109
47 113
47 115
47 118
47 126
47 133
47 136
47 139
47 141
47 146
47 153
47 154
47 161
48 50
48 51
48 54
48 56
48 57
48 62
48 65
48 67
48 68
48 69
48 70
48 77
48 87
48 93
48 100
48 105
48 131
48 133
48 137
48 139
48 142
48 151
48 154
48 155
48 158
48 161
49 50
49 51
49 54
49 55
49 57
49 59
49 61
49 64
49 65
49 66
49 67
49 68
49 69
49 70
49 71
49 72
49 73
49 74
49 75
49 76
49 79
49 81
49 82
49 83
49 84
49 86
49 87
49 89
49 91
49 92
49 94
49 95
49 96
49 98
49 99
49 101
49 102
49 104
49 105
49 106
49 107
49 108
49 109
49 112
49 113
49 115
49 116
49 117
49 119
49 122
49 123
49 124
49 125
49 128
49 130
49 131
49 132
49 133
49 134
49 135
49 136
49 137
49 138
49 139
49 141
49 142
49 145
49 146
49 147
49 149
49 150
49 151
49 152
49 154
49 157
49 158
49 159
49 160
50 52
50 54
50 56
50 58
50 60
50 64
50 65
50 66
50 67
50 69
50 71
50 72
50 73
50 74
50 75
50 76
50 77
50 81
50 84
50 85
50 88
50 89
50 91
50 94
50 98
50 99
50 100
50 101
50 102
50 103
50 105
50 106
50 107
50 108
50 112
50 114
50 115
50 116
50 117
50 118
50 119
50 122
50 123
50 125
50 126
50 129
50 130
50 131
50 133
50 136
50 139
50 146
50 147
50 148
50 149
50 150
50 151
50 152
50 153
50 154
50 155
50 159
50 160
50 161
51 52
51 54
51 55
51 56
51 58
51 59
51 61
51 62
51 63
51 64
51 68
51 69
51 72
51 73
51 74
51 75
51 77
51 79
51 80
51 81
51 82
51 86
51 87
51 88
51 89
51 90
51 91
51 92
51 95
51 97
51 98
51 100
51 101
51 102
51 103
51 105
51 106
51 108
51 110
51 111
51 113
51 115
51 116
51 117
51 118
51 119
51 125
51 126
51 127
51 130
51 131
51 132
51 133
51 134
51 135
51 136
51 137
51 138
51 139
51 140
51 141
51 142
51 143
51 145
51 146
51 147
51 148
51 149
51 151
51 152
51 153
51 154
51 157
51 159
51 161
52 54
52 56
52 58
52 64
52 66
52 67
52 68
52 69
52 70
52 71
52 73
52 74
52 75
52 77
52 78
52 79
52 84
52 89
52 93
52 95
52 96
52 99
52 100
52 101
52 102
52 105
52 106
52 107
52 108
52 109
52 112
52 113
52 114
52 115
52 116
52 117
52 126
52 128
52 129
52 131
52 136
52 137
52 139
52 140
52 142
52 145
52 146
52 150
52 152
52 153
52 154
52 157
52 161
53 57
53 59
53 61
53 62
53 63
53 65
53 66
53 67
53 68
53 71
53 72
53 79
53 87
53 89
53 93
53 96
53 97
53 103
53 106
53 108
53 109
53 112
53 113
53 114
53 115
53 117
53 118
53 129
53 131
53 133
53 137
53 138
53 145
53 146
53 147
53 152
53 154
53 155
53 158
53 159
53 160
54 55
54 56
54 58
54 59
54 60
54 61
54 64
54 65
54 66
54 67
54 68
54 69
54 70
54 73
54 74
54 75
54 76
54 77
54 79
54 81
54 83
54 84
54 85
54 87
54 88
54 89
54 91
54 92
54 94
54 98
54 99
54 100
54 101
54 102
54 103
54 104
54 105
54 106
54 107
54 108
54 109
54 110
54 111
54 112
54 113
54 114
54 116
54 117
54 118
54 124
54 125
54 127
54 129
54 130
54 131
54 132
54 133
54 134
54 136
54 137
54 138
54 139
54 140
54 141
54 142
54 145
54 146
54 147
54 148
54 150
54 152
54 153
54 154
54 155
54 157
54 158
54 161
55 56
55 57
55 58
55 59
55 61
55 62
55 63
55 65
55 66
55 69
55 70
55 71
55 72
55 73
55 74
55 75
55 77
55 79
55 81
55 83
55 88
55 89
55 92
55 93
55 94
55 98
55 99
55 101
55 102
55 103
55 104
55 105
55 108
55 110
55 111
55 112
55 115
55 117
55 125
55 129
55 130
55 133
55 136
55 137
55 142
55 145
55 146
55 147
55 149
55 150
55 152
55 157
55 158
55 159
55 161
56 57
56 60
56 61
56 63
56 64
56 65
56 66
56 67
56 69
56 70
56 71
56 73
56 74
56 75
56 77
56 79
56 80
56 81
56 83
56 87
56 88
56 89
56 91
56 92
56 94
56 97
56 99
56 101
56 103
56 104
56 106
56 107
56 108
56 109
56 110
56 112
56 114
56 117
56 119
56 121
56 123
56 124
56 125
56 126
56 127
56 129
56 131
56 133
56 134
56 135
56 136
56 137
56 138
56 141
56 142
56 143
56 144
56 146
56 150
56 151
56 152
56 153
56 154
56 157
56 158
56 159
56 161
57 65
57 67
57 68
57 69
57 71
57 72
57 74
57 77
57 90
57 91
57 94
57 102
57 106
57 108
57 109
57 112
57 113
57 129
57 133
57 138
57 139
57 149
57 152
57 157
57 158
57 160
58 61
58 64
58 65
58 67
58 69
58 70
58 71
58 72
58 73
58 74
58 76
58 78
58 79
58 80
58 82
58 84
58 85
58 86
58 87
58 88
58 91
58 92
58 93
58 94
58 95
58 97
58 100
58 101
58 102
58 103
58 106
58 108
58 109
58 110
58 113
58 114
58 115
58 116
58 117
58 118
58 119
58 125
58 127
58 129
58 130
58 131
58 132
58 133
58 137
58 138
58 139
58 145
58 146
58 147
58 149
58 150
58 152
58 153
58 154
58 155
58 157
58 158
58 159
59 62
59 64
59 65
59 67
59 70
59 71
59 72
59 73
59 74
59 75
59 77
59 79
59 80
59 84
59 85
59 89
59 93
59 101
59 102
59 103
59 104
59 106
59 109
59 113
59 114
59 115
59 117
59 118
59 121
59 130
59 133
59 137
59 139
59 140
59 142
59 143
59 147
59 148
59 149
59 150
59 158
59 159
59 160
59 161
60 61
60 68
60 74
60 88
60 89
60 97
60 106
60 109
60 111
60 118
60 124
60 130
60 138
60 142
60 155
60 159
61 64
61 65
61 66
61 67
61 68
61 72
61 73
61 79
61 81
61 83
61 86
61 88
61 89
61 91
61 97
61 99
61 102
61 105
61 109
61 110
61 113
61 114
61 116
61 117
61 118
61 125
61 127
61 128
61 129
61 131
61 133
61 134
61 137
61 138
61 139
61 141
61 145
61 147
61 150
61 151
61 158
61 159
62 64
62 65
62 66
62 68
62 69
62 70
62 71
62 73
62 79
62 82
62 89
62 93
62 96
62 97
62 98
62 102
62 104
62 105
62 106
62 109
62 110
62 112
62 113
62 114
62 115
62 118
62 131
62 137
62 139
62 140
62 144
62 145
62 147
62 148
62 150
62 152
62 154
63 65
63 66
63 68
63 69
63 70
63 71
63 72
63 74
63 75
63 76
63 78
63 79
63 80
63 81
63 83
63 84
63 86
63 87
63 88
63 89
63 90
63 92
63 94
63 96
63 97
63 98
63 101
63 102
63 104
63 105
63 106
63 107
63 108
63 109
63 111
63 114
63 115
63 116
63 117
63 120
63 121
63 126
63 129
63 131
63 133
63 134
63 136
63 137
63 138
63 139
63 141
63 142
63 143
63 147
63 149
63 150
63 151
63 153
63 154
63 155
63 158
64 65
64 66
64 67
64 68
64 69
64 70
64 71
64 72
64 74
64 75
64 76
64 77
64 79
64 80
64 82
64 83
64 84
64 87
64 89
64 91
64 92
64 94
64 97
64 98
64 99
64 100
64 101
64 103
64 105
64 106
64 107
64 108
64 109
64 110
64 111
64 112
64 113
64 114
64 115
64 116
64 117
64 118
64 120
64 121
64 123
64 125
64 126
64 127
64 128
64 129
64 131
64 133
64 134
64 136
64 137
64 138
64 140
64 141
64 142
64 146
64 148
64 149
64 150
64 151
64 152
64 154
64 155
64 156
64 158
64 159
64 160
64 161
65 66
65 67
65 68
65 69
65 70
65 71
65 73
65 74
65 75
65 76
65 79
65 81
65 83
65 84
65 86
65 88
65 89
65 93
65 94
65 97
65 99
65 100
65 101
65 102
65 104
65 105
65 108
65 109
65 111
65 112
65 113
65 114
65 115
65 116
65 117
65 118
65 120
65 124
65 125
65 130
65 131
65 132
65 133
65 134
65 135
65 136
65 137
65 138
65 139
65 140
65 141
65 142
65 143
65 145
65 146
65 147
65 148
65 149
65 152
65 153
65 154
65 160
65 161
66 67
66 68
66 69
66 70
66 71
66 72
66 79
66 83
66 84
66 86
66 87
66 88
66 89
66 92
66 94
66 97
66 99
66 100
66 102
66 103
66 105
66 106
66 108
66 109
66 111
66 112
66 113
66 114
66 115
66 116
66 118
66 122
66 125
66 129
66 133
66 134
66 137
66 138
66 139
66 145
66 147
66 148
66 150
66 151
66 153
66 154
66 155
66 156
66 157
66 158
66 159
66 160
66 161
67 68
67 69
67 70
67 71
67 72
67 73
67 74
67 75
67 76
67 77
67 79
67 80
67 81
67 82
67 83
67 85
67 87
67 88
67 89
67 90
67 91
67 93
67 94
67 96
67 97
67 100
67 102
67 103
67 105
67 107
67 108
67 109
67 110
67 111
67 112
67 113
67 114
67 115
67 118
67 119
67 126
67 127
67 129
67 130
67 133
67 134
67 135
67 136
67 137
67 138
67 139
67 141
67 142
67 143
67 145
67 146
67 147
67 148
67 149
67 150
67 151
67 152
67 153
67 154
67 155
67 159
67 161
68 69
68 70
68 72
68 73
68 75
68 77
68 78
68 79
68 80
68 82
68 84
68 87
68 89
68 90
68 91
68 92
68 93
68 94
68 96
68 97
68 98
68 99
68 100
68 101
68 102
68 103
68 104
68 105
68 106
68 107
68 108
68 109
68 111
68 112
68 115
68 117
68 118
68 125
68 128
68 129
68 130
68 131
68 132
68 133
68 134
68 135
68 136
68 137
68 138
68 139
68 140
68 141
68 142
68 143
68 145
68 147
68 148
68 149
68 150
68 151
68 154
68 155
68 156
68 157
68 158
68 160
68 161
69 70
69 72
69 73
69 74
69 75
69 77
69 79
69 80
69 82
69 84
69 85
69 86
69 87
69 88
69 90
69 91
69 92
69 94
69 99
69 100
69 102
69 103
69 104
69 105
69 106
69 107
69 109
69 111
69 112
69 113
69 114
69 115
69 116
69 117
69 118
69 123
69 124
69 125
69 127
69 129
69 131
69 133
69 134
69 135
69 137
69 138
69 139
69 142
69 145
69 146
69 147
69 148
69 151
69 152
69 154
69 157
69 158
69 159
69 160
69 161
70 71
70 72
70 73
70 74
70 75
70 76
70 78
70 79
70 81
70 83
70 84
70 85
70 86
70 87
70 89
70 91
70 92
70 93
70 94
70 95
70 96
70 99
70 100
70 101
70 102
70 103
70 104
70 105
70 106
70 107
70 108
70 109
70 110
70 111
70 112
70 113
70 114
70 115
70 117
70 118
70 124
70 125
70 126
70 129
70 130
70 131
70 132
70 133
70 134
70 135
70 137
70 139
70 140
70 141
70 142
70 146
70 147
70 148
70 149
70 150
70 151
70 152
70 153
70 154
70 157
70 158
70 159
70 161
71 73
71 74
71 75
71 79
71 80
71 83
71 84
71 85
71 86
71 88
71 89
71 90
71 91
71 92
71 94
71 95
71 96
71 97
71 98
71 100
71 101
71 103
71 105
71 106
71 107
71 108
71 109
71 111
71 113
71 114
71 115
71 116
71 117
71 118
71 124
71 125
71 126
71 127
71 129
71 130
71 131
71 132
71 136
71 137
71 138
71 139
71 141
71 142
71 143
71 145
71 146
71 147
71 149
71 150
71 152
71 153
71 154
71 157
71 158
71 159
71 160
71 161
72 73
72 74
72 75
72 77
72 80
72 83
72 84
72 85
72 86
72 87
72 88
72 89
72 91
72 92
72 93
72 94
72 95
72 97
72 100
72 101
72 102
72 103
72 104
72 105
72 106
72 107
72 108
72 109
72 110
72 111
72 112
72 113
72 114
72 115
72 117
72 118
72 119
72 120
72 123
72 127
72 129
72 131
72 133
72 134
72 136
72 137
72 138
72 139
72 140
72 141
72 142
72 145
72 146
72 147
72 148
72 150
72 151
72 152
72 153
72 155
72 156
72 157
72 158
72 159
72 160
72 161
73 74
73 75
73 76
73 77
73 80
73 83
73 84
73 85
73 87
73 89
73 92
73 94
73 95
73 97
73 101
73 105
73 106
73 107
73 113
73 114
73 115
73 116
73 117
73 118
73 119
73 121
73 124
73 125
73 126
73 127
73 129
73 130
73 132
73 134
73 135
73 136
73 137
73 139
73 140
73 141
73 142
73 143
73 146
73 147
73 149
73 151
73 152
73 154
73 156
73 157
73 158
73 161
74 75
74 76
74 77
74 79
74 80
74 81
74 82
74 84
74 86
74 87
74 88
74 89
74 92
74 93
74 94
74 95
74 97
74 101
74 102
74 103
74 104
74 105
74 106
74 107
74 108
74 109
74 110
74 111
74 112
74 113
74 114
74 115
74 116
74 117
74 118
74 119
74 120
74 121
74 125
74 126
74 128
74 129
74 130
74 131
74 132
74 133
74 134
74 135
74 137
74 138
74 139
74 140
74 142
74 143
74 145
74 146
74 147
74 150
74 151
74 152
74 153
74 154
74 158
74 159
74 160
74 161
75 76
75 80
75 82
75 83
75 84
75 86
75 89
75 92
75 93
75 94
75 96
75 101
75 103
75 106
75 107
75 109
75 110
75 114
75 115
75 116
75 117
75 118
75 119
75 125
75 129
75 130
75 131
75 134
75 135
75 136
75 138
75 139
75 141
75 142
75 145
75 147
75 148
75 150
75 151
75 153
75 154
75 158
75 160
75 161
76 77
76 79
76 80
76 85
76 89
76 94
76 97
76 98
76 101
76 102
76 103
76 105
76 106
76 107
76 108
76 109
76 112
76 113
76 115
76 116
76 118
76 125
76 126
76 129
76 131
76 133
76 134
76 138
76 139
76 142
76 146
76 148
76 150
76 152
76 154
76 156
76 157
76 158
76 161
77 79
77 81
77 82
77 83
77 93
77 94
77 97
77 98
77 99
77 100
77 101
77 102
77 103
77 104
77 106
77 108
77 109
77 110
77 112
77 113
77 114
77 115
77 116
77 118
77 119
77 121
77 123
77 125
77 127
77 129
77 133
77 134
77 136
77 138
77 139
77 140
77 142
77 143
77 145
77 146
77 147
77 148
77 150
77 153
77 155
77 156
77 157
77 158
77 160
77 161
78 97
78 99
78 105
78 113
78 115
78 117
78 125
78 131
78 137
78 138
78 147
78 152
78 157
78 158
79 80
79 83
79 86
79 88
79 89
79 91
79 94
79 95
79 96
79 97
79 99
79 100
79 101
79 102
79 103
79 104
79 105
79 106
79 107
79 108
79 109
79 111
79 112
79 113
79 114
79 115
79 116
79 119
79 122
79 125
79 126
79 127
79 128
79 129
79 130
79 131
79 133
79 134
79 135
79 138
79 140
79 142
79 143
79 145
79 146
79 148
79 149
79 150
79 151
79 152
79 153
79 154
79 155
79 156
79 157
79 158
79 159
79 160
80 82
80 84
80 86
80 89
80 90
80 91
80 92
80 94
80 95
80 97
80 101
80 103
80 104
80 106
80 107
80 109
80 111
80 112
80 113
80 114
80 115
80 117
80 121
80 127
80 129
80 130
80 131
80 133
80 134
80 136
80 137
80 138
80 139
80 141
80 142
80 147
80 149
80 150
80 152
80 154
80 157
80 158
80 160
80 161
81 83
81 87
81 89
81 91
81 92
81 94
81 96
81 100
81 101
81 102
81 105
81 109
81 110
81 113
81 114
81 116
81 125
81 129
81 136
81 138
81 143
81 144
81 145
81 147
81 151
81 152
81 153
81 160
82 84
82 85
82 88
82 95
82 97
82 98
82 101
82 103
82 112
82 113
82 115
82 117
82 118
82 124
82 125
82 129
82 133
82 141
82 143
82 146
82 149
82 152
82 158
82 160
82 161
83 84
83 86
83 87
83 89
83 90
83 92
83 93
83 94
83 95
83 97
83 100
83 102
83 104
83 105
83 106
83 107
83 108
83 109
83 110
83 112
83 113
83 115
83 116
83 118
83 125
83 128
83 129
83 131
83 133
83 134
83 137
83 138
83 139
83 141
83 142
83 146
83 147
83 148
83 149
83 150
83 154
83 159
83 160
83 161
84 86
84 87
84 88
84 91
84 92
84 93
84 94
84 95
84 97
84 98
84 101
84 103
84 105
84 106
84 109
84 116
84 117
84 122
84 125
84 126
84 129
84 131
84 133
84 134
84 135
84 137
84 138
84 142
84 146
84 147
84 151
84 152
84 154
84 157
84 158
84 159
85 86
85 91
85 94
85 95
85 97
85 101
85 102
85 105
85 106
85 107
85 108
85 112
85 125
85 133
85 135
85 138
85 139
85 143
85 145
85 152
85 153
85 157
85 161
86 89
86 90
86 91
86 93
86 94
86 98
86 100
86 101
86 103
86 105
86 106
86 107
86 108
86 109
86 114
86 115
86 119
86 130
86 131
86 133
86 134
86 136
86 141
86 143
86 147
86 149
86 150
86 152
86 154
86 155
86 156
86 158
87 88
87 89
87 91
87 92
87 97
87 100
87 101
87 102
87 105
87 107
87 108
87 109
87 112
87 113
87 114
87 115
87 116
87 117
87 118
87 125
87 128
87 129
87 130
87 131
87 133
87 134
87 137
87 139
87 142
87 145
87 147
87 148
87 150
87 152
87 154
87 157
87 158
87 161
88 92
88 93
88 94
88 97
88 99
88 105
88 106
88 109
88 111
88 114
88 115
88 117
88 119
88 121
88 125
88 126
88 130
88 131
88 132
88 133
88 134
88 137
88 140
88 141
88 142
88 146
88 147
88 149
88 150
88 151
88 152
88 153
88 154
88 157
88 158
88 160
89 93
89 94
89 95
89 98
89 99
89 100
89 103
89 105
89 107
89 109
89 110
89 111
89 112
89 113
89 114
89 115
89 116
89 117
89 118
89 121
89 124
89 125
89 128
89 129
89 131
89 133
89 134
89 137
89 138
89 139
89 140
89 141
89 142
89 143
89 145
89 146
89 147
89 150
89 151
89 152
89 153
89 154
89 155
89 156
89 157
89 158
89 159
89 160
89 161
90 94
90 102
90 106
90 107
90 108
90 114
90 115
90 116
90 117
90 118
90 119
90 128
90 133
90 137
90 138
90 141
90 145
90 147
90 149
90 150
90 151
90 154
90 155
90 158
91 98
91 99
91 100
91 102
91 103
91 108
91 111
91 112
91 117
91 118
91 123
91 125
91 126
91 130
91 131
91 138
91 142
91 147
91 149
91 150
91 154
91 157
92 95
92 97
92 106
92 107
92 108
92 112
92 113
92 114
92 117
92 124
92 125
92 127
92 129
92 131
92 132
92 133
92 134
92 135
92 137
92 141
92 142
92 145
92 146
92 147
92 150
92 154
92 158
92 159
92 160
92 161
93 95
93 96
93 97
93 99
93 101
93 102
93 103
93 106
93 107
93 110
93 111
93 112
93 114
93 115
93 118
93 119
93 125
93 127
93 130
93 131
93 134
93 137
93 138
93 139
93 142
93 146
93 147
93 151
93 154
94 95
94 96
94 97
94 98
94 99
94 101
94 102
94 103
94 106
94 108
94 109
94 112
94 114
94 115
94 116
94 117
94 118
94 120
94 123
94 124
94 125
94 126
94 127
94 129
94 131
94 133
94 134
94 136
94 137
94 138
94 139
94 142
94 143
94 145
94 147
94 148
94 149
94 150
94 151
94 152
94 153
94 154
94 157
94 158
94 159
94 161
95 96
95 101
95 109
95 112
95 115
95 125
95 129
95 131
95 133
95 135
95 138
95 141
95 142
95 147
95 154
96 97
96 99
96 101
96 102
96 106
96 111
96 112
96 113
96 131
96 137
96 138
96 139
96 142
96 147
96 150
96 159
96 160
96 161
97 99
97 101
97 102
97 105
97 106
97 109
97 110
97 112
97 113
97 114
97 115
97 116
97 117
97 118
97 119
97 120
97 124
97 128
97 129
97 130
97 132
97 133
97 134
97 135
97 137
97 138
97 139
97 141
97 142
97 143
97 144
97 145
97 146
97 147
97 148
97 149
97 151
97 152
97 153
97 154
97 157
97 158
97 159
97 160
98 99
98 101
98 106
98 107
98 109
98 110
98 111
98 112
98 114
98 115
98 116
98 118
98 124
98 128
98 131
98 133
98 135
98 136
98 137
98 138
98 142
98 143
98 146
98 147
98 150
98 151
98 154
98 155
98 157
99 100
99 101
99 105
99 107
99 108
99 109
99 110
99 113
99 114
99 116
99 117
99 118
99 120
99 124
99 127
99 129
99 130
99 133
99 134
99 136
99 137
99 138
99 142
99 143
99 145
99 146
99 148
99 149
99 150
99 151
99 152
99 154
99 155
99 157
99 161
100 101
100 103
100 106
100 107
100 108
100 109
100 114
100 117
100 118
100 129
100 131
100 135
100 137
100 138
100 139
100 141
100 142
100 150
100 151
100 153
100 154
100 156
100 159
101 102
101 103
101 104
101 105
101 106
101 107
101 108
101 109
101 110
101 111
101 113
101 114
101 115
101 116
101 118
101 125
101 126
101 127
101 130
101 131
101 133
101 134
101 137
101 138
101 139
101 141
101 142
101 145
101 146
101 149
101 150
101 151
101 152
101 153
101 154
101 155
101 157
101 159
101 160
101 161
102 103
102 104
102 105
102 106
102 108
102 109
102 111
102 112
102 113
102 114
102 116
102 117
102 118
102 120
102 121
102 125
102 126
102 129
102 130
102 131
102 132
102 133
102 134
102 135
102 136
102 137
102 138
102 139
102 141
102 142
102 146
102 147
102 150
102 152
102 154
102 155
102 156
102 158
102 159
102 160
102 161
103 104
103 105
103 106
103 108
103 110
103 112
103 113
103 115
103 117
103 118
103 126
103 128
103 131
103 133
103 134
103 135
103 137
103 139
103 140
103 141
103 142
103 147
103 150
103 152
103 153
103 154
103 155
103 157
103 158
104 105
104 106
104 111
104 112
104 113
104 114
104 117
104 119
104 126
104 127
104 128
104 130
104 132
104 133
104 134
104 140
104 141
104 142
104 145
104 147
104 150
104 151
104 154
104 157
104 158
104 161
105 106
105 108
105 110
105 113
105 114
105 115
105 116
105 117
105 118
105 119
105 123
105 124
105 129
105 130
105 131
105 133
105 134
105 135
105 137
105 138
105 139
105 140
105 141
105 142
105 146
105 147
105 148
105 150
105 152
105 153
105 154
105 158
105 160
105 161
106 107
106 108
106 109
106 111
106 112
106 113
106 114
106 115
106 117
106 121
106 124
106 125
106 126
106 127
106 128
106 129
106 130
106 131
106 133
106 134
106 137
106 138
106 139
106 140
106 141
106 142
106 143
106 145
106 146
106 147
106 148
106 149
106 150
106 151
106 152
106 153
106 154
106 155
106 156
106 157
106 158
106 159
106 160
106 161
107 112
107 113
107 118
107 126
107 133
107 134
107 137
107 139
107 146
107 147
107 149
107 152
107 153
107 154
107 155
107 157
107 161
108 111
108 113
108 114
108 115
108 116
108 117
108 118
108 119
108 124
108 125
108 128
108 129
108 132
108 133
108 134
108 136
108 137
108 138
108 139
108 140
108 142
108 143
108 145
108 146
108 147
108 148
108 150
108 151
108 152
108 153
108 154
108 155
108 157
108 158
108 159
108 160
108 161
109 112
109 113
109 114
109 115
109 116
109 117
109 118
109 125
109 128
109 129
109 131
109 133
109 134
109 137
109 138
109 139
109 143
109 146
109 147
109 148
109 149
109 151
109 152
109 153
109 154
109 155
109 157
109 158
109 159
109 160
109 161
110 111
110 112
110 115
110 117
110 119
110 125
110 129
110 131
110 134
110 137
110 138
110 141
110 142
110 146
110 147
110 149
110 151
110 152
110 154
110 155
110 157
110 160
110 161
111 112
111 113
111 114
111 115
111 117
111 125
111 128
111 129
111 130
111 131
111 134
111 137
111 138
111 139
111 142
111 144
111 146
111 147
111 148
111 150
111 151
111 152
111 154
111 158
111 160
112 113
112 115
112 118
112 119
112 120
112 121
112 124
112 125
112 126
112 129
112 130
112 131
112 132
112 133
112 134
112 137
112 138
112 139
112 141
112 142
112 145
112 146
112 147
112 149
112 150
112 152
112 153
112 154
112 155
112 158
112 160
113 114
113 115
113 116
113 117
113 118
113 126
113 127
113 128
113 129
113 130
113 131
113 133
113 134
113 136
113 137
113 138
113 139
113 140
113 142
113 146
113 147
113 148
113 149
113 150
113 151
113 152
113 155
113 156
113 157
113 158
113 159
113 160
114 115
114 116
114 117
114 118
114 125
114 127
114 128
114 130
114 131
114 132
114 134
114 135
114 136
114 137
114 139
114 140
114 142
114 145
114 146
114 147
114 149
114 150
114 151
114 153
114 154
114 155
114 158
114 159
114 161
115 116
115 117
115 119
115 125
115 126
115 127
115 128
115 129
115 130
115 131
115 133
115 134
115 136
115 137
115 138
115 140
115 142
115 143
115 144
115 145
115 146
115 147
115 148
115 149
115 150
115 151
115 152
115 153
115 154
115 155
115 157
115 158
115 159
115 160
115 161
116 118
116 119
116 125
116 126
116 131
116 132
116 133
116 137
116 138
116 139
116 141
116 142
116 143
116 148
116 149
116 151
116 152
116 154
116 156
116 157
116 158
116 161
117 118
117 119
117 121
117 123
117 124
117 125
117 127
117 129
117 131
117 132
117 134
117 135
117 137
117 138
117 139
117 140
117 142
117 143
117 145
117 146
117 147
117 148
117 150
117 151
117 152
117 153
117 154
117 155
117 157
117 158
117 159
117 160
117 161
118 119
118 120
118 123
118 126
118 127
118 130
118 131
118 133
118 135
118 137
118 138
118 140
118 141
118 142
118 144
118 145
118 146
118 147
118 148
118 149
118 151
118 152
118 153
118 158
118 159
118 161
119 120
119 126
119 131
119 134
119 135
119 148
119 149
119 150
119 151
119 153
119 155
120 126
120 133
120 135
120 139
120 147
120 151
120 153
120 154
120 161
121 131
121 133
121 135
121 137
121 142
121 145
121 151
121 152
121 154
122 138
122 139
122 142
122 157
122 161
123 126
123 135
123 137
123 139
123 150
123 152
124 125
124 128
124 137
124 138
124 140
124 142
124 144
124 145
124 147
124 150
124 152
124 157
125 129
125 130
125 131
125 132
125 135
125 136
125 137
125 138
125 140
125 142
125 143
125 144
125 145
125 149
125 150
125 151
125 152
125 153
125 154
125 158
126 129
126 131
126 133
126 134
126 135
126 137
126 138
126 139
126 142
126 143
126 145
126 146
126 147
126 150
126 152
126 153
126 155
126 157
126 158
126 161
127 131
127 132
127 133
127 134
127 135
127 137
127 138
127 141
127 142
127 145
127 146
127 147
127 149
127 151
127 154
127 157
127 161
128 129
128 131
128 132
128 133
128 135
128 138
128 143
128 146
128 147
128 150
128 151
128 154
128 157
129 130
129 131
129 132
129 133
129 134
129 135
129 136
129 137
129 138
129 139
129 140
129 141
129 142
129 145
129 146
129 148
129 149
129 150
129 151
129 152
129 154
129 155
129 157
129 158
129 160
130 135
130 136
130 138
130 139
130 140
130 143
130 146
130 147
130 152
130 153
130 154
130 155
130 157
130 158
130 160
130 161
131 133
131 134
131 138
131 139
131 140
131 141
131 142
131 143
131 145
131 147
131 149
131 151
131 152
131 153
131 154
131 155
131 157
131 158
131 159
131 161
132 133
132 136
132 137
132 146
132 154
132 158
133 134
133 135
133 137
133 138
133 139
133 142
133 144
133 145
133 146
133 147
133 150
133 151
133 152
133 153
133 155
133 156
133 157
133 158
133 159
133 161
134 135
134 137
134 139
134 140
134 141
134 142
134 144
134 145
134 146
134 149
134 150
134 151
134 152
134 154
134 156
134 158
134 159
134 160
134 161
135 137
135 138
135 140
135 142
135 147
135 148
135 150
135 152
135 153
135 154
135 158
135 160
136 139
136 141
136 147
136 151
136 155
136 157
136 158
137 139
137 141
137 142
137 143
137 144
137 146
137 147
137 148
137 150
137 151
137 152
137 153
137 154
137 155
137 157
137 158
137 159
137 160
137 161
138 139
138 140
138 141
138 142
138 143
138 145
138 146
138 147
138 149
138 150
138 151
138 152
138 153
138 154
138 155
138 157
138 158
138 159
138 160
138 161
139 141
139 143
139 145
139 146
139 147
139 148
139 149
139 150
139 153
139 154
139 157
139 158
139 159
139 160
139 161
140 141
140 142
140 146
140 151
140 154
140 157
140 158
140 159
141 142
141 143
141 146
141 147
141 152
141 153
141 154
141 159
141 161
142 145
142 146
142 147
142 148
142 149
142 151
142 152
142 154
142 158
142 160
143 147
143 152
143 153
143 155
143 157
143 159
143 160
143 161
144 146
144 148
144 151
144 153
144 160
145 149
145 151
145 153
145 155
145 157
145 158
146 147
146 148
146 149
146 150
146 151
146 152
146 154
146 157
146 158
146 159
146 161
147 149
147 151
147 152
147 153
147 154
147 156
147 157
147 158
147 160
147 161
148 150
148 158
148 159
148 160
149 151
149 152
149 154
149 157
149 161
150 151
150 155
150 157
150 158
150 159
150 161
151 152
151 153
151 154
151 155
151 157
151 158
151 160
151 161
152 153
152 155
152 157
152 158
152 159
152 161
153 154
153 159
153 160
153 161
154 156
154 157
154 158
154 160
154 161
155 157
156 158
157 158
157 159
157 161
158 160
158 161
160 161
