0 1
0 4
0 7
0 11
0 14
0 15
0 20
0 21
0 23
0 26
0 30
0 31
0 33
0 34
0 35
0 36
0 38
0 40
0 43
0 45
0 48
0 51
0 53
0 54
0 55
0 56
0 68
0 69
0 71
0 74
0 75
0 76
0 77
0 80
0 87
0 91
0 93
0 96
0 97
0 100
0 101
0 102
0 103
0 104
0 106
0 109
0 112
0 113
0 114
0 115
0 121
0 122
0 123
0 125
0 126
0 131
0 133
0 137
0 138
0 139
0 140
0 142
0 147
0 151
0 152
0 156
0 161
1 4
1 6
1 7
1 11
1 15
1 19
1 20
1 21
1 25
1 26
1 28
1 34
1 35
1 40
1 43
1 44
1 45
1 48
1 49
1 56
1 65
1 66
1 67
1 68
1 71
1 72
1 73
1 74
1 77
1 79
1 84
1 85
1 86
1 89
1 91
1 92
1 93
1 94
1 95
1 97
1 99
1 100
1 101
1 104
1 105
1 107
1 108
1 109
1 112
1 113
1 114
1 115
1 117
1 118
1 120
1 130
1 134
1 136
1 137
1 138
1 141
1 152
1 153
1 154
1 155
1 158
1 160
1 161
2 4
2 6
2 7
2 9
2 14
2 16
2 18
2 26
2 35
2 36
2 38
2 40
2 44
2 45
2 52
2 55
2 56
2 60
2 65
2 66
2 67
2 68
2 69
2 71
2 73
2 84
2 89
2 92
2 93
2 94
2 100
2 101
2 102
2 104
2 106
2 109
2 115
2 117
2 118
2 125
2 129
2 131
2 133
2 137
2 138
2 141
2 142
2 143
2 146
2 150
2 151
2 154
2 157
2 160
3 4
3 6
3 8
3 14
3 22
3 26
3 30
3 32
3 36
3 38
3 40
3 42
3 45
3 47
3 51
3 52
3 59
3 66
3 67
3 68
3 69
3 70
3 71
3 74
3 84
3 85
3 93
3 94
3 96
3 97
3 101
3 102
3 104
3 105
3 109
3 113
3 126
3 129
3 130
3 131
3 136
3 137
3 138
3 139
3 142
3 145
3 146
3 149
3 150
3 151
3 154
3 157
3 158
3 159
3 161
4 5
4 6
4 7
4 8
4 9
4 10
4 12
4 13
4 14
4 15
4 16
4 19
4 21
4 22
4 24
4 26
4 28
4 29
4 30
4 32
4 33
4 35
4 36
4 38
4 40
4 41
4 42
4 44
4 45
4 46
4 49
4 51
4 52
4 54
4 55
4 56
4 57
4 58
4 61
4 62
4 64
4 65
4 66
4 67
4 68
4 69
4 70
4 72
4 73
4 74
4 75
4 77
4 80
4 82
4 83
4 84
4 85
4 86
4 87
4 88
4 89
4 91
4 92
4 94
4 95
4 98
4 99
4 100
4 101
4 102
4 103
4 105
4 108
4 109
4 110
4 111
4 112
4 113
4 114
4 115
4 118
4 122
4 124
4 125
4 128
4 129
4 130
4 131
4 132
4 133
4 134
4 135
4 137
4 138
4 139
4 140
4 142
4 145
4 146
4 147
4 148
4 150
4 152
4 153
4 154
4 156
4 157
4 158
4 161
5 6
5 15
5 24
5 26
5 30
5 31
5 35
5 40
5 44
5 51
5 52
5 54
5 56
5 63
5 65
5 73
5 74
5 80
5 88
5 94
5 101
5 102
5 105
5 109
5 112
5 117
5 137
5 138
5 142
5 143
5 146
5 151
5 152
6 7
6 8
6 9
6 12
6 13
6 14
6 16
6 18
6 19
6 20
6 21
6 22
6 24
6 25
6 26
6 27
6 30
6 31
6 32
6 36
6 37
6 38
6 39
6 40
6 42
6 43
6 44
6 45
6 46
6 47
6 49
6 51
6 53
6 54
6 55
6 56
6 57
6 58
6 59
6 61
6 63
6 65
6 66
6 67
6 68
6 69
6 70
6 72
6 73
6 74
6 75
6 79
6 80
6 82
6 83
6 84
6 85
6 86
6 87
6 89
6 90
6 93
6 94
6 95
6 99
6 100
6 102
6 103
6 104
6 105
6 106
6 107
6 108
6 109
6 110
6 111
6 112
6 113
6 114
6 115
6 116
6 118
6 122
6 125
6 127
6 128
6 129
6 130
6 131
6 133
6 134
6 136
6 137
6 138
6 139
6 141
6 142
6 145
6 146
6 147
6 149
6 151
6 152
6 153
6 154
6 157
6 158
6 159
6 160
6 161
7 8
7 9
7 10
7 11
7 12
7 13
7 14
7 16
7 18
7 19
7 20
7 22
7 24
7 25
7 28
7 29
7 31
7 32
7 35
7 36
7 37
7 38
7 39
7 40
7 42
7 43
7 44
7 45
7 46
7 48
7 49
7 50
7 51
7 52
7 53
7 54
7 55
7 56
7 57
7 58
7 61
7 62
7 63
7 64
7 66
7 67
7 68
7 69
7 70
7 71
7 73
7 74
7 75
7 79
7 80
7 82
7 83
7 84
7 85
7 86
7 87
7 88
7 89
7 91
7 92
7 93
7 94
7 95
7 97
7 99
7 101
7 102
7 103
7 104
7 105
7 106
7 107
7 108
7 109
7 111
7 112
7 113
7 114
7 115
7 116
7 117
7 118
7 122
7 124
7 125
7 126
7 128
7 129
7 130
7 131
7 133
7 134
7 135
7 136
7 137
7 138
7 139
7 140
7 142
7 143
7 145
7 146
7 147
7 148
7 149
7 151
7 153
7 154
7 157
7 158
8 14
8 19
8 21
8 22
8 30
8 32
8 39
8 40
8 45
8 48
8 55
8 58
8 64
8 65
8 67
8 71
8 72
8 73
8 75
8 84
8 85
8 94
8 96
8 97
8 100
8 101
8 104
8 106
8 116
8 117
8 118
8 125
8 126
8 129
8 131
8 135
8 136
8 137
8 138
8 139
8 141
8 142
8 144
8 153
8 154
9 10
9 11
9 12
9 13
9 14
9 15
9 19
9 21
9 23
9 25
9 29
9 30
9 32
9 35
9 37
9 38
9 39
9 42
9 44
9 45
9 48
9 49
9 52
9 55
9 56
9 58
9 63
9 64
9 65
9 68
9 69
9 71
9 72
9 73
9 74
9 75
9 76
9 77
9 80
9 81
9 82
9 86
9 89
9 92
9 93
9 94
9 95
9 97
9 101
9 104
9 106
9 107
9 108
9 110
9 112
9 113
9 114
9 115
9 116
9 117
9 118
9 121
9 122
9 126
9 129
9 131
9 133
9 135
9 136
9 137
9 141
9 143
9 145
9 146
9 147
9 150
9 152
9 153
9 154
9 157
9 161
10 11
10 12
10 13
10 14
10 16
10 26
10 28
10 29
10 30
10 32
10 35
10 40
10 43
10 44
10 45
10 50
10 51
10 52
10 54
10 55
10 56
10 58
10 59
10 63
10 64
10 67
10 68
10 72
10 74
10 75
10 77
10 79
10 80
10 83
10 85
10 87
10 93
10 95
10 98
10 100
10 102
10 106
10 109
10 110
10 112
10 113
10 114
10 115
10 117
10 118
10 119
10 122
10 126
10 127
10 128
10 129
10 131
10 133
10 137
10 142
10 146
10 147
10 149
10 150
10 153
10 154
10 155
10 156
10 157
10 159
10 161
11 14
11 16
11 18
11 19
11 21
11 24
11 25
11 26
11 27
11 28
11 30
11 31
11 32
11 33
11 35
11 36
11 37
11 38
11 39
11 40
11 43
11 44
11 45
11 46
11 48
11 49
11 50
11 51
11 52
11 53
11 54
11 55
11 56
11 57
11 58
11 60
11 61
11 63
11 64
11 65
11 66
11 68
11 69
11 70
11 72
11 73
11 74
11 75
11 76
11 77
11 79
11 83
11 84
11 87
11 89
11 91
11 93
11 94
11 97
11 99
11 100
11 101
11 102
11 104
11 106
11 107
11 108
11 109
11 111
11 112
11 113
11 114
11 115
11 117
11 118
11 119
11 123
11 125
11 126
11 129
11 131
11 132
11 133
11 134
11 135
11 137
11 139
11 140
11 142
11 146
11 147
11 148
11 150
11 152
11 154
11 157
11 158
11 159
11 160
11 161
12 13
12 18
12 26
12 29
12 35
12 40
12 44
12 45
12 56
12 61
12 64
12 65
12 68
12 69
12 72
12 75
12 77
12 79
12 80
12 84
12 87
12 95
12 97
12 99
12 106
12 107
12 108
12 109
12 110
12 111
12 114
12 117
12 118
12 123
12 126
12 129
12 130
12 131
12 139
12 141
12 147
12 149
12 150
12 151
12 152
12 158
12 159
12 160
12 161
13 14
13 15
13 23
13 26
13 30
13 33
13 35
13 37
13 40
13 44
13 46
13 49
13 51
13 54
13 55
13 56
13 63
13 64
13 67
13 69
13 70
13 71
13 74
13 75
13 82
13 84
13 87
13 89
13 91
13 93
13 95
13 96
13 97
13 99
13 101
13 104
13 105
13 106
13 108
13 109
13 110
13 111
13 112
13 114
13 115
13 117
13 118
13 125
13 129
13 130
13 133
13 135
13 138
13 139
13 141
13 143
13 144
13 147
13 149
13 150
13 152
13 154
13 156
13 158
13 161
14 16
14 18
14 19
14 21
14 22
14 23
14 24
14 25
14 26
14 27
14 28
14 29
14 31
14 32
14 33
14 34
14 35
14 36
14 37
14 38
14 39
14 40
14 42
14 43
14 44
14 46
14 47
14 48
14 49
14 50
14 51
14 52
14 53
14 54
14 55
14 56
14 57
14 58
14 59
14 61
14 62
14 63
14 64
14 65
14 67
14 68
14 69
14 70
14 71
14 72
14 73
14 75
14 76
14 77
14 79
14 80
14 81
14 82
14 83
14 84
14 85
14 86
14 87
14 88
14 89
14 90
14 91
14 93
14 94
14 95
14 97
14 98
14 99
14 101
14 102
14 103
14 104
14 105
14 106
14 107
14 109
14 110
14 111
14 112
14 113
14 114
14 116
14 117
14 118
14 119
14 121
14 123
14 125
14 126
14 127
14 128
14 129
14 130
14 131
14 134
14 136
14 137
14 138
14 139
14 142
14 146
14 147
14 148
14 149
14 150
14 151
14 152
14 153
14 154
14 155
14 156
14 157
14 158
14 159
14 160
14 161
15 19
15 21
15 24
15 25
15 26
15 27
15 28
15 30
15 31
15 32
15 34
15 35
15 36
15 38
15 39
15 40
15 42
15 44
15 45
15 49
15 50
15 51
15 56
15 57
15 58
15 64
15 66
15 67
15 70
15 74
15 75
15 77
15 79
15 80
15 83
15 84
15 86
15 88
15 89
15 93
15 94
15 99
15 101
15 102
15 103
15 104
15 105
15 111
15 112
15 114
15 115
15 119
15 126
15 129
15 130
15 134
15 137
15 138
15 139
15 142
15 143
15 146
15 147
15 148
15 149
15 150
15 151
15 152
15 156
15 157
15 158
15 159
15 160
15 161
16 19
16 21
16 25
16 26
16 28
16 32
16 34
16 35
16 37
16 38
16 44
16 45
16 49
16 51
16 54
16 56
16 61
16 62
16 64
16 68
16 69
16 70
16 71
16 77
16 79
16 80
16 84
16 87
16 89
16 94
16 96
16 97
16 101
16 105
16 106
16 111
16 112
16 114
16 115
16 116
16 117
16 118
16 122
16 125
16 129
16 130
16 131
16 133
16 134
16 137
16 145
16 147
16 150
16 152
16 154
16 161
17 20
17 35
17 40
17 56
17 65
17 69
17 72
17 80
17 83
17 91
17 92
17 99
17 101
17 102
17 109
17 116
17 129
17 130
17 131
17 134
17 137
17 139
17 150
18 19
18 21
18 28
18 31
18 32
18 35
18 38
18 41
18 43
18 44
18 46
18 47
18 49
18 52
18 54
18 56
18 57
18 63
18 64
18 65
18 67
18 68
18 69
18 71
18 73
18 76
18 77
18 84
18 85
18 86
18 89
18 91
18 92
18 97
18 98
18 101
18 105
18 106
18 108
18 113
18 115
18 116
18 117
18 118
18 119
18 122
18 125
18 127
18 131
18 134
18 135
18 137
18 138
18 139
18 141
18 147
18 149
18 150
18 151
18 152
18 153
18 154
18 157
19 21
19 22
19 23
19 24
19 25
19 28
19 29
19 31
19 32
19 35
19 36
19 38
19 39
19 40
19 41
19 43
19 44
19 45
19 46
19 47
19 49
19 50
19 51
19 52
19 54
19 57
19 58
19 59
19 61
19 63
19 64
19 65
19 67
19 68
19 69
19 70
19 71
19 72
19 73
19 74
19 76
19 77
19 79
19 80
19 83
19 84
19 87
19 88
19 89
19 91
19 92
19 94
19 95
19 96
19 97
19 98
19 99
19 100
19 101
19 102
19 104
19 106
19 107
19 108
19 109
19 110
19 111
19 112
19 114
19 115
19 116
19 117
19 119
19 124
19 125
19 126
19 128
19 129
19 131
19 133
19 137
19 139
19 140
19 142
19 143
19 146
19 147
19 148
19 149
19 150
19 151
19 152
19 153
19 154
19 156
19 157
19 158
19 159
19 160
19 161
20 22
20 26
20 29
20 31
20 34
20 35
20 38
20 44
20 55
20 56
20 58
20 59
20 61
20 64
20 67
20 72
20 73
20 74
20 75
20 77
20 79
20 89
20 90
20 93
20 94
20 96
20 100
20 104
20 107
20 108
20 114
20 115
20 117
20 126
20 129
20 131
20 133
20 135
20 137
20 138
20 143
20 146
20 147
20 148
20 149
20 152
20 154
20 159
20 160
21 23
21 25
21 26
21 29
21 30
21 31
21 32
21 33
21 35
21 36
21 37
21 38
21 40
21 42
21 43
21 44
21 45
21 46
21 47
21 49
21 51
21 52
21 53
21 54
21 56
21 58
21 62
21 63
21 64
21 65
21 66
21 67
21 68
21 69
21 71
21 72
21 73
21 74
21 75
21 76
21 77
21 79
21 80
21 82
21 83
21 84
21 85
21 87
21 88
21 89
21 91
21 94
21 97
21 98
21 99
21 101
21 103
21 104
21 105
21 106
21 107
21 108
21 109
21 110
21 114
21 115
21 117
21 118
21 119
21 122
21 125
21 126
21 127
21 129
21 131
21 132
21 133
21 134
21 137
21 138
21 139
21 140
21 141
21 142
21 143
21 145
21 147
21 149
21 150
21 151
21 152
21 153
21 154
21 155
21 157
21 158
21 160
21 161
22 25
22 26
22 28
22 29
22 30
22 31
22 32
22 35
22 38
22 40
22 44
22 45
22 46
22 49
22 51
22 53
22 54
22 55
22 56
22 57
22 58
22 61
22 62
22 63
22 64
22 65
22 66
22 67
22 68
22 72
22 73
22 74
22 80
22 82
22 86
22 90
22 91
22 93
22 94
22 97
22 98
22 101
22 102
22 106
22 108
22 112
22 113
22 114
22 120
22 124
22 125
22 126
22 133
22 134
22 135
22 137
22 142
22 143
22 144
22 146
22 147
22 150
22 153
22 156
22 160
22 161
23 25
23 26
23 36
23 38
23 39
23 40
23 41
23 42
23 44
23 49
23 51
23 53
23 54
23 55
23 56
23 66
23 67
23 74
23 79
23 88
23 97
23 101
23 102
23 103
23 104
23 106
23 108
23 109
23 110
23 111
23 112
23 113
23 114
23 122
23 131
23 138
23 140
23 142
23 144
23 146
23 154
23 157
23 158
23 161
24 25
24 26
24 29
24 30
24 35
24 36
24 43
24 46
24 48
24 49
24 51
24 54
24 55
24 60
24 62
24 63
24 64
24 65
24 66
24 67
24 69
24 70
24 73
24 74
24 77
24 83
24 85
24 87
24 89
24 91
24 93
24 94
24 101
24 104
24 108
24 112
24 113
24 114
24 115
24 117
24 121
24 124
24 126
24 129
24 131
24 133
24 138
24 141
24 142
24 146
24 147
24 149
24 150
24 153
24 154
24 156
24 157
24 158
24 160
25 26
25 29
25 30
25 31
25 34
25 35
25 36
25 37
25 38
25 40
25 44
25 45
25 47
25 49
25 51
25 52
25 63
25 64
25 66
25 68
25 70
25 72
25 73
25 74
25 75
25 79
25 80
25 84
25 87
25 88
25 91
25 93
25 94
25 99
25 100
25 101
25 103
25 106
25 107
25 108
25 109
25 111
25 115
25 116
25 117
25 118
25 119
25 121
25 122
25 124
25 125
25 127
25 128
25 129
25 130
25 131
25 132
25 133
25 135
25 136
25 137
25 138
25 140
25 144
25 145
25 147
25 149
25 151
25 152
25 153
25 154
25 157
25 158
25 160
25 161
26 27
26 29
26 30
26 31
26 32
26 34
26 35
26 36
26 37
26 38
26 39
26 40
26 41
26 42
26 43
26 44
26 45
26 46
26 47
26 48
26 49
26 50
26 51
26 52
26 53
26 54
26 56
26 58
26 59
26 61
26 62
26 63
26 64
26 65
26 66
26 67
26 68
26 70
26 71
26 72
26 73
26 75
26 76
26 77
26 79
26 80
26 81
26 83
26 84
26 85
26 87
26 88
26 91
26 92
26 94
26 95
26 97
26 98
26 99
26 100
26 101
26 104
26 105
26 106
26 107
26 108
26 109
26 110
26 111
26 112
26 113
26 114
26 115
26 116
26 117
26 118
26 120
26 122
26 123
26 125
26 126
26 127
26 129
26 130
26 131
26 133
26 134
26 136
26 137
26 138
26 139
26 140
26 142
26 144
26 145
26 146
26 147
26 148
26 149
26 150
26 151
26 152
26 153
26 154
26 155
26 156
26 158
26 159
26 161
27 45
27 46
27 49
27 69
27 70
27 71
27 73
27 76
27 82
27 83
27 94
27 100
27 101
27 103
27 104
27 106
27 107
27 108
27 114
27 117
27 129
27 134
27 137
27 138
27 142
27 150
27 153
28 30
28 31
28 32
28 33
28 35
28 36
28 38
28 39
28 40
28 45
28 49
28 51
28 52
28 55
28 56
28 63
28 64
28 65
28 66
28 67
28 68
28 71
28 72
28 73
28 74
28 77
28 79
28 81
28 83
28 84
28 86
28 87
28 88
28 91
28 92
28 94
28 95
28 97
28 100
28 101
28 105
28 106
28 108
28 114
28 115
28 118
28 121
28 125
28 126
28 129
28 130
28 133
28 138
28 142
28 146
28 147
28 150
28 151
28 152
28 158
28 160
29 33
29 35
29 38
29 40
29 45
29 46
29 51
29 55
29 56
29 58
29 59
29 63
29 64
29 65
29 66
29 67
29 68
29 69
29 70
29 72
29 74
29 75
29 79
29 80
29 82
29 83
29 85
29 86
29 89
29 91
29 92
29 93
29 96
29 97
29 100
29 101
29 102
29 105
29 106
29 107
29 110
29 111
29 112
29 113
29 115
29 116
29 117
29 126
29 129
29 131
29 132
29 133
29 137
29 143
29 152
29 156
29 157
29 158
30 31
30 32
30 33
30 34
30 35
30 36
30 37
30 38
30 39
30 40
30 41
30 42
30 43
30 44
30 45
30 46
30 49
30 50
30 51
30 53
30 54
30 55
30 58
30 59
30 62
30 63
30 65
30 66
30 67
30 68
30 70
30 71
30 72
30 73
30 75
30 76
30 77
30 79
30 81
30 82
30 84
30 87
30 89
30 92
30 93
30 94
30 96
30 99
30 100
30 101
30 103
30 104
30 105
30 106
30 107
30 108
30 110
30 111
30 112
30 113
30 114
30 115
30 117
30 118
30 125
30 126
30 129
30 130
30 132
30 133
30 134
30 137
30 139
30 141
30 143
30 144
30 145
30 146
30 147
30 149
30 151
30 152
30 153
30 154
30 155
30 158
30 161
31 34
31 35
31 36
31 38
31 39
31 40
31 41
31 42
31 43
31 44
31 45
31 46
31 49
31 50
31 51
31 52
31 53
31 54
31 55
31 56
31 58
31 59
31 62
31 63
31 64
31 65
31 66
31 67
31 68
31 69
31 70
31 71
31 72
31 73
31 75
31 76
31 77
31 79
31 80
31 81
31 82
31 86
31 88
31 89
31 91
31 92
31 93
31 94
31 95
31 96
31 97
31 98
31 100
31 101
31 102
31 104
31 105
31 106
31 108
31 109
31 110
31 111
31 112
31 113
31 114
31 115
31 116
31 117
31 118
31 119
31 124
31 125
31 126
31 127
31 128
31 129
31 130
31 131
31 133
31 134
31 135
31 136
31 137
31 138
31 139
31 140
31 141
31 142
31 143
31 146
31 149
31 150
31 151
31 152
31 153
31 154
31 156
31 157
31 158
31 159
31 160
31 161
32 33
32 34
32 35
32 43
32 44
32 45
32 47
32 49
32 50
32 51
32 54
32 55
32 57
32 61
32 62
32 63
32 64
32 65
32 66
32 67
32 68
32 69
32 71
32 72
32 73
32 74
32 75
32 77
32 79
32 80
32 83
32 84
32 87
32 89
32 93
32 94
32 97
32 98
32 99
32 100
32 101
32 102
32 103
32 105
32 106
32 107
32 108
32 109
32 110
32 112
32 114
32 115
32 116
32 117
32 118
32 119
32 120
32 125
32 126
32 127
32 128
32 130
32 133
32 134
32 135
32 137
32 138
32 139
32 140
32 141
32 142
32 143
32 144
32 147
32 148
32 150
32 152
32 153
32 155
32 156
32 157
32 158
32 160
32 161
33 39
33 40
33 44
33 52
33 70
33 71
33 72
33 83
33 91
33 92
33 96
33 97
33 101
33 105
33 108
33 109
33 111
33 112
33 114
33 122
33 133
33 134
33 137
33 138
33 143
33 147
33 149
33 151
34 35
34 37
34 38
34 39
34 40
34 42
34 44
34 48
34 49
34 51
34 55
34 56
34 58
34 61
34 62
34 63
34 64
34 66
34 67
34 70
34 72
34 73
34 74
34 80
34 82
34 88
34 93
34 95
34 97
34 98
34 99
34 101
34 102
34 104
34 106
34 107
34 108
34 109
34 110
34 111
34 114
34 115
34 117
34 125
34 126
34 131
34 133
34 134
34 135
34 137
34 138
34 139
34 140
34 149
34 152
34 154
34 157
34 158
34 159
34 161
35 36
35 37
35 38
35 39
35 40
35 41
35 44
35 45
35 46
35 49
35 52
35 53
35 54
35 56
35 59
35 60
35 61
35 62
35 64
35 65
35 66
35 67
35 68
35 69
35 70
35 71
35 73
35 77
35 80
35 84
35 85
35 86
35 87
35 88
35 89
35 90
35 91
35 92
35 94
35 96
35 97
35 101
35 102
35 103
35 104
35 106
35 108
35 109
35 110
35 113
35 114
35 115
35 117
35 118
35 126
35 128
35 130
35 133
35 134
35 137
35 138
35 139
35 142
35 145
35 146
35 147
35 148
35 149
35 150
35 151
35 152
35 153
35 154
35 155
35 158
35 159
35 160
36 41
36 44
36 45
36 49
36 50
36 51
36 52
36 53
36 54
36 55
36 56
36 58
36 59
36 61
36 63
36 64
36 65
36 67
36 69
36 70
36 71
36 72
36 74
36 75
36 77
36 79
36 80
36 81
36 84
36 85
36 87
36 88
36 89
36 90
36 91
36 97
36 102
36 103
36 104
36 105
36 106
36 107
36 109
36 111
36 112
36 113
36 114
36 116
36 117
36 119
36 121
36 122
36 124
36 125
36 126
36 127
36 129
36 130
36 131
36 133
36 134
36 142
36 145
36 147
36 153
36 154
36 155
36 157
36 158
36 160
37 38
37 40
37 41
37 42
37 46
37 47
37 49
37 51
37 54
37 56
37 58
37 64
37 66
37 67
37 68
37 70
37 72
37 74
37 83
37 84
37 85
37 86
37 87
37 88
37 89
37 96
37 102
37 103
37 106
37 108
37 111
37 112
37 113
37 115
37 118
37 119
37 125
37 126
37 129
37 130
37 131
37 133
37 134
37 136
37 137
37 138
37 139
37 142
37 145
37 146
37 148
37 152
37 153
37 154
37 157
37 158
37 160
37 161
38 39
38 40
38 43
38 44
38 46
38 47
38 48
38 49
38 50
38 51
38 52
38 53
38 54
38 55
38 56
38 58
38 59
38 62
38 63
38 64
38 66
38 67
38 68
38 69
38 70
38 71
38 74
38 75
38 77
38 79
38 80
38 82
38 84
38 85
38 86
38 88
38 89
38 90
38 91
38 92
38 93
38 94
38 98
38 100
38 102
38 103
38 104
38 105
38 107
38 108
38 109
38 111
38 112
38 114
38 115
38 116
38 117
38 118
38 119
38 125
38 126
38 129
38 133
38 135
38 137
38 138
38 141
38 142
38 145
38 147
38 148
38 150
38 151
38 152
38 153
38 154
38 155
38 158
38 159
38 160
38 161
39 40
39 44
39 45
39 47
39 48
39 49
39 51
39 53
39 56
39 58
39 63
39 64
39 65
39 66
39 69
39 70
39 72
39 73
39 74
39 75
39 76
39 77
39 78
39 79
39 84
39 85
39 86
39 87
39 88
39 93
39 97
39 99
39 102
39 103
39 104
39 105
39 106
39 108
39 111
39 112
39 113
39 114
39 115
39 116
39 117
39 118
39 123
39 125
39 126
39 131
39 132
39 134
39 137
39 140
39 141
39 142
39 147
39 150
39 151
39 152
39 153
39 154
39 158
39 159
39 160
39 161
40 43
40 46
40 49
40 50
40 51
40 53
40 54
40 55
40 56
40 60
40 61
40 62
40 64
40 66
40 68
40 69
40 70
40 71
40 73
40 74
40 75
40 76
40 77
40 79
40 80
40 81
40 83
40 84
40 85
40 86
40 87
40 89
40 92
40 93
40 95
40 96
40 97
40 99
40 101
40 102
40 106
40 107
40 108
40 109
40 110
40 111
40 112
40 113
40 114
40 115
40 116
40 118
40 124
40 125
40 126
40 129
40 131
40 132
40 133
40 134
40 136
40 137
40 138
40 139
40 141
40 142
40 143
40 144
40 145
40 146
40 148
40 150
40 151
40 152
40 153
40 154
40 155
40 157
40 158
40 159
40 161
41 42
41 45
41 51
41 57
41 64
41 65
41 74
41 77
41 83
41 87
41 92
41 95
41 101
41 102
41 109
41 113
41 114
41 117
41 118
41 126
41 127
41 131
41 134
41 142
41 150
41 151
41 152
41 153
42 43
42 44
42 45
42 51
42 54
42 55
42 63
42 64
42 65
42 66
42 67
42 68
42 69
42 74
42 75
42 79
42 80
42 83
42 84
42 89
42 91
42 92
42 97
42 98
42 102
42 103
42 104
42 106
42 108
42 109
42 111
42 114
42 118
42 131
42 135
42 138
42 139
42 142
42 144
42 146
42 147
42 152
42 153
42 157
42 158
42 160
43 44
43 45
43 46
43 47
43 48
43 49
43 51
43 52
43 54
43 56
43 58
43 59
43 61
43 70
43 71
43 73
43 74
43 79
43 80
43 81
43 84
43 88
43 90
43 94
43 95
43 97
43 98
43 101
43 103
43 106
43 107
43 108
43 109
43 111
43 113
43 114
43 115
43 117
43 118
43 121
43 125
43 126
43 127
43 129
43 131
43 134
43 138
43 139
43 142
43 145
43 146
43 147
43 151
43 153
43 158
43 160
43 161
44 45
44 46
44 47
44 48
44 49
44 51
44 52
44 54
44 55
44 56
44 58
44 59
44 61
44 63
44 64
44 66
44 67
44 68
44 69
44 70
44 71
44 72
44 74
44 75
44 76
44 77
44 79
44 82
44 84
44 86
44 88
44 89
44 93
44 94
44 96
44 97
44 102
44 104
44 105
44 106
44 107
44 110
44 111
44 114
44 115
44 116
44 117
44 118
44 122
44 125
44 126
44 129
44 130
44 133
44 135
44 136
44 137
44 138
44 139
44 140
44 142
44 146
44 147
44 151
44 152
44 153
44 154
44 155
44 157
44 158
44 160
44 161
45 49
45 51
45 53
45 54
45 55
45 56
45 57
45 58
45 59
45 61
45 62
45 63
45 64
45 65
45 67
45 68
45 69
45 72
45 73
45 74
45 76
45 77
45 78
45 79
45 80
45 83
45 85
45 86
45 87
45 89
45 90
45 92
45 93
45 94
45 97
45 98
45 100
45 102
45 103
45 104
45 105
45 106
45 107
45 108
45 109
45 111
45 112
45 113
45 115
45 117
45 118
45 122
45 124
45 125
45 127
45 130
45 131
45 133
45 134
45 135
45 136
45 137
45 138
45 139
45 141
45 142
45 145
45 147
45 149
45 151
45 154
45 157
45 161
46 48
46 49
46 51
46 52
46 53
46 54
46 55
46 56
46 60
46 63
46 64
46 66
46 67
46 68
46 69
46 70
46 73
46 75
46 77
46 79
46 80
46 84
46 85
46 88
46 89
46 90
46 92
46 93
46 94
46 97
46 98
46 99
46 101
46 102
46 103
46 104
46 105
46 106
46 108
46 109
46 111
46 112
46 114
46 115
46 117
46 118
46 127
46 129
46 131
46 133
46 134
46 136
46 137
46 138
46 141
46 143
46 149
46 151
46 152
46 153
46 154
46 156
46 157
46 158
46 159
46 160
46 161
47 49
47 51
47 53
47 59
47 62
47 63
47 67
47 68
47 70
47 71
47 79
47 85
47 88
47 89
47 92
47 93
47 97
47 106
47 108
47 113
47 114
47 117
47 129
47 132
47 133
47 134
47 137
47 142
47 145
47 152
47 153
48 49
48 54
48 56
48 59
48 69
48 70
48 71
48 72
48 75
48 78
48 81
48 88
48 89
48 94
48 101
48 104
48 105
48 115
48 117
48 118
48 126
48 129
48 131
48 133
48 135
48 138
48 140
48 146
48 147
48 149
48 151
48 153
48 154
49 50
49 51
49 53
49 54
49 55
49 56
49 57
49 58
49 59
49 61
49 63
49 64
49 65
49 66
49 67
49 68
49 69
49 70
49 71
49 72
49 73
49 74
49 75
49 76
49 77
49 81
49 85
49 86
49 87
49 88
49 89
49 91
49 92
49 93
49 94
49 95
49 97
49 98
49 100
49 101
49 102
49 103
49 105
49 106
49 107
49 109
49 110
49 111
49 112
49 113
49 114
49 115
49 116
49 117
49 118
49 120
49 122
49 123
49 125
49 126
49 127
49 128
49 129
49 130
49 131
49 132
49 133
49 134
49 135
49 136
49 137
49 138
49 139
49 141
49 142
49 145
49 146
49 147
49 150
49 151
49 152
49 153
49 154
49 157
49 159
49 161
50 51
50 52
50 54
50 64
50 66
50 67
50 68
50 69
50 70
50 71
50 72
50 74
50 75
50 77
50 79
50 80
50 81
50 82
50 86
50 91
50 93
50 94
50 98
50 101
50 102
50 103
50 104
50 105
50 106
50 108
50 110
50 111
50 112
50 113
50 114
50 117
50 118
50 121
50 123
50 126
50 127
50 129
50 130
50 133
50 134
50 135
50 139
50 142
50 143
50 145
50 147
50 148
50 149
50 151
50 152
50 157
50 158
50 159
50 160
50 161
51 52
51 54
51 55
51 56
51 58
51 61
51 63
51 64
51 65
51 66
51 69
51 70
51 71
51 72
51 74
51 75
51 76
51 79
51 80
51 82
51 83
51 84
51 85
51 87
51 88
51 89
51 90
51 91
51 92
51 93
51 94
51 95
51 96
51 97
51 99
51 100
51 101
51 102
51 103
51 104
51 105
51 106
51 107
51 108
51 109
51 113
51 114
51 115
51 116
51 117
51 128
51 129
51 130
51 131
51 133
51 134
51 136
51 137
51 138
51 139
51 141
51 142
51 143
51 145
51 146
51 147
51 148
51 149
51 150
51 151
51 153
51 154
51 155
51 157
51 158
51 160
51 161
52 54
52 56
52 60
52 61
52 63
52 64
52 67
52 68
52 69
52 70
52 72
52 73
52 74
52 77
52 80
52 81
52 83
52 84
52 89
52 90
52 92
52 93
52 94
52 96
52 97
52 102
52 104
52 106
52 108
52 112
52 114
52 115
52 117
52 118
52 129
52 131
52 133
52 134
52 135
52 137
52 139
52 140
52 145
52 146
52 150
52 151
52 152
52 154
52 157
53 65
53 67
53 68
53 70
53 71
53 75
53 76
53 81
53 83
53 84
53 86
53 89
53 97
53 98
53 106
53 108
53 109
53 112
53 113
53 114
53 115
53 116
53 121
53 125
53 126
53 129
53 131
53 133
53 138
53 139
53 142
53 146
53 147
53 149
53 150
53 152
53 157
54 55
54 56
54 57
54 58
54 59
54 61
54 63
54 64
54 68
54 69
54 70
54 71
54 72
54 73
54 74
54 75
54 79
54 81
54 84
54 85
54 86
54 87
54 88
54 89
54 90
54 92
54 93
54 94
54 95
54 96
54 97
54 98
54 99
54 100
54 101
54 102
54 103
54 106
54 107
54 108
54 109
54 110
54 111
54 112
54 113
54 114
54 115
54 116
54 117
54 122
54 123
54 125
54 126
54 128
54 129
54 130
54 131
54 133
54 135
54 136
54 137
54 138
54 139
54 141
54 142
54 143
54 146
54 147
54 149
54 151
54 152
54 153
54 154
54 157
54 158
54 160
55 56
55 59
55 60
55 63
55 64
55 65
55 66
55 67
55 68
55 71
55 74
55 77
55 79
55 82
55 83
55 84
55 85
55 86
55 88
55 89
55 93
55 94
55 96
55 99
55 101
55 102
55 104
55 107
55 108
55 109
55 110
55 111
55 112
55 115
55 116
55 118
55 119
55 125
55 127
55 129
55 130
55 131
55 134
55 135
55 137
55 138
55 139
55 141
55 142
55 144
55 146
55 147
55 148
55 150
55 151
55 152
55 153
55 154
55 155
55 157
55 158
55 159
55 160
56 58
56 59
56 60
56 61
56 63
56 64
56 65
56 66
56 67
56 68
56 69
56 70
56 71
56 72
56 73
56 74
56 77
56 78
56 79
56 82
56 84
56 85
56 86
56 87
56 88
56 89
56 93
56 94
56 95
56 96
56 98
56 99
56 100
56 101
56 102
56 105
56 106
56 107
56 108
56 109
56 110
56 111
56 112
56 113
56 114
56 115
56 116
56 117
56 119
56 125
56 126
56 127
56 128
56 129
56 130
56 131
56 132
56 133
56 134
56 135
56 137
56 138
56 139
56 141
56 143
56 145
56 146
56 147
56 149
56 150
56 151
56 152
56 153
56 154
56 155
56 156
56 157
56 158
56 159
56 161
57 59
57 63
57 64
57 67
57 68
57 69
57 73
57 74
57 77
57 79
57 80
57 84
57 87
57 88
57 89
57 93
57 97
57 100
57 101
57 107
57 108
57 109
57 114
57 116
57 117
57 125
57 129
57 132
57 133
57 139
57 142
57 147
57 149
57 151
57 154
57 161
58 61
58 63
58 64
58 65
58 66
58 67
58 68
58 69
58 70
58 71
58 72
58 73
58 75
58 76
58 77
58 79
58 80
58 82
58 84
58 86
58 88
58 89
58 90
58 91
58 93
58 94
58 97
58 101
58 102
58 103
58 104
58 105
58 106
58 107
58 108
58 110
58 111
58 112
58 113
58 114
58 115
58 118
58 121
58 125
58 129
58 130
58 131
58 133
58 134
58 136
58 138
58 139
58 140
58 141
58 142
58 145
58 146
58 147
58 149
58 150
58 151
58 152
58 153
58 154
58 158
59 66
59 68
59 69
59 71
59 72
59 74
59 75
59 77
59 79
59 81
59 83
59 88
59 89
59 90
59 94
59 97
59 100
59 101
59 102
59 105
59 106
59 107
59 108
59 109
59 111
59 113
59 118
59 125
59 129
59 130
59 131
59 133
59 135
59 136
59 137
59 138
59 139
59 145
59 146
59 152
59 153
59 154
59 157
59 158
59 160
60 64
60 67
60 70
60 72
60 77
60 78
60 79
60 87
60 89
60 97
60 99
60 101
60 102
60 109
60 112
60 114
60 125
60 130
60 137
60 138
60 139
60 146
60 150
60 151
60 154
60 157
61 66
61 67
61 68
61 69
61 70
61 71
61 72
61 74
61 75
61 77
61 80
61 83
61 89
61 90
61 91
61 93
61 99
61 102
61 103
61 104
61 108
61 112
61 114
61 115
61 116
61 117
61 118
61 125
61 126
61 129
61 130
61 131
61 132
61 133
61 134
61 135
61 137
61 138
61 141
61 142
61 151
61 152
61 154
61 155
61 157
61 158
61 160
62 63
62 64
62 67
62 69
62 71
62 72
62 73
62 74
62 79
62 80
62 82
62 83
62 84
62 85
62 88
62 89
62 94
62 97
62 98
62 100
62 101
62 102
62 105
62 106
62 108
62 112
62 114
62 115
62 116
62 117
62 118
62 125
62 127
62 128
62 129
62 131
62 133
62 134
62 137
62 139
62 145
62 146
62 150
62 151
62 152
62 161
63 64
63 66
63 67
63 68
63 69
63 70
63 71
63 73
63 74
63 76
63 79
63 80
63 81
63 84
63 87
63 88
63 89
63 90
63 92
63 93
63 94
63 97
63 99
63 103
63 105
63 106
63 107
63 108
63 112
63 113
63 114
63 115
63 116
63 117
63 119
63 125
63 127
63 129
63 131
63 133
63 135
63 136
63 137
63 138
63 145
63 149
63 150
63 151
63 152
63 153
63 154
63 156
63 157
63 158
63 161
64 65
64 66
64 67
64 69
64 70
64 71
64 72
64 74
64 75
64 77
64 78
64 79
64 80
64 81
64 84
64 86
64 88
64 89
64 90
64 93
64 94
64 95
64 97
64 98
64 99
64 100
64 102
64 104
64 105
64 106
64 107
64 108
64 109
64 112
64 113
64 114
64 115
64 116
64 117
64 118
64 119
64 122
64 124
64 125
64 126
64 128
64 129
64 130
64 131
64 133
64 134
64 135
64 137
64 138
64 139
64 140
64 141
64 142
64 143
64 144
64 146
64 147
64 149
64 150
64 152
64 153
64 154
64 155
64 156
64 157
64 158
64 159
64 160
64 161
65 66
65 67
65 68
65 69
65 70
65 71
65 72
65 73
65 74
65 79
65 80
65 81
65 83
65 84
65 85
65 86
65 87
65 89
65 90
65 91
65 92
65 95
65 97
65 98
65 99
65 100
65 101
65 102
65 104
65 105
65 106
65 107
65 108
65 111
65 112
65 113
65 114
65 115
65 117
65 118
65 119
65 125
65 126
65 128
65 129
65 130
65 131
65 132
65 133
65 134
65 135
65 137
65 138
65 139
65 140
65 141
65 142
65 143
65 147
65 149
65 152
65 153
65 154
65 155
65 157
65 158
65 159
65 160
65 161
66 67
66 70
66 71
66 72
66 73
66 74
66 75
66 77
66 79
66 80
66 84
66 85
66 87
66 89
66 90
66 93
66 94
66 95
66 97
66 101
66 102
66 103
66 105
66 106
66 107
66 108
66 109
66 110
66 114
66 117
66 118
66 119
66 125
66 128
66 129
66 130
66 131
66 132
66 133
66 134
66 135
66 137
66 138
66 139
66 140
66 142
66 143
66 145
66 146
66 147
66 148
66 150
66 153
66 154
66 155
66 156
66 157
66 158
66 159
66 161
67 68
67 69
67 70
67 71
67 72
67 73
67 74
67 76
67 84
67 85
67 86
67 88
67 89
67 91
67 93
67 94
67 95
67 96
67 97
67 99
67 100
67 101
67 102
67 104
67 105
67 106
67 108
67 109
67 111
67 112
67 114
67 115
67 116
67 117
67 118
67 120
67 121
67 123
67 125
67 126
67 127
67 128
67 129
67 130
67 131
67 133
67 134
67 135
67 136
67 137
67 138
67 139
67 140
67 141
67 142
67 143
67 144
67 146
67 149
67 150
67 151
67 152
67 153
67 154
67 155
67 157
67 158
67 161
68 69
68 70
68 71
68 72
68 73
68 75
68 77
68 78
68 79
68 80
68 81
68 84
68 85
68 87
68 89
68 90
68 91
68 92
68 93
68 94
68 95
68 96
68 97
68 98
68 101
68 102
68 103
68 104
68 105
68 107
68 108
68 109
68 111
68 112
68 114
68 115
68 116
68 117
68 119
68 122
68 124
68 125
68 126
68 127
68 128
68 129
68 131
68 132
68 133
68 134
68 136
68 137
68 138
68 140
68 143
68 144
68 146
68 147
68 148
68 149
68 150
68 152
68 154
68 155
68 156
68 157
68 158
68 159
68 161
69 70
69 71
69 73
69 74
69 75
69 77
69 79
69 80
69 81
69 82
69 85
69 86
69 88
69 89
69 90
69 91
69 94
69 95
69 97
69 98
69 99
69 100
69 101
69 102
69 103
69 105
69 106
69 107
69 108
69 109
69 110
69 112
69 113
69 114
69 115
69 117
69 118
69 119
69 122
69 123
69 125
69 126
69 129
69 131
69 133
69 134
69 135
69 136
69 137
69 138
69 139
69 142
69 143
69 147
69 148
69 149
69 152
69 158
69 159
69 160
69 161
70 71
70 72
70 73
70 74
70 75
70 76
70 77
70 78
70 80
70 82
70 84
70 85
70 87
70 88
70 89
70 91
70 93
70 94
70 95
70 97
70 98
70 99
70 100
70 101
70 102
70 103
70 104
70 105
70 106
70 107
70 108
70 111
70 113
70 114
70 115
70 116
70 117
70 118
70 119
70 120
70 122
70 124
70 125
70 128
70 129
70 130
70 131
70 132
70 133
70 134
70 136
70 137
70 138
70 139
70 140
70 141
70 142
70 145
70 146
70 147
70 150
70 151
70 152
70 153
70 154
70 155
70 156
70 157
70 158
70 159
70 160
70 161
71 72
71 73
71 74
71 76
71 77
71 78
71 79
71 81
71 83
71 84
71 85
71 87
71 88
71 89
71 92
71 96
71 98
71 101
71 102
71 104
71 105
71 107
71 109
71 110
71 112
71 113
71 114
71 116
71 117
71 119
71 120
71 125
71 128
71 129
71 130
71 131
71 133
71 134
71 135
71 137
71 138
71 139
71 141
71 143
71 146
71 147
71 150
71 151
71 152
71 153
71 154
71 155
71 157
71 158
71 160
71 161
72 73
72 74
72 75
72 76
72 77
72 79
72 80
72 82
72 84
72 86
72 87
72 89
72 90
72 91
72 92
72 93
72 95
72 96
72 97
72 98
72 99
72 100
72 102
72 103
72 105
72 106
72 107
72 108
72 109
72 110
72 111
72 112
72 113
72 114
72 115
72 116
72 117
72 118
72 122
72 126
72 127
72 129
72 133
72 135
72 137
72 138
72 139
72 140
72 142
72 145
72 146
72 147
72 148
72 149
72 150
72 151
72 152
72 153
72 154
72 157
72 158
72 159
72 160
72 161
73 74
73 75
73 76
73 77
73 79
73 80
73 83
73 87
73 88
73 89
73 91
73 93
73 94
73 95
73 99
73 100
73 101
73 102
73 104
73 105
73 106
73 108
73 110
73 111
73 114
73 116
73 117
73 118
73 127
73 129
73 130
73 131
73 133
73 134
73 137
73 138
73 139
73 141
73 142
73 143
73 146
73 147
73 149
73 150
73 151
73 152
73 154
73 155
73 156
73 158
73 159
73 160
73 161
74 76
74 77
74 79
74 80
74 82
74 84
74 85
74 86
74 87
74 88
74 89
74 90
74 92
74 94
74 96
74 98
74 100
74 101
74 102
74 105
74 106
74 107
74 109
74 110
74 111
74 112
74 114
74 116
74 117
74 118
74 123
74 125
74 126
74 127
74 129
74 130
74 132
74 133
74 136
74 137
74 138
74 139
74 141
74 142
74 143
74 145
74 146
74 147
74 148
74 149
74 150
74 151
74 152
74 153
74 155
74 156
74 157
74 158
74 159
74 160
75 76
75 79
75 82
75 83
75 84
75 89
75 92
75 94
75 97
75 102
75 103
75 104
75 106
75 109
75 111
75 113
75 114
75 115
75 117
75 118
75 122
75 124
75 127
75 130
75 131
75 132
75 133
75 137
75 138
75 140
75 141
75 142
75 146
75 148
75 150
75 151
75 153
75 154
75 156
75 157
75 158
75 161
76 79
76 80
76 84
76 85
76 86
76 87
76 89
76 93
76 97
76 100
76 101
76 106
76 109
76 115
76 117
76 119
76 125
76 129
76 131
76 136
76 137
76 138
76 142
76 145
76 147
76 153
76 158
76 159
77 79
77 80
77 82
77 85
77 86
77 88
77 89
77 90
77 94
77 97
77 98
77 100
77 101
77 102
77 104
77 105
77 106
77 108
77 111
77 112
77 113
77 114
77 115
77 116
77 117
77 118
77 120
77 121
77 125
77 126
77 127
77 129
77 131
77 134
77 136
77 137
77 140
77 142
77 145
77 146
77 147
77 148
77 149
77 150
77 151
77 154
77 157
77 158
77 160
77 161
78 89
78 97
78 104
78 108
78 113
78 115
78 116
78 119
78 134
78 137
78 143
78 147
78 150
78 152
78 155
78 159
79 83
79 84
79 85
79 86
79 88
79 89
79 90
79 91
79 92
79 94
79 98
79 99
79 100
79 101
79 102
79 103
79 104
79 105
79 106
79 107
79 108
79 109
79 112
79 113
79 114
79 115
79 117
79 118
79 124
79 125
79 126
79 127
79 128
79 129
79 130
79 131
79 133
79 134
79 135
79 136
79 137
79 138
79 139
79 140
79 141
79 142
79 143
79 145
79 146
79 147
79 149
79 150
79 151
79 152
79 153
79 154
79 157
79 158
79 159
79 160
79 161
80 81
80 82
80 88
80 89
80 90
80 93
80 94
80 95
80 99
80 100
80 102
80 103
80 104
80 105
80 106
80 107
80 109
80 110
80 113
80 114
80 115
80 117
80 125
80 129
80 131
80 132
80 134
80 135
80 136
80 137
80 138
80 139
80 140
80 141
80 142
80 146
80 147
80 149
80 150
80 151
80 152
80 153
80 154
80 155
80 156
80 157
80 158
80 160
81 82
81 91
81 97
81 101
81 102
81 104
81 114
81 115
81 117
81 129
81 133
81 135
81 137
81 141
81 142
81 145
81 147
81 152
81 154
81 156
81 158
82 86
82 89
82 90
82 95
82 96
82 105
82 106
82 107
82 109
82 111
82 112
82 113
82 115
82 117
82 118
82 121
82 124
82 126
82 128
82 130
82 133
82 137
82 139
82 143
82 145
82 146
82 147
82 154
82 157
82 158
82 159
83 84
83 87
83 89
83 93
83 97
83 99
83 100
83 102
83 103
83 106
83 107
83 108
83 109
83 114
83 115
83 120
83 125
83 128
83 129
83 130
83 131
83 133
83 134
83 139
83 142
83 147
83 149
83 151
83 152
83 153
83 154
83 156
83 157
83 158
83 159
84 85
84 87
84 88
84 89
84 91
84 92
84 94
84 95
84 97
84 98
84 99
84 100
84 101
84 102
84 104
84 105
84 107
84 108
84 109
84 111
84 113
84 114
84 117
84 119
84 125
84 126
84 129
84 131
84 132
84 133
84 135
84 136
84 137
84 138
84 139
84 141
84 146
84 147
84 148
84 149
84 150
84 151
84 152
84 153
84 154
84 155
84 157
85 89
85 92
85 94
85 97
85 99
85 101
85 105
85 106
85 107
85 108
85 112
85 116
85 117
85 121
85 125
85 129
85 132
85 134
85 136
85 137
85 141
85 148
85 149
85 152
85 153
85 154
85 158
85 161
86 91
86 92
86 97
86 100
86 101
86 102
86 105
86 107
86 113
86 114
86 116
86 117
86 118
86 125
86 129
86 131
86 134
86 135
86 138
86 139
86 140
86 142
86 145
86 147
86 151
86 152
86 154
86 156
86 159
86 160
87 88
87 89
87 90
87 93
87 95
87 97
87 99
87 101
87 102
87 103
87 105
87 106
87 107
87 108
87 112
87 113
87 115
87 125
87 127
87 129
87 130
87 131
87 134
87 136
87 137
87 138
87 140
87 142
87 143
87 146
87 147
87 150
87 151
87 152
87 153
87 154
87 158
87 159
87 160
87 161
88 96
88 97
88 102
88 105
88 107
88 109
88 110
88 111
88 113
88 114
88 117
88 118
88 125
88 127
88 129
88 130
88 131
88 133
88 134
88 136
88 138
88 141
88 142
88 143
88 146
88 147
88 150
88 151
88 153
88 157
88 158
88 160
88 161
89 90
89 92
89 95
89 96
89 97
89 100
89 101
89 102
89 103
89 105
89 106
89 108
89 109
89 110
89 111
89 112
89 115
89 116
89 117
89 118
89 119
89 122
89 123
89 124
89 125
89 126
89 129
89 130
89 131
89 133
89 134
89 135
89 136
89 137
89 138
89 139
89 142
89 143
89 145
89 146
89 147
89 148
89 150
89 151
89 152
89 154
89 158
89 159
89 160
89 161
90 94
90 104
90 105
90 106
90 108
90 112
90 113
90 117
90 126
90 131
90 137
90 149
90 150
90 154
90 157
91 93
91 94
91 95
91 98
91 101
91 103
91 104
91 106
91 108
91 109
91 110
91 113
91 114
91 117
91 118
91 119
91 125
91 128
91 129
91 130
91 131
91 134
91 137
91 138
91 139
91 142
91 145
91 147
91 149
91 150
91 151
91 152
91 154
91 156
91 158
91 160
91 161
92 93
92 97
92 99
92 103
92 104
92 105
92 106
92 108
92 111
92 113
92 114
92 115
92 116
92 117
92 126
92 128
92 133
92 136
92 137
92 138
92 145
92 147
92 149
92 152
92 154
92 155
92 156
92 158
93 94
93 98
93 100
93 101
93 102
93 103
93 104
93 106
93 108
93 109
93 110
93 111
93 114
93 115
93 116
93 117
93 118
93 120
93 127
93 129
93 130
93 131
93 133
93 134
93 136
93 137
93 138
93 139
93 141
93 142
93 143
93 146
93 147
93 150
93 151
93 152
93 154
93 157
93 158
93 161
94 96
94 97
94 98
94 100
94 101
94 102
94 103
94 105
94 106
94 108
94 109
94 111
94 112
94 113
94 114
94 115
94 116
94 117
94 119
94 124
94 126
94 129
94 131
94 133
94 134
94 135
94 136
94 137
94 138
94 139
94 140
94 141
94 142
94 145
94 146
94 147
94 150
94 151
94 152
94 154
94 155
94 157
95 98
95 99
95 104
95 106
95 107
95 109
95 111
95 113
95 114
95 116
95 117
95 118
95 131
95 133
95 134
95 137
95 140
95 141
95 143
95 145
95 152
95 157
95 158
95 160
96 97
96 101
96 102
96 107
96 108
96 109
96 112
96 113
96 115
96 117
96 118
96 124
96 126
96 129
96 130
96 138
96 141
96 142
96 145
96 146
96 150
96 151
96 152
96 153
96 154
96 157
96 160
97 98
97 102
97 103
97 104
97 105
97 106
97 109
97 111
97 113
97 114
97 115
97 116
97 117
97 118
97 123
97 125
97 126
97 127
97 128
97 130
97 131
97 133
97 134
97 137
97 138
97 142
97 148
97 149
97 150
97 151
97 152
97 153
97 156
97 157
97 158
97 159
97 160
98 99
98 101
98 102
98 105
98 106
98 115
98 116
98 117
98 121
98 124
98 128
98 130
98 131
98 133
98 138
98 139
98 142
98 143
98 146
98 147
98 151
98 160
98 161
99 101
99 102
99 103
99 105
99 106
99 108
99 109
99 111
99 112
99 113
99 115
99 116
99 117
99 118
99 120
99 123
99 125
99 128
99 129
99 130
99 131
99 137
99 139
99 142
99 147
99 150
99 151
99 152
99 153
99 154
99 157
99 161
100 101
100 105
100 107
100 108
100 109
100 112
100 114
100 115
100 116
100 117
100 118
100 119
100 122
100 129
100 132
100 133
100 135
100 137
100 138
100 139
100 141
100 142
100 143
100 145
100 147
100 151
100 154
100 157
100 158
101 102
101 103
101 104
101 105
101 106
101 107
101 108
101 109
101 111
101 112
101 113
101 114
101 115
101 116
101 117
101 118
101 119
101 121
101 122
101 125
101 126
101 127
101 128
101 129
101 131
101 132
101 133
101 134
101 136
101 137
101 138
101 140
101 141
101 142
101 143
101 145
101 146
101 147
101 148
101 150
101 151
101 152
101 153
101 154
101 155
101 158
102 103
102 104
102 105
102 106
102 107
102 108
102 109
102 111
102 113
102 114
102 115
102 116
102 117
102 118
102 120
102 121
102 123
102 125
102 126
102 130
102 131
102 132
102 133
102 134
102 135
102 136
102 137
102 138
102 140
102 142
102 143
102 145
102 147
102 149
102 150
102 152
102 154
102 155
102 156
102 157
102 160
102 161
103 104
103 105
103 106
103 108
103 111
103 112
103 113
103 114
103 115
103 116
103 117
103 118
103 126
103 128
103 129
103 131
103 132
103 135
103 138
103 139
103 140
103 141
103 142
103 145
103 147
103 149
103 150
103 152
103 153
103 154
103 158
103 159
104 106
104 108
104 113
104 115
104 116
104 117
104 125
104 128
104 134
104 136
104 137
104 138
104 139
104 142
104 149
104 155
104 157
104 158
105 106
105 107
105 109
105 110
105 111
105 112
105 114
105 115
105 116
105 117
105 118
105 119
105 121
105 123
105 124
105 125
105 126
105 128
105 131
105 133
105 134
105 136
105 137
105 138
105 139
105 140
105 141
105 142
105 146
105 147
105 149
105 150
105 151
105 152
105 154
105 155
105 157
106 109
106 112
106 113
106 114
106 115
106 116
106 117
106 118
106 119
106 123
106 124
106 125
106 127
106 129
106 131
106 132
106 134
106 135
106 136
106 137
106 138
106 139
106 141
106 142
106 143
106 144
106 145
106 146
106 147
106 149
106 150
106 151
106 152
106 153
106 154
106 155
106 157
106 158
106 159
106 160
106 161
107 108
107 109
107 111
107 113
107 114
107 116
107 118
107 119
107 121
107 124
107 129
107 131
107 133
107 135
107 136
107 139
107 141
107 147
107 149
107 150
107 151
107 152
107 153
107 154
107 158
107 160
108 110
108 112
108 113
108 114
108 115
108 116
108 117
108 118
108 119
108 120
108 121
108 122
108 125
108 126
108 128
108 129
108 130
108 131
108 133
108 134
108 135
108 136
108 138
108 139
108 142
108 144
108 145
108 147
108 149
108 150
108 151
108 152
108 153
108 154
108 155
108 156
108 158
108 159
108 161
109 110
109 111
109 114
109 115
109 117
109 121
109 125
109 127
109 128
109 129
109 132
109 133
109 134
109 136
109 138
109 139
109 140
109 141
109 142
109 143
109 146
109 147
109 148
109 149
109 150
109 151
109 152
109 153
109 157
109 159
109 160
109 161
110 113
110 114
110 115
110 117
110 131
110 133
110 137
110 138
110 141
110 142
110 147
110 150
110 151
110 152
110 153
110 154
110 155
110 157
110 158
111 113
111 114
111 117
111 118
111 129
111 130
111 133
111 134
111 137
111 138
111 142
111 146
111 147
111 150
111 151
111 152
111 153
111 154
111 157
111 158
111 161
112 113
112 114
112 115
112 116
112 118
112 125
112 126
112 127
112 128
112 129
112 130
112 131
112 132
112 133
112 135
112 137
112 139
112 141
112 142
112 146
112 147
112 150
112 151
112 152
112 153
112 154
112 155
112 156
112 157
112 158
112 159
112 161
113 114
113 115
113 117
113 118
113 119
113 120
113 121
113 124
113 125
113 127
113 128
113 129
113 130
113 131
113 133
113 134
113 135
113 137
113 140
113 141
113 142
113 145
113 147
113 148
113 149
113 150
113 152
113 153
113 154
113 157
113 158
113 161
114 115
114 117
114 118
114 121
114 124
114 125
114 126
114 129
114 131
114 133
114 134
114 135
114 137
114 138
114 140
114 142
114 143
114 144
114 146
114 147
114 149
114 151
114 152
114 153
114 154
114 155
114 156
114 157
114 158
114 160
115 116
115 117
115 118
115 119
115 121
115 125
115 126
115 127
115 129
115 130
115 131
115 133
115 134
115 135
115 136
115 137
115 138
115 139
115 140
115 141
115 142
115 143
115 145
115 146
115 147
115 148
115 149
115 151
115 152
115 154
115 156
115 157
115 158
116 118
116 121
116 124
116 125
116 130
116 131
116 133
116 137
116 138
116 142
116 144
116 145
116 146
116 147
116 148
116 153
116 154
116 155
116 157
116 159
116 160
116 161
117 118
117 125
117 126
117 127
117 128
117 129
117 130
117 131
117 133
117 134
117 135
117 136
117 137
117 138
117 142
117 145
117 146
117 147
117 150
117 151
117 152
117 153
117 154
117 155
117 156
117 157
117 161
118 119
118 120
118 123
118 125
118 126
118 127
118 128
118 129
118 130
118 131
118 133
118 134
118 135
118 137
118 139
118 140
118 141
118 142
118 143
118 144
118 145
118 146
118 147
118 148
118 150
118 151
118 152
118 153
118 154
118 155
118 157
118 158
118 159
118 161
119 120
119 125
119 129
119 130
119 137
119 138
119 139
119 141
119 142
119 144
119 145
119 147
119 151
119 152
119 154
119 157
119 158
119 161
120 129
120 133
120 135
120 142
120 145
120 146
120 152
120 157
120 158
121 129
121 133
121 135
121 141
121 149
121 152
121 154
121 161
122 129
122 131
122 133
122 154
122 157
123 131
123 143
123 151
123 152
123 155
123 161
124 125
124 129
124 138
124 142
124 147
124 149
124 151
124 152
124 156
124 161
125 126
125 128
125 129
125 131
125 132
125 133
125 134
125 135
125 137
125 138
125 139
125 141
125 142
125 146
125 147
125 148
125 150
125 151
125 152
125 154
125 155
125 156
125 157
125 158
125 161
126 127
126 129
126 130
126 131
126 134
126 135
126 137
126 138
126 142
126 145
126 147
126 153
126 154
126 158
126 161
127 128
127 129
127 133
127 134
127 137
127 138
127 139
127 140
127 142
127 146
127 151
127 158
128 129
128 130
128 133
128 134
128 137
128 138
128 151
128 152
129 130
129 131
129 133
129 134
129 137
129 138
129 139
129 140
129 141
129 142
129 143
129 145
129 146
129 147
129 149
129 150
129 151
129 152
129 153
129 154
129 155
129 157
129 158
130 131
130 134
130 137
130 138
130 139
130 140
130 141
130 142
130 146
130 149
130 151
130 152
130 154
130 156
130 157
130 159
130 160
131 133
131 134
131 135
131 136
131 137
131 138
131 139
131 140
131 141
131 142
131 143
131 144
131 145
131 147
131 149
131 150
131 151
131 153
131 156
131 158
131 160
131 161
132 133
132 134
132 137
132 138
132 141
132 146
132 147
132 152
132 154
132 155
133 134
133 135
133 136
133 137
133 138
133 141
133 142
133 143
133 145
133 146
133 147
133 149
133 150
133 152
133 153
133 154
133 155
133 157
133 158
133 160
133 161
134 137
134 138
134 140
134 142
134 143
134 147
134 149
134 150
134 151
134 152
134 153
134 154
134 155
134 156
134 157
134 158
134 160
134 161
135 137
135 139
135 142
135 145
135 146
135 147
135 149
135 150
135 151
135 154
135 161
136 137
136 147
136 150
136 151
136 152
136 153
136 154
136 157
136 158
137 138
137 141
137 142
137 143
137 144
137 146
137 150
137 151
137 152
137 153
137 154
137 155
137 157
137 158
137 160
137 161
138 139
138 140
138 141
138 142
138 144
138 145
138 147
138 149
138 150
138 151
138 152
138 155
138 157
138 158
138 159
138 160
138 161
139 142
139 147
139 150
139 151
139 152
139 153
139 155
139 157
139 158
139 159
139 160
139 161
140 141
140 142
140 143
140 145
140 147
140 148
140 151
140 152
140 153
140 154
140 158
141 144
141 145
141 146
141 147
141 150
141 151
141 152
141 153
141 154
141 157
141 158
141 160
142 143
142 145
142 146
142 147
142 148
142 151
142 152
142 153
142 154
142 155
142 157
142 158
142 159
142 161
143 148
143 151
143 154
143 155
143 157
143 158
144 145
144 146
144 147
144 151
144 152
145 147
145 149
145 150
145 152
145 153
145 154
145 159
145 161
146 147
146 148
146 149
146 150
146 152
146 155
146 157
146 159
146 160
146 161
147 148
147 150
147 151
147 152
147 153
147 154
147 156
147 157
147 158
147 159
147 160
148 149
148 151
148 152
148 153
148 154
148 157
148 159
149 151
149 152
149 154
149 158
149 159
149 160
149 161
150 151
150 153
150 154
150 156
150 157
150 158
151 152
151 153
151 154
151 155
151 157
151 158
151 159
151 161
152 153
152 154
152 155
152 156
152 158
152 160
152 161
153 154
153 155
153 157
153 161
154 155
154 157
154 158
154 159
154 160
154 161
157 158
157 160
157 161
158 159
158 160
158 161
