0 3
0 6
0 7
0 9
0 10
0 11
0 14
0 17
0 19
0 24
0 31
0 32
0 34
0 44
0 45
0 46
0 47
0 49
0 51
0 54
0 55
0 59
0 63
0 64
0 65
0 67
0 69
0 70
0 72
0 73
0 74
0 75
0 80
0 87
0 88
0 93
0 94
0 96
0 97
0 98
0 105
0 109
0 114
0 117
0 118
0 121
0 130
0 133
0 134
0 135
0 137
0 141
0 142
0 146
0 147
0 149
0 151
0 152
0 153
0 159
1 3
1 6
1 9
1 10
1 11
1 13
1 17
1 18
1 19
1 21
1 23
1 26
1 28
1 30
1 31
1 32
1 35
1 38
1 40
1 42
1 49
1 51
1 54
1 55
1 61
1 65
1 66
1 67
1 68
1 70
1 72
1 73
1 77
1 78
1 79
1 82
1 87
1 88
1 89
1 91
1 93
1 95
1 101
1 109
1 110
1 111
1 112
1 113
1 115
1 117
1 118
1 131
1 133
1 137
1 138
1 139
1 141
1 145
1 146
1 147
1 150
1 151
1 152
1 153
1 157
2 6
2 7
2 11
2 14
2 15
2 17
2 19
2 21
2 22
2 26
2 30
2 31
2 32
2 33
2 35
2 40
2 43
2 44
2 46
2 47
2 51
2 52
2 56
2 63
2 64
2 67
2 68
2 69
2 70
2 72
2 75
2 79
2 81
2 84
2 85
2 87
2 89
2 90
2 101
2 104
2 108
2 111
2 113
2 114
2 115
2 116
2 117
2 118
2 122
2 125
2 129
2 131
2 133
2 134
2 140
2 141
2 145
2 146
2 147
2 151
2 153
3 7
3 10
3 12
3 13
3 19
3 21
3 22
3 25
3 29
3 30
3 31
3 32
3 33
3 35
3 37
3 38
3 40
3 43
3 45
3 53
3 56
3 58
3 61
3 62
3 64
3 66
3 67
3 69
3 70
3 74
3 76
3 79
3 81
3 85
3 86
3 87
3 89
3 90
3 94
3 98
3 102
3 107
3 108
3 110
3 111
3 113
3 114
3 115
3 117
3 128
3 130
3 135
3 137
3 139
3 141
3 157
3 159
3 160
4 6
4 7
4 8
4 9
4 11
4 13
4 14
4 15
4 17
4 19
4 21
4 22
4 25
4 26
4 27
4 30
4 31
4 32
4 34
4 36
4 37
4 38
4 39
4 40
4 43
4 44
4 45
4 46
4 48
4 49
4 50
4 51
4 53
4 55
4 56
4 57
4 58
4 59
4 61
4 63
4 65
4 66
4 67
4 68
4 69
4 70
4 71
4 72
4 74
4 75
4 76
4 77
4 78
4 79
4 80
4 81
4 82
4 84
4 86
4 87
4 88
4 89
4 91
4 93
4 94
4 98
4 100
4 104
4 105
4 107
4 109
4 111
4 112
4 113
4 114
4 115
4 116
4 117
4 118
4 120
4 123
4 125
4 126
4 129
4 130
4 134
4 135
4 136
4 137
4 138
4 139
4 141
4 142
4 144
4 146
4 148
4 149
4 150
4 152
4 153
4 154
4 155
4 157
4 158
4 161
5 6
5 7
5 9
5 10
5 14
5 19
5 21
5 25
5 26
5 30
5 31
5 35
5 38
5 43
5 45
5 46
5 51
5 53
5 57
5 63
5 66
5 67
5 70
5 72
5 73
5 80
5 83
5 84
5 85
5 88
5 89
5 95
5 106
5 115
5 118
5 120
5 125
5 129
5 130
5 131
5 133
5 134
5 136
5 137
5 142
5 146
5 147
5 153
5 154
5 157
5 158
5 159
6 7
6 9
6 10
6 11
6 13
6 14
6 15
6 19
6 21
6 22
6 25
6 26
6 27
6 28
6 29
6 31
6 32
6 33
6 34
6 35
6 36
6 37
6 38
6 39
6 42
6 43
6 44
6 45
6 47
6 49
6 53
6 54
6 55
6 56
6 59
6 61
6 62
6 63
6 64
6 65
6 66
6 67
6 68
6 69
6 70
6 71
6 72
6 73
6 74
6 76
6 77
6 79
6 81
6 82
6 84
6 85
6 87
6 88
6 89
6 90
6 91
6 93
6 94
6 95
6 96
6 97
6 101
6 103
6 104
6 105
6 106
6 107
6 108
6 109
6 111
6 112
6 113
6 114
6 115
6 117
6 118
6 119
6 122
6 123
6 124
6 125
6 126
6 128
6 129
6 130
6 131
6 132
6 133
6 134
6 135
6 137
6 138
6 139
6 140
6 142
6 144
6 146
6 147
6 148
6 149
6 150
6 151
6 152
6 153
6 154
6 158
6 160
6 161
7 8
7 9
7 10
7 11
7 12
7 14
7 15
7 16
7 19
7 20
7 24
7 26
7 29
7 30
7 31
7 32
7 35
7 36
7 37
7 38
7 39
7 40
7 41
7 42
7 43
7 44
7 45
7 46
7 48
7 50
7 52
7 54
7 56
7 58
7 62
7 63
7 64
7 65
7 66
7 67
7 68
7 69
7 70
7 71
7 72
7 73
7 74
7 75
7 76
7 77
7 79
7 80
7 83
7 84
7 87
7 88
7 91
7 92
7 93
7 94
7 97
7 98
7 100
7 101
7 102
7 103
7 104
7 106
7 107
7 108
7 109
7 110
7 111
7 112
7 113
7 114
7 115
7 116
7 117
7 118
7 119
7 123
7 124
7 125
7 128
7 129
7 130
7 131
7 132
7 137
7 138
7 139
7 142
7 144
7 145
7 146
7 147
7 148
7 149
7 150
7 151
7 152
7 154
7 155
7 157
7 158
7 159
7 160
7 161
8 14
8 18
8 19
8 20
8 21
8 26
8 32
8 36
8 38
8 40
8 48
8 50
8 51
8 52
8 56
8 60
8 62
8 65
8 67
8 69
8 75
8 80
8 97
8 100
8 102
8 106
8 108
8 109
8 111
8 113
8 115
8 116
8 117
8 122
8 128
8 134
8 137
8 142
8 143
8 145
8 146
8 150
8 152
8 154
8 160
9 10
9 11
9 14
9 20
9 21
9 23
9 24
9 26
9 27
9 29
9 31
9 32
9 35
9 36
9 43
9 44
9 45
9 46
9 49
9 51
9 52
9 54
9 55
9 59
9 63
9 64
9 65
9 67
9 68
9 69
9 70
9 71
9 72
9 73
9 74
9 77
9 78
9 79
9 80
9 83
9 85
9 89
9 92
9 93
9 94
9 97
9 98
9 99
9 100
9 101
9 103
9 104
9 105
9 106
9 107
9 108
9 109
9 113
9 114
9 115
9 117
9 118
9 122
9 123
9 124
9 126
9 127
9 128
9 129
9 130
9 131
9 133
9 134
9 135
9 137
9 138
9 139
9 140
9 141
9 142
9 145
9 147
9 148
9 149
9 151
9 152
9 154
9 156
9 158
9 159
9 160
10 11
10 12
10 14
10 15
10 16
10 19
10 21
10 22
10 25
10 26
10 28
10 32
10 36
10 37
10 44
10 45
10 46
10 48
10 52
10 54
10 56
10 57
10 58
10 62
10 63
10 65
10 66
10 67
10 68
10 69
10 70
10 71
10 72
10 74
10 79
10 80
10 82
10 85
10 86
10 89
10 91
10 94
10 99
10 105
10 106
10 107
10 112
10 113
10 114
10 118
10 119
10 125
10 126
10 127
10 129
10 130
10 131
10 134
10 135
10 137
10 138
10 139
10 142
10 145
10 146
10 147
10 148
10 150
10 151
10 152
10 153
10 154
10 157
10 158
10 159
11 13
11 14
11 15
11 19
11 21
11 25
11 26
11 27
11 28
11 30
11 31
11 33
11 35
11 37
11 38
11 39
11 40
11 41
11 43
11 44
11 45
11 46
11 47
11 48
11 50
11 51
11 53
11 54
11 55
11 56
11 57
11 60
11 64
11 65
11 66
11 67
11 68
11 69
11 70
11 71
11 72
11 74
11 75
11 79
11 83
11 85
11 86
11 89
11 91
11 96
11 97
11 99
11 100
11 101
11 102
11 103
11 105
11 106
11 107
11 108
11 109
11 110
11 111
11 112
11 113
11 114
11 115
11 116
11 117
11 125
11 127
11 129
11 131
11 133
11 134
11 135
11 137
11 138
11 139
11 140
11 146
11 147
11 149
11 150
11 151
11 153
11 154
11 155
11 156
11 157
11 158
11 160
11 161
12 13
12 16
12 19
12 22
12 26
12 32
12 33
12 35
12 36
12 39
12 42
12 45
12 49
12 51
12 52
12 54
12 55
12 56
12 63
12 68
12 71
12 72
12 73
12 74
12 75
12 77
12 79
12 80
12 85
12 88
12 92
12 94
12 95
12 96
12 97
12 101
12 103
12 104
12 105
12 106
12 107
12 108
12 113
12 114
12 115
12 118
12 125
12 128
12 129
12 130
12 131
12 133
12 135
12 138
12 139
12 141
12 146
12 147
12 149
12 151
12 152
12 154
12 157
12 158
12 159
13 14
13 18
13 19
13 21
13 26
13 30
13 31
13 32
13 35
13 38
13 40
13 42
13 44
13 45
13 51
13 53
13 56
13 59
13 61
13 64
13 67
13 71
13 74
13 75
13 76
13 79
13 80
13 87
13 88
13 95
13 97
13 98
13 101
13 102
13 103
13 106
13 107
13 109
13 111
13 112
13 115
13 116
13 117
13 118
13 125
13 130
13 131
13 137
13 138
13 139
13 147
13 149
13 150
13 151
13 152
13 153
13 154
13 157
13 160
14 15
14 23
14 25
14 26
14 27
14 28
14 29
14 30
14 31
14 32
14 34
14 35
14 36
14 37
14 38
14 39
14 40
14 43
14 44
14 45
14 46
14 47
14 48
14 51
14 52
14 53
14 54
14 55
14 56
14 57
14 58
14 62
14 63
14 64
14 65
14 67
14 68
14 69
14 70
14 71
14 72
14 73
14 74
14 75
14 76
14 77
14 79
14 80
14 81
14 82
14 84
14 85
14 86
14 87
14 88
14 89
14 90
14 91
14 92
14 93
14 95
14 97
14 98
14 99
14 100
14 101
14 102
14 103
14 104
14 105
14 107
14 108
14 109
14 110
14 111
14 112
14 113
14 114
14 115
14 116
14 118
14 119
14 121
14 123
14 125
14 126
14 127
14 128
14 129
14 130
14 131
14 132
14 133
14 134
14 136
14 137
14 139
14 141
14 142
14 143
14 145
14 146
14 147
14 149
14 150
14 151
14 152
14 154
14 155
14 156
14 157
14 158
14 159
14 160
14 161
15 19
15 21
15 22
15 26
15 28
15 30
15 31
15 32
15 34
15 35
15 36
15 40
15 43
15 44
15 45
15 46
15 51
15 52
15 53
15 54
15 57
15 66
15 67
15 68
15 69
15 70
15 72
15 74
15 80
15 81
15 82
15 84
15 87
15 89
15 92
15 93
15 97
15 100
15 105
15 106
15 112
15 113
15 114
15 117
15 118
15 125
15 126
15 129
15 131
15 134
15 137
15 140
15 141
15 142
15 146
15 147
15 150
15 151
15 152
15 154
15 155
15 158
16 18
16 19
16 26
16 31
16 34
16 35
16 38
16 45
16 51
16 56
16 58
16 67
16 69
16 74
16 80
16 88
16 89
16 93
16 94
16 101
16 102
16 104
16 107
16 109
16 112
16 115
16 116
16 118
16 121
16 129
16 131
16 134
16 135
16 138
16 142
16 143
16 146
16 150
16 151
16 154
16 157
16 159
17 19
17 21
17 24
17 32
17 34
17 38
17 51
17 54
17 68
17 74
17 77
17 102
17 104
17 106
17 107
17 109
17 115
17 117
17 125
17 128
17 131
17 137
17 138
17 146
17 151
17 155
17 157
17 158
18 19
18 21
18 25
18 26
18 27
18 28
18 30
18 31
18 32
18 35
18 38
18 42
18 44
18 46
18 48
18 49
18 51
18 52
18 53
18 56
18 57
18 61
18 62
18 63
18 64
18 65
18 66
18 67
18 69
18 70
18 72
18 73
18 74
18 75
18 77
18 81
18 88
18 89
18 91
18 93
18 94
18 97
18 98
18 101
18 105
18 106
18 108
18 109
18 112
18 113
18 117
18 118
18 124
18 125
18 126
18 127
18 128
18 129
18 131
18 135
18 137
18 138
18 139
18 141
18 142
18 143
18 145
18 147
18 149
18 150
18 154
18 157
19 20
19 21
19 22
19 23
19 24
19 25
19 26
19 28
19 29
19 30
19 31
19 32
19 33
19 34
19 35
19 36
19 38
19 39
19 40
19 41
19 43
19 44
19 46
19 49
19 50
19 51
19 52
19 54
19 56
19 57
19 58
19 59
19 60
19 61
19 63
19 64
19 65
19 66
19 67
19 68
19 70
19 71
19 72
19 73
19 75
19 76
19 77
19 79
19 83
19 85
19 86
19 87
19 88
19 89
19 93
19 94
19 95
19 96
19 97
19 98
19 99
19 101
19 102
19 103
19 104
19 106
19 107
19 108
19 109
19 112
19 113
19 114
19 115
19 116
19 117
19 119
19 122
19 124
19 128
19 129
19 130
19 131
19 133
19 134
19 135
19 137
19 138
19 141
19 142
19 143
19 145
19 146
19 148
19 149
19 150
19 151
19 152
19 153
19 157
19 158
19 160
20 21
20 24
20 25
20 26
20 30
20 31
20 32
20 38
20 40
20 45
20 46
20 49
20 50
20 53
20 65
20 66
20 67
20 69
20 70
20 71
20 74
20 76
20 79
20 86
20 88
20 89
20 90
20 92
20 94
20 95
20 96
20 97
20 116
20 118
20 125
20 126
20 127
20 131
20 133
20 135
20 137
20 142
20 151
20 152
20 154
20 156
20 158
20 161
21 23
21 25
21 26
21 29
21 30
21 32
21 35
21 36
21 38
21 39
21 40
21 42
21 43
21 44
21 45
21 50
21 51
21 53
21 54
21 55
21 56
21 58
21 59
21 62
21 63
21 64
21 65
21 66
21 67
21 68
21 69
21 70
21 71
21 72
21 74
21 75
21 76
21 77
21 79
21 80
21 82
21 83
21 84
21 86
21 88
21 89
21 91
21 93
21 94
21 96
21 97
21 98
21 99
21 101
21 102
21 106
21 108
21 109
21 110
21 111
21 112
21 113
21 114
21 115
21 117
21 118
21 120
21 122
21 124
21 125
21 126
21 127
21 128
21 129
21 130
21 131
21 133
21 134
21 135
21 137
21 138
21 141
21 142
21 143
21 146
21 147
21 149
21 150
21 151
21 153
21 154
21 156
21 157
21 159
21 161
22 24
22 25
22 27
22 30
22 32
22 33
22 39
22 40
22 45
22 46
22 48
22 49
22 51
22 52
22 56
22 58
22 61
22 62
22 63
22 64
22 65
22 66
22 67
22 71
22 72
22 74
22 76
22 79
22 84
22 93
22 94
22 100
22 101
22 103
22 106
22 108
22 109
22 110
22 111
22 113
22 114
22 115
22 116
22 118
22 120
22 125
22 128
22 129
22 130
22 134
22 136
22 138
22 142
22 145
22 147
22 149
22 150
22 151
22 153
22 157
22 161
23 25
23 27
23 28
23 31
23 34
23 35
23 38
23 40
23 42
23 44
23 45
23 49
23 55
23 56
23 58
23 63
23 64
23 65
23 69
23 70
23 71
23 79
23 80
23 83
23 84
23 87
23 89
23 90
23 93
23 94
23 105
23 106
23 108
23 115
23 116
23 118
23 128
23 131
23 133
23 134
23 137
23 138
23 142
23 145
23 146
23 151
23 158
24 26
24 31
24 32
24 38
24 42
24 43
24 44
24 45
24 46
24 48
24 54
24 55
24 56
24 58
24 62
24 65
24 66
24 68
24 71
24 74
24 75
24 79
24 80
24 87
24 89
24 92
24 93
24 94
24 97
24 99
24 102
24 108
24 109
24 113
24 115
24 116
24 117
24 118
24 119
24 126
24 129
24 131
24 133
24 137
24 138
24 140
24 142
24 149
24 151
24 152
24 153
24 154
24 161
25 26
25 31
25 33
25 35
25 38
25 39
25 40
25 42
25 44
25 45
25 46
25 51
25 53
25 54
25 57
25 59
25 61
25 63
25 64
25 65
25 67
25 69
25 70
25 71
25 72
25 74
25 77
25 79
25 80
25 81
25 84
25 86
25 87
25 88
25 89
25 91
25 92
25 93
25 94
25 95
25 97
25 98
25 99
25 101
25 102
25 103
25 104
25 105
25 106
25 107
25 108
25 110
25 111
25 112
25 113
25 114
25 115
25 116
25 117
25 122
25 126
25 129
25 130
25 132
25 133
25 134
25 136
25 137
25 138
25 139
25 142
25 145
25 146
25 147
25 149
25 151
25 153
25 154
25 155
25 156
25 157
25 158
25 161
26 29
26 30
26 31
26 32
26 33
26 34
26 36
26 37
26 38
26 39
26 40
26 42
26 43
26 44
26 48
26 49
26 51
26 52
26 53
26 54
26 56
26 57
26 58
26 59
26 63
26 64
26 65
26 66
26 67
26 68
26 69
26 70
26 71
26 72
26 74
26 76
26 77
26 79
26 80
26 81
26 83
26 84
26 85
26 86
26 88
26 89
26 91
26 92
26 93
26 94
26 95
26 96
26 97
26 99
26 102
26 105
26 106
26 107
26 108
26 109
26 110
26 111
26 112
26 113
26 114
26 115
26 117
26 118
26 120
26 121
26 122
26 124
26 125
26 128
26 129
26 131
26 133
26 134
26 137
26 138
26 139
26 140
26 141
26 143
26 145
26 147
26 148
26 149
26 152
26 153
26 154
26 155
26 157
26 158
26 159
26 160
27 28
27 29
27 34
27 35
27 36
27 39
27 44
27 45
27 50
27 53
27 55
27 59
27 61
27 66
27 67
27 70
27 71
27 72
27 77
27 84
27 90
27 94
27 97
27 101
27 102
27 105
27 107
27 112
27 114
27 115
27 117
27 118
27 125
27 131
27 134
27 145
27 150
27 152
27 153
27 157
27 160
28 29
28 30
28 32
28 37
28 38
28 39
28 40
28 42
28 44
28 48
28 50
28 51
28 53
28 57
28 58
28 60
28 62
28 63
28 64
28 69
28 72
28 74
28 77
28 79
28 81
28 86
28 89
28 92
28 93
28 94
28 95
28 101
28 102
28 107
28 114
28 117
28 118
28 125
28 126
28 128
28 129
28 133
28 137
28 138
28 142
28 147
28 150
28 151
28 152
28 154
28 158
29 30
29 33
29 34
29 35
29 36
29 39
29 40
29 44
29 45
29 46
29 49
29 51
29 54
29 57
29 58
29 61
29 63
29 64
29 65
29 66
29 67
29 69
29 70
29 72
29 73
29 74
29 77
29 79
29 83
29 84
29 89
29 90
29 93
29 95
29 101
29 106
29 113
29 117
29 118
29 122
29 129
29 137
29 141
29 145
29 147
29 148
29 151
29 153
29 154
29 157
29 158
29 161
30 32
30 37
30 38
30 40
30 43
30 44
30 46
30 49
30 51
30 54
30 55
30 56
30 57
30 58
30 61
30 62
30 63
30 64
30 65
30 66
30 67
30 68
30 69
30 70
30 71
30 72
30 74
30 77
30 79
30 80
30 81
30 82
30 83
30 84
30 87
30 89
30 91
30 92
30 93
30 97
30 99
30 100
30 101
30 102
30 103
30 104
30 105
30 106
30 107
30 108
30 109
30 110
30 111
30 112
30 114
30 115
30 116
30 117
30 118
30 123
30 124
30 126
30 128
30 129
30 130
30 131
30 133
30 134
30 135
30 136
30 137
30 139
30 141
30 143
30 146
30 150
30 152
30 153
30 154
30 158
30 160
30 161
31 32
31 33
31 34
31 36
31 37
31 38
31 39
31 43
31 44
31 45
31 46
31 47
31 48
31 49
31 51
31 52
31 53
31 54
31 55
31 56
31 57
31 59
31 61
31 62
31 63
31 64
31 65
31 66
31 68
31 69
31 70
31 71
31 73
31 74
31 75
31 76
31 77
31 78
31 79
31 80
31 81
31 82
31 83
31 84
31 86
31 88
31 89
31 90
31 91
31 92
31 93
31 94
31 95
31 97
31 98
31 99
31 100
31 101
31 102
31 103
31 104
31 105
31 106
31 107
31 108
31 109
31 113
31 115
31 116
31 117
31 118
31 120
31 126
31 127
31 128
31 129
31 130
31 131
31 133
31 134
31 136
31 137
31 138
31 139
31 141
31 142
31 143
31 145
31 146
31 147
31 148
31 149
31 150
31 151
31 152
31 153
31 155
31 156
31 157
31 158
31 159
31 161
32 34
32 35
32 36
32 37
32 38
32 39
32 40
32 42
32 44
32 45
32 49
32 50
32 51
32 52
32 55
32 56
32 58
32 59
32 60
32 61
32 62
32 65
32 68
32 70
32 71
32 72
32 77
32 80
32 84
32 85
32 87
32 88
32 89
32 90
32 92
32 93
32 94
32 95
32 97
32 98
32 99
32 100
32 101
32 102
32 103
32 104
32 105
32 106
32 109
32 110
32 112
32 114
32 115
32 117
32 118
32 121
32 125
32 128
32 129
32 130
32 131
32 132
32 133
32 134
32 135
32 136
32 137
32 138
32 139
32 141
32 142
32 143
32 145
32 146
32 147
32 150
32 151
32 153
32 154
32 155
32 157
32 158
32 160
32 161
33 35
33 40
33 51
33 54
33 58
33 64
33 68
33 74
33 77
33 79
33 80
33 83
33 85
33 86
33 87
33 92
33 94
33 97
33 101
33 102
33 106
33 108
33 112
33 115
33 116
33 125
33 126
33 127
33 130
33 131
33 136
33 147
33 153
33 154
34 41
34 42
34 44
34 45
34 46
34 48
34 49
34 50
34 51
34 55
34 61
34 62
34 63
34 65
34 67
34 68
34 69
34 71
34 73
34 74
34 76
34 79
34 81
34 86
34 87
34 89
34 90
34 91
34 93
34 95
34 97
34 98
34 102
34 106
34 107
34 108
34 109
34 111
34 112
34 113
34 114
34 115
34 117
34 118
34 121
34 125
34 130
34 131
34 135
34 138
34 139
34 142
34 146
34 147
34 149
34 152
34 153
34 154
34 156
34 158
34 159
35 36
35 38
35 40
35 42
35 43
35 45
35 46
35 49
35 50
35 52
35 53
35 54
35 55
35 56
35 58
35 61
35 62
35 63
35 65
35 68
35 70
35 71
35 72
35 73
35 75
35 76
35 77
35 79
35 82
35 84
35 85
35 86
35 88
35 89
35 90
35 91
35 92
35 93
35 94
35 96
35 98
35 101
35 103
35 104
35 105
35 106
35 107
35 108
35 109
35 111
35 112
35 113
35 116
35 117
35 118
35 119
35 125
35 126
35 128
35 129
35 130
35 131
35 133
35 134
35 136
35 137
35 138
35 139
35 140
35 141
35 143
35 145
35 146
35 148
35 149
35 150
35 151
35 152
35 154
35 155
35 157
35 158
35 159
35 160
35 161
36 38
36 40
36 41
36 42
36 45
36 49
36 51
36 53
36 54
36 55
36 56
36 58
36 61
36 62
36 63
36 65
36 66
36 67
36 68
36 70
36 71
36 72
36 73
36 74
36 75
36 77
36 79
36 80
36 83
36 84
36 85
36 86
36 89
36 91
36 93
36 94
36 95
36 96
36 99
36 101
36 102
36 103
36 104
36 105
36 107
36 111
36 112
36 113
36 114
36 116
36 118
36 120
36 125
36 126
36 127
36 129
36 135
36 136
36 137
36 138
36 144
36 145
36 147
36 149
36 152
36 153
36 154
36 155
36 156
36 157
36 159
36 161
37 38
37 40
37 44
37 45
37 48
37 49
37 51
37 54
37 56
37 59
37 61
37 62
37 63
37 64
37 65
37 67
37 68
37 70
37 71
37 73
37 76
37 77
37 79
37 81
37 84
37 85
37 86
37 88
37 89
37 91
37 93
37 97
37 101
37 102
37 103
37 104
37 105
37 106
37 108
37 110
37 112
37 113
37 114
37 115
37 117
37 118
37 125
37 131
37 134
37 135
37 137
37 138
37 141
37 145
37 147
37 149
37 150
37 151
37 154
37 157
37 158
37 159
37 160
37 161
38 40
38 44
38 45
38 47
38 48
38 49
38 50
38 51
38 54
38 56
38 58
38 59
38 61
38 63
38 64
38 65
38 66
38 67
38 69
38 70
38 71
38 72
38 73
38 74
38 76
38 77
38 79
38 80
38 81
38 83
38 87
38 89
38 91
38 93
38 94
38 95
38 96
38 97
38 98
38 99
38 100
38 101
38 102
38 103
38 105
38 106
38 107
38 108
38 109
38 110
38 112
38 113
38 115
38 116
38 118
38 119
38 120
38 125
38 126
38 131
38 133
38 134
38 135
38 137
38 138
38 140
38 141
38 142
38 143
38 145
38 147
38 150
38 151
38 152
38 153
38 154
38 155
38 156
38 157
38 158
38 159
38 160
38 161
39 40
39 43
39 49
39 51
39 54
39 55
39 56
39 61
39 62
39 63
39 64
39 66
39 68
39 69
39 70
39 73
39 74
39 75
39 79
39 86
39 87
39 89
39 92
39 93
39 94
39 96
39 97
39 99
39 102
39 103
39 105
39 106
39 107
39 111
39 113
39 115
39 119
39 123
39 125
39 127
39 131
39 134
39 137
39 138
39 139
39 142
39 147
39 152
39 158
39 160
40 43
40 44
40 45
40 46
40 49
40 50
40 51
40 52
40 53
40 55
40 56
40 57
40 58
40 60
40 61
40 62
40 63
40 64
40 66
40 67
40 68
40 69
40 70
40 71
40 73
40 74
40 76
40 77
40 79
40 80
40 81
40 82
40 84
40 87
40 88
40 91
40 92
40 99
40 100
40 101
40 103
40 105
40 106
40 110
40 111
40 112
40 113
40 114
40 115
40 117
40 118
40 121
40 122
40 124
40 125
40 126
40 127
40 129
40 131
40 132
40 133
40 134
40 136
40 137
40 138
40 139
40 141
40 142
40 143
40 145
40 147
40 148
40 149
40 150
40 151
40 153
40 154
40 155
40 157
40 158
40 159
40 160
40 161
41 44
41 54
41 56
41 59
41 63
41 67
41 68
41 72
41 73
41 79
41 87
41 97
41 103
41 105
41 106
41 115
41 117
41 118
41 129
41 130
41 137
41 147
41 150
41 151
41 152
41 155
41 157
42 44
42 48
42 50
42 51
42 52
42 53
42 54
42 55
42 56
42 63
42 64
42 68
42 69
42 70
42 72
42 74
42 78
42 79
42 81
42 83
42 84
42 86
42 87
42 88
42 91
42 95
42 99
42 101
42 102
42 103
42 105
42 106
42 109
42 111
42 113
42 114
42 116
42 117
42 118
42 127
42 128
42 130
42 131
42 133
42 137
42 139
42 142
42 143
42 145
42 147
42 150
42 151
42 152
42 153
42 154
42 157
42 160
43 44
43 45
43 46
43 51
43 56
43 59
43 61
43 63
43 64
43 65
43 66
43 67
43 70
43 73
43 74
43 75
43 79
43 80
43 82
43 83
43 89
43 91
43 93
43 94
43 97
43 100
43 101
43 102
43 108
43 109
43 113
43 114
43 115
43 118
43 122
43 125
43 126
43 127
43 131
43 133
43 135
43 137
43 147
43 148
43 152
43 154
43 155
43 157
43 158
43 161
44 45
44 48
44 49
44 50
44 51
44 52
44 54
44 55
44 56
44 59
44 61
44 62
44 63
44 65
44 66
44 67
44 68
44 69
44 70
44 71
44 73
44 74
44 77
44 79
44 80
44 83
44 87
44 88
44 89
44 91
44 93
44 97
44 98
44 99
44 102
44 104
44 105
44 106
44 107
44 108
44 109
44 111
44 113
44 114
44 115
44 117
44 118
44 120
44 125
44 129
44 131
44 133
44 135
44 137
44 138
44 141
44 143
44 146
44 147
44 148
44 149
44 150
44 151
44 152
44 153
44 154
44 155
44 156
44 157
44 158
44 159
44 160
45 46
45 48
45 49
45 50
45 54
45 56
45 61
45 62
45 63
45 64
45 66
45 67
45 68
45 69
45 70
45 71
45 72
45 75
45 77
45 78
45 79
45 80
45 81
45 82
45 83
45 84
45 87
45 88
45 89
45 91
45 92
45 93
45 94
45 95
45 97
45 98
45 99
45 100
45 101
45 102
45 105
45 106
45 107
45 108
45 109
45 112
45 113
45 114
45 117
45 120
45 125
45 126
45 127
45 128
45 129
45 131
45 134
45 135
45 136
45 137
45 138
45 141
45 142
45 144
45 146
45 147
45 150
45 152
45 153
45 154
45 157
45 158
45 159
46 47
46 49
46 51
46 52
46 54
46 55
46 56
46 61
46 63
46 64
46 67
46 68
46 69
46 70
46 71
46 73
46 74
46 75
46 76
46 80
46 82
46 84
46 88
46 89
46 94
46 96
46 97
46 99
46 100
46 101
46 102
46 103
46 106
46 107
46 108
46 109
46 110
46 111
46 112
46 114
46 115
46 123
46 125
46 127
46 129
46 130
46 131
46 133
46 135
46 136
46 137
46 138
46 140
46 141
46 142
46 145
46 146
46 147
46 150
46 152
46 153
46 154
46 157
46 158
46 159
47 50
47 54
47 56
47 68
47 69
47 70
47 71
47 79
47 84
47 87
47 92
47 94
47 97
47 101
47 104
47 106
47 108
47 109
47 115
47 126
47 129
47 130
47 134
47 138
47 146
47 147
47 150
47 157
47 158
47 161
48 54
48 65
48 67
48 69
48 71
48 74
48 79
48 83
48 84
48 101
48 102
48 104
48 105
48 108
48 115
48 116
48 123
48 125
48 129
48 135
48 141
48 142
48 147
48 149
49 51
49 52
49 53
49 54
49 55
49 56
49 61
49 64
49 65
49 66
49 67
49 68
49 69
49 71
49 72
49 73
49 74
49 75
49 76
49 77
49 79
49 80
49 82
49 83
49 87
49 89
49 90
49 91
49 92
49 93
49 94
49 95
49 96
49 99
49 102
49 104
49 105
49 106
49 107
49 108
49 109
49 112
49 113
49 114
49 115
49 116
49 117
49 118
49 119
49 120
49 123
49 125
49 126
49 128
49 129
49 131
49 133
49 134
49 135
49 136
49 137
49 138
49 139
49 140
49 141
49 143
49 145
49 146
49 147
49 150
49 151
49 152
49 153
49 154
49 157
49 158
49 159
49 161
50 51
50 52
50 54
50 56
50 59
50 60
50 62
50 65
50 67
50 68
50 69
50 70
50 72
50 75
50 77
50 79
50 80
50 82
50 83
50 84
50 86
50 89
50 93
50 94
50 97
50 101
50 102
50 103
50 104
50 105
50 108
50 109
50 112
50 114
50 116
50 117
50 118
50 127
50 129
50 130
50 131
50 136
50 137
50 140
50 141
50 142
50 145
50 146
50 150
50 151
50 152
50 153
50 154
50 155
50 157
50 159
50 161
51 53
51 54
51 55
51 56
51 57
51 58
51 59
51 61
51 62
51 63
51 64
51 65
51 67
51 68
51 69
51 70
51 71
51 73
51 74
51 75
51 76
51 77
51 79
51 80
51 82
51 85
51 86
51 87
51 88
51 89
51 91
51 92
51 95
51 97
51 98
51 99
51 100
51 101
51 102
51 103
51 104
51 105
51 106
51 107
51 110
51 112
51 113
51 114
51 115
51 117
51 118
51 119
51 120
51 121
51 123
51 125
51 126
51 128
51 129
51 130
51 131
51 132
51 133
51 134
51 135
51 136
51 137
51 138
51 143
51 145
51 146
51 147
51 148
51 150
51 151
51 152
51 153
51 154
51 155
51 156
51 157
51 158
51 159
51 161
52 54
52 56
52 61
52 63
52 64
52 65
52 67
52 69
52 70
52 72
52 74
52 75
52 79
52 84
52 88
52 89
52 91
52 92
52 101
52 106
52 107
52 109
52 112
52 114
52 115
52 118
52 124
52 125
52 129
52 130
52 131
52 133
52 134
52 138
52 145
52 146
52 147
52 151
52 152
52 154
52 157
52 158
52 159
52 161
53 55
53 56
53 58
53 62
53 65
53 66
53 67
53 68
53 72
53 77
53 79
53 85
53 87
53 89
53 91
53 92
53 94
53 104
53 105
53 106
53 109
53 111
53 112
53 113
53 116
53 117
53 118
53 119
53 125
53 126
53 129
53 130
53 131
53 133
53 137
53 138
53 141
53 145
53 147
53 152
53 154
53 155
53 159
53 161
54 55
54 56
54 58
54 59
54 60
54 62
54 63
54 64
54 66
54 67
54 68
54 69
54 70
54 71
54 72
54 74
54 75
54 76
54 77
54 79
54 80
54 81
54 82
54 84
54 86
54 87
54 89
54 91
54 92
54 93
54 94
54 96
54 97
54 99
54 100
54 101
54 102
54 105
54 107
54 108
54 109
54 110
54 112
54 113
54 114
54 115
54 116
54 117
54 118
54 122
54 125
54 126
54 127
54 128
54 129
54 131
54 133
54 134
54 135
54 136
54 137
54 138
54 141
54 142
54 143
54 145
54 146
54 147
54 149
54 152
54 153
54 154
54 155
54 157
54 158
54 159
54 160
54 161
55 56
55 57
55 58
55 63
55 64
55 65
55 66
55 67
55 68
55 69
55 70
55 71
55 72
55 73
55 74
55 79
55 83
55 84
55 86
55 87
55 89
55 92
55 93
55 94
55 95
55 99
55 101
55 102
55 103
55 105
55 109
55 111
55 113
55 114
55 116
55 118
55 121
55 123
55 125
55 126
55 129
55 130
55 131
55 133
55 134
55 137
55 138
55 139
55 142
55 143
55 146
55 150
55 151
55 152
55 153
55 154
55 157
55 158
55 161
56 58
56 59
56 60
56 61
56 62
56 63
56 64
56 65
56 66
56 69
56 70
56 71
56 72
56 74
56 75
56 76
56 77
56 79
56 80
56 86
56 87
56 89
56 91
56 92
56 93
56 94
56 95
56 96
56 97
56 98
56 100
56 101
56 102
56 103
56 104
56 105
56 106
56 107
56 108
56 109
56 110
56 111
56 112
56 113
56 114
56 115
56 116
56 117
56 118
56 124
56 125
56 128
56 129
56 130
56 131
56 132
56 133
56 134
56 137
56 138
56 139
56 140
56 141
56 142
56 143
56 145
56 146
56 147
56 150
56 151
56 153
56 154
56 157
56 158
56 159
56 160
56 161
57 58
57 59
57 61
57 63
57 64
57 66
57 67
57 68
57 69
57 72
57 74
57 79
57 84
57 94
57 100
57 101
57 109
57 126
57 129
57 130
57 131
57 134
57 137
57 138
57 145
57 146
57 147
57 150
57 152
57 153
57 154
57 157
57 158
57 161
58 60
58 61
58 64
58 69
58 70
58 71
58 73
58 74
58 75
58 76
58 78
58 87
58 89
58 90
58 93
58 94
58 95
58 97
58 98
58 102
58 105
58 106
58 108
58 109
58 111
58 112
58 113
58 114
58 115
58 118
58 120
58 125
58 126
58 127
58 130
58 131
58 132
58 133
58 134
58 135
58 137
58 138
58 141
58 142
58 144
58 145
58 146
58 147
58 149
58 151
58 153
58 157
58 158
58 159
59 63
59 64
59 65
59 70
59 72
59 74
59 79
59 82
59 83
59 85
59 86
59 87
59 88
59 89
59 97
59 98
59 99
59 101
59 102
59 105
59 106
59 108
59 109
59 112
59 113
59 114
59 115
59 117
59 118
59 125
59 126
59 128
59 131
59 133
59 134
59 137
59 138
59 139
59 141
59 142
59 147
59 150
59 151
59 152
59 154
59 158
59 159
59 160
59 161
60 71
60 72
60 73
60 78
60 89
60 106
60 112
60 114
60 115
60 125
60 129
60 134
60 142
60 143
60 147
60 151
60 154
61 63
61 64
61 67
61 68
61 71
61 73
61 74
61 75
61 79
61 83
61 84
61 87
61 88
61 91
61 93
61 95
61 97
61 99
61 100
61 101
61 102
61 105
61 107
61 108
61 109
61 111
61 114
61 115
61 116
61 125
61 129
61 130
61 139
61 141
61 145
61 146
61 147
61 150
61 152
61 154
61 158
61 161
62 66
62 68
62 69
62 70
62 73
62 74
62 79
62 80
62 83
62 87
62 94
62 97
62 101
62 102
62 103
62 105
62 106
62 108
62 109
62 111
62 116
62 118
62 120
62 124
62 129
62 131
62 132
62 133
62 134
62 137
62 141
62 142
62 143
62 145
62 148
62 152
62 154
62 156
62 157
62 159
63 64
63 65
63 66
63 67
63 68
63 69
63 70
63 71
63 72
63 74
63 76
63 77
63 79
63 85
63 86
63 87
63 89
63 94
63 95
63 97
63 99
63 100
63 102
63 103
63 105
63 107
63 108
63 110
63 111
63 112
63 113
63 115
63 117
63 118
63 120
63 125
63 126
63 127
63 128
63 129
63 131
63 132
63 133
63 134
63 137
63 139
63 141
63 143
63 145
63 146
63 147
63 148
63 150
63 152
63 154
63 155
63 157
63 160
64 65
64 67
64 68
64 69
64 71
64 72
64 73
64 74
64 76
64 79
64 80
64 81
64 82
64 83
64 84
64 88
64 89
64 90
64 91
64 93
64 94
64 96
64 97
64 98
64 99
64 100
64 101
64 102
64 103
64 104
64 106
64 107
64 108
64 109
64 111
64 112
64 113
64 114
64 116
64 117
64 118
64 122
64 125
64 129
64 130
64 133
64 134
64 135
64 136
64 137
64 138
64 139
64 140
64 141
64 142
64 143
64 144
64 145
64 146
64 147
64 149
64 150
64 151
64 152
64 153
64 154
64 155
64 158
64 160
64 161
65 66
65 67
65 68
65 69
65 70
65 71
65 72
65 73
65 74
65 75
65 76
65 77
65 79
65 81
65 82
65 84
65 86
65 88
65 89
65 90
65 92
65 93
65 94
65 97
65 99
65 100
65 101
65 103
65 105
65 106
65 108
65 109
65 110
65 111
65 112
65 113
65 114
65 116
65 117
65 118
65 121
65 125
65 126
65 129
65 130
65 131
65 132
65 133
65 135
65 136
65 137
65 138
65 141
65 142
65 143
65 145
65 150
65 151
65 152
65 153
65 154
65 155
65 157
65 158
65 159
65 160
65 161
66 68
66 69
66 70
66 72
66 74
66 76
66 77
66 78
66 79
66 80
66 81
66 83
66 88
66 89
66 91
66 93
66 97
66 98
66 100
66 101
66 102
66 103
66 105
66 106
66 107
66 108
66 109
66 111
66 112
66 115
66 116
66 117
66 125
66 129
66 130
66 131
66 134
66 135
66 136
66 137
66 138
66 139
66 140
66 142
66 143
66 147
66 149
66 150
66 152
66 153
66 154
66 155
66 157
66 158
66 159
66 160
67 69
67 70
67 71
67 72
67 73
67 74
67 75
67 76
67 79
67 80
67 82
67 83
67 85
67 86
67 87
67 88
67 89
67 91
67 92
67 94
67 97
67 98
67 99
67 100
67 102
67 103
67 104
67 105
67 106
67 107
67 108
67 109
67 110
67 113
67 114
67 116
67 117
67 118
67 119
67 124
67 125
67 126
67 128
67 129
67 130
67 131
67 132
67 134
67 135
67 136
67 137
67 138
67 139
67 140
67 141
67 142
67 143
67 145
67 147
67 149
67 150
67 151
67 152
67 153
67 154
67 155
67 157
67 158
67 159
67 161
68 69
68 70
68 71
68 72
68 73
68 74
68 75
68 76
68 78
68 79
68 80
68 82
68 83
68 84
68 85
68 86
68 87
68 93
68 94
68 95
68 97
68 98
68 99
68 100
68 101
68 102
68 105
68 106
68 109
68 110
68 111
68 112
68 113
68 114
68 115
68 116
68 117
68 118
68 122
68 123
68 125
68 126
68 128
68 129
68 130
68 131
68 133
68 134
68 135
68 137
68 138
68 139
68 142
68 143
68 144
68 145
68 146
68 147
68 148
68 149
68 150
68 151
68 152
68 153
68 154
68 159
68 160
68 161
69 70
69 71
69 73
69 74
69 77
69 78
69 80
69 82
69 83
69 84
69 85
69 87
69 88
69 89
69 91
69 92
69 93
69 94
69 95
69 100
69 102
69 103
69 104
69 105
69 106
69 107
69 108
69 109
69 110
69 111
69 112
69 113
69 114
69 115
69 116
69 117
69 125
69 127
69 128
69 129
69 130
69 132
69 133
69 134
69 136
69 137
69 138
69 139
69 140
69 141
69 142
69 145
69 146
69 147
69 148
69 150
69 152
69 154
69 155
69 156
69 158
69 159
69 160
70 71
70 72
70 74
70 75
70 76
70 77
70 78
70 79
70 80
70 81
70 86
70 87
70 88
70 89
70 91
70 94
70 95
70 96
70 97
70 100
70 101
70 102
70 103
70 105
70 107
70 108
70 109
70 110
70 111
70 112
70 113
70 114
70 115
70 117
70 118
70 120
70 122
70 123
70 124
70 125
70 126
70 128
70 129
70 131
70 132
70 133
70 135
70 136
70 137
70 138
70 139
70 140
70 142
70 143
70 144
70 147
70 150
70 151
70 152
70 153
70 154
70 157
70 158
70 159
70 160
71 72
71 74
71 75
71 76
71 77
71 79
71 80
71 82
71 83
71 84
71 86
71 87
71 88
71 89
71 91
71 92
71 93
71 99
71 101
71 102
71 103
71 106
71 107
71 108
71 109
71 111
71 112
71 113
71 114
71 115
71 116
71 117
71 119
71 123
71 124
71 125
71 126
71 127
71 128
71 129
71 130
71 131
71 133
71 135
71 137
71 138
71 139
71 141
71 142
71 145
71 146
71 147
71 149
71 151
71 152
71 154
71 155
71 157
71 158
71 159
71 160
71 161
72 73
72 74
72 75
72 76
72 77
72 79
72 81
72 82
72 86
72 87
72 88
72 92
72 93
72 94
72 95
72 96
72 97
72 101
72 102
72 103
72 106
72 107
72 108
72 109
72 111
72 112
72 113
72 114
72 115
72 117
72 118
72 119
72 125
72 126
72 127
72 128
72 129
72 130
72 131
72 132
72 134
72 136
72 137
72 138
72 139
72 140
72 141
72 142
72 143
72 145
72 146
72 147
72 148
72 150
72 151
72 153
72 154
72 156
72 158
72 159
72 160
73 74
73 75
73 77
73 79
73 80
73 82
73 84
73 86
73 87
73 88
73 89
73 91
73 92
73 93
73 94
73 95
73 96
73 101
73 102
73 104
73 105
73 106
73 107
73 108
73 109
73 111
73 112
73 114
73 115
73 117
73 118
73 125
73 126
73 127
73 129
73 130
73 132
73 133
73 135
73 137
73 138
73 141
73 142
73 144
73 145
73 146
73 147
73 150
73 151
73 152
73 154
73 155
73 158
73 161
74 75
74 77
74 79
74 80
74 81
74 82
74 83
74 84
74 85
74 86
74 87
74 89
74 91
74 92
74 93
74 94
74 95
74 98
74 99
74 100
74 101
74 102
74 103
74 106
74 108
74 109
74 110
74 112
74 113
74 114
74 115
74 116
74 117
74 118
74 120
74 123
74 124
74 125
74 127
74 128
74 129
74 130
74 131
74 132
74 133
74 134
74 136
74 137
74 138
74 140
74 141
74 142
74 143
74 144
74 146
74 147
74 148
74 149
74 150
74 151
74 152
74 154
74 155
74 156
74 157
74 158
74 159
74 161
75 77
75 80
75 82
75 83
75 84
75 86
75 87
75 88
75 89
75 94
75 99
75 101
75 102
75 103
75 104
75 105
75 106
75 107
75 109
75 110
75 111
75 112
75 113
75 115
75 117
75 118
75 120
75 125
75 128
75 129
75 130
75 131
75 133
75 138
75 139
75 140
75 142
75 143
75 144
75 145
75 146
75 147
75 148
75 149
75 150
75 151
75 152
75 154
75 157
75 158
76 79
76 84
76 85
76 87
76 91
76 94
76 96
76 97
76 103
76 105
76 108
76 114
76 115
76 117
76 123
76 125
76 126
76 129
76 130
76 131
76 133
76 134
76 136
76 137
76 138
76 142
76 146
76 147
76 148
76 150
76 152
76 154
76 157
76 158
76 159
77 78
77 79
77 82
77 83
77 84
77 85
77 86
77 88
77 89
77 90
77 92
77 93
77 94
77 95
77 96
77 97
77 98
77 100
77 101
77 102
77 104
77 105
77 106
77 107
77 109
77 111
77 112
77 113
77 114
77 116
77 118
77 119
77 120
77 124
77 125
77 126
77 127
77 129
77 130
77 131
77 133
77 134
77 135
77 136
77 137
77 138
77 139
77 141
77 142
77 143
77 144
77 145
77 147
77 151
77 153
77 157
77 158
77 159
77 160
77 161
78 102
78 113
78 138
78 141
78 146
78 147
78 149
78 153
78 157
79 80
79 84
79 85
79 86
79 87
79 89
79 92
79 93
79 95
79 97
79 98
79 100
79 101
79 104
79 105
79 106
79 108
79 109
79 110
79 111
79 112
79 113
79 114
79 116
79 117
79 121
79 122
79 126
79 129
79 131
79 132
79 133
79 134
79 135
79 136
79 138
79 139
79 140
79 141
79 142
79 145
79 146
79 147
79 148
79 149
79 151
79 152
79 153
79 154
79 155
79 157
79 158
79 159
79 161
80 84
80 85
80 86
80 90
80 91
80 93
80 94
80 95
80 97
80 101
80 102
80 105
80 106
80 111
80 112
80 113
80 114
80 115
80 117
80 118
80 120
80 121
80 122
80 125
80 128
80 129
80 130
80 133
80 135
80 136
80 138
80 139
80 140
80 144
80 145
80 149
80 151
80 152
80 154
80 157
80 159
80 161
81 83
81 87
81 88
81 89
81 91
81 95
81 99
81 102
81 103
81 106
81 108
81 114
81 131
81 133
81 135
81 139
81 145
81 152
81 154
81 158
82 89
82 90
82 91
82 95
82 98
82 104
82 108
82 112
82 114
82 115
82 116
82 125
82 129
82 130
82 131
82 132
82 137
82 138
82 139
82 145
82 146
82 147
82 148
82 150
82 152
82 154
83 84
83 86
83 88
83 91
83 93
83 94
83 97
83 99
83 101
83 102
83 103
83 105
83 106
83 107
83 108
83 110
83 112
83 113
83 114
83 115
83 117
83 118
83 120
83 121
83 125
83 126
83 130
83 133
83 134
83 137
83 138
83 142
83 145
83 150
83 151
83 152
83 154
83 158
83 159
84 88
84 89
84 90
84 91
84 92
84 94
84 97
84 98
84 99
84 100
84 102
84 103
84 105
84 106
84 108
84 111
84 112
84 114
84 116
84 117
84 118
84 121
84 125
84 126
84 127
84 129
84 131
84 133
84 134
84 137
84 138
84 142
84 145
84 146
84 147
84 150
84 151
84 152
84 153
84 154
84 157
84 158
84 159
84 161
85 92
85 94
85 97
85 98
85 99
85 101
85 106
85 111
85 113
85 116
85 123
85 126
85 129
85 130
85 133
85 135
85 138
85 141
85 142
85 143
85 147
85 148
85 149
85 156
86 87
86 89
86 90
86 93
86 94
86 97
86 99
86 101
86 102
86 106
86 107
86 108
86 109
86 110
86 112
86 113
86 116
86 117
86 118
86 125
86 129
86 130
86 131
86 134
86 135
86 137
86 139
86 141
86 142
86 145
86 146
86 147
86 150
86 151
86 152
86 154
86 158
86 161
87 88
87 89
87 92
87 93
87 94
87 95
87 97
87 98
87 100
87 101
87 102
87 103
87 104
87 105
87 106
87 108
87 109
87 111
87 112
87 113
87 114
87 115
87 116
87 117
87 121
87 126
87 133
87 134
87 137
87 141
87 142
87 145
87 146
87 148
87 152
87 153
87 154
87 155
87 157
87 158
87 159
87 160
87 161
88 91
88 93
88 94
88 97
88 99
88 101
88 102
88 106
88 108
88 112
88 113
88 115
88 116
88 124
88 126
88 128
88 129
88 131
88 133
88 135
88 136
88 138
88 144
88 147
88 150
88 157
88 161
89 90
89 91
89 93
89 94
89 97
89 98
89 102
89 103
89 105
89 106
89 107
89 108
89 109
89 111
89 112
89 113
89 116
89 117
89 118
89 119
89 121
89 125
89 126
89 127
89 128
89 129
89 130
89 131
89 132
89 133
89 134
89 136
89 137
89 138
89 139
89 140
89 141
89 142
89 143
89 145
89 147
89 148
89 149
89 150
89 151
89 152
89 153
89 154
89 155
89 157
89 158
89 160
90 111
90 112
90 117
90 120
90 122
90 123
90 129
90 132
90 133
90 134
90 137
90 139
90 141
90 145
90 146
90 151
90 152
90 154
90 161
91 92
91 94
91 95
91 97
91 99
91 101
91 105
91 107
91 109
91 114
91 116
91 117
91 118
91 127
91 129
91 130
91 132
91 133
91 134
91 135
91 138
91 140
91 141
91 142
91 145
91 147
91 151
91 152
91 153
91 154
91 157
91 158
91 160
91 161
92 93
92 94
92 95
92 99
92 101
92 102
92 104
92 105
92 106
92 107
92 108
92 109
92 111
92 112
92 113
92 118
92 119
92 121
92 122
92 129
92 131
92 132
92 133
92 135
92 136
92 137
92 145
92 147
92 151
92 152
92 154
92 157
92 160
92 161
93 94
93 97
93 98
93 101
93 102
93 113
93 115
93 117
93 118
93 120
93 121
93 122
93 123
93 125
93 126
93 129
93 130
93 131
93 134
93 135
93 137
93 142
93 144
93 145
93 146
93 147
93 149
93 151
93 152
93 153
93 154
93 156
93 158
93 159
93 161
94 97
94 98
94 99
94 101
94 107
94 108
94 109
94 110
94 112
94 113
94 114
94 115
94 116
94 117
94 119
94 121
94 122
94 124
94 127
94 128
94 129
94 130
94 133
94 134
94 135
94 137
94 138
94 139
94 140
94 141
94 142
94 144
94 145
94 147
94 148
94 149
94 150
94 151
94 152
94 153
94 154
94 155
94 156
94 160
95 98
95 102
95 103
95 108
95 109
95 110
95 112
95 113
95 114
95 115
95 129
95 131
95 134
95 138
95 139
95 141
95 144
95 152
95 153
95 154
95 157
95 158
96 101
96 109
96 110
96 112
96 115
96 117
96 118
96 125
96 137
96 138
96 147
96 149
96 150
96 151
96 152
96 153
96 157
96 158
97 98
97 101
97 102
97 103
97 105
97 106
97 108
97 109
97 110
97 111
97 112
97 113
97 114
97 115
97 116
97 117
97 118
97 119
97 120
97 125
97 126
97 129
97 131
97 132
97 133
97 134
97 135
97 136
97 137
97 138
97 139
97 140
97 141
97 142
97 145
97 147
97 148
97 149
97 150
97 152
97 153
97 154
97 157
97 158
97 159
98 100
98 102
98 103
98 104
98 105
98 106
98 107
98 112
98 113
98 114
98 115
98 124
98 125
98 126
98 129
98 133
98 134
98 137
98 138
98 141
98 142
98 145
98 147
98 152
98 153
98 154
99 101
99 102
99 106
99 107
99 109
99 110
99 112
99 113
99 115
99 117
99 118
99 125
99 131
99 134
99 135
99 137
99 139
99 142
99 143
99 147
99 148
99 149
99 150
99 151
99 152
99 153
99 158
99 161
100 101
100 102
100 104
100 106
100 107
100 108
100 110
100 114
100 115
100 117
100 121
100 129
100 130
100 131
100 133
100 134
100 137
100 141
100 142
100 151
100 153
100 154
100 156
100 157
100 159
101 102
101 103
101 105
101 106
101 108
101 110
101 111
101 112
101 113
101 114
101 115
101 116
101 117
101 119
101 122
101 125
101 127
101 128
101 129
101 130
101 131
101 132
101 133
101 134
101 135
101 137
101 138
101 139
101 140
101 141
101 142
101 143
101 144
101 145
101 149
101 150
101 151
101 152
101 154
101 155
101 157
101 158
101 160
101 161
102 103
102 105
102 108
102 109
102 112
102 113
102 114
102 115
102 117
102 118
102 119
102 120
102 122
102 125
102 126
102 127
102 128
102 129
102 130
102 133
102 134
102 136
102 137
102 138
102 139
102 142
102 144
102 145
102 148
102 149
102 150
102 151
102 152
102 154
102 155
102 156
102 157
102 158
102 159
102 160
102 161
103 104
103 105
103 108
103 110
103 112
103 113
103 114
103 115
103 117
103 118
103 125
103 126
103 127
103 129
103 130
103 131
103 133
103 137
103 138
103 139
103 142
103 147
103 148
103 151
103 152
103 153
103 157
103 158
103 159
104 106
104 109
104 112
104 113
104 114
104 115
104 117
104 125
104 127
104 131
104 133
104 134
104 135
104 139
104 142
104 143
104 146
104 147
104 148
104 149
104 151
104 157
105 106
105 107
105 108
105 114
105 115
105 116
105 117
105 118
105 119
105 121
105 126
105 127
105 128
105 129
105 131
105 132
105 133
105 134
105 135
105 137
105 139
105 140
105 142
105 143
105 146
105 147
105 148
105 151
105 152
105 153
105 156
105 157
105 158
105 161
106 108
106 110
106 111
106 112
106 113
106 114
106 115
106 116
106 117
106 118
106 119
106 120
106 122
106 125
106 126
106 127
106 129
106 130
106 133
106 134
106 136
106 137
106 138
106 139
106 140
106 141
106 142
106 145
106 146
106 147
106 148
106 152
106 153
106 154
106 156
106 157
106 158
106 159
106 160
106 161
107 108
107 110
107 111
107 112
107 120
107 121
107 128
107 131
107 133
107 134
107 138
107 139
107 142
107 145
107 146
107 147
107 148
107 149
107 150
107 152
107 153
107 157
107 158
107 159
107 160
107 161
108 109
108 112
108 113
108 114
108 115
108 117
108 118
108 119
108 124
108 126
108 128
108 129
108 130
108 131
108 133
108 135
108 136
108 137
108 138
108 139
108 141
108 142
108 144
108 145
108 146
108 149
108 150
108 152
108 155
108 156
108 157
108 158
108 161
109 110
109 111
109 112
109 113
109 115
109 117
109 118
109 119
109 122
109 125
109 126
109 127
109 128
109 129
109 133
109 134
109 135
109 138
109 139
109 140
109 144
109 145
109 146
109 147
109 150
109 152
109 153
109 154
109 157
109 158
109 160
110 114
110 117
110 118
110 121
110 129
110 131
110 134
110 138
110 140
110 142
110 145
110 148
110 151
110 152
110 157
110 161
111 112
111 113
111 115
111 118
111 122
111 125
111 126
111 129
111 131
111 134
111 137
111 139
111 142
111 143
111 145
111 147
111 148
111 149
111 150
111 151
111 152
111 154
111 160
111 161
112 113
112 114
112 115
112 117
112 118
112 125
112 129
112 131
112 133
112 135
112 136
112 137
112 138
112 139
112 142
112 147
112 148
112 151
112 152
112 153
112 154
112 155
112 156
112 157
112 158
112 159
112 161
113 114
113 117
113 118
113 119
113 120
113 125
113 126
113 129
113 131
113 133
113 134
113 136
113 137
113 139
113 140
113 142
113 146
113 147
113 148
113 152
113 153
113 154
113 157
113 158
113 161
114 115
114 116
114 117
114 118
114 119
114 121
114 123
114 124
114 126
114 128
114 130
114 133
114 134
114 135
114 136
114 137
114 138
114 139
114 140
114 141
114 142
114 143
114 145
114 147
114 149
114 150
114 152
114 154
114 155
114 156
114 159
114 161
115 116
115 117
115 118
115 119
115 121
115 122
115 123
115 125
115 126
115 128
115 131
115 136
115 137
115 139
115 140
115 141
115 142
115 143
115 145
115 147
115 148
115 149
115 151
115 152
115 154
115 157
115 158
115 160
115 161
116 117
116 118
116 121
116 125
116 128
116 129
116 133
116 134
116 135
116 136
116 137
116 138
116 139
116 141
116 143
116 145
116 150
116 151
116 157
116 159
117 124
117 129
117 131
117 133
117 134
117 135
117 136
117 137
117 138
117 139
117 141
117 142
117 145
117 147
117 149
117 150
117 151
117 152
117 153
117 154
117 157
117 158
118 121
118 122
118 126
118 127
118 129
118 130
118 134
118 136
118 138
118 139
118 140
118 141
118 142
118 143
118 144
118 145
118 147
118 148
118 150
118 151
118 152
118 153
118 154
118 155
118 157
118 158
118 159
118 161
119 122
119 126
119 128
119 129
119 131
119 133
119 137
119 138
119 152
119 154
119 158
120 124
120 126
120 127
120 131
120 133
120 134
120 138
120 140
120 147
120 149
120 155
121 129
121 133
121 134
121 138
121 142
121 147
121 152
122 125
122 131
122 133
122 138
122 139
122 146
122 150
122 151
122 155
122 158
123 125
123 126
123 127
123 131
123 133
123 137
123 147
123 150
123 153
123 157
124 130
124 134
124 135
124 147
124 152
124 161
125 126
125 127
125 130
125 133
125 134
125 136
125 137
125 138
125 139
125 141
125 144
125 145
125 146
125 148
125 149
125 150
125 151
125 152
125 153
125 154
125 155
125 156
125 157
125 158
125 159
125 160
125 161
126 129
126 130
126 133
126 134
126 136
126 138
126 139
126 142
126 143
126 146
126 151
126 152
126 153
126 154
126 158
126 161
127 129
127 134
127 135
127 138
127 141
127 146
127 147
127 149
127 150
127 151
127 152
127 155
127 156
128 133
128 134
128 135
128 136
128 137
128 138
128 142
128 143
128 146
128 148
128 150
128 152
128 154
128 159
128 161
129 131
129 133
129 134
129 138
129 139
129 140
129 141
129 142
129 145
129 146
129 148
129 149
129 152
129 153
129 154
129 157
129 158
129 159
129 160
129 161
130 133
130 135
130 138
130 139
130 141
130 142
130 150
130 153
130 158
131 133
131 134
131 135
131 136
131 137
131 138
131 140
131 142
131 144
131 145
131 147
131 148
131 150
131 151
131 152
131 154
131 158
131 159
131 160
131 161
132 133
132 138
132 139
132 142
132 147
132 150
132 151
132 152
132 153
132 157
132 158
132 160
133 134
133 135
133 136
133 137
133 138
133 139
133 140
133 142
133 144
133 145
133 147
133 150
133 151
133 152
133 154
133 157
133 160
134 135
134 137
134 138
134 139
134 140
134 141
134 142
134 143
134 145
134 146
134 147
134 148
134 149
134 150
134 151
134 152
134 153
134 154
134 156
134 157
134 158
134 159
134 161
135 139
135 140
135 142
135 146
135 150
135 151
135 152
135 154
135 155
135 156
135 157
135 160
136 137
136 141
136 142
136 152
136 155
136 157
136 158
137 138
137 139
137 140
137 141
137 142
137 143
137 144
137 147
137 149
137 150
137 151
137 152
137 153
137 154
137 155
137 156
137 157
137 158
137 160
137 161
138 139
138 140
138 141
138 142
138 143
138 145
138 146
138 147
138 148
138 150
138 151
138 152
138 153
138 154
138 155
138 157
138 158
138 160
138 161
139 140
139 142
139 145
139 146
139 147
139 149
139 150
139 151
139 154
139 157
139 158
139 160
139 161
140 150
140 154
140 157
140 158
140 159
141 142
141 143
141 145
141 146
141 147
141 152
141 153
141 154
141 155
141 156
141 157
141 158
141 160
142 143
142 144
142 145
142 147
142 148
142 149
142 150
142 151
142 152
142 153
142 155
142 156
142 158
142 159
142 160
142 161
143 145
143 146
143 147
143 150
143 153
143 154
143 156
143 159
144 151
144 153
144 154
145 146
145 147
145 150
145 151
145 153
145 154
145 158
145 160
146 147
146 149
146 150
146 151
146 152
146 154
146 156
146 157
146 158
146 160
146 161
147 151
147 152
147 153
147 154
147 157
147 158
147 160
147 161
148 154
148 157
149 151
149 154
149 157
149 161
150 151
150 152
150 153
150 154
150 157
150 158
150 161
151 152
151 153
151 154
151 157
151 158
151 159
151 160
151 161
152 153
152 154
152 155
152 156
152 157
152 158
152 159
152 160
152 161
153 154
153 155
153 158
154 155
154 157
154 158
154 159
154 160
155 161
156 157
157 158
157 159
157 161
158 160
158 161
159 161
160 161
