0 6
0 7
0 10
0 11
0 14
0 21
0 24
0 26
0 32
0 35
0 36
0 37
0 38
0 39
0 41
0 46
0 54
0 56
0 57
0 59
0 62
0 64
0 65
0 66
0 68
0 69
0 70
0 72
0 74
0 75
0 78
0 80
0 84
0 101
0 102
0 104
0 106
0 108
0 110
0 111
0 113
0 115
0 116
0 117
0 118
0 124
0 125
0 130
0 131
0 134
0 136
0 137
0 139
0 146
0 149
0 151
0 155
0 160
1 5
1 7
1 15
1 16
1 18
1 19
1 20
1 23
1 25
1 26
1 28
1 30
1 31
1 32
1 37
1 38
1 40
1 45
1 49
1 51
1 52
1 58
1 59
1 62
1 63
1 66
1 67
1 68
1 69
1 70
1 72
1 73
1 74
1 75
1 76
1 77
1 79
1 84
1 85
1 87
1 89
1 91
1 92
1 93
1 95
1 96
1 98
1 101
1 102
1 108
1 109
1 114
1 117
1 118
1 125
1 129
1 131
1 134
1 135
1 136
1 137
1 138
1 139
1 142
1 145
1 146
1 147
1 149
1 150
1 151
1 157
1 158
2 3
2 6
2 11
2 14
2 15
2 16
2 25
2 26
2 31
2 34
2 36
2 42
2 56
2 58
2 59
2 63
2 68
2 72
2 74
2 77
2 81
2 88
2 92
2 102
2 105
2 108
2 109
2 117
2 118
2 125
2 126
2 127
2 129
2 133
2 134
2 135
2 138
2 139
2 141
2 142
2 145
2 146
2 147
2 149
2 151
2 152
2 154
2 157
2 158
3 4
3 8
3 14
3 21
3 22
3 23
3 24
3 26
3 30
3 32
3 36
3 37
3 38
3 43
3 49
3 50
3 51
3 54
3 56
3 59
3 65
3 68
3 69
3 70
3 71
3 72
3 73
3 74
3 75
3 77
3 79
3 81
3 84
3 87
3 89
3 92
3 93
3 97
3 105
3 106
3 109
3 110
3 119
3 123
3 129
3 131
3 133
3 138
3 143
3 152
3 155
3 157
4 6
4 10
4 11
4 12
4 13
4 14
4 15
4 16
4 20
4 21
4 22
4 23
4 24
4 25
4 26
4 27
4 28
4 29
4 30
4 31
4 32
4 34
4 37
4 38
4 39
4 40
4 42
4 43
4 44
4 45
4 48
4 49
4 50
4 51
4 53
4 54
4 56
4 58
4 60
4 61
4 63
4 65
4 66
4 67
4 68
4 69
4 70
4 71
4 72
4 73
4 77
4 79
4 81
4 82
4 83
4 84
4 85
4 87
4 88
4 89
4 90
4 91
4 93
4 95
4 97
4 99
4 100
4 101
4 102
4 103
4 104
4 106
4 108
4 110
4 112
4 114
4 115
4 116
4 117
4 118
4 125
4 126
4 129
4 130
4 131
4 132
4 133
4 134
4 135
4 136
4 137
4 138
4 139
4 140
4 141
4 142
4 143
4 145
4 147
4 148
4 150
4 151
4 152
4 154
4 156
4 157
4 158
4 159
4 160
4 161
5 7
5 8
5 9
5 14
5 19
5 21
5 26
5 28
5 33
5 35
5 38
5 40
5 45
5 50
5 54
5 56
5 61
5 64
5 66
5 71
5 74
5 79
5 101
5 106
5 108
5 109
5 113
5 114
5 115
5 116
5 122
5 130
5 131
5 133
5 138
5 145
5 147
5 152
5 153
5 159
5 161
6 7
6 8
6 9
6 10
6 11
6 13
6 14
6 15
6 16
6 17
6 18
6 19
6 20
6 21
6 22
6 23
6 24
6 25
6 27
6 28
6 29
6 30
6 31
6 32
6 34
6 35
6 40
6 44
6 45
6 47
6 48
6 49
6 51
6 52
6 54
6 55
6 56
6 57
6 58
6 59
6 60
6 61
6 62
6 64
6 65
6 67
6 68
6 69
6 70
6 71
6 72
6 73
6 74
6 75
6 76
6 77
6 79
6 80
6 81
6 83
6 84
6 85
6 86
6 87
6 101
6 102
6 103
6 104
6 105
6 106
6 110
6 112
6 113
6 114
6 115
6 117
6 118
6 119
6 121
6 122
6 123
6 124
6 125
6 126
6 129
6 130
6 132
6 133
6 134
6 136
6 137
6 138
6 139
6 140
6 142
6 143
6 146
6 147
6 150
6 154
6 157
6 160
6 161
7 9
7 10
7 12
7 14
7 16
7 19
7 20
7 21
7 22
7 23
7 25
7 26
7 27
7 29
7 30
7 31
7 35
7 36
7 38
7 40
7 42
7 43
7 44
7 45
7 46
7 49
7 50
7 51
7 52
7 53
7 54
7 55
7 56
7 59
7 62
7 63
7 64
7 65
7 67
7 68
7 69
7 70
7 71
7 72
7 73
7 74
7 75
7 76
7 77
7 80
7 81
7 83
7 84
7 87
7 88
7 89
7 90
7 91
7 93
7 95
7 97
7 98
7 99
7 100
7 101
7 102
7 103
7 104
7 105
7 106
7 107
7 108
7 109
7 111
7 112
7 113
7 115
7 118
7 120
7 123
7 125
7 126
7 128
7 129
7 130
7 131
7 132
7 133
7 134
7 135
7 136
7 137
7 138
7 139
7 140
7 141
7 142
7 143
7 145
7 146
7 147
7 148
7 149
7 150
7 151
7 152
7 154
7 156
7 157
7 158
7 159
7 160
7 161
8 9
8 11
8 14
8 16
8 18
8 19
8 20
8 21
8 24
8 28
8 30
8 31
8 35
8 36
8 43
8 44
8 45
8 47
8 49
8 51
8 54
8 56
8 58
8 62
8 64
8 66
8 70
8 73
8 74
8 75
8 77
8 79
8 83
8 84
8 88
8 97
8 98
8 99
8 101
8 106
8 107
8 108
8 114
8 115
8 117
8 118
8 125
8 131
8 134
8 139
8 150
8 151
8 152
8 155
8 157
8 161
9 11
9 14
9 18
9 19
9 21
9 23
9 25
9 26
9 28
9 30
9 31
9 32
9 33
9 34
9 35
9 36
9 38
9 39
9 40
9 41
9 42
9 44
9 45
9 46
9 49
9 50
9 51
9 53
9 54
9 55
9 56
9 58
9 60
9 63
9 64
9 68
9 69
9 70
9 71
9 72
9 73
9 74
9 75
9 77
9 79
9 81
9 84
9 85
9 86
9 87
9 89
9 94
9 95
9 97
9 99
9 101
9 102
9 103
9 104
9 105
9 108
9 109
9 111
9 112
9 113
9 114
9 115
9 116
9 117
9 120
9 125
9 126
9 127
9 129
9 130
9 131
9 133
9 136
9 137
9 138
9 140
9 141
9 142
9 144
9 147
9 149
9 150
9 152
9 153
9 154
9 158
9 161
10 11
10 14
10 16
10 18
10 19
10 20
10 21
10 22
10 25
10 26
10 28
10 30
10 31
10 32
10 33
10 34
10 35
10 36
10 38
10 39
10 42
10 43
10 44
10 47
10 49
10 53
10 54
10 55
10 56
10 57
10 62
10 63
10 64
10 67
10 68
10 70
10 71
10 72
10 74
10 75
10 76
10 77
10 78
10 79
10 80
10 81
10 83
10 86
10 89
10 92
10 93
10 95
10 99
10 100
10 101
10 102
10 106
10 107
10 108
10 109
10 112
10 114
10 118
10 119
10 125
10 129
10 130
10 131
10 132
10 133
10 135
10 136
10 137
10 138
10 141
10 142
10 147
10 151
10 152
10 158
10 160
10 161
11 12
11 14
11 15
11 18
11 21
11 22
11 23
11 24
11 26
11 27
11 31
11 32
11 35
11 36
11 37
11 38
11 40
11 42
11 43
11 44
11 45
11 49
11 50
11 51
11 53
11 54
11 55
11 56
11 59
11 61
11 64
11 65
11 66
11 67
11 68
11 70
11 72
11 74
11 75
11 78
11 79
11 80
11 86
11 88
11 89
11 90
11 93
11 94
11 95
11 96
11 97
11 99
11 100
11 101
11 102
11 106
11 107
11 108
11 110
11 111
11 113
11 115
11 116
11 117
11 121
11 125
11 126
11 127
11 128
11 129
11 130
11 131
11 133
11 135
11 137
11 138
11 139
11 140
11 141
11 142
11 147
11 148
11 149
11 151
11 152
11 153
11 157
11 158
11 160
11 161
12 14
12 21
12 22
12 23
12 27
12 38
12 40
12 43
12 49
12 51
12 54
12 59
12 61
12 62
12 63
12 64
12 66
12 68
12 69
12 70
12 71
12 72
12 73
12 74
12 75
12 79
12 81
12 83
12 84
12 85
12 88
12 93
12 97
12 98
12 101
12 105
12 108
12 111
12 112
12 113
12 114
12 115
12 116
12 118
12 123
12 129
12 131
12 133
12 135
12 138
12 145
12 147
12 149
12 150
12 151
12 152
12 155
12 157
12 161
13 14
13 16
13 19
13 21
13 25
13 26
13 27
13 28
13 29
13 30
13 31
13 32
13 33
13 35
13 36
13 44
13 45
13 49
13 51
13 53
13 54
13 56
13 58
13 59
13 60
13 65
13 66
13 67
13 68
13 69
13 70
13 73
13 74
13 76
13 77
13 79
13 81
13 84
13 87
13 89
13 91
13 93
13 97
13 98
13 99
13 100
13 101
13 105
13 112
13 113
13 119
13 123
13 125
13 126
13 130
13 131
13 133
13 135
13 136
13 137
13 145
13 146
13 147
13 154
13 157
13 158
13 159
13 161
14 15
14 16
14 17
14 19
14 20
14 21
14 22
14 24
14 25
14 26
14 28
14 30
14 34
14 35
14 37
14 38
14 39
14 40
14 41
14 43
14 44
14 45
14 46
14 48
14 49
14 50
14 51
14 52
14 53
14 54
14 56
14 57
14 58
14 59
14 63
14 64
14 65
14 66
14 67
14 68
14 69
14 70
14 71
14 72
14 74
14 75
14 76
14 79
14 80
14 82
14 84
14 86
14 87
14 89
14 91
14 93
14 94
14 95
14 96
14 97
14 98
14 99
14 100
14 101
14 102
14 103
14 104
14 105
14 106
14 108
14 109
14 111
14 112
14 113
14 115
14 117
14 118
14 119
14 120
14 121
14 122
14 125
14 126
14 127
14 129
14 130
14 131
14 132
14 133
14 134
14 137
14 138
14 139
14 141
14 142
14 145
14 146
14 147
14 150
14 151
14 152
14 153
14 154
14 155
14 157
14 158
14 159
14 161
15 18
15 19
15 21
15 23
15 24
15 25
15 29
15 31
15 32
15 34
15 35
15 37
15 39
15 40
15 42
15 43
15 50
15 55
15 56
15 58
15 61
15 64
15 68
15 69
15 71
15 74
15 85
15 87
15 88
15 93
15 96
15 97
15 98
15 99
15 100
15 101
15 102
15 104
15 106
15 113
15 114
15 115
15 116
15 117
15 121
15 129
15 131
15 133
15 136
15 138
15 139
15 142
15 147
15 149
15 151
15 152
15 153
15 154
15 159
16 21
16 26
16 27
16 30
16 31
16 32
16 39
16 40
16 49
16 50
16 51
16 55
16 56
16 59
16 61
16 63
16 64
16 65
16 66
16 68
16 71
16 74
16 75
16 79
16 80
16 88
16 89
16 99
16 106
16 109
16 110
16 115
16 117
16 118
16 124
16 126
16 130
16 131
16 134
16 138
16 139
16 141
16 146
16 151
16 158
16 161
17 30
17 31
17 32
17 54
17 56
17 64
17 65
17 67
17 72
17 73
17 74
17 85
17 89
17 98
17 99
17 101
17 106
17 108
17 113
17 125
17 130
17 133
17 138
17 140
17 152
17 155
17 156
17 159
18 19
18 20
18 22
18 24
18 25
18 30
18 31
18 32
18 38
18 39
18 40
18 42
18 44
18 45
18 48
18 49
18 51
18 54
18 56
18 64
18 65
18 66
18 67
18 69
18 70
18 71
18 72
18 74
18 78
18 79
18 80
18 82
18 84
18 85
18 87
18 88
18 89
18 91
18 97
18 98
18 99
18 101
18 102
18 105
18 107
18 110
18 111
18 114
18 117
18 125
18 127
18 135
18 137
18 138
18 139
18 142
18 144
18 146
18 147
18 150
18 151
18 152
18 153
18 154
18 156
18 158
19 20
19 21
19 22
19 26
19 28
19 30
19 31
19 32
19 34
19 35
19 36
19 37
19 38
19 39
19 40
19 42
19 43
19 44
19 45
19 46
19 48
19 49
19 50
19 51
19 52
19 54
19 55
19 57
19 59
19 60
19 61
19 63
19 64
19 65
19 66
19 67
19 68
19 69
19 70
19 71
19 72
19 73
19 74
19 75
19 77
19 79
19 80
19 82
19 83
19 84
19 86
19 87
19 88
19 89
19 90
19 91
19 92
19 93
19 94
19 95
19 97
19 98
19 99
19 101
19 102
19 104
19 105
19 106
19 108
19 109
19 110
19 111
19 113
19 114
19 115
19 116
19 117
19 118
19 122
19 125
19 126
19 127
19 129
19 130
19 131
19 133
19 134
19 135
19 137
19 138
19 139
19 140
19 142
19 143
19 144
19 146
19 147
19 149
19 150
19 151
19 152
19 153
19 154
19 155
19 156
19 157
19 158
19 159
20 22
20 25
20 28
20 30
20 34
20 40
20 46
20 48
20 54
20 57
20 67
20 68
20 70
20 74
20 75
20 88
20 89
20 94
20 98
20 105
20 108
20 111
20 112
20 113
20 114
20 116
20 117
20 118
20 125
20 127
20 134
20 137
20 140
20 141
20 142
20 145
20 149
20 152
20 153
20 154
21 23
21 24
21 25
21 26
21 29
21 30
21 31
21 32
21 33
21 34
21 35
21 36
21 38
21 39
21 40
21 42
21 43
21 45
21 48
21 49
21 50
21 51
21 52
21 53
21 54
21 55
21 56
21 58
21 63
21 65
21 66
21 67
21 68
21 69
21 70
21 71
21 72
21 73
21 74
21 75
21 76
21 80
21 82
21 83
21 85
21 88
21 91
21 93
21 94
21 95
21 96
21 97
21 98
21 101
21 103
21 104
21 105
21 106
21 107
21 108
21 109
21 112
21 114
21 115
21 116
21 117
21 118
21 120
21 125
21 126
21 127
21 128
21 129
21 130
21 131
21 133
21 134
21 135
21 136
21 137
21 138
21 139
21 141
21 142
21 143
21 150
21 152
21 154
21 158
21 159
21 161
22 25
22 26
22 31
22 38
22 39
22 40
22 41
22 43
22 44
22 45
22 48
22 49
22 50
22 51
22 53
22 54
22 58
22 61
22 63
22 64
22 65
22 69
22 70
22 71
22 73
22 74
22 75
22 76
22 77
22 79
22 87
22 89
22 94
22 97
22 101
22 102
22 103
22 104
22 105
22 106
22 107
22 110
22 112
22 113
22 114
22 115
22 121
22 123
22 125
22 126
22 129
22 132
22 133
22 135
22 136
22 137
22 139
22 142
22 146
22 147
22 150
22 152
22 154
22 155
22 159
23 24
23 28
23 30
23 31
23 32
23 34
23 36
23 39
23 40
23 44
23 45
23 51
23 52
23 54
23 56
23 58
23 59
23 61
23 70
23 72
23 74
23 78
23 79
23 80
23 85
23 87
23 89
23 90
23 91
23 93
23 102
23 104
23 106
23 109
23 110
23 112
23 113
23 114
23 115
23 118
23 125
23 130
23 134
23 135
23 150
23 153
23 156
23 159
24 25
24 28
24 30
24 31
24 33
24 36
24 40
24 44
24 49
24 55
24 59
24 60
24 65
24 66
24 67
24 68
24 70
24 71
24 72
24 74
24 75
24 77
24 79
24 80
24 83
24 87
24 88
24 89
24 99
24 101
24 103
24 105
24 106
24 107
24 109
24 110
24 112
24 113
24 114
24 118
24 129
24 130
24 132
24 133
24 137
24 142
24 146
24 151
24 152
24 153
24 157
25 26
25 28
25 30
25 31
25 32
25 36
25 37
25 38
25 39
25 40
25 42
25 45
25 46
25 47
25 49
25 51
25 52
25 54
25 55
25 56
25 58
25 59
25 61
25 62
25 63
25 64
25 65
25 66
25 67
25 68
25 72
25 73
25 75
25 77
25 83
25 86
25 88
25 91
25 92
25 97
25 104
25 105
25 106
25 108
25 109
25 112
25 113
25 115
25 116
25 118
25 119
25 125
25 128
25 129
25 132
25 133
25 134
25 135
25 136
25 137
25 138
25 139
25 140
25 142
25 147
25 148
25 151
25 152
25 153
25 154
25 155
25 157
25 158
25 159
25 160
26 27
26 31
26 32
26 34
26 35
26 36
26 38
26 39
26 40
26 42
26 43
26 44
26 45
26 46
26 47
26 48
26 49
26 50
26 51
26 52
26 54
26 55
26 56
26 59
26 60
26 61
26 62
26 63
26 64
26 65
26 66
26 67
26 68
26 69
26 70
26 71
26 73
26 74
26 75
26 76
26 77
26 79
26 80
26 81
26 82
26 84
26 85
26 86
26 87
26 88
26 89
26 91
26 92
26 93
26 94
26 96
26 98
26 99
26 101
26 102
26 105
26 106
26 107
26 108
26 109
26 110
26 115
26 116
26 117
26 118
26 122
26 125
26 126
26 128
26 129
26 131
26 132
26 133
26 134
26 135
26 137
26 138
26 139
26 140
26 141
26 142
26 143
26 145
26 146
26 147
26 150
26 151
26 152
26 153
26 154
26 156
26 157
26 158
26 159
26 161
27 31
27 49
27 51
27 53
27 64
27 67
27 72
27 79
27 91
27 94
27 101
27 102
27 109
27 110
27 112
27 115
27 125
27 133
27 137
27 138
27 139
27 142
27 145
27 146
27 147
27 148
27 151
27 157
27 158
28 30
28 32
28 33
28 34
28 35
28 37
28 40
28 43
28 45
28 49
28 51
28 54
28 55
28 56
28 58
28 60
28 61
28 64
28 65
28 66
28 68
28 69
28 74
28 75
28 76
28 78
28 79
28 84
28 85
28 94
28 97
28 99
28 100
28 101
28 102
28 103
28 105
28 106
28 108
28 111
28 114
28 115
28 118
28 128
28 129
28 131
28 132
28 133
28 134
28 138
28 139
28 140
28 142
28 145
28 150
28 151
28 152
28 154
28 157
28 160
28 161
29 30
29 32
29 33
29 35
29 37
29 38
29 39
29 40
29 42
29 45
29 50
29 54
29 55
29 56
29 65
29 66
29 67
29 68
29 69
29 71
29 72
29 73
29 75
29 77
29 79
29 80
29 83
29 85
29 87
29 92
29 97
29 100
29 101
29 103
29 105
29 108
29 115
29 118
29 119
29 126
29 128
29 129
29 131
29 133
29 134
29 135
29 137
29 138
29 140
29 141
29 146
29 150
29 153
29 154
29 155
29 156
29 157
30 31
30 32
30 33
30 34
30 37
30 38
30 39
30 40
30 42
30 44
30 45
30 46
30 49
30 50
30 51
30 52
30 54
30 55
30 56
30 59
30 61
30 62
30 63
30 64
30 65
30 67
30 69
30 70
30 71
30 72
30 73
30 74
30 76
30 77
30 79
30 82
30 83
30 84
30 85
30 87
30 88
30 89
30 91
30 93
30 94
30 95
30 97
30 101
30 102
30 103
30 104
30 105
30 106
30 107
30 108
30 111
30 112
30 113
30 114
30 115
30 117
30 118
30 121
30 124
30 125
30 126
30 127
30 128
30 130
30 131
30 133
30 134
30 136
30 137
30 138
30 142
30 143
30 145
30 146
30 147
30 148
30 150
30 151
30 152
30 154
30 156
30 157
30 160
30 161
31 32
31 33
31 34
31 35
31 36
31 38
31 39
31 40
31 42
31 44
31 45
31 46
31 47
31 49
31 50
31 52
31 53
31 54
31 55
31 56
31 57
31 59
31 60
31 61
31 62
31 63
31 64
31 65
31 66
31 67
31 68
31 69
31 70
31 71
31 72
31 73
31 74
31 75
31 76
31 77
31 79
31 80
31 81
31 82
31 84
31 85
31 86
31 87
31 88
31 89
31 91
31 92
31 93
31 94
31 95
31 96
31 97
31 98
31 99
31 101
31 102
31 103
31 104
31 106
31 107
31 108
31 109
31 110
31 111
31 113
31 114
31 115
31 116
31 117
31 118
31 119
31 121
31 125
31 126
31 127
31 129
31 130
31 131
31 132
31 133
31 134
31 135
31 137
31 138
31 139
31 140
31 141
31 142
31 143
31 145
31 148
31 149
31 151
31 152
31 153
31 154
31 155
31 157
31 158
31 160
31 161
32 36
32 37
32 38
32 40
32 41
32 42
32 43
32 44
32 46
32 47
32 49
32 50
32 51
32 54
32 55
32 56
32 57
32 59
32 60
32 61
32 62
32 66
32 67
32 68
32 69
32 70
32 73
32 74
32 79
32 84
32 86
32 87
32 88
32 89
32 92
32 93
32 94
32 96
32 97
32 98
32 99
32 102
32 103
32 106
32 107
32 108
32 109
32 111
32 112
32 113
32 114
32 115
32 116
32 117
32 118
32 125
32 129
32 131
32 132
32 133
32 134
32 137
32 138
32 139
32 140
32 141
32 143
32 146
32 148
32 149
32 150
32 151
32 153
32 154
32 157
32 158
32 159
32 160
32 161
33 36
33 37
33 38
33 40
33 44
33 45
33 49
33 51
33 56
33 66
33 70
33 72
33 79
33 85
33 87
33 88
33 89
33 91
33 101
33 102
33 104
33 109
33 111
33 113
33 120
33 129
33 133
33 134
33 142
33 143
33 147
33 148
33 151
33 152
33 154
33 158
34 36
34 37
34 38
34 39
34 42
34 43
34 44
34 45
34 49
34 50
34 51
34 52
34 54
34 55
34 56
34 57
34 58
34 59
34 63
34 64
34 65
34 67
34 68
34 70
34 71
34 72
34 74
34 75
34 76
34 78
34 79
34 80
34 84
34 86
34 88
34 89
34 91
34 93
34 95
34 98
34 99
34 100
34 102
34 103
34 104
34 106
34 112
34 113
34 114
34 118
34 119
34 125
34 129
34 131
34 133
34 134
34 137
34 138
34 140
34 142
34 145
34 146
34 147
34 151
34 152
34 156
34 157
34 158
35 38
35 40
35 41
35 43
35 45
35 46
35 50
35 51
35 53
35 54
35 55
35 61
35 62
35 63
35 66
35 67
35 68
35 69
35 71
35 72
35 74
35 75
35 77
35 79
35 80
35 84
35 86
35 87
35 88
35 89
35 93
35 94
35 100
35 101
35 102
35 103
35 104
35 105
35 107
35 108
35 112
35 113
35 114
35 115
35 117
35 119
35 126
35 130
35 131
35 133
35 134
35 135
35 138
35 142
35 143
35 147
35 149
35 150
35 151
35 152
35 153
35 154
35 155
35 157
35 158
35 159
35 160
35 161
36 37
36 38
36 40
36 43
36 44
36 49
36 51
36 52
36 54
36 55
36 56
36 58
36 61
36 62
36 63
36 64
36 66
36 67
36 68
36 69
36 70
36 71
36 72
36 74
36 77
36 79
36 81
36 82
36 84
36 85
36 87
36 88
36 89
36 91
36 92
36 93
36 94
36 96
36 97
36 98
36 100
36 101
36 108
36 109
36 112
36 113
36 114
36 115
36 117
36 118
36 125
36 127
36 129
36 130
36 131
36 132
36 133
36 136
36 137
36 138
36 140
36 141
36 142
36 146
36 147
36 151
36 152
36 153
36 154
36 157
36 158
36 161
37 39
37 49
37 50
37 51
37 54
37 55
37 56
37 58
37 63
37 65
37 66
37 67
37 68
37 70
37 71
37 73
37 74
37 75
37 84
37 86
37 87
37 90
37 95
37 101
37 102
37 103
37 104
37 105
37 108
37 110
37 112
37 113
37 114
37 115
37 116
37 117
37 118
37 128
37 130
37 131
37 132
37 133
37 134
37 139
37 142
37 143
37 146
37 147
37 151
37 152
37 153
37 154
37 157
37 158
38 39
38 40
38 42
38 44
38 45
38 46
38 49
38 51
38 52
38 53
38 54
38 55
38 56
38 57
38 58
38 59
38 60
38 61
38 62
38 63
38 64
38 65
38 67
38 68
38 69
38 71
38 72
38 74
38 75
38 77
38 79
38 80
38 81
38 84
38 87
38 88
38 89
38 90
38 92
38 94
38 95
38 96
38 97
38 99
38 101
38 102
38 104
38 105
38 108
38 109
38 111
38 112
38 113
38 114
38 115
38 116
38 117
38 118
38 120
38 121
38 122
38 124
38 125
38 126
38 127
38 128
38 129
38 131
38 133
38 134
38 137
38 138
38 141
38 142
38 143
38 149
38 151
38 152
38 153
38 154
38 155
38 157
38 158
38 159
38 161
39 40
39 48
39 49
39 50
39 51
39 52
39 54
39 58
39 59
39 61
39 65
39 70
39 72
39 74
39 75
39 79
39 84
39 86
39 87
39 88
39 89
39 93
39 94
39 97
39 98
39 99
39 101
39 102
39 104
39 109
39 111
39 112
39 114
39 121
39 126
39 128
39 129
39 130
39 131
39 133
39 134
39 135
39 136
39 137
39 138
39 146
39 147
39 149
39 151
39 153
39 154
39 157
39 158
39 160
39 161
40 41
40 42
40 43
40 44
40 45
40 46
40 47
40 48
40 50
40 51
40 52
40 54
40 55
40 56
40 57
40 58
40 60
40 62
40 63
40 64
40 65
40 67
40 68
40 70
40 71
40 72
40 73
40 74
40 75
40 76
40 77
40 79
40 81
40 83
40 84
40 85
40 86
40 88
40 89
40 91
40 93
40 94
40 95
40 97
40 99
40 100
40 102
40 103
40 104
40 106
40 107
40 108
40 109
40 111
40 112
40 113
40 114
40 116
40 117
40 118
40 121
40 122
40 124
40 125
40 126
40 127
40 128
40 130
40 131
40 133
40 137
40 139
40 140
40 142
40 144
40 146
40 147
40 149
40 150
40 152
40 153
40 154
40 155
40 156
40 157
40 160
40 161
41 42
41 45
41 51
41 54
41 67
41 68
41 70
41 72
41 74
41 75
41 76
41 77
41 79
41 81
41 94
41 101
41 107
41 108
41 112
41 113
41 115
41 125
41 126
41 129
41 131
41 133
41 134
41 139
41 141
41 143
41 151
41 152
41 154
41 158
42 43
42 44
42 45
42 49
42 54
42 55
42 65
42 67
42 68
42 69
42 71
42 72
42 74
42 79
42 80
42 81
42 86
42 87
42 92
42 94
42 96
42 97
42 98
42 100
42 101
42 102
42 103
42 105
42 107
42 108
42 109
42 114
42 115
42 116
42 117
42 118
42 120
42 125
42 126
42 129
42 133
42 134
42 136
42 137
42 141
42 142
42 150
42 154
42 158
42 159
42 160
42 161
43 45
43 46
43 50
43 51
43 52
43 53
43 54
43 59
43 61
43 62
43 63
43 64
43 66
43 67
43 68
43 69
43 70
43 71
43 72
43 73
43 74
43 75
43 79
43 80
43 84
43 87
43 95
43 96
43 97
43 101
43 102
43 103
43 105
43 106
43 107
43 108
43 112
43 114
43 115
43 118
43 121
43 125
43 128
43 129
43 130
43 131
43 133
43 134
43 136
43 137
43 141
43 142
43 143
43 146
43 150
43 152
43 154
43 156
43 158
44 45
44 49
44 51
44 52
44 53
44 54
44 56
44 58
44 59
44 61
44 62
44 63
44 64
44 66
44 67
44 68
44 69
44 70
44 72
44 73
44 74
44 75
44 76
44 77
44 78
44 79
44 81
44 82
44 83
44 86
44 88
44 90
44 91
44 93
44 94
44 96
44 97
44 99
44 100
44 101
44 103
44 106
44 108
44 109
44 110
44 114
44 115
44 117
44 118
44 121
44 125
44 127
44 128
44 129
44 131
44 133
44 137
44 138
44 139
44 141
44 142
44 143
44 145
44 146
44 147
44 148
44 149
44 150
44 151
44 153
44 154
44 155
44 157
44 160
44 161
45 47
45 48
45 49
45 50
45 51
45 52
45 53
45 54
45 55
45 56
45 58
45 61
45 62
45 63
45 64
45 65
45 67
45 68
45 69
45 70
45 71
45 72
45 73
45 74
45 75
45 76
45 77
45 81
45 82
45 84
45 88
45 89
45 91
45 92
45 93
45 94
45 95
45 96
45 97
45 101
45 102
45 104
45 105
45 106
45 108
45 109
45 110
45 111
45 112
45 113
45 115
45 116
45 117
45 119
45 125
45 126
45 129
45 130
45 132
45 134
45 135
45 136
45 137
45 138
45 142
45 143
45 144
45 145
45 146
45 147
45 148
45 151
45 153
45 154
45 157
45 158
45 159
45 160
45 161
46 48
46 49
46 50
46 51
46 52
46 54
46 56
46 57
46 58
46 60
46 61
46 62
46 64
46 65
46 66
46 67
46 68
46 69
46 70
46 72
46 73
46 74
46 75
46 76
46 77
46 79
46 80
46 81
46 83
46 84
46 85
46 89
46 90
46 91
46 92
46 93
46 94
46 97
46 98
46 100
46 101
46 102
46 105
46 106
46 107
46 109
46 111
46 112
46 113
46 114
46 115
46 117
46 125
46 126
46 130
46 133
46 134
46 135
46 139
46 140
46 141
46 142
46 146
46 152
46 153
46 154
46 158
47 53
47 54
47 64
47 67
47 70
47 77
47 82
47 83
47 93
47 94
47 99
47 107
47 109
47 116
47 117
47 118
47 130
47 133
47 134
47 142
47 150
47 158
47 161
48 52
48 67
48 68
48 69
48 70
48 75
48 77
48 79
48 84
48 89
48 106
48 108
48 110
48 112
48 116
48 117
48 118
48 126
48 129
48 130
48 131
48 132
48 133
48 134
48 138
48 153
48 154
48 155
48 157
48 161
49 50
49 51
49 53
49 54
49 56
49 57
49 59
49 61
49 62
49 63
49 65
49 66
49 67
49 68
49 69
49 70
49 71
49 72
49 73
49 75
49 76
49 77
49 79
49 80
49 81
49 82
49 83
49 84
49 86
49 87
49 89
49 90
49 93
49 94
49 96
49 98
49 100
49 101
49 102
49 103
49 104
49 106
49 107
49 108
49 109
49 110
49 111
49 112
49 114
49 115
49 117
49 119
49 120
49 121
49 126
49 127
49 129
49 130
49 131
49 133
49 134
49 135
49 136
49 137
49 138
49 139
49 140
49 142
49 143
49 145
49 147
49 148
49 149
49 150
49 151
49 152
49 153
49 154
49 155
49 156
49 157
49 158
49 160
49 161
50 51
50 53
50 54
50 56
50 58
50 64
50 66
50 67
50 68
50 69
50 70
50 71
50 72
50 75
50 81
50 83
50 84
50 86
50 88
50 89
50 91
50 92
50 93
50 97
50 98
50 99
50 106
50 108
50 109
50 112
50 114
50 115
50 116
50 118
50 121
50 129
50 130
50 134
50 137
50 138
50 141
50 142
50 146
50 148
50 151
50 152
50 154
50 157
50 158
50 160
51 52
51 53
51 54
51 56
51 57
51 58
51 59
51 62
51 63
51 64
51 66
51 67
51 68
51 69
51 70
51 71
51 72
51 74
51 75
51 76
51 77
51 78
51 79
51 81
51 82
51 84
51 86
51 87
51 88
51 89
51 92
51 93
51 94
51 97
51 98
51 99
51 101
51 102
51 103
51 106
51 107
51 108
51 109
51 111
51 112
51 115
51 116
51 117
51 118
51 119
51 120
51 123
51 125
51 126
51 127
51 128
51 129
51 130
51 131
51 133
51 134
51 135
51 136
51 137
51 138
51 139
51 140
51 141
51 142
51 143
51 145
51 146
51 147
51 150
51 151
51 154
51 156
51 157
51 158
51 159
51 161
52 54
52 55
52 62
52 64
52 65
52 67
52 68
52 69
52 72
52 74
52 75
52 77
52 79
52 84
52 85
52 87
52 89
52 90
52 91
52 92
52 94
52 95
52 99
52 106
52 107
52 108
52 109
52 111
52 113
52 114
52 115
52 117
52 118
52 125
52 130
52 131
52 133
52 135
52 137
52 138
52 139
52 141
52 142
52 145
52 146
52 147
52 149
52 150
52 151
52 152
52 154
52 155
52 159
52 160
52 161
53 54
53 55
53 61
53 68
53 70
53 71
53 72
53 73
53 74
53 75
53 79
53 87
53 89
53 94
53 102
53 104
53 105
53 106
53 112
53 113
53 114
53 128
53 135
53 137
53 138
53 139
53 140
53 142
53 146
53 147
53 149
53 150
53 152
53 154
53 157
53 160
54 56
54 59
54 60
54 61
54 62
54 63
54 64
54 65
54 66
54 67
54 68
54 69
54 70
54 71
54 72
54 73
54 74
54 75
54 76
54 77
54 79
54 80
54 81
54 82
54 83
54 84
54 85
54 86
54 87
54 88
54 89
54 90
54 91
54 92
54 93
54 94
54 97
54 98
54 100
54 101
54 102
54 103
54 104
54 105
54 106
54 107
54 108
54 109
54 110
54 112
54 113
54 115
54 116
54 117
54 118
54 122
54 123
54 124
54 125
54 126
54 127
54 128
54 129
54 130
54 131
54 133
54 134
54 136
54 137
54 138
54 140
54 141
54 142
54 144
54 145
54 146
54 147
54 148
54 150
54 151
54 152
54 154
54 155
54 156
54 157
54 158
54 159
54 161
55 59
55 62
55 64
55 67
55 68
55 69
55 70
55 71
55 72
55 73
55 74
55 75
55 77
55 79
55 80
55 83
55 84
55 85
55 86
55 88
55 91
55 94
55 95
55 101
55 102
55 103
55 105
55 106
55 108
55 109
55 110
55 111
55 115
55 116
55 117
55 118
55 125
55 126
55 129
55 131
55 133
55 134
55 135
55 136
55 137
55 138
55 139
55 140
55 141
55 142
55 146
55 147
55 151
55 154
55 158
55 161
56 59
56 60
56 61
56 62
56 63
56 64
56 65
56 66
56 67
56 68
56 69
56 70
56 72
56 73
56 74
56 77
56 79
56 80
56 83
56 85
56 87
56 88
56 91
56 93
56 95
56 97
56 98
56 100
56 101
56 102
56 105
56 106
56 108
56 109
56 110
56 112
56 113
56 114
56 115
56 117
56 118
56 119
56 120
56 122
56 124
56 125
56 126
56 127
56 128
56 130
56 131
56 133
56 134
56 135
56 137
56 138
56 140
56 141
56 142
56 145
56 146
56 147
56 150
56 151
56 152
56 154
56 156
56 158
56 159
56 160
57 61
57 66
57 67
57 68
57 69
57 72
57 74
57 89
57 90
57 92
57 93
57 98
57 99
57 101
57 102
57 104
57 106
57 111
57 112
57 115
57 118
57 119
57 125
57 126
57 133
57 135
57 136
57 137
57 142
57 154
57 157
57 160
58 63
58 64
58 66
58 67
58 68
58 69
58 70
58 72
58 73
58 74
58 75
58 76
58 77
58 79
58 80
58 83
58 84
58 85
58 86
58 87
58 89
58 92
58 93
58 102
58 103
58 105
58 107
58 108
58 109
58 114
58 116
58 117
58 118
58 119
58 125
58 126
58 128
58 129
58 130
58 133
58 134
58 137
58 138
58 140
58 141
58 142
58 144
58 146
58 147
58 150
58 152
58 153
58 154
58 155
58 156
58 157
58 159
58 161
59 62
59 63
59 64
59 65
59 67
59 70
59 71
59 72
59 73
59 74
59 76
59 77
59 78
59 79
59 84
59 86
59 87
59 93
59 99
59 100
59 101
59 102
59 104
59 105
59 106
59 107
59 108
59 109
59 110
59 112
59 113
59 115
59 116
59 117
59 119
59 126
59 127
59 130
59 133
59 134
59 138
59 141
59 142
59 143
59 144
59 146
59 147
59 149
59 150
59 151
59 152
59 153
59 154
59 157
59 160
59 161
60 68
60 70
60 73
60 75
60 83
60 84
60 94
60 95
60 99
60 104
60 112
60 117
60 127
60 128
60 129
60 131
60 133
60 138
60 144
60 150
60 151
60 152
60 153
60 157
61 62
61 64
61 65
61 68
61 70
61 72
61 73
61 75
61 76
61 79
61 80
61 82
61 84
61 85
61 87
61 92
61 93
61 94
61 97
61 105
61 106
61 108
61 109
61 113
61 114
61 115
61 117
61 118
61 122
61 125
61 126
61 129
61 134
61 135
61 136
61 137
61 138
61 139
61 142
61 147
61 150
61 151
61 155
61 158
61 159
61 161
62 63
62 64
62 67
62 68
62 70
62 73
62 75
62 77
62 84
62 86
62 87
62 89
62 93
62 94
62 97
62 99
62 101
62 102
62 104
62 108
62 109
62 112
62 114
62 115
62 117
62 118
62 124
62 125
62 126
62 131
62 133
62 136
62 139
62 142
62 146
62 147
62 153
62 154
62 155
62 158
62 159
63 64
63 65
63 66
63 70
63 72
63 74
63 76
63 77
63 79
63 83
63 85
63 86
63 87
63 88
63 89
63 91
63 93
63 97
63 99
63 100
63 101
63 102
63 103
63 104
63 105
63 107
63 108
63 109
63 110
63 112
63 115
63 117
63 118
63 124
63 125
63 129
63 130
63 131
63 132
63 133
63 134
63 135
63 136
63 137
63 140
63 142
63 150
63 151
63 152
63 154
63 158
63 160
63 161
64 65
64 66
64 67
64 69
64 71
64 72
64 73
64 74
64 76
64 78
64 79
64 80
64 83
64 84
64 85
64 86
64 89
64 90
64 91
64 94
64 96
64 97
64 99
64 100
64 101
64 102
64 104
64 105
64 106
64 107
64 108
64 109
64 111
64 113
64 114
64 115
64 116
64 117
64 118
64 122
64 125
64 126
64 129
64 131
64 132
64 133
64 134
64 135
64 137
64 138
64 139
64 141
64 142
64 144
64 146
64 147
64 148
64 149
64 150
64 151
64 153
64 154
64 158
64 160
64 161
65 66
65 67
65 68
65 69
65 70
65 71
65 72
65 73
65 75
65 77
65 78
65 79
65 82
65 83
65 86
65 88
65 89
65 90
65 91
65 93
65 94
65 95
65 96
65 97
65 101
65 102
65 103
65 104
65 105
65 106
65 107
65 108
65 109
65 112
65 113
65 114
65 115
65 116
65 117
65 118
65 119
65 121
65 123
65 124
65 125
65 129
65 130
65 131
65 133
65 134
65 135
65 137
65 138
65 139
65 142
65 143
65 144
65 145
65 146
65 147
65 148
65 149
65 150
65 152
65 153
65 154
65 155
65 158
65 159
65 160
65 161
66 67
66 69
66 70
66 71
66 72
66 73
66 74
66 75
66 77
66 79
66 82
66 83
66 84
66 85
66 86
66 87
66 88
66 93
66 95
66 97
66 100
66 101
66 102
66 105
66 114
66 115
66 118
66 121
66 125
66 127
66 128
66 130
66 131
66 133
66 134
66 138
66 139
66 140
66 141
66 147
66 148
66 149
66 151
66 152
66 153
66 154
66 157
66 158
66 161
67 68
67 69
67 72
67 73
67 74
67 75
67 76
67 77
67 79
67 80
67 82
67 83
67 84
67 86
67 87
67 88
67 89
67 90
67 91
67 93
67 94
67 97
67 98
67 99
67 100
67 101
67 104
67 106
67 107
67 108
67 109
67 111
67 112
67 113
67 114
67 115
67 116
67 117
67 118
67 122
67 123
67 128
67 129
67 130
67 131
67 133
67 134
67 136
67 137
67 138
67 139
67 140
67 141
67 142
67 143
67 145
67 146
67 147
67 149
67 150
67 151
67 152
67 153
67 154
67 155
67 157
67 158
67 160
67 161
68 69
68 70
68 71
68 72
68 73
68 74
68 75
68 77
68 79
68 80
68 81
68 82
68 83
68 84
68 86
68 87
68 88
68 89
68 90
68 92
68 93
68 94
68 97
68 99
68 100
68 101
68 102
68 103
68 104
68 105
68 106
68 107
68 108
68 109
68 110
68 111
68 113
68 115
68 116
68 118
68 119
68 125
68 126
68 127
68 128
68 129
68 131
68 133
68 134
68 135
68 136
68 137
68 138
68 140
68 141
68 143
68 146
68 147
68 148
68 150
68 151
68 152
68 153
68 154
68 156
68 157
68 158
68 159
68 160
68 161
69 70
69 71
69 72
69 73
69 74
69 75
69 77
69 79
69 80
69 82
69 83
69 86
69 87
69 89
69 91
69 93
69 94
69 95
69 97
69 98
69 99
69 101
69 102
69 103
69 105
69 106
69 107
69 108
69 109
69 110
69 111
69 112
69 113
69 114
69 115
69 116
69 117
69 120
69 121
69 124
69 125
69 127
69 128
69 129
69 130
69 131
69 133
69 134
69 135
69 137
69 138
69 139
69 141
69 142
69 146
69 147
69 150
69 151
69 152
69 153
69 154
69 155
69 157
69 158
69 159
69 161
70 71
70 72
70 74
70 76
70 80
70 81
70 82
70 83
70 85
70 86
70 87
70 88
70 89
70 90
70 91
70 93
70 94
70 97
70 98
70 99
70 100
70 101
70 103
70 105
70 106
70 107
70 108
70 109
70 112
70 113
70 114
70 117
70 122
70 123
70 125
70 126
70 128
70 129
70 131
70 132
70 133
70 134
70 135
70 137
70 138
70 139
70 140
70 141
70 142
70 143
70 144
70 145
70 146
70 147
70 151
70 152
70 153
70 154
70 155
70 157
70 158
70 159
70 160
70 161
71 72
71 73
71 75
71 76
71 79
71 80
71 81
71 83
71 85
71 86
71 87
71 89
71 90
71 91
71 92
71 93
71 94
71 95
71 96
71 100
71 101
71 102
71 103
71 104
71 105
71 106
71 107
71 108
71 109
71 112
71 113
71 114
71 115
71 117
71 118
71 121
71 124
71 125
71 126
71 127
71 130
71 131
71 133
71 134
71 136
71 137
71 140
71 141
71 142
71 144
71 145
71 146
71 147
71 149
71 150
71 151
71 152
71 153
71 154
71 160
71 161
72 73
72 74
72 75
72 76
72 77
72 78
72 80
72 81
72 84
72 85
72 86
72 87
72 88
72 89
72 91
72 92
72 94
72 97
72 98
72 99
72 100
72 101
72 102
72 103
72 104
72 106
72 107
72 108
72 109
72 110
72 111
72 112
72 113
72 114
72 115
72 116
72 117
72 118
72 119
72 121
72 122
72 123
72 124
72 125
72 126
72 128
72 129
72 130
72 131
72 133
72 134
72 135
72 137
72 138
72 139
72 140
72 142
72 145
72 146
72 147
72 148
72 150
72 151
72 152
72 153
72 154
72 156
72 157
72 158
72 159
72 160
72 161
73 74
73 75
73 79
73 81
73 82
73 84
73 86
73 88
73 89
73 91
73 92
73 94
73 97
73 99
73 101
73 102
73 103
73 104
73 105
73 106
73 108
73 109
73 111
73 112
73 115
73 116
73 117
73 118
73 119
73 125
73 129
73 130
73 131
73 133
73 135
73 136
73 137
73 138
73 139
73 142
73 145
73 146
73 147
73 150
73 151
73 152
73 153
73 154
73 156
73 157
73 158
73 159
73 160
73 161
74 75
74 76
74 77
74 79
74 81
74 83
74 84
74 86
74 89
74 91
74 92
74 93
74 94
74 96
74 97
74 98
74 99
74 100
74 101
74 102
74 103
74 104
74 105
74 106
74 107
74 108
74 109
74 110
74 111
74 112
74 113
74 114
74 115
74 116
74 117
74 118
74 123
74 124
74 125
74 126
74 128
74 129
74 130
74 131
74 132
74 133
74 134
74 135
74 137
74 138
74 139
74 140
74 141
74 142
74 143
74 145
74 146
74 147
74 148
74 149
74 150
74 151
74 153
74 154
74 155
74 157
74 158
74 159
74 160
74 161
75 78
75 83
75 87
75 88
75 89
75 91
75 93
75 94
75 95
75 97
75 99
75 100
75 101
75 102
75 103
75 105
75 108
75 111
75 112
75 114
75 115
75 117
75 118
75 119
75 122
75 125
75 129
75 131
75 133
75 134
75 135
75 136
75 137
75 141
75 142
75 145
75 147
75 149
75 150
75 151
75 153
75 154
75 157
75 158
75 159
75 160
75 161
76 79
76 82
76 83
76 84
76 89
76 93
76 97
76 98
76 99
76 101
76 102
76 106
76 109
76 112
76 115
76 118
76 129
76 130
76 131
76 133
76 135
76 137
76 138
76 142
76 151
76 152
76 153
76 157
77 79
77 83
77 84
77 88
77 89
77 92
77 93
77 94
77 97
77 100
77 102
77 105
77 106
77 107
77 108
77 109
77 110
77 111
77 113
77 115
77 117
77 118
77 121
77 122
77 127
77 129
77 131
77 133
77 134
77 137
77 138
77 139
77 141
77 142
77 143
77 145
77 146
77 150
77 151
77 152
77 153
77 154
77 155
77 157
77 159
77 161
78 80
78 94
78 115
78 126
78 141
78 147
78 149
78 154
79 80
79 82
79 83
79 85
79 86
79 87
79 88
79 89
79 90
79 92
79 93
79 95
79 96
79 97
79 98
79 99
79 100
79 101
79 103
79 105
79 106
79 108
79 109
79 111
79 112
79 113
79 114
79 115
79 116
79 117
79 118
79 121
79 122
79 125
79 126
79 127
79 129
79 130
79 131
79 134
79 135
79 137
79 139
79 140
79 141
79 142
79 143
79 144
79 145
79 146
79 147
79 148
79 149
79 150
79 151
79 152
79 153
79 156
79 157
79 158
79 159
79 161
80 82
80 83
80 84
80 86
80 88
80 89
80 92
80 97
80 102
80 106
80 107
80 108
80 109
80 112
80 115
80 117
80 118
80 119
80 123
80 124
80 126
80 129
80 130
80 131
80 133
80 134
80 136
80 137
80 139
80 142
80 143
80 147
80 149
80 150
80 152
80 155
80 156
80 157
80 161
81 83
81 84
81 86
81 101
81 102
81 105
81 106
81 117
81 126
81 129
81 133
81 134
81 137
81 138
81 143
81 146
81 151
81 158
81 159
81 160
81 161
82 85
82 86
82 88
82 89
82 90
82 93
82 95
82 100
82 106
82 108
82 109
82 112
82 113
82 114
82 117
82 118
82 124
82 125
82 129
82 130
82 133
82 134
82 138
82 150
82 151
82 154
82 155
82 158
82 160
83 87
83 88
83 94
83 97
83 99
83 100
83 101
83 102
83 105
83 106
83 107
83 108
83 109
83 111
83 112
83 113
83 114
83 115
83 116
83 117
83 118
83 122
83 133
83 134
83 135
83 138
83 143
83 149
83 151
83 152
83 153
83 156
83 157
84 85
84 87
84 89
84 94
84 95
84 96
84 97
84 99
84 102
84 104
84 105
84 106
84 107
84 108
84 109
84 112
84 113
84 115
84 116
84 117
84 118
84 119
84 120
84 124
84 125
84 126
84 127
84 128
84 129
84 130
84 131
84 132
84 133
84 134
84 135
84 137
84 139
84 140
84 141
84 142
84 145
84 147
84 150
84 152
84 153
84 154
84 157
84 158
84 159
84 161
85 89
85 92
85 93
85 96
85 99
85 100
85 101
85 104
85 108
85 109
85 114
85 115
85 118
85 129
85 131
85 134
85 137
85 139
85 141
85 142
85 145
85 147
85 150
85 151
85 152
85 154
85 155
85 158
86 87
86 89
86 93
86 99
86 100
86 101
86 104
86 106
86 108
86 112
86 113
86 114
86 116
86 126
86 128
86 129
86 133
86 135
86 136
86 137
86 138
86 141
86 145
86 151
86 152
86 154
86 158
86 161
87 88
87 89
87 90
87 94
87 95
87 96
87 97
87 98
87 100
87 101
87 102
87 103
87 105
87 106
87 107
87 108
87 111
87 112
87 113
87 114
87 115
87 116
87 118
87 124
87 125
87 130
87 133
87 135
87 138
87 139
87 140
87 142
87 143
87 146
87 147
87 148
87 150
87 151
87 152
87 153
87 154
87 156
87 158
87 159
87 160
88 89
88 93
88 97
88 98
88 99
88 102
88 103
88 106
88 108
88 111
88 113
88 114
88 115
88 116
88 119
88 125
88 131
88 132
88 133
88 134
88 136
88 138
88 141
88 142
88 145
88 146
88 147
88 149
88 151
88 152
88 154
88 156
88 157
88 160
88 161
89 90
89 92
89 93
89 94
89 97
89 98
89 99
89 101
89 102
89 103
89 105
89 106
89 107
89 108
89 111
89 112
89 113
89 114
89 115
89 116
89 117
89 118
89 119
89 125
89 127
89 128
89 129
89 131
89 132
89 133
89 134
89 135
89 137
89 138
89 139
89 140
89 141
89 142
89 145
89 146
89 148
89 150
89 151
89 152
89 153
89 157
89 158
89 160
89 161
90 92
90 94
90 95
90 96
90 102
90 104
90 106
90 109
90 110
90 111
90 112
90 113
90 117
90 122
90 125
90 127
90 137
90 145
90 151
90 152
90 157
90 161
91 92
91 94
91 95
91 97
91 100
91 101
91 102
91 105
91 106
91 110
91 113
91 114
91 115
91 121
91 122
91 126
91 129
91 130
91 133
91 137
91 138
91 140
91 141
91 142
91 145
91 146
91 147
91 149
91 150
91 151
91 154
91 157
91 158
91 160
91 161
92 94
92 99
92 103
92 106
92 107
92 112
92 113
92 116
92 117
92 121
92 125
92 128
92 129
92 130
92 131
92 135
92 138
92 141
92 151
92 152
92 153
92 154
92 155
92 157
92 158
93 94
93 97
93 101
93 102
93 105
93 106
93 107
93 112
93 113
93 114
93 115
93 117
93 118
93 119
93 125
93 126
93 127
93 128
93 130
93 131
93 132
93 133
93 134
93 135
93 137
93 138
93 139
93 142
93 145
93 147
93 149
93 151
93 152
93 153
93 154
93 156
93 158
93 159
93 161
94 96
94 97
94 98
94 101
94 102
94 103
94 104
94 105
94 106
94 107
94 108
94 110
94 112
94 113
94 114
94 117
94 118
94 119
94 125
94 126
94 130
94 133
94 134
94 135
94 137
94 138
94 139
94 141
94 142
94 143
94 149
94 150
94 151
94 152
94 153
94 154
94 156
94 157
94 158
94 161
95 97
95 99
95 101
95 102
95 104
95 105
95 107
95 108
95 113
95 114
95 116
95 117
95 118
95 119
95 126
95 128
95 129
95 133
95 134
95 139
95 142
95 147
95 151
95 152
95 157
95 158
95 159
95 160
95 161
96 97
96 99
96 100
96 101
96 102
96 105
96 106
96 107
96 108
96 109
96 112
96 129
96 131
96 135
96 136
96 142
96 147
96 149
96 151
96 154
96 157
96 161
97 98
97 100
97 101
97 102
97 103
97 104
97 105
97 107
97 108
97 109
97 112
97 113
97 114
97 115
97 116
97 118
97 119
97 131
97 133
97 134
97 137
97 138
97 140
97 142
97 145
97 147
97 150
97 151
97 152
97 154
97 155
97 156
97 157
97 158
97 159
97 160
97 161
98 101
98 102
98 105
98 106
98 107
98 111
98 112
98 113
98 114
98 115
98 117
98 124
98 126
98 130
98 134
98 137
98 139
98 142
98 143
98 147
98 148
98 151
98 154
98 155
98 157
98 158
99 100
99 101
99 105
99 107
99 109
99 114
99 116
99 117
99 120
99 122
99 125
99 128
99 129
99 130
99 134
99 139
99 141
99 142
99 143
99 145
99 147
99 148
99 152
99 154
99 157
99 158
99 159
99 160
99 161
100 101
100 102
100 103
100 104
100 107
100 109
100 112
100 113
100 116
100 117
100 127
100 133
100 134
100 137
100 138
100 141
100 146
100 147
100 148
100 149
100 150
100 152
100 153
100 156
100 157
100 158
100 159
100 160
101 102
101 105
101 106
101 107
101 108
101 109
101 112
101 113
101 114
101 115
101 116
101 118
101 120
101 121
101 122
101 125
101 126
101 127
101 130
101 132
101 133
101 134
101 135
101 136
101 137
101 138
101 139
101 140
101 141
101 143
101 145
101 146
101 147
101 148
101 149
101 150
101 152
101 153
101 154
101 155
101 157
101 158
101 159
101 161
102 103
102 106
102 107
102 108
102 109
102 110
102 111
102 112
102 113
102 115
102 116
102 117
102 118
102 119
102 125
102 127
102 129
102 130
102 131
102 133
102 134
102 135
102 136
102 137
102 138
102 139
102 140
102 141
102 142
102 145
102 146
102 147
102 148
102 150
102 151
102 152
102 153
102 154
102 156
102 157
102 159
102 160
102 161
103 105
103 106
103 108
103 110
103 111
103 113
103 114
103 115
103 118
103 122
103 125
103 128
103 129
103 133
103 136
103 137
103 138
103 139
103 140
103 141
103 142
103 144
103 145
103 147
103 150
103 151
103 152
103 153
103 154
103 157
103 158
103 159
104 105
104 106
104 108
104 111
104 114
104 116
104 117
104 118
104 125
104 126
104 129
104 130
104 131
104 134
104 135
104 136
104 137
104 138
104 139
104 142
104 146
104 147
104 148
104 150
104 153
104 158
105 106
105 108
105 109
105 110
105 111
105 112
105 113
105 114
105 115
105 117
105 118
105 120
105 124
105 125
105 126
105 127
105 128
105 129
105 130
105 131
105 133
105 134
105 136
105 137
105 138
105 139
105 143
105 146
105 147
105 148
105 149
105 151
105 152
105 154
105 155
105 157
105 159
105 160
105 161
106 107
106 109
106 111
106 113
106 114
106 115
106 117
106 118
106 119
106 124
106 125
106 126
106 127
106 129
106 130
106 131
106 133
106 135
106 136
106 137
106 138
106 139
106 140
106 142
106 143
106 146
106 147
106 148
106 149
106 150
106 151
106 153
106 154
106 155
106 157
106 158
106 159
106 160
106 161
107 108
107 109
107 110
107 114
107 115
107 116
107 124
107 125
107 126
107 129
107 131
107 133
107 135
107 137
107 138
107 139
107 141
107 142
107 145
107 147
107 148
107 150
107 152
107 153
107 154
107 155
107 158
107 161
108 109
108 111
108 114
108 115
108 116
108 117
108 118
108 125
108 126
108 128
108 129
108 130
108 132
108 133
108 134
108 136
108 137
108 138
108 139
108 141
108 142
108 144
108 145
108 146
108 147
108 148
108 149
108 152
108 153
108 154
108 157
108 158
108 159
108 160
109 110
109 111
109 112
109 113
109 115
109 116
109 117
109 119
109 121
109 124
109 125
109 126
109 127
109 128
109 129
109 131
109 133
109 135
109 137
109 138
109 139
109 141
109 142
109 143
109 145
109 146
109 147
109 150
109 151
109 152
109 153
109 154
109 156
109 157
109 158
109 159
109 161
110 115
110 117
110 121
110 124
110 125
110 126
110 134
110 135
110 136
110 137
110 138
110 140
110 141
110 143
110 147
110 151
110 154
110 157
110 158
110 160
110 161
111 112
111 113
111 114
111 115
111 116
111 117
111 118
111 125
111 126
111 127
111 128
111 129
111 131
111 133
111 137
111 138
111 140
111 141
111 142
111 143
111 144
111 145
111 146
111 148
111 150
111 152
111 153
111 154
111 157
111 158
111 159
112 113
112 114
112 115
112 116
112 117
112 118
112 126
112 127
112 130
112 131
112 132
112 133
112 134
112 137
112 138
112 140
112 141
112 142
112 143
112 145
112 146
112 147
112 150
112 151
112 152
112 153
112 154
112 155
112 157
112 158
112 159
112 160
112 161
113 114
113 115
113 116
113 117
113 118
113 123
113 124
113 125
113 126
113 129
113 130
113 131
113 132
113 133
113 134
113 137
113 138
113 139
113 141
113 142
113 143
113 145
113 146
113 147
113 149
113 151
113 154
113 156
113 157
113 158
113 159
113 161
114 115
114 117
114 118
114 124
114 125
114 127
114 128
114 129
114 130
114 131
114 133
114 134
114 135
114 136
114 137
114 138
114 139
114 141
114 142
114 145
114 146
114 147
114 148
114 151
114 152
114 153
114 154
114 157
114 158
114 159
114 161
115 117
115 118
115 119
115 122
115 125
115 126
115 128
115 129
115 130
115 136
115 137
115 138
115 139
115 141
115 142
115 143
115 145
115 146
115 147
115 148
115 149
115 150
115 151
115 152
115 153
115 154
115 155
115 157
115 158
116 117
116 118
116 121
116 122
116 125
116 128
116 131
116 133
116 138
116 140
116 141
116 146
116 147
116 149
116 152
116 156
116 157
116 160
117 121
117 123
117 125
117 127
117 128
117 129
117 130
117 131
117 132
117 133
117 134
117 135
117 136
117 137
117 138
117 139
117 140
117 141
117 142
117 143
117 146
117 147
117 149
117 150
117 151
117 152
117 154
117 156
117 157
117 158
117 160
117 161
118 119
118 120
118 127
118 128
118 129
118 130
118 131
118 132
118 133
118 134
118 135
118 139
118 141
118 142
118 143
118 145
118 147
118 149
118 150
118 151
118 152
118 153
118 154
118 155
118 158
118 160
118 161
119 129
119 131
119 137
119 138
119 141
119 146
119 147
119 151
119 153
119 154
119 156
119 158
119 160
120 123
120 129
120 133
120 146
120 152
120 158
120 161
121 126
121 130
121 133
121 138
121 145
121 152
122 125
122 129
122 133
122 134
122 135
122 136
122 138
122 142
122 147
122 149
122 157
123 125
123 138
123 139
123 142
123 147
123 150
123 158
124 137
124 141
124 146
124 150
124 151
124 152
124 161
125 126
125 127
125 129
125 132
125 133
125 134
125 135
125 137
125 138
125 139
125 143
125 145
125 146
125 147
125 148
125 150
125 151
125 152
125 153
125 154
125 157
125 159
125 160
125 161
126 130
126 133
126 134
126 136
126 137
126 138
126 141
126 145
126 146
126 147
126 149
126 150
126 154
126 158
126 160
126 161
127 129
127 132
127 136
127 137
127 140
127 142
127 146
128 129
128 130
128 131
128 133
128 135
128 138
128 142
128 149
128 152
128 153
128 154
128 157
128 158
129 130
129 132
129 133
129 134
129 137
129 138
129 139
129 140
129 141
129 145
129 146
129 147
129 149
129 152
129 153
129 154
129 157
129 158
129 159
129 160
130 131
130 133
130 134
130 135
130 136
130 138
130 141
130 142
130 145
130 146
130 150
130 151
130 153
130 154
130 155
130 158
131 132
131 133
131 136
131 137
131 138
131 140
131 141
131 142
131 143
131 144
131 145
131 146
131 147
131 150
131 151
131 153
131 154
131 155
131 156
131 157
131 159
131 161
132 138
132 139
132 145
132 151
132 152
132 154
132 157
132 159
132 160
133 134
133 135
133 138
133 139
133 141
133 142
133 143
133 144
133 146
133 147
133 149
133 151
133 152
133 153
133 154
133 155
133 157
133 158
133 160
133 161
134 135
134 136
134 137
134 138
134 142
134 149
134 152
134 153
134 154
134 158
134 159
134 161
135 137
135 138
135 141
135 142
135 144
135 145
135 148
135 149
135 150
135 151
135 153
135 156
135 157
135 159
135 160
136 137
136 142
136 143
136 150
136 151
136 152
136 153
136 155
136 157
136 158
136 161
137 138
137 139
137 141
137 142
137 143
137 145
137 146
137 148
137 149
137 150
137 151
137 152
137 154
137 155
137 156
137 157
137 158
137 159
137 160
138 139
138 140
138 141
138 142
138 143
138 144
138 145
138 146
138 147
138 148
138 149
138 150
138 151
138 152
138 153
138 154
138 156
138 159
138 160
138 161
139 140
139 142
139 143
139 150
139 152
139 153
139 154
139 155
139 158
139 159
139 160
140 142
140 149
140 150
140 151
140 152
140 158
141 142
141 143
141 147
141 149
141 150
141 152
141 154
141 155
141 159
141 160
141 161
142 143
142 146
142 147
142 150
142 151
142 152
142 153
142 154
142 155
142 156
142 157
142 158
142 159
142 160
142 161
143 150
143 152
143 154
143 157
143 158
143 161
144 146
144 150
145 146
145 151
145 152
145 153
145 154
145 157
145 158
146 147
146 148
146 150
146 151
146 152
146 153
146 155
146 158
147 149
147 150
147 151
147 152
147 153
147 154
147 155
147 157
147 158
147 159
147 160
147 161
148 151
148 154
148 157
148 158
149 150
149 151
149 157
149 158
149 159
149 161
150 152
150 154
150 157
150 158
151 152
151 153
151 154
151 155
151 156
151 157
151 158
151 160
151 161
152 154
152 155
152 156
152 158
152 159
152 160
152 161
153 154
153 155
153 157
153 158
153 161
154 155
154 157
154 158
154 159
154 160
154 161
155 157
155 159
156 158
156 161
157 158
157 160
157 161
158 159
158 160
158 161
160 161
