0 1
0 2
0 4
0 6
0 7
0 9
0 11
0 13
0 14
0 16
0 24
0 25
0 30
0 32
0 33
0 35
0 36
0 41
0 43
0 46
0 49
0 50
0 54
0 57
0 58
0 59
0 60
0 63
0 67
0 68
0 70
0 71
0 72
0 74
0 76
0 77
0 78
0 79
0 82
0 83
0 84
0 86
0 87
0 97
0 101
0 106
0 110
0 112
0 113
0 115
0 117
0 118
0 129
0 131
0 133
0 136
0 139
0 146
0 150
0 152
0 153
0 157
1 4
1 5
1 6
1 7
1 9
1 10
1 11
1 14
1 18
1 19
1 20
1 21
1 25
1 26
1 30
1 31
1 32
1 34
1 35
1 38
1 40
1 45
1 47
1 48
1 49
1 50
1 51
1 54
1 55
1 56
1 58
1 61
1 63
1 66
1 67
1 68
1 69
1 70
1 73
1 74
1 79
1 82
1 84
1 91
1 93
1 95
1 97
1 101
1 103
1 106
1 109
1 113
1 114
1 115
1 117
1 118
1 121
1 122
1 123
1 125
1 130
1 134
1 137
1 138
1 139
1 141
1 142
1 145
1 146
1 148
1 151
1 152
1 154
1 157
1 158
1 159
1 160
1 161
2 7
2 9
2 10
2 13
2 14
2 16
2 24
2 25
2 26
2 40
2 43
2 44
2 49
2 50
2 54
2 56
2 63
2 67
2 68
2 69
2 70
2 71
2 76
2 78
2 93
2 95
2 97
2 98
2 101
2 103
2 107
2 112
2 114
2 126
2 129
2 130
2 131
2 133
2 136
2 137
2 138
2 139
2 142
2 146
2 149
2 150
2 151
2 157
2 158
3 4
3 7
3 9
3 10
3 11
3 14
3 19
3 24
3 25
3 26
3 31
3 32
3 35
3 38
3 44
3 45
3 50
3 54
3 55
3 56
3 58
3 63
3 65
3 68
3 70
3 71
3 72
3 73
3 75
3 76
3 77
3 79
3 82
3 83
3 84
3 86
3 87
3 88
3 89
3 91
3 94
3 103
3 104
3 105
3 106
3 108
3 113
3 116
3 118
3 127
3 133
3 134
3 135
3 138
3 139
3 141
3 142
3 143
3 145
3 150
3 158
4 6
4 10
4 13
4 14
4 17
4 18
4 19
4 20
4 22
4 25
4 26
4 28
4 29
4 31
4 33
4 34
4 36
4 38
4 39
4 40
4 42
4 43
4 44
4 45
4 48
4 49
4 50
4 51
4 53
4 54
4 55
4 56
4 58
4 59
4 60
4 61
4 63
4 64
4 65
4 66
4 67
4 68
4 69
4 70
4 71
4 72
4 73
4 74
4 75
4 76
4 77
4 79
4 80
4 82
4 83
4 86
4 87
4 88
4 89
4 92
4 94
4 95
4 96
4 97
4 99
4 101
4 104
4 105
4 106
4 107
4 108
4 109
4 110
4 111
4 112
4 113
4 115
4 117
4 118
4 119
4 122
4 125
4 126
4 127
4 128
4 129
4 131
4 132
4 133
4 134
4 135
4 136
4 137
4 138
4 139
4 141
4 142
4 145
4 147
4 148
4 150
4 152
4 153
4 154
4 155
4 157
4 159
4 160
4 161
5 6
5 15
5 19
5 21
5 25
5 31
5 32
5 38
5 40
5 44
5 45
5 49
5 50
5 52
5 54
5 55
5 56
5 59
5 62
5 63
5 64
5 67
5 69
5 70
5 72
5 73
5 74
5 75
5 77
5 79
5 90
5 93
5 94
5 95
5 101
5 102
5 106
5 107
5 108
5 113
5 114
5 118
5 126
5 129
5 134
5 139
5 142
5 143
5 147
5 154
5 155
5 156
6 7
6 8
6 10
6 11
6 12
6 13
6 14
6 15
6 16
6 18
6 19
6 20
6 21
6 22
6 23
6 24
6 25
6 26
6 28
6 29
6 31
6 32
6 33
6 36
6 37
6 38
6 40
6 41
6 43
6 44
6 45
6 46
6 47
6 48
6 49
6 50
6 51
6 53
6 54
6 55
6 56
6 58
6 60
6 61
6 62
6 63
6 64
6 65
6 66
6 67
6 68
6 69
6 70
6 71
6 72
6 73
6 74
6 76
6 77
6 79
6 80
6 84
6 87
6 88
6 89
6 90
6 93
6 94
6 95
6 97
6 99
6 100
6 101
6 105
6 106
6 107
6 108
6 109
6 110
6 111
6 114
6 115
6 116
6 117
6 120
6 121
6 123
6 125
6 126
6 127
6 128
6 129
6 131
6 132
6 133
6 134
6 135
6 136
6 137
6 139
6 140
6 142
6 143
6 145
6 146
6 147
6 148
6 149
6 151
6 152
6 153
6 154
6 156
6 159
6 161
7 8
7 9
7 10
7 11
7 12
7 13
7 14
7 18
7 19
7 20
7 21
7 23
7 25
7 26
7 29
7 30
7 31
7 32
7 35
7 36
7 38
7 39
7 41
7 43
7 44
7 46
7 48
7 49
7 50
7 51
7 52
7 53
7 54
7 55
7 56
7 57
7 58
7 61
7 63
7 64
7 65
7 66
7 68
7 69
7 70
7 71
7 72
7 74
7 75
7 77
7 78
7 79
7 80
7 83
7 84
7 87
7 88
7 89
7 90
7 91
7 92
7 93
7 95
7 97
7 98
7 100
7 101
7 103
7 104
7 106
7 108
7 109
7 110
7 111
7 112
7 113
7 114
7 115
7 116
7 117
7 118
7 120
7 122
7 124
7 130
7 131
7 132
7 133
7 135
7 136
7 137
7 138
7 139
7 140
7 141
7 142
7 143
7 145
7 146
7 150
7 151
7 152
7 153
7 154
7 155
7 156
7 157
7 158
7 159
7 160
7 161
8 11
8 15
8 18
8 19
8 22
8 24
8 26
8 30
8 31
8 32
8 38
8 40
8 42
8 51
8 56
8 58
8 61
8 64
8 65
8 67
8 68
8 70
8 72
8 75
8 80
8 87
8 90
8 91
8 94
8 99
8 106
8 108
8 117
8 118
8 123
8 125
8 131
8 138
8 139
8 142
8 145
8 152
8 154
8 156
8 157
8 158
9 10
9 11
9 12
9 13
9 14
9 15
9 18
9 26
9 27
9 30
9 31
9 32
9 35
9 36
9 38
9 39
9 40
9 42
9 43
9 44
9 45
9 46
9 47
9 48
9 50
9 51
9 54
9 56
9 57
9 58
9 59
9 62
9 64
9 65
9 67
9 69
9 70
9 73
9 74
9 76
9 79
9 80
9 81
9 82
9 85
9 88
9 89
9 97
9 98
9 99
9 101
9 102
9 103
9 104
9 105
9 113
9 114
9 119
9 121
9 125
9 130
9 131
9 133
9 134
9 135
9 137
9 138
9 139
9 141
9 142
9 146
9 149
9 150
9 151
9 152
9 153
9 154
9 155
9 156
9 158
9 160
9 161
10 11
10 13
10 14
10 15
10 16
10 19
10 20
10 22
10 25
10 26
10 27
10 28
10 29
10 30
10 31
10 32
10 33
10 35
10 36
10 38
10 39
10 40
10 41
10 43
10 44
10 45
10 46
10 49
10 50
10 51
10 53
10 54
10 55
10 56
10 61
10 64
10 67
10 68
10 69
10 70
10 71
10 72
10 73
10 74
10 77
10 79
10 82
10 84
10 85
10 86
10 87
10 90
10 92
10 94
10 95
10 97
10 98
10 101
10 102
10 103
10 104
10 105
10 107
10 109
10 110
10 113
10 116
10 117
10 118
10 122
10 125
10 129
10 131
10 134
10 135
10 137
10 138
10 139
10 144
10 145
10 146
10 147
10 149
10 150
10 151
10 152
10 153
10 155
10 157
10 159
10 161
11 12
11 13
11 14
11 15
11 16
11 18
11 19
11 21
11 25
11 26
11 28
11 30
11 31
11 32
11 36
11 37
11 38
11 39
11 40
11 42
11 43
11 44
11 45
11 48
11 49
11 50
11 51
11 53
11 54
11 56
11 57
11 59
11 61
11 62
11 68
11 70
11 71
11 72
11 73
11 74
11 76
11 77
11 79
11 80
11 81
11 83
11 87
11 88
11 89
11 97
11 98
11 99
11 100
11 103
11 104
11 105
11 106
11 107
11 108
11 109
11 110
11 111
11 112
11 113
11 114
11 115
11 117
11 118
11 125
11 130
11 133
11 134
11 136
11 137
11 138
11 139
11 140
11 141
11 142
11 143
11 144
11 146
11 147
11 148
11 151
11 152
11 153
11 154
11 155
11 157
11 158
11 159
11 161
12 13
12 15
12 26
12 31
12 32
12 36
12 37
12 41
12 49
12 51
12 53
12 55
12 56
12 61
12 64
12 65
12 67
12 69
12 71
12 74
12 76
12 77
12 79
12 80
12 81
12 82
12 88
12 89
12 94
12 97
12 100
12 101
12 102
12 106
12 108
12 111
12 114
12 115
12 118
12 125
12 128
12 129
12 130
12 131
12 133
12 134
12 135
12 137
12 138
12 139
12 142
12 144
12 145
12 147
12 149
12 151
12 158
13 14
13 19
13 21
13 22
13 26
13 28
13 31
13 32
13 38
13 40
13 44
13 45
13 51
13 53
13 54
13 55
13 56
13 58
13 61
13 63
13 65
13 67
13 68
13 69
13 70
13 72
13 76
13 77
13 80
13 85
13 86
13 87
13 88
13 93
13 97
13 101
13 102
13 103
13 104
13 106
13 109
13 112
13 113
13 114
13 117
13 118
13 119
13 125
13 127
13 128
13 129
13 131
13 134
13 135
13 136
13 137
13 138
13 139
13 142
13 146
13 147
13 150
13 153
13 154
13 157
13 158
13 160
13 161
14 16
14 19
14 20
14 22
14 23
14 25
14 28
14 29
14 30
14 31
14 32
14 35
14 36
14 37
14 38
14 40
14 42
14 44
14 45
14 47
14 49
14 50
14 51
14 52
14 54
14 56
14 59
14 61
14 62
14 63
14 64
14 65
14 66
14 67
14 68
14 69
14 70
14 71
14 72
14 73
14 74
14 77
14 79
14 80
14 81
14 83
14 84
14 85
14 86
14 87
14 88
14 89
14 92
14 93
14 95
14 97
14 100
14 101
14 102
14 103
14 105
14 106
14 107
14 108
14 109
14 112
14 114
14 115
14 116
14 117
14 118
14 119
14 120
14 122
14 123
14 124
14 125
14 126
14 129
14 130
14 131
14 132
14 133
14 134
14 135
14 137
14 138
14 139
14 140
14 143
14 144
14 145
14 147
14 148
14 149
14 150
14 151
14 152
14 153
14 154
14 155
14 156
14 157
14 158
14 160
15 17
15 22
15 26
15 31
15 32
15 34
15 37
15 40
15 42
15 46
15 49
15 54
15 55
15 56
15 57
15 63
15 65
15 66
15 68
15 70
15 71
15 72
15 74
15 75
15 76
15 78
15 87
15 88
15 93
15 94
15 100
15 102
15 103
15 106
15 107
15 108
15 109
15 113
15 125
15 126
15 129
15 131
15 134
15 140
15 142
15 143
15 145
15 147
15 149
15 151
15 153
15 154
15 155
15 157
15 158
15 159
16 18
16 19
16 20
16 21
16 22
16 23
16 25
16 26
16 32
16 34
16 35
16 36
16 37
16 38
16 39
16 40
16 43
16 44
16 45
16 47
16 49
16 53
16 54
16 56
16 63
16 64
16 65
16 67
16 68
16 69
16 70
16 73
16 75
16 77
16 79
16 88
16 89
16 92
16 97
16 101
16 105
16 106
16 109
16 114
16 117
16 126
16 127
16 128
16 133
16 138
16 139
16 140
16 142
16 143
16 146
16 147
16 152
16 154
16 155
16 160
17 29
17 30
17 37
17 40
17 54
17 68
17 72
17 74
17 85
17 89
17 97
17 103
17 106
17 107
17 109
17 118
17 119
17 133
17 134
17 138
17 140
17 150
18 24
18 26
18 29
18 30
18 31
18 35
18 36
18 38
18 40
18 41
18 42
18 45
18 46
18 49
18 50
18 51
18 52
18 54
18 55
18 56
18 58
18 59
18 62
18 64
18 66
18 67
18 70
18 72
18 74
18 77
18 79
18 80
18 83
18 86
18 87
18 89
18 94
18 101
18 102
18 103
18 105
18 107
18 108
18 109
18 111
18 112
18 113
18 114
18 115
18 116
18 117
18 118
18 125
18 126
18 129
18 130
18 131
18 133
18 135
18 137
18 138
18 139
18 146
18 147
18 150
18 151
18 152
18 153
18 154
18 158
18 159
18 160
19 21
19 22
19 23
19 24
19 25
19 26
19 27
19 29
19 30
19 31
19 32
19 34
19 35
19 36
19 37
19 38
19 39
19 40
19 41
19 43
19 44
19 45
19 46
19 47
19 49
19 50
19 51
19 52
19 53
19 55
19 56
19 57
19 58
19 59
19 60
19 61
19 62
19 63
19 64
19 65
19 66
19 67
19 69
19 70
19 71
19 72
19 73
19 74
19 75
19 77
19 79
19 80
19 84
19 85
19 86
19 87
19 89
19 91
19 92
19 93
19 94
19 95
19 97
19 98
19 99
19 100
19 101
19 102
19 103
19 104
19 105
19 106
19 107
19 108
19 109
19 110
19 112
19 113
19 114
19 116
19 117
19 118
19 119
19 121
19 124
19 125
19 126
19 127
19 128
19 129
19 130
19 131
19 133
19 134
19 136
19 137
19 138
19 139
19 140
19 141
19 142
19 143
19 144
19 145
19 147
19 148
19 149
19 150
19 151
19 152
19 153
19 154
19 155
19 158
19 159
20 21
20 25
20 26
20 30
20 35
20 36
20 38
20 54
20 55
20 56
20 58
20 65
20 66
20 67
20 68
20 71
20 74
20 80
20 85
20 93
20 94
20 95
20 99
20 101
20 103
20 106
20 107
20 108
20 113
20 114
20 117
20 131
20 133
20 134
20 138
20 145
20 151
20 152
20 154
20 157
20 158
21 22
21 23
21 24
21 25
21 29
21 30
21 31
21 32
21 34
21 35
21 36
21 37
21 40
21 42
21 44
21 49
21 52
21 53
21 54
21 55
21 56
21 58
21 61
21 63
21 64
21 65
21 68
21 69
21 70
21 71
21 72
21 74
21 76
21 77
21 79
21 80
21 81
21 82
21 83
21 84
21 85
21 86
21 87
21 89
21 91
21 93
21 94
21 97
21 99
21 100
21 101
21 102
21 104
21 105
21 106
21 109
21 110
21 111
21 112
21 113
21 114
21 115
21 116
21 117
21 119
21 121
21 126
21 127
21 129
21 132
21 133
21 135
21 138
21 139
21 141
21 142
21 146
21 147
21 150
21 151
21 152
21 154
21 155
21 156
21 157
21 158
21 160
21 161
22 25
22 26
22 29
22 30
22 34
22 36
22 40
22 42
22 45
22 46
22 48
22 49
22 54
22 55
22 56
22 59
22 61
22 64
22 67
22 68
22 69
22 72
22 73
22 74
22 75
22 77
22 79
22 83
22 84
22 87
22 88
22 89
22 92
22 93
22 94
22 96
22 102
22 104
22 108
22 109
22 112
22 114
22 115
22 116
22 117
22 118
22 131
22 133
22 134
22 137
22 138
22 139
22 140
22 141
22 146
22 149
22 151
22 152
22 154
22 160
22 161
23 28
23 31
23 32
23 34
23 37
23 38
23 40
23 46
23 50
23 52
23 53
23 54
23 56
23 58
23 62
23 64
23 65
23 69
23 70
23 72
23 73
23 74
23 84
23 86
23 88
23 89
23 90
23 93
23 101
23 102
23 106
23 109
23 112
23 114
23 116
23 117
23 121
23 125
23 136
23 138
23 141
23 142
23 143
23 149
23 154
23 161
24 32
24 33
24 36
24 37
24 44
24 51
24 54
24 58
24 63
24 64
24 65
24 66
24 67
24 68
24 69
24 71
24 74
24 75
24 79
24 81
24 87
24 88
24 89
24 92
24 93
24 97
24 100
24 101
24 102
24 103
24 105
24 106
24 107
24 108
24 109
24 113
24 115
24 117
24 121
24 125
24 126
24 127
24 129
24 130
24 131
24 133
24 136
24 137
24 138
24 139
24 140
24 142
24 143
24 146
24 147
24 148
24 152
24 154
24 157
24 158
25 26
25 29
25 30
25 31
25 32
25 35
25 36
25 37
25 38
25 39
25 40
25 42
25 44
25 45
25 49
25 52
25 53
25 54
25 56
25 59
25 61
25 62
25 63
25 64
25 65
25 67
25 68
25 69
25 70
25 71
25 72
25 73
25 74
25 76
25 80
25 83
25 84
25 89
25 92
25 93
25 94
25 97
25 99
25 102
25 105
25 106
25 108
25 109
25 111
25 113
25 115
25 118
25 126
25 130
25 131
25 134
25 137
25 138
25 139
25 142
25 146
25 147
25 150
25 152
25 153
25 154
25 155
25 159
25 160
26 27
26 28
26 29
26 30
26 31
26 32
26 33
26 34
26 35
26 36
26 38
26 40
26 41
26 42
26 43
26 44
26 45
26 49
26 51
26 52
26 54
26 55
26 56
26 57
26 58
26 59
26 60
26 63
26 64
26 65
26 66
26 67
26 68
26 69
26 70
26 71
26 73
26 76
26 77
26 79
26 80
26 81
26 84
26 86
26 87
26 89
26 92
26 93
26 94
26 95
26 97
26 98
26 101
26 102
26 103
26 104
26 105
26 106
26 107
26 108
26 109
26 111
26 112
26 113
26 114
26 115
26 116
26 117
26 118
26 122
26 123
26 125
26 128
26 129
26 130
26 131
26 132
26 133
26 134
26 136
26 137
26 140
26 141
26 143
26 146
26 147
26 150
26 151
26 152
26 153
26 154
26 155
26 157
26 158
26 161
27 28
27 49
27 51
27 65
27 70
27 71
27 73
27 79
27 87
27 89
27 92
27 108
27 112
27 114
27 115
27 127
27 129
27 131
27 139
27 152
27 153
27 154
27 156
27 161
28 31
28 35
28 36
28 37
28 40
28 43
28 46
28 48
28 49
28 50
28 51
28 53
28 54
28 61
28 68
28 70
28 72
28 76
28 79
28 81
28 84
28 86
28 87
28 89
28 92
28 93
28 97
28 98
28 100
28 101
28 102
28 103
28 105
28 106
28 107
28 109
28 111
28 112
28 113
28 114
28 115
28 125
28 129
28 130
28 135
28 136
28 138
28 139
28 142
28 145
28 150
28 151
28 152
28 153
28 154
28 158
28 161
29 34
29 35
29 36
29 38
29 46
29 52
29 54
29 56
29 59
29 60
29 61
29 62
29 63
29 65
29 66
29 71
29 72
29 73
29 74
29 76
29 78
29 79
29 84
29 86
29 90
29 93
29 97
29 101
29 103
29 108
29 109
29 113
29 117
29 118
29 132
29 133
29 134
29 135
29 137
29 138
29 142
29 145
29 147
29 150
29 152
29 153
29 154
29 158
29 159
29 160
30 31
30 32
30 34
30 35
30 36
30 37
30 38
30 40
30 42
30 44
30 45
30 46
30 48
30 49
30 51
30 53
30 54
30 60
30 61
30 62
30 63
30 64
30 65
30 68
30 69
30 70
30 72
30 74
30 75
30 78
30 79
30 80
30 81
30 83
30 84
30 86
30 88
30 89
30 90
30 92
30 95
30 97
30 98
30 101
30 102
30 103
30 105
30 106
30 107
30 109
30 110
30 111
30 112
30 113
30 114
30 115
30 116
30 117
30 118
30 126
30 129
30 130
30 131
30 133
30 134
30 135
30 137
30 138
30 139
30 141
30 142
30 143
30 145
30 149
30 150
30 152
30 154
30 155
30 157
30 158
30 160
30 161
31 32
31 33
31 34
31 35
31 36
31 37
31 39
31 40
31 44
31 45
31 46
31 49
31 51
31 52
31 53
31 54
31 55
31 56
31 57
31 59
31 61
31 62
31 63
31 64
31 65
31 66
31 67
31 68
31 69
31 70
31 71
31 72
31 73
31 74
31 75
31 76
31 77
31 83
31 84
31 85
31 86
31 87
31 88
31 89
31 90
31 91
31 92
31 94
31 95
31 96
31 97
31 101
31 102
31 103
31 104
31 105
31 106
31 107
31 108
31 109
31 112
31 113
31 116
31 117
31 118
31 120
31 121
31 124
31 126
31 128
31 129
31 130
31 131
31 133
31 134
31 135
31 137
31 138
31 139
31 140
31 141
31 142
31 145
31 146
31 148
31 149
31 151
31 152
31 153
31 154
31 156
31 157
31 158
31 160
32 34
32 35
32 36
32 37
32 38
32 41
32 43
32 45
32 49
32 50
32 51
32 52
32 54
32 55
32 56
32 58
32 63
32 64
32 65
32 67
32 68
32 69
32 70
32 71
32 72
32 73
32 77
32 79
32 80
32 83
32 84
32 85
32 86
32 87
32 88
32 89
32 92
32 93
32 94
32 95
32 96
32 97
32 98
32 99
32 101
32 102
32 103
32 107
32 108
32 109
32 110
32 111
32 112
32 114
32 115
32 117
32 118
32 120
32 125
32 126
32 127
32 130
32 131
32 133
32 135
32 136
32 137
32 138
32 139
32 141
32 142
32 146
32 147
32 148
32 149
32 151
32 152
32 154
32 157
32 159
33 35
33 38
33 40
33 51
33 53
33 56
33 59
33 63
33 66
33 70
33 72
33 73
33 84
33 86
33 88
33 89
33 93
33 94
33 99
33 102
33 107
33 115
33 125
33 127
33 130
33 145
33 147
33 152
33 153
33 154
33 161
34 37
34 38
34 40
34 42
34 44
34 45
34 46
34 47
34 49
34 50
34 51
34 53
34 54
34 55
34 56
34 58
34 63
34 64
34 68
34 69
34 70
34 71
34 72
34 73
34 74
34 75
34 88
34 92
34 101
34 106
34 107
34 108
34 109
34 110
34 113
34 114
34 115
34 116
34 117
34 118
34 127
34 128
34 129
34 130
34 133
34 137
34 139
34 141
34 142
34 147
34 148
34 149
34 152
34 154
34 156
34 158
34 160
35 36
35 38
35 39
35 40
35 41
35 42
35 43
35 45
35 46
35 47
35 49
35 51
35 53
35 54
35 55
35 56
35 61
35 63
35 64
35 65
35 66
35 67
35 68
35 69
35 70
35 71
35 72
35 73
35 74
35 75
35 77
35 78
35 79
35 80
35 81
35 82
35 83
35 87
35 89
35 92
35 94
35 99
35 101
35 102
35 105
35 107
35 108
35 110
35 111
35 112
35 113
35 115
35 117
35 119
35 123
35 125
35 127
35 129
35 131
35 133
35 134
35 135
35 137
35 138
35 139
35 141
35 142
35 145
35 146
35 147
35 149
35 150
35 151
35 152
35 154
35 156
35 157
35 158
35 160
35 161
36 40
36 42
36 44
36 45
36 48
36 49
36 50
36 51
36 54
36 56
36 58
36 59
36 61
36 63
36 64
36 65
36 66
36 67
36 68
36 69
36 70
36 71
36 72
36 73
36 74
36 76
36 77
36 80
36 81
36 83
36 87
36 88
36 93
36 94
36 96
36 99
36 100
36 102
36 104
36 105
36 106
36 109
36 112
36 113
36 116
36 117
36 118
36 119
36 125
36 129
36 130
36 134
36 137
36 138
36 141
36 143
36 146
36 147
36 151
36 152
36 154
36 155
36 156
36 157
36 158
36 159
36 160
37 40
37 42
37 43
37 44
37 45
37 46
37 49
37 50
37 51
37 52
37 53
37 54
37 55
37 56
37 60
37 62
37 64
37 66
37 67
37 68
37 70
37 71
37 73
37 74
37 75
37 78
37 79
37 81
37 82
37 83
37 84
37 87
37 88
37 89
37 92
37 94
37 101
37 102
37 105
37 108
37 110
37 115
37 116
37 117
37 118
37 119
37 122
37 125
37 126
37 127
37 128
37 131
37 133
37 134
37 135
37 136
37 137
37 141
37 142
37 143
37 145
37 146
37 147
37 150
37 151
37 152
37 153
37 154
37 157
37 158
37 160
37 161
38 39
38 40
38 44
38 45
38 46
38 47
38 48
38 49
38 50
38 51
38 55
38 58
38 59
38 61
38 62
38 64
38 65
38 66
38 67
38 69
38 70
38 71
38 72
38 73
38 75
38 76
38 77
38 80
38 82
38 84
38 87
38 93
38 94
38 95
38 96
38 97
38 98
38 99
38 100
38 101
38 102
38 104
38 105
38 106
38 108
38 110
38 111
38 112
38 113
38 114
38 115
38 116
38 125
38 126
38 129
38 130
38 131
38 132
38 134
38 136
38 137
38 139
38 140
38 141
38 142
38 143
38 145
38 146
38 147
38 149
38 150
38 151
38 152
38 153
38 154
38 155
38 157
38 158
38 159
38 161
39 40
39 43
39 45
39 49
39 50
39 51
39 52
39 54
39 55
39 56
39 61
39 62
39 63
39 64
39 65
39 66
39 67
39 70
39 71
39 72
39 74
39 79
39 84
39 86
39 87
39 89
39 98
39 101
39 102
39 104
39 105
39 107
39 108
39 111
39 112
39 116
39 118
39 125
39 126
39 129
39 130
39 133
39 134
39 137
39 138
39 139
39 141
39 142
39 146
39 147
39 148
39 150
39 152
39 154
39 155
39 158
40 41
40 42
40 43
40 44
40 45
40 46
40 47
40 49
40 50
40 51
40 54
40 55
40 58
40 61
40 62
40 63
40 64
40 65
40 66
40 67
40 68
40 71
40 72
40 73
40 74
40 77
40 79
40 80
40 81
40 82
40 83
40 84
40 85
40 87
40 88
40 89
40 90
40 91
40 92
40 93
40 96
40 97
40 99
40 101
40 102
40 103
40 106
40 107
40 108
40 109
40 111
40 113
40 114
40 115
40 116
40 117
40 120
40 121
40 125
40 126
40 127
40 129
40 130
40 131
40 132
40 133
40 137
40 138
40 139
40 140
40 141
40 142
40 143
40 145
40 146
40 147
40 148
40 149
40 150
40 151
40 152
40 153
40 154
40 155
40 156
40 157
40 158
40 159
41 52
41 54
41 55
41 56
41 59
41 68
41 69
41 70
41 71
41 72
41 80
41 84
41 88
41 89
41 93
41 94
41 101
41 102
41 105
41 107
41 113
41 116
41 118
41 127
41 130
41 131
41 133
41 139
41 140
41 147
41 148
41 150
41 152
41 153
41 154
41 156
41 158
42 44
42 47
42 49
42 52
42 54
42 56
42 58
42 66
42 68
42 69
42 70
42 72
42 74
42 79
42 81
42 84
42 88
42 91
42 92
42 97
42 100
42 103
42 109
42 110
42 112
42 113
42 114
42 118
42 120
42 121
42 127
42 129
42 133
42 134
42 137
42 138
42 140
42 145
42 151
42 154
42 158
42 159
43 44
43 45
43 46
43 50
43 51
43 52
43 54
43 55
43 56
43 59
43 61
43 63
43 64
43 65
43 66
43 68
43 69
43 70
43 71
43 72
43 76
43 77
43 80
43 82
43 85
43 88
43 89
43 90
43 95
43 97
43 98
43 99
43 100
43 102
43 108
43 110
43 111
43 112
43 114
43 117
43 118
43 128
43 129
43 131
43 133
43 134
43 136
43 137
43 139
43 140
43 141
43 142
43 145
43 146
43 151
43 157
43 158
43 160
43 161
44 45
44 47
44 48
44 49
44 50
44 51
44 52
44 53
44 55
44 58
44 59
44 63
44 64
44 66
44 67
44 68
44 69
44 70
44 71
44 72
44 74
44 76
44 77
44 79
44 80
44 82
44 84
44 87
44 89
44 90
44 91
44 93
44 97
44 98
44 99
44 100
44 101
44 102
44 105
44 106
44 107
44 108
44 109
44 111
44 112
44 114
44 115
44 116
44 117
44 118
44 121
44 125
44 128
44 129
44 131
44 133
44 137
44 138
44 139
44 141
44 142
44 143
44 146
44 147
44 149
44 151
44 152
44 154
44 155
44 156
44 157
44 158
44 160
44 161
45 47
45 49
45 51
45 53
45 54
45 55
45 56
45 59
45 61
45 62
45 64
45 66
45 67
45 68
45 69
45 70
45 71
45 72
45 73
45 74
45 75
45 79
45 80
45 83
45 86
45 88
45 90
45 92
45 93
45 94
45 95
45 98
45 99
45 100
45 101
45 102
45 103
45 105
45 106
45 107
45 108
45 110
45 111
45 112
45 113
45 114
45 115
45 117
45 118
45 124
45 125
45 126
45 129
45 131
45 133
45 135
45 136
45 137
45 138
45 139
45 140
45 142
45 143
45 146
45 147
45 149
45 150
45 151
45 152
45 154
45 158
45 159
45 161
46 47
46 48
46 51
46 52
46 55
46 56
46 63
46 64
46 67
46 68
46 69
46 70
46 74
46 75
46 79
46 85
46 88
46 92
46 98
46 99
46 101
46 102
46 103
46 106
46 107
46 108
46 109
46 110
46 114
46 115
46 116
46 117
46 118
46 120
46 129
46 130
46 131
46 137
46 138
46 139
46 141
46 144
46 145
46 147
46 151
46 152
46 153
46 154
46 157
46 158
46 160
46 161
47 49
47 50
47 54
47 56
47 59
47 67
47 68
47 72
47 73
47 74
47 77
47 84
47 89
47 97
47 105
47 114
47 119
47 129
47 131
47 133
47 134
47 138
47 147
47 149
47 150
47 152
48 52
48 56
48 57
48 58
48 62
48 63
48 65
48 73
48 75
48 79
48 80
48 83
48 87
48 93
48 96
48 97
48 99
48 105
48 109
48 112
48 116
48 134
48 137
48 139
48 148
48 149
48 150
48 154
48 157
48 161
49 50
49 51
49 52
49 54
49 55
49 57
49 58
49 59
49 61
49 64
49 65
49 66
49 67
49 68
49 69
49 70
49 71
49 72
49 73
49 74
49 75
49 77
49 79
49 82
49 83
49 84
49 88
49 89
49 92
49 93
49 94
49 97
49 98
49 99
49 101
49 102
49 103
49 104
49 105
49 106
49 107
49 111
49 112
49 113
49 115
49 117
49 118
49 119
49 120
49 121
49 122
49 123
49 125
49 126
49 128
49 129
49 130
49 132
49 133
49 134
49 136
49 137
49 138
49 139
49 140
49 142
49 143
49 144
49 145
49 147
49 149
49 150
49 152
49 154
49 155
49 157
49 158
49 159
49 160
49 161
50 51
50 54
50 55
50 56
50 58
50 59
50 62
50 63
50 64
50 65
50 67
50 68
50 69
50 70
50 71
50 72
50 73
50 74
50 77
50 78
50 79
50 83
50 85
50 86
50 87
50 89
50 91
50 92
50 93
50 96
50 99
50 100
50 101
50 102
50 103
50 104
50 105
50 106
50 107
50 108
50 111
50 113
50 115
50 116
50 117
50 118
50 125
50 129
50 130
50 131
50 133
50 134
50 135
50 137
50 142
50 143
50 145
50 146
50 150
50 152
50 154
50 156
50 158
50 160
51 52
51 53
51 55
51 56
51 59
51 62
51 63
51 64
51 65
51 66
51 68
51 69
51 70
51 71
51 72
51 75
51 76
51 77
51 78
51 79
51 80
51 83
51 84
51 85
51 87
51 89
51 91
51 93
51 94
51 95
51 97
51 98
51 102
51 104
51 105
51 107
51 108
51 109
51 110
51 112
51 113
51 114
51 115
51 116
51 118
51 119
51 121
51 125
51 126
51 127
51 128
51 129
51 130
51 131
51 133
51 135
51 136
51 137
51 138
51 140
51 141
51 143
51 145
51 146
51 147
51 148
51 150
51 151
51 152
51 154
51 155
51 156
51 157
51 158
51 160
51 161
52 54
52 56
52 57
52 61
52 64
52 65
52 66
52 67
52 68
52 69
52 70
52 71
52 72
52 73
52 74
52 77
52 79
52 80
52 81
52 83
52 87
52 88
52 90
52 93
52 94
52 95
52 97
52 99
52 101
52 103
52 105
52 106
52 109
52 111
52 112
52 114
52 115
52 116
52 118
52 119
52 122
52 123
52 125
52 129
52 130
52 131
52 134
52 136
52 138
52 140
52 141
52 142
52 145
52 147
52 149
52 150
52 151
52 152
52 154
52 159
52 161
53 56
53 57
53 61
53 62
53 64
53 65
53 69
53 70
53 72
53 78
53 79
53 83
53 86
53 87
53 89
53 97
53 100
53 101
53 106
53 107
53 108
53 112
53 114
53 116
53 117
53 119
53 125
53 138
53 141
53 142
53 144
53 145
53 147
53 148
53 151
53 154
53 157
54 56
54 58
54 59
54 60
54 61
54 62
54 64
54 66
54 67
54 68
54 69
54 70
54 72
54 73
54 74
54 75
54 76
54 77
54 78
54 79
54 81
54 82
54 83
54 84
54 85
54 86
54 87
54 88
54 89
54 91
54 92
54 93
54 94
54 95
54 96
54 97
54 98
54 99
54 101
54 102
54 104
54 105
54 106
54 107
54 108
54 110
54 111
54 112
54 113
54 114
54 115
54 117
54 118
54 125
54 126
54 127
54 128
54 129
54 132
54 133
54 134
54 135
54 136
54 137
54 138
54 139
54 140
54 141
54 142
54 143
54 144
54 145
54 146
54 147
54 150
54 151
54 152
54 154
54 156
54 157
54 158
54 159
54 160
54 161
55 56
55 58
55 59
55 61
55 62
55 64
55 65
55 66
55 67
55 68
55 69
55 72
55 73
55 74
55 77
55 84
55 85
55 87
55 88
55 89
55 92
55 97
55 98
55 102
55 104
55 105
55 106
55 108
55 111
55 112
55 113
55 114
55 115
55 116
55 117
55 121
55 125
55 126
55 128
55 129
55 130
55 131
55 132
55 134
55 136
55 137
55 138
55 141
55 142
55 143
55 145
55 146
55 147
55 150
55 151
55 152
55 153
55 154
55 159
55 161
56 58
56 59
56 61
56 64
56 65
56 66
56 68
56 69
56 70
56 71
56 72
56 73
56 74
56 75
56 76
56 77
56 78
56 79
56 80
56 81
56 82
56 83
56 85
56 86
56 87
56 88
56 89
56 91
56 92
56 93
56 94
56 97
56 98
56 99
56 100
56 101
56 103
56 104
56 105
56 106
56 107
56 108
56 109
56 110
56 111
56 112
56 113
56 114
56 115
56 116
56 117
56 118
56 120
56 121
56 122
56 124
56 125
56 126
56 127
56 128
56 129
56 130
56 131
56 133
56 134
56 135
56 136
56 138
56 139
56 140
56 141
56 142
56 143
56 146
56 147
56 149
56 152
56 154
56 155
56 157
56 158
56 159
56 161
57 60
57 61
57 64
57 65
57 68
57 69
57 70
57 74
57 79
57 82
57 87
57 88
57 89
57 94
57 98
57 102
57 107
57 108
57 109
57 112
57 113
57 114
57 115
57 126
57 130
57 133
57 134
57 137
57 140
57 146
57 147
57 150
57 158
57 161
58 62
58 63
58 64
58 65
58 67
58 68
58 69
58 70
58 71
58 72
58 73
58 74
58 75
58 79
58 80
58 83
58 84
58 88
58 89
58 91
58 93
58 94
58 96
58 99
58 103
58 104
58 105
58 106
58 107
58 108
58 109
58 112
58 114
58 116
58 117
58 119
58 122
58 125
58 126
58 127
58 129
58 130
58 133
58 135
58 137
58 139
58 142
58 145
58 150
58 151
58 152
58 154
58 155
58 158
58 161
59 60
59 61
59 63
59 64
59 66
59 68
59 69
59 70
59 71
59 72
59 76
59 79
59 80
59 81
59 82
59 83
59 84
59 85
59 86
59 87
59 88
59 94
59 95
59 97
59 99
59 100
59 101
59 104
59 106
59 108
59 109
59 110
59 112
59 113
59 114
59 115
59 117
59 118
59 120
59 125
59 128
59 129
59 130
59 133
59 134
59 137
59 138
59 141
59 146
59 147
59 148
59 151
59 152
59 153
59 154
59 158
59 160
60 67
60 70
60 71
60 74
60 77
60 98
60 102
60 104
60 105
60 106
60 116
60 117
60 125
60 129
60 133
60 138
60 142
60 152
60 161
61 63
61 64
61 65
61 67
61 70
61 72
61 73
61 74
61 75
61 80
61 82
61 87
61 88
61 89
61 90
61 93
61 97
61 101
61 102
61 107
61 108
61 109
61 113
61 115
61 116
61 125
61 129
61 130
61 131
61 132
61 133
61 134
61 141
61 150
61 151
61 152
61 155
61 157
61 161
62 67
62 68
62 70
62 76
62 79
62 81
62 85
62 89
62 93
62 94
62 97
62 102
62 105
62 111
62 112
62 113
62 114
62 115
62 118
62 119
62 125
62 127
62 131
62 137
62 138
62 139
62 140
62 142
62 143
62 145
62 146
62 151
62 154
62 155
62 157
62 158
62 159
62 161
63 64
63 65
63 66
63 67
63 68
63 69
63 70
63 71
63 72
63 73
63 74
63 75
63 76
63 79
63 80
63 83
63 86
63 89
63 91
63 92
63 95
63 96
63 97
63 98
63 100
63 101
63 102
63 103
63 106
63 107
63 108
63 110
63 111
63 112
63 113
63 116
63 117
63 125
63 127
63 128
63 129
63 130
63 131
63 133
63 134
63 135
63 137
63 138
63 139
63 142
63 145
63 146
63 150
63 151
63 152
63 153
63 154
63 155
63 159
64 65
64 66
64 67
64 68
64 69
64 70
64 71
64 72
64 74
64 77
64 79
64 80
64 83
64 84
64 85
64 86
64 87
64 88
64 89
64 91
64 92
64 93
64 94
64 96
64 97
64 98
64 99
64 100
64 101
64 102
64 103
64 105
64 106
64 109
64 110
64 112
64 113
64 114
64 115
64 116
64 117
64 118
64 120
64 121
64 122
64 123
64 125
64 127
64 129
64 130
64 131
64 132
64 134
64 135
64 136
64 137
64 138
64 139
64 140
64 141
64 142
64 143
64 144
64 145
64 146
64 147
64 148
64 149
64 152
64 153
64 154
64 158
64 160
64 161
65 66
65 67
65 68
65 69
65 70
65 71
65 72
65 76
65 79
65 81
65 83
65 84
65 86
65 87
65 88
65 89
65 93
65 94
65 95
65 96
65 97
65 98
65 100
65 101
65 102
65 103
65 104
65 105
65 106
65 108
65 109
65 110
65 111
65 113
65 114
65 115
65 117
65 118
65 124
65 125
65 127
65 128
65 129
65 130
65 131
65 133
65 134
65 135
65 137
65 138
65 139
65 140
65 142
65 145
65 148
65 149
65 150
65 153
65 154
65 155
65 157
65 158
65 159
65 160
65 161
66 67
66 68
66 71
66 72
66 73
66 79
66 80
66 81
66 87
66 89
66 90
66 91
66 92
66 93
66 94
66 95
66 97
66 100
66 101
66 102
66 105
66 106
66 108
66 109
66 110
66 113
66 114
66 115
66 119
66 120
66 125
66 130
66 132
66 133
66 134
66 136
66 137
66 138
66 139
66 141
66 142
66 143
66 145
66 146
66 149
66 150
66 151
66 152
66 153
66 154
66 155
66 156
66 157
66 158
66 160
66 161
67 68
67 69
67 70
67 71
67 74
67 75
67 77
67 78
67 79
67 80
67 81
67 82
67 83
67 84
67 85
67 86
67 87
67 92
67 93
67 94
67 95
67 97
67 98
67 99
67 101
67 102
67 103
67 104
67 105
67 106
67 107
67 108
67 110
67 111
67 113
67 114
67 115
67 116
67 117
67 118
67 122
67 124
67 126
67 127
67 128
67 129
67 130
67 131
67 134
67 135
67 136
67 137
67 138
67 140
67 142
67 145
67 146
67 147
67 148
67 150
67 151
67 157
67 158
67 160
67 161
68 69
68 70
68 71
68 72
68 73
68 74
68 76
68 77
68 79
68 81
68 83
68 84
68 88
68 89
68 91
68 93
68 95
68 96
68 97
68 98
68 99
68 100
68 101
68 102
68 103
68 104
68 105
68 106
68 108
68 110
68 111
68 112
68 113
68 114
68 115
68 116
68 117
68 118
68 119
68 121
68 122
68 125
68 126
68 127
68 128
68 129
68 130
68 131
68 132
68 134
68 135
68 137
68 138
68 139
68 140
68 141
68 142
68 143
68 146
68 147
68 148
68 149
68 150
68 152
68 153
68 154
68 157
68 159
68 160
68 161
69 71
69 72
69 73
69 74
69 77
69 79
69 80
69 81
69 83
69 84
69 86
69 87
69 88
69 89
69 90
69 91
69 95
69 97
69 98
69 99
69 100
69 101
69 102
69 105
69 107
69 108
69 109
69 112
69 113
69 114
69 115
69 116
69 117
69 118
69 122
69 123
69 125
69 126
69 127
69 128
69 129
69 130
69 131
69 133
69 134
69 135
69 136
69 138
69 139
69 141
69 142
69 143
69 144
69 145
69 146
69 147
69 151
69 152
69 153
69 154
69 155
69 157
69 158
69 159
69 160
69 161
70 71
70 72
70 73
70 74
70 75
70 76
70 77
70 78
70 81
70 83
70 84
70 85
70 86
70 87
70 89
70 90
70 93
70 94
70 95
70 97
70 98
70 100
70 101
70 102
70 103
70 106
70 108
70 109
70 111
70 113
70 115
70 116
70 117
70 118
70 122
70 124
70 125
70 127
70 128
70 129
70 130
70 131
70 132
70 133
70 134
70 135
70 136
70 137
70 138
70 140
70 142
70 143
70 144
70 147
70 149
70 150
70 151
70 152
70 153
70 154
70 157
70 158
70 159
70 160
70 161
71 72
71 73
71 74
71 75
71 76
71 77
71 79
71 81
71 83
71 84
71 87
71 88
71 89
71 90
71 91
71 94
71 95
71 97
71 100
71 101
71 103
71 105
71 106
71 107
71 109
71 110
71 111
71 112
71 113
71 114
71 115
71 116
71 118
71 119
71 122
71 126
71 129
71 130
71 131
71 133
71 134
71 136
71 137
71 138
71 139
71 140
71 141
71 142
71 145
71 148
71 150
71 151
71 152
71 153
71 154
71 157
71 158
71 159
71 161
72 73
72 74
72 76
72 77
72 79
72 80
72 81
72 84
72 85
72 86
72 87
72 89
72 90
72 91
72 93
72 94
72 95
72 96
72 97
72 99
72 100
72 101
72 102
72 105
72 106
72 107
72 109
72 110
72 111
72 112
72 113
72 114
72 115
72 116
72 117
72 118
72 119
72 121
72 122
72 123
72 125
72 126
72 128
72 129
72 132
72 133
72 134
72 137
72 138
72 139
72 141
72 142
72 143
72 145
72 146
72 147
72 148
72 150
72 151
72 152
72 153
72 154
72 155
72 157
72 158
72 160
72 161
73 74
73 76
73 77
73 79
73 80
73 83
73 86
73 87
73 88
73 90
73 91
73 92
73 93
73 94
73 95
73 96
73 99
73 100
73 101
73 102
73 104
73 106
73 107
73 108
73 111
73 114
73 115
73 116
73 117
73 118
73 119
73 120
73 125
73 126
73 129
73 131
73 133
73 134
73 135
73 136
73 137
73 138
73 139
73 140
73 141
73 142
73 144
73 146
73 147
73 149
73 151
73 152
73 154
73 156
73 158
73 159
74 79
74 80
74 82
74 83
74 84
74 85
74 86
74 88
74 89
74 90
74 91
74 92
74 93
74 94
74 95
74 96
74 97
74 99
74 101
74 102
74 103
74 104
74 105
74 106
74 108
74 109
74 110
74 111
74 112
74 114
74 117
74 120
74 124
74 125
74 126
74 128
74 129
74 130
74 131
74 132
74 133
74 134
74 135
74 137
74 138
74 139
74 141
74 142
74 143
74 144
74 145
74 147
74 148
74 149
74 150
74 151
74 152
74 153
74 154
74 155
74 156
74 157
74 158
74 159
74 160
74 161
75 76
75 77
75 79
75 80
75 81
75 82
75 83
75 84
75 85
75 86
75 87
75 89
75 92
75 93
75 94
75 97
75 99
75 101
75 102
75 103
75 109
75 111
75 112
75 113
75 116
75 117
75 120
75 125
75 126
75 127
75 129
75 131
75 133
75 134
75 136
75 138
75 139
75 142
75 143
75 146
75 147
75 149
75 150
75 151
75 152
75 153
75 154
75 155
75 157
75 158
75 159
75 160
75 161
76 77
76 79
76 84
76 87
76 89
76 90
76 97
76 98
76 101
76 102
76 103
76 104
76 106
76 108
76 109
76 110
76 111
76 112
76 114
76 115
76 117
76 118
76 119
76 120
76 125
76 131
76 132
76 133
76 134
76 136
76 137
76 138
76 142
76 145
76 149
76 153
76 160
77 79
77 80
77 81
77 82
77 89
77 92
77 97
77 99
77 100
77 101
77 102
77 103
77 105
77 106
77 108
77 110
77 111
77 112
77 113
77 115
77 117
77 118
77 119
77 121
77 124
77 125
77 126
77 127
77 129
77 130
77 131
77 134
77 135
77 137
77 138
77 139
77 140
77 142
77 145
77 146
77 147
77 151
77 152
77 154
77 155
77 159
77 160
78 100
78 104
78 109
78 110
78 114
78 115
78 116
78 120
78 133
78 134
78 141
78 154
78 157
79 80
79 84
79 86
79 87
79 88
79 89
79 91
79 92
79 93
79 94
79 95
79 96
79 97
79 98
79 101
79 102
79 105
79 106
79 108
79 109
79 110
79 111
79 112
79 113
79 114
79 115
79 117
79 121
79 122
79 124
79 125
79 126
79 128
79 129
79 131
79 132
79 133
79 134
79 135
79 136
79 137
79 142
79 143
79 146
79 147
79 148
79 150
79 151
79 152
79 153
79 154
79 156
79 158
79 159
79 160
79 161
80 84
80 91
80 92
80 94
80 97
80 98
80 100
80 102
80 103
80 105
80 106
80 108
80 109
80 110
80 111
80 114
80 115
80 116
80 117
80 118
80 126
80 129
80 131
80 132
80 133
80 135
80 136
80 138
80 139
80 141
80 147
80 151
80 152
80 153
80 155
80 157
80 158
80 159
81 82
81 83
81 85
81 86
81 88
81 89
81 91
81 94
81 97
81 100
81 101
81 105
81 107
81 108
81 112
81 114
81 115
81 119
81 129
81 131
81 133
81 134
81 137
81 138
81 142
81 149
81 151
81 153
81 157
81 158
81 159
82 89
82 93
82 94
82 95
82 104
82 105
82 106
82 109
82 110
82 112
82 113
82 115
82 118
82 125
82 128
82 129
82 131
82 133
82 137
82 138
82 139
82 146
82 151
82 152
82 154
82 158
82 160
82 161
83 84
83 89
83 93
83 95
83 96
83 101
83 102
83 103
83 109
83 110
83 111
83 112
83 113
83 114
83 115
83 118
83 126
83 129
83 130
83 131
83 134
83 135
83 137
83 138
83 139
83 141
83 142
83 145
83 147
83 149
83 151
83 152
83 154
83 158
83 161
84 85
84 86
84 87
84 89
84 92
84 93
84 94
84 95
84 96
84 97
84 101
84 102
84 103
84 105
84 106
84 110
84 111
84 112
84 117
84 118
84 120
84 122
84 126
84 127
84 128
84 131
84 132
84 133
84 136
84 137
84 138
84 140
84 143
84 146
84 147
84 149
84 151
84 152
84 153
84 154
84 155
84 157
84 159
84 161
85 89
85 92
85 94
85 98
85 100
85 102
85 108
85 109
85 112
85 117
85 118
85 119
85 125
85 127
85 129
85 131
85 134
85 135
85 137
85 138
85 142
85 146
85 150
85 154
85 155
85 157
85 158
85 160
85 161
86 87
86 89
86 91
86 94
86 96
86 101
86 103
86 106
86 108
86 110
86 112
86 117
86 118
86 124
86 125
86 129
86 131
86 134
86 138
86 140
86 141
86 142
86 143
86 150
86 152
86 153
86 154
86 158
86 159
86 161
87 89
87 92
87 93
87 94
87 97
87 102
87 105
87 106
87 108
87 109
87 111
87 112
87 113
87 114
87 115
87 116
87 118
87 125
87 126
87 127
87 128
87 129
87 131
87 132
87 134
87 140
87 141
87 142
87 144
87 151
87 152
87 154
87 155
87 157
87 158
88 89
88 94
88 105
88 106
88 109
88 112
88 113
88 114
88 115
88 116
88 117
88 121
88 122
88 126
88 129
88 131
88 133
88 134
88 135
88 136
88 139
88 141
88 142
88 145
88 147
88 150
88 151
88 152
88 153
88 154
88 155
88 156
88 158
88 159
88 160
88 161
89 90
89 91
89 92
89 93
89 94
89 97
89 98
89 99
89 101
89 102
89 105
89 106
89 107
89 112
89 113
89 114
89 115
89 116
89 117
89 120
89 122
89 123
89 125
89 126
89 127
89 129
89 130
89 131
89 133
89 134
89 135
89 137
89 138
89 139
89 140
89 141
89 142
89 145
89 147
89 148
89 150
89 151
89 152
89 153
89 154
89 155
89 156
89 158
89 159
89 161
90 94
90 104
90 105
90 106
90 107
90 112
90 113
90 117
90 129
90 138
90 139
90 145
90 151
90 152
90 159
90 160
90 161
91 97
91 98
91 102
91 104
91 106
91 108
91 113
91 114
91 115
91 116
91 117
91 126
91 127
91 129
91 134
91 136
91 137
91 138
91 139
91 141
91 147
91 149
91 150
91 152
91 153
91 154
91 157
91 158
91 161
92 93
92 94
92 96
92 101
92 102
92 105
92 108
92 109
92 111
92 114
92 115
92 117
92 119
92 128
92 131
92 133
92 137
92 138
92 141
92 146
92 147
92 149
92 152
92 153
92 154
92 158
92 161
93 94
93 96
93 100
93 101
93 102
93 103
93 106
93 107
93 108
93 110
93 111
93 113
93 114
93 116
93 117
93 118
93 119
93 128
93 129
93 130
93 131
93 137
93 138
93 141
93 142
93 148
93 149
93 151
93 152
93 153
93 154
93 155
93 158
93 159
93 161
94 95
94 96
94 97
94 98
94 99
94 101
94 102
94 104
94 107
94 108
94 109
94 110
94 111
94 112
94 114
94 115
94 116
94 117
94 118
94 119
94 122
94 124
94 125
94 127
94 129
94 130
94 131
94 132
94 134
94 135
94 137
94 138
94 139
94 140
94 141
94 142
94 145
94 146
94 147
94 149
94 150
94 151
94 152
94 153
94 154
94 155
94 157
94 158
94 159
94 160
94 161
95 101
95 104
95 106
95 107
95 108
95 110
95 113
95 118
95 125
95 127
95 128
95 129
95 131
95 137
95 138
95 141
95 143
95 145
95 147
95 154
95 157
95 158
96 101
96 106
96 108
96 110
96 111
96 113
96 115
96 116
96 118
96 128
96 129
96 131
96 133
96 134
96 150
96 151
96 152
96 153
96 154
96 158
96 159
96 161
97 99
97 101
97 102
97 104
97 105
97 106
97 107
97 108
97 109
97 111
97 112
97 113
97 115
97 116
97 117
97 118
97 121
97 122
97 125
97 126
97 128
97 129
97 131
97 133
97 135
97 136
97 137
97 138
97 141
97 142
97 145
97 146
97 147
97 148
97 149
97 150
97 151
97 152
97 153
97 154
97 158
97 160
97 161
98 106
98 107
98 108
98 114
98 116
98 117
98 119
98 125
98 126
98 129
98 131
98 133
98 134
98 136
98 137
98 138
98 139
98 141
98 142
98 145
98 146
98 151
98 152
98 157
98 158
98 161
99 101
99 102
99 103
99 104
99 106
99 107
99 108
99 109
99 110
99 111
99 112
99 113
99 115
99 116
99 117
99 118
99 122
99 125
99 126
99 128
99 129
99 138
99 139
99 145
99 146
99 151
99 152
99 153
99 154
99 155
99 158
99 160
100 101
100 102
100 106
100 107
100 108
100 110
100 113
100 114
100 115
100 118
100 126
100 131
100 133
100 135
100 137
100 138
100 140
100 152
100 154
100 158
100 159
100 161
101 102
101 103
101 106
101 107
101 108
101 109
101 111
101 112
101 113
101 115
101 116
101 117
101 120
101 122
101 123
101 124
101 125
101 129
101 130
101 131
101 133
101 134
101 135
101 136
101 137
101 139
101 140
101 141
101 142
101 143
101 145
101 146
101 147
101 148
101 149
101 150
101 151
101 152
101 153
101 154
101 155
101 157
101 158
101 160
101 161
102 103
102 104
102 105
102 106
102 107
102 108
102 109
102 110
102 111
102 113
102 114
102 115
102 116
102 117
102 118
102 119
102 124
102 125
102 126
102 127
102 130
102 131
102 133
102 134
102 135
102 136
102 137
102 138
102 140
102 141
102 143
102 145
102 146
102 150
102 153
102 154
102 155
102 157
102 158
102 160
102 161
103 105
103 109
103 112
103 113
103 115
103 117
103 125
103 129
103 133
103 134
103 135
103 137
103 138
103 139
103 140
103 141
103 142
103 145
103 146
103 147
103 150
103 153
103 154
103 157
103 158
104 108
104 109
104 113
104 115
104 116
104 117
104 125
104 128
104 129
104 130
104 135
104 136
104 138
104 139
104 140
104 142
104 146
104 147
104 152
104 158
104 160
105 106
105 107
105 108
105 112
105 113
105 114
105 115
105 116
105 117
105 118
105 120
105 121
105 122
105 125
105 129
105 130
105 131
105 132
105 133
105 134
105 135
105 137
105 139
105 141
105 142
105 143
105 146
105 147
105 148
105 149
105 150
105 151
105 152
105 154
105 156
105 157
105 158
105 160
105 161
106 109
106 110
106 111
106 112
106 113
106 114
106 115
106 116
106 117
106 118
106 122
106 124
106 125
106 126
106 127
106 129
106 131
106 132
106 133
106 134
106 135
106 136
106 137
106 139
106 140
106 141
106 142
106 143
106 144
106 146
106 147
106 149
106 150
106 151
106 152
106 153
106 154
106 155
106 157
106 158
106 159
106 160
107 108
107 109
107 110
107 111
107 112
107 113
107 114
107 115
107 117
107 118
107 119
107 120
107 125
107 126
107 129
107 131
107 133
107 134
107 138
107 139
107 143
107 145
107 146
107 148
107 150
107 153
107 154
107 157
107 158
108 109
108 112
108 113
108 114
108 115
108 117
108 119
108 120
108 121
108 122
108 125
108 126
108 128
108 129
108 130
108 131
108 133
108 134
108 135
108 136
108 137
108 139
108 141
108 143
108 145
108 146
108 147
108 149
108 150
108 151
108 152
108 153
108 154
108 155
108 157
108 158
108 159
108 160
108 161
109 110
109 112
109 113
109 114
109 115
109 117
109 118
109 119
109 124
109 125
109 126
109 127
109 128
109 129
109 130
109 131
109 132
109 133
109 134
109 135
109 137
109 138
109 139
109 140
109 141
109 142
109 143
109 145
109 146
109 147
109 150
109 151
109 152
109 156
109 157
109 158
109 160
110 113
110 114
110 115
110 116
110 118
110 125
110 129
110 130
110 131
110 134
110 138
110 139
110 142
110 143
110 147
110 148
110 149
110 150
110 151
110 152
110 153
110 158
110 160
111 112
111 113
111 115
111 117
111 122
111 125
111 126
111 129
111 131
111 133
111 135
111 136
111 137
111 138
111 142
111 146
111 148
111 149
111 151
111 152
111 154
111 157
111 158
111 159
112 115
112 116
112 117
112 118
112 120
112 123
112 125
112 126
112 127
112 130
112 131
112 132
112 133
112 136
112 138
112 139
112 142
112 143
112 146
112 147
112 148
112 151
112 152
112 155
112 157
112 160
112 161
113 114
113 115
113 116
113 117
113 120
113 122
113 124
113 125
113 126
113 127
113 128
113 129
113 130
113 131
113 133
113 135
113 137
113 138
113 140
113 141
113 142
113 143
113 144
113 145
113 147
113 151
113 152
113 153
113 154
113 156
113 158
113 159
113 161
114 115
114 116
114 117
114 118
114 122
114 125
114 126
114 127
114 128
114 129
114 130
114 131
114 134
114 137
114 138
114 139
114 142
114 143
114 144
114 146
114 147
114 149
114 150
114 151
114 152
114 153
114 154
114 155
114 158
114 159
114 160
114 161
115 116
115 117
115 118
115 120
115 126
115 128
115 129
115 131
115 132
115 133
115 134
115 136
115 137
115 138
115 139
115 141
115 142
115 143
115 145
115 148
115 151
115 152
115 153
115 155
115 157
115 158
115 161
116 117
116 119
116 125
116 128
116 131
116 138
116 141
116 142
116 146
116 147
116 151
116 152
116 155
116 159
117 118
117 121
117 124
117 125
117 128
117 129
117 130
117 131
117 133
117 134
117 136
117 137
117 138
117 139
117 140
117 141
117 142
117 146
117 147
117 148
117 149
117 150
117 151
117 152
117 156
117 158
117 160
117 161
118 119
118 125
118 126
118 127
118 128
118 130
118 131
118 132
118 134
118 137
118 139
118 141
118 142
118 144
118 146
118 147
118 148
118 149
118 150
118 151
118 153
118 154
118 155
118 156
118 157
118 158
118 160
118 161
119 125
119 129
119 130
119 133
119 134
119 137
119 141
119 147
119 148
119 157
120 125
120 130
120 137
120 147
120 151
120 152
120 160
121 128
121 129
121 131
121 139
121 142
121 147
121 153
121 159
122 142
122 152
122 157
122 158
123 130
123 134
123 135
123 139
123 153
123 157
123 158
123 160
124 125
124 129
124 130
124 133
124 137
124 138
124 139
124 142
124 145
124 149
124 150
124 152
124 161
125 126
125 129
125 132
125 133
125 134
125 137
125 138
125 139
125 142
125 143
125 144
125 146
125 147
125 149
125 150
125 151
125 152
125 154
125 155
125 157
125 158
125 159
125 160
125 161
126 129
126 133
126 134
126 138
126 139
126 142
126 146
126 147
126 150
126 151
126 152
126 153
126 155
126 157
126 159
126 161
127 128
127 129
127 134
127 136
127 137
127 141
127 147
127 149
127 152
127 153
127 154
127 155
127 157
127 158
127 159
127 160
128 129
128 131
128 133
128 134
128 136
128 138
128 139
128 142
128 143
128 147
128 150
128 151
128 152
128 157
129 130
129 131
129 132
129 133
129 134
129 135
129 136
129 137
129 138
129 139
129 140
129 141
129 142
129 146
129 147
129 148
129 150
129 151
129 153
129 154
129 155
129 156
129 157
129 158
129 159
129 161
130 131
130 133
130 137
130 138
130 139
130 142
130 143
130 149
130 150
130 151
130 152
130 154
130 157
130 158
130 161
131 133
131 134
131 136
131 137
131 140
131 142
131 143
131 147
131 148
131 149
131 151
131 152
131 154
131 155
131 158
131 159
131 160
132 133
132 138
132 142
132 152
132 153
132 154
132 158
132 161
133 135
133 136
133 137
133 138
133 139
133 140
133 141
133 142
133 143
133 145
133 147
133 149
133 150
133 151
133 152
133 153
133 154
133 155
133 156
133 157
133 158
133 159
133 160
133 161
134 135
134 136
134 137
134 138
134 139
134 140
134 142
134 144
134 145
134 147
134 150
134 151
134 152
134 154
134 155
134 157
134 160
134 161
135 137
135 138
135 139
135 147
135 149
135 151
135 152
135 153
135 154
135 157
135 159
135 160
136 147
136 151
136 152
136 154
136 157
136 158
136 159
136 160
137 138
137 140
137 141
137 142
137 143
137 144
137 146
137 147
137 148
137 149
137 150
137 151
137 152
137 153
137 154
137 156
137 157
137 158
137 159
137 161
138 139
138 142
138 143
138 144
138 145
138 146
138 147
138 150
138 151
138 152
138 153
138 154
138 155
138 156
138 157
138 158
138 160
139 141
139 145
139 146
139 148
139 149
139 150
139 152
139 156
139 157
139 158
139 160
140 141
140 146
140 147
140 150
140 151
140 152
140 154
140 159
140 161
141 142
141 144
141 149
141 150
141 152
141 157
141 158
141 161
142 145
142 146
142 147
142 148
142 149
142 150
142 151
142 152
142 154
142 155
142 157
142 158
142 159
142 160
142 161
143 145
143 148
143 152
143 153
143 154
143 157
143 159
143 160
144 157
144 160
144 161
145 147
145 150
145 151
145 153
145 154
145 155
145 156
145 157
145 161
146 147
146 149
146 150
146 152
146 154
146 158
146 160
146 161
147 148
147 149
147 150
147 151
147 152
147 153
147 154
147 155
147 156
147 157
147 159
147 160
147 161
148 151
148 153
148 154
148 158
149 150
149 153
149 154
149 158
150 154
150 157
150 160
151 153
151 154
151 156
151 158
151 159
151 160
152 153
152 155
152 156
152 157
152 158
152 159
152 161
153 154
153 157
153 158
153 159
153 160
154 158
154 161
155 158
156 161
157 159
157 160
157 161
158 160
159 161
