0 2
0 3
0 7
0 8
0 10
0 14
0 19
0 20
0 21
0 24
0 30
0 44
0 58
0 68
0 84
0 88
0 92
0 102
0 105
0 110
0 111
0 112
0 116
0 117
0 118
0 124
0 125
0 126
0 127
0 129
0 131
0 153
0 158
0 159
1 6
1 10
1 14
1 15
1 19
1 25
1 31
1 32
1 33
1 34
1 36
1 40
1 44
1 47
1 48
1 50
1 53
1 58
1 64
1 68
1 72
1 93
1 99
1 100
1 105
1 107
1 108
1 114
1 116
1 118
1 123
1 124
1 125
1 127
1 131
1 134
1 137
1 142
1 143
1 147
1 151
1 152
1 154
1 158
2 4
2 7
2 9
2 16
2 17
2 20
2 21
2 26
2 32
2 49
2 52
2 59
2 79
2 94
2 97
2 103
2 111
2 113
2 114
2 118
2 120
2 122
2 135
2 142
2 147
2 151
2 153
3 6
3 11
3 14
3 36
3 49
3 50
3 52
3 56
3 63
3 66
3 67
3 70
3 71
3 75
3 83
3 85
3 89
3 91
3 94
3 101
3 102
3 109
3 114
3 115
3 119
3 131
3 133
3 139
3 143
3 144
3 153
3 158
3 161
4 11
4 14
4 18
4 20
4 22
4 23
4 26
4 28
4 31
4 38
4 40
4 42
4 43
4 45
4 50
4 54
4 56
4 64
4 65
4 69
4 71
4 76
4 77
4 83
4 87
4 89
4 95
4 96
4 97
4 98
4 100
4 102
4 107
4 108
4 117
4 118
4 121
4 122
4 129
4 131
4 137
4 138
4 142
4 143
4 145
4 146
4 147
4 148
4 150
4 156
4 160
5 9
5 14
5 15
5 21
5 34
5 58
5 63
5 65
5 87
5 107
5 108
5 109
5 111
5 113
5 127
5 133
5 141
5 153
6 7
6 10
6 16
6 18
6 19
6 21
6 22
6 24
6 29
6 30
6 37
6 40
6 43
6 45
6 52
6 54
6 66
6 72
6 74
6 75
6 80
6 88
6 91
6 94
6 95
6 97
6 99
6 106
6 107
6 108
6 110
6 113
6 114
6 118
6 130
6 136
6 141
6 145
6 146
6 151
6 153
6 158
7 9
7 17
7 19
7 24
7 26
7 27
7 29
7 31
7 32
7 40
7 45
7 46
7 49
7 52
7 54
7 64
7 65
7 70
7 72
7 77
7 79
7 80
7 81
7 84
7 86
7 88
7 89
7 91
7 103
7 105
7 106
7 107
7 110
7 116
7 133
7 134
7 140
7 145
7 147
7 148
7 149
7 151
7 158
8 23
8 26
8 40
8 43
8 52
8 54
8 63
8 70
8 98
8 115
8 133
8 134
8 136
8 158
9 11
9 19
9 20
9 26
9 30
9 33
9 34
9 35
9 43
9 49
9 52
9 53
9 56
9 57
9 62
9 66
9 69
9 72
9 73
9 83
9 85
9 87
9 89
9 91
9 94
9 97
9 101
9 108
9 115
9 124
9 125
9 126
9 127
9 133
9 141
9 146
9 157
9 158
9 160
10 11
10 12
10 16
10 45
10 46
10 49
10 54
10 67
10 68
10 72
10 74
10 77
10 86
10 88
10 91
10 93
10 94
10 99
10 103
10 106
10 108
10 111
10 115
10 117
10 128
10 135
10 139
10 147
10 152
10 153
10 155
10 159
10 161
11 14
11 18
11 19
11 29
11 30
11 31
11 35
11 36
11 40
11 42
11 62
11 63
11 64
11 65
11 71
11 72
11 73
11 74
11 75
11 87
11 94
11 95
11 98
11 99
11 102
11 104
11 106
11 108
11 111
11 122
11 123
11 133
11 134
11 137
11 139
11 145
11 146
11 150
11 157
11 159
11 160
12 15
12 35
12 44
12 46
12 48
12 52
12 56
12 61
12 62
12 63
12 64
12 65
12 67
12 81
12 86
12 88
12 97
12 101
12 105
12 106
12 107
12 109
12 112
12 119
12 124
12 131
12 142
12 152
12 157
13 19
13 20
13 43
13 66
13 70
13 89
13 101
13 107
13 152
13 158
14 15
14 19
14 21
14 25
14 26
14 27
14 30
14 33
14 41
14 44
14 48
14 49
14 51
14 55
14 62
14 65
14 69
14 71
14 77
14 82
14 84
14 85
14 88
14 93
14 97
14 99
14 102
14 106
14 108
14 117
14 118
14 121
14 125
14 128
14 129
14 131
14 132
14 133
14 136
14 138
14 140
14 141
14 149
14 150
14 151
14 154
14 159
15 18
15 21
15 40
15 43
15 45
15 56
15 63
15 73
15 74
15 75
15 86
15 87
15 100
15 102
15 115
15 125
15 132
15 137
15 139
15 142
15 157
15 158
16 18
16 21
16 36
16 39
16 51
16 52
16 56
16 63
16 68
16 84
16 87
16 96
16 99
16 100
16 102
16 109
16 111
16 112
16 114
16 115
16 122
16 126
16 141
16 158
17 18
17 21
17 39
17 40
17 50
17 89
17 92
17 93
17 125
17 131
17 152
17 154
17 157
18 20
18 28
18 32
18 41
18 48
18 52
18 59
18 66
18 68
18 69
18 76
18 79
18 80
18 84
18 86
18 88
18 94
18 98
18 101
18 103
18 105
18 108
18 112
18 113
18 115
18 116
18 117
18 118
18 124
18 125
18 126
18 127
18 129
18 131
18 133
18 139
18 141
18 144
18 145
18 146
18 147
18 151
18 155
18 157
18 160
19 31
19 32
19 35
19 36
19 39
19 40
19 42
19 43
19 46
19 50
19 51
19 55
19 63
19 69
19 70
19 71
19 72
19 75
19 80
19 93
19 94
19 95
19 96
19 100
19 105
19 106
19 107
19 108
19 113
19 117
19 118
19 121
19 129
19 131
19 136
19 137
19 141
19 147
19 155
19 157
19 159
19 161
20 30
20 34
20 37
20 50
20 53
20 54
20 55
20 67
20 69
20 70
20 93
20 94
20 95
20 100
20 103
20 104
20 105
20 106
20 107
20 112
20 113
20 115
20 118
20 120
20 125
20 135
20 139
20 142
20 147
20 149
20 151
20 153
20 158
20 160
21 23
21 26
21 29
21 30
21 36
21 39
21 40
21 41
21 43
21 44
21 49
21 54
21 58
21 61
21 63
21 71
21 72
21 79
21 82
21 90
21 91
21 95
21 97
21 98
21 103
21 105
21 109
21 114
21 117
21 129
21 131
21 134
21 135
21 137
21 138
21 142
21 153
21 154
21 157
21 161
22 30
22 40
22 43
22 60
22 64
22 67
22 69
22 72
22 74
22 84
22 99
22 109
22 110
22 141
22 142
22 150
23 30
23 31
23 35
23 36
23 39
23 44
23 45
23 49
23 66
23 67
23 68
23 69
23 73
23 87
23 94
23 101
23 114
23 125
23 131
23 133
23 147
23 150
23 151
23 154
23 161
24 30
24 31
24 38
24 39
24 49
24 55
24 61
24 72
24 77
24 90
24 101
24 102
24 109
24 113
24 125
24 130
24 131
24 135
24 136
24 145
24 150
24 153
25 26
25 32
25 33
25 42
25 43
25 48
25 49
25 54
25 59
25 60
25 61
25 64
25 69
25 70
25 73
25 79
25 87
25 89
25 94
25 100
25 102
25 106
25 108
25 112
25 114
25 125
25 135
25 137
25 138
25 142
25 154
26 29
26 31
26 32
26 38
26 43
26 49
26 51
26 56
26 57
26 58
26 61
26 63
26 64
26 65
26 70
26 73
26 74
26 77
26 78
26 81
26 85
26 87
26 88
26 94
26 99
26 102
26 103
26 106
26 113
26 114
26 120
26 125
26 126
26 128
26 129
26 130
26 131
26 135
26 142
26 160
27 45
27 48
27 70
27 73
27 102
27 103
28 43
28 44
28 49
28 54
28 73
28 87
28 93
28 104
28 109
28 118
28 131
28 137
28 142
28 158
29 44
29 46
29 77
29 88
29 89
29 91
29 94
29 103
29 106
29 110
29 112
29 134
29 150
30 32
30 43
30 49
30 51
30 52
30 53
30 54
30 59
30 64
30 65
30 67
30 72
30 73
30 74
30 75
30 84
30 89
30 96
30 102
30 106
30 113
30 118
30 119
30 123
30 125
30 128
30 133
30 135
30 136
30 139
30 151
30 153
30 154
30 155
30 158
30 161
31 35
31 38
31 40
31 42
31 50
31 56
31 58
31 63
31 64
31 67
31 68
31 69
31 70
31 72
31 73
31 75
31 79
31 82
31 84
31 87
31 89
31 90
31 91
31 93
31 97
31 100
31 111
31 112
31 114
31 126
31 129
31 131
31 135
31 138
31 139
31 142
31 143
31 145
31 146
31 153
31 157
32 36
32 38
32 40
32 43
32 52
32 54
32 58
32 66
32 77
32 79
32 82
32 85
32 89
32 95
32 99
32 103
32 106
32 115
32 119
32 134
32 137
32 138
32 141
32 145
32 147
32 148
32 157
32 159
32 160
33 40
33 43
33 44
33 54
33 58
33 61
33 62
33 74
33 95
33 103
33 114
33 115
33 135
33 136
33 138
33 154
34 39
34 51
34 54
34 55
34 56
34 66
34 70
34 72
34 73
34 76
34 79
34 80
34 87
34 89
34 91
34 113
34 114
34 115
34 117
34 120
34 133
34 141
34 142
34 152
34 161
35 36
35 40
35 44
35 45
35 50
35 52
35 53
35 56
35 57
35 64
35 66
35 68
35 69
35 70
35 71
35 74
35 79
35 80
35 84
35 86
35 87
35 99
35 102
35 104
35 105
35 108
35 110
35 112
35 113
35 114
35 119
35 124
35 132
35 135
35 141
35 148
35 152
36 38
36 46
36 51
36 55
36 58
36 64
36 65
36 66
36 68
36 70
36 71
36 72
36 73
36 74
36 75
36 79
36 80
36 83
36 85
36 89
36 91
36 92
36 96
36 97
36 98
36 99
36 101
36 104
36 107
36 108
36 109
36 115
36 116
36 118
36 124
36 125
36 126
36 137
36 138
36 147
36 148
36 150
36 158
36 159
36 160
37 40
37 44
37 54
37 63
37 68
37 73
37 77
37 102
37 107
37 115
37 117
37 133
38 42
38 44
38 50
38 51
38 53
38 63
38 67
38 68
38 83
38 89
38 94
38 95
38 98
38 106
38 111
38 115
38 117
38 133
38 134
38 138
38 141
38 145
38 152
39 40
39 43
39 48
39 60
39 61
39 65
39 70
39 71
39 74
39 80
39 82
39 84
39 87
39 89
39 91
39 103
39 105
39 108
39 113
39 117
39 128
39 129
39 131
39 134
39 135
39 138
39 139
39 148
39 153
39 161
40 46
40 49
40 50
40 53
40 54
40 55
40 58
40 64
40 66
40 67
40 68
40 69
40 73
40 75
40 81
40 86
40 89
40 92
40 96
40 98
40 99
40 102
40 103
40 104
40 105
40 106
40 108
40 109
40 114
40 116
40 118
40 129
40 135
40 137
40 139
40 142
40 144
40 146
40 147
40 149
40 154
40 157
40 159
41 47
41 54
41 66
41 76
41 77
41 80
41 85
41 87
41 91
41 92
41 93
41 97
41 98
41 102
41 106
41 109
41 152
41 153
41 157
42 45
42 46
42 52
42 63
42 66
42 72
42 74
42 75
42 77
42 79
42 80
42 87
42 89
42 93
42 94
42 97
42 100
42 104
42 105
42 110
42 111
42 115
42 117
42 125
42 126
42 132
42 142
42 145
42 153
42 160
43 44
43 52
43 54
43 55
43 56
43 57
43 64
43 65
43 67
43 68
43 72
43 74
43 75
43 78
43 79
43 82
43 87
43 97
43 100
43 105
43 106
43 107
43 108
43 109
43 112
43 114
43 126
43 128
43 131
43 133
43 137
43 138
43 139
43 146
43 147
43 158
43 160
44 45
44 47
44 51
44 52
44 55
44 58
44 65
44 67
44 70
44 72
44 73
44 79
44 83
44 84
44 100
44 104
44 105
44 106
44 108
44 116
44 117
44 127
44 134
44 141
44 145
44 148
44 149
44 154
44 156
44 159
44 161
45 46
45 54
45 55
45 61
45 64
45 68
45 73
45 79
45 83
45 84
45 86
45 87
45 89
45 91
45 92
45 102
45 103
45 105
45 107
45 108
45 113
45 114
45 126
45 134
45 135
45 141
45 151
45 152
45 153
45 155
45 156
45 159
46 51
46 53
46 57
46 58
46 59
46 61
46 65
46 72
46 73
46 76
46 77
46 83
46 84
46 89
46 90
46 94
46 96
46 102
46 103
46 113
46 114
46 118
46 125
46 130
46 133
46 138
46 140
46 141
46 151
46 152
46 154
46 158
47 49
47 55
47 63
47 64
47 71
47 80
47 82
47 83
47 88
47 100
47 106
47 108
47 126
47 133
47 139
47 153
47 154
47 159
48 49
48 63
48 68
48 74
48 88
48 89
48 100
48 101
48 109
48 115
48 117
48 129
48 130
48 146
48 147
48 149
48 152
49 53
49 58
49 63
49 64
49 67
49 68
49 69
49 71
49 72
49 73
49 74
49 75
49 84
49 91
49 94
49 99
49 101
49 102
49 105
49 106
49 109
49 110
49 121
49 122
49 126
49 129
49 131
49 133
49 135
49 136
49 140
49 141
49 142
49 145
49 146
49 150
49 151
49 152
49 153
49 159
50 54
50 58
50 70
50 72
50 73
50 79
50 85
50 94
50 98
50 99
50 101
50 104
50 107
50 108
50 114
50 125
50 127
50 134
50 138
50 142
50 152
50 157
51 54
51 60
51 64
51 65
51 66
51 69
51 73
51 74
51 75
51 77
51 79
51 84
51 85
51 92
51 99
51 101
51 103
51 106
51 108
51 112
51 113
51 115
51 122
51 125
51 127
51 133
51 134
51 135
51 136
51 142
51 145
51 152
51 153
52 63
52 64
52 68
52 71
52 74
52 75
52 82
52 85
52 87
52 91
52 93
52 99
52 106
52 110
52 111
52 113
52 125
52 134
52 135
52 136
52 137
52 141
52 142
52 153
52 157
53 58
53 60
53 65
53 67
53 69
53 77
53 89
53 97
53 98
53 102
53 104
53 111
53 115
53 125
53 129
53 137
53 138
53 147
53 151
53 152
53 154
54 55
54 58
54 64
54 73
54 77
54 80
54 81
54 85
54 95
54 99
54 106
54 108
54 112
54 114
54 115
54 116
54 117
54 125
54 131
54 133
54 137
54 138
54 141
54 144
54 149
54 152
54 154
54 158
54 159
54 160
54 161
55 57
55 59
55 63
55 64
55 65
55 67
55 68
55 69
55 70
55 72
55 75
55 80
55 82
55 86
55 88
55 91
55 101
55 103
55 105
55 106
55 109
55 111
55 112
55 113
55 114
55 115
55 116
55 117
55 118
55 132
55 134
55 137
55 138
55 139
55 142
55 145
55 146
55 149
55 154
55 158
56 63
56 64
56 66
56 69
56 74
56 82
56 83
56 87
56 94
56 98
56 101
56 102
56 103
56 108
56 109
56 112
56 117
56 131
56 135
56 136
56 137
56 139
56 143
56 149
56 153
56 154
56 157
56 160
57 61
57 71
57 77
57 84
57 98
57 102
57 103
57 134
57 138
57 150
57 153
57 161
58 63
58 67
58 70
58 72
58 73
58 80
58 84
58 89
58 96
58 97
58 105
58 109
58 110
58 112
58 113
58 115
58 118
58 122
58 127
58 129
58 132
58 133
58 137
58 138
58 142
58 143
58 145
58 146
58 147
58 149
58 151
58 152
58 154
58 159
58 161
59 64
59 68
59 73
59 77
59 91
59 101
59 107
59 128
59 131
59 135
59 152
59 154
59 156
60 80
60 102
61 62
61 72
61 73
61 94
61 101
61 102
61 105
61 106
61 115
61 117
61 118
61 142
61 149
61 154
62 64
62 65
62 68
62 71
62 80
62 88
62 92
62 93
62 97
62 98
62 109
62 110
62 114
62 124
62 125
62 128
62 134
62 138
62 139
62 157
63 65
63 66
63 70
63 73
63 74
63 77
63 82
63 87
63 88
63 94
63 103
63 115
63 116
63 120
63 126
63 127
63 128
63 129
63 130
63 133
63 134
63 136
63 143
63 151
63 153
63 158
63 159
64 67
64 70
64 75
64 76
64 87
64 105
64 106
64 107
64 109
64 110
64 111
64 112
64 117
64 122
64 126
64 131
64 133
64 139
64 142
64 146
64 152
64 157
64 160
65 69
65 70
65 71
65 72
65 74
65 77
65 80
65 86
65 87
65 90
65 91
65 92
65 93
65 95
65 96
65 100
65 102
65 103
65 106
65 108
65 109
65 111
65 112
65 113
65 118
65 121
65 124
65 135
65 137
65 138
65 139
65 147
65 155
65 158
65 161
66 67
66 72
66 75
66 76
66 77
66 84
66 87
66 88
66 89
66 90
66 98
66 99
66 102
66 103
66 107
66 114
66 115
66 116
66 117
66 126
66 128
66 135
66 138
66 145
66 149
66 153
66 154
66 156
66 157
66 160
67 69
67 70
67 72
67 84
67 85
67 90
67 92
67 93
67 96
67 97
67 98
67 99
67 100
67 101
67 107
67 109
67 111
67 115
67 116
67 117
67 125
67 127
67 128
67 131
67 132
67 133
67 135
67 136
67 141
67 142
67 146
67 152
67 154
67 160
68 73
68 74
68 75
68 77
68 78
68 84
68 89
68 94
68 102
68 105
68 108
68 115
68 119
68 125
68 129
68 134
68 141
68 142
68 143
68 147
68 150
68 156
68 158
69 70
69 74
69 75
69 80
69 85
69 99
69 100
69 102
69 105
69 108
69 109
69 112
69 115
69 125
69 131
69 135
69 137
69 138
69 139
69 144
69 145
69 147
69 151
69 153
69 157
69 160
70 75
70 77
70 80
70 88
70 94
70 103
70 105
70 106
70 107
70 108
70 111
70 116
70 117
70 119
70 124
70 125
70 133
70 139
70 146
70 151
70 158
70 159
70 160
71 73
71 74
71 75
71 82
71 87
71 88
71 92
71 95
71 99
71 102
71 105
71 108
71 113
71 118
71 119
71 126
71 131
71 138
71 141
71 142
71 144
71 147
71 148
71 149
71 151
71 153
71 159
71 161
72 77
72 82
72 84
72 85
72 88
72 89
72 91
72 92
72 98
72 103
72 106
72 116
72 123
72 130
72 135
72 136
72 145
72 149
72 158
72 160
73 86
73 88
73 89
73 97
73 98
73 101
73 103
73 105
73 110
73 111
73 113
73 114
73 116
73 119
73 129
73 134
73 137
73 148
73 150
73 151
73 152
73 153
73 158
73 160
73 161
74 77
74 84
74 89
74 93
74 96
74 97
74 102
74 108
74 114
74 133
74 136
74 140
74 142
74 143
74 146
74 147
74 149
74 152
74 153
74 154
74 159
74 160
75 77
75 85
75 87
75 91
75 97
75 98
75 99
75 101
75 105
75 108
75 113
75 114
75 115
75 120
75 122
75 124
75 127
75 131
75 132
75 133
75 146
75 152
75 161
76 105
76 116
76 157
77 80
77 82
77 85
77 95
77 101
77 102
77 103
77 104
77 105
77 106
77 110
77 113
77 115
77 118
77 125
77 127
77 129
77 133
77 135
77 136
77 142
77 147
77 153
77 161
78 95
78 133
78 134
78 138
78 161
79 80
79 82
79 85
79 89
79 93
79 97
79 100
79 106
79 109
79 110
79 118
79 120
79 123
79 130
79 134
79 136
79 141
79 142
79 145
79 146
79 147
79 154
79 158
79 159
79 161
80 81
80 82
80 89
80 92
80 96
80 99
80 104
80 110
80 111
80 113
80 114
80 117
80 131
80 133
80 134
80 137
80 142
80 143
80 154
80 155
80 156
80 158
81 90
81 146
81 157
81 158
82 88
82 89
82 99
82 104
82 114
82 127
82 129
82 131
82 134
82 137
82 144
82 152
82 153
82 154
83 84
83 85
83 87
83 88
83 101
83 113
83 114
83 125
83 129
83 133
83 147
83 155
83 160
84 85
84 93
84 94
84 97
84 99
84 104
84 106
84 108
84 111
84 112
84 113
84 114
84 117
84 128
84 129
84 133
84 139
84 142
84 145
84 146
84 150
84 152
85 89
85 94
85 105
85 106
85 107
85 108
85 109
85 111
85 114
85 116
85 134
85 161
86 91
86 92
86 99
86 104
86 110
86 143
86 146
86 152
87 90
87 93
87 94
87 97
87 99
87 100
87 103
87 107
87 108
87 114
87 118
87 122
87 123
87 127
87 128
87 131
87 133
87 138
87 142
87 147
87 153
87 157
87 160
87 161
88 89
88 96
88 105
88 107
88 109
88 112
88 114
88 118
88 123
88 129
88 143
88 149
88 153
88 155
89 91
89 95
89 97
89 99
89 101
89 103
89 106
89 109
89 110
89 112
89 114
89 121
89 124
89 126
89 135
89 138
89 139
89 145
89 147
89 148
89 149
89 159
90 91
90 101
90 107
90 128
90 143
90 144
90 152
90 153
90 154
90 156
91 97
91 101
91 102
91 104
91 107
91 111
91 113
91 115
91 118
91 120
91 130
91 133
91 152
92 93
92 95
92 100
92 114
92 125
92 145
92 147
92 148
92 150
92 151
93 102
93 103
93 104
93 112
93 113
93 114
93 121
93 135
93 137
93 147
93 152
94 98
94 99
94 101
94 102
94 103
94 105
94 109
94 112
94 114
94 116
94 118
94 122
94 125
94 129
94 131
94 134
94 138
94 139
94 142
94 145
94 147
94 149
94 151
94 153
94 156
94 157
94 161
95 106
95 110
95 115
95 126
95 138
95 149
96 105
96 111
96 133
96 135
96 137
96 139
96 140
96 160
97 99
97 100
97 101
97 102
97 111
97 112
97 116
97 117
97 122
97 125
97 127
97 135
97 138
97 139
97 144
97 156
97 157
97 159
98 103
98 105
98 106
98 107
98 111
98 114
98 117
98 133
98 139
98 144
98 147
98 152
98 159
99 100
99 101
99 117
99 120
99 124
99 127
99 129
99 131
99 134
99 135
99 137
99 139
99 151
100 102
100 103
100 112
100 119
100 121
100 129
100 130
100 133
100 139
100 141
100 146
100 147
100 154
100 157
100 158
100 161
101 102
101 103
101 106
101 113
101 114
101 117
101 118
101 121
101 125
101 126
101 131
101 134
101 136
101 138
101 141
101 145
101 147
101 149
101 159
102 103
102 106
102 108
102 110
102 111
102 114
102 125
102 130
102 135
102 137
102 139
102 141
102 145
102 149
102 150
102 151
102 153
102 154
102 157
102 161
103 108
103 112
103 116
103 128
103 131
103 132
103 137
103 139
103 146
103 147
103 159
104 107
104 116
104 117
104 125
104 127
104 131
104 134
104 146
105 106
105 111
105 116
105 126
105 138
105 142
105 146
105 149
105 154
105 159
106 112
106 118
106 123
106 129
106 134
106 135
106 137
106 142
106 146
106 147
106 152
106 161
107 108
107 109
107 111
107 116
107 118
107 119
107 124
107 129
107 133
107 139
107 141
107 143
107 146
107 151
107 158
108 113
108 114
108 116
108 117
108 129
108 131
108 134
108 141
108 145
108 151
108 152
108 156
109 112
109 114
109 115
109 118
109 125
109 131
109 137
109 142
109 145
109 149
109 158
109 160
110 112
110 113
110 116
110 118
110 128
110 129
110 130
110 135
110 139
110 141
110 151
110 158
111 113
111 114
111 115
111 118
111 125
111 126
111 131
111 138
111 142
111 145
111 146
111 147
111 149
111 152
111 154
111 155
111 159
112 113
112 127
112 131
112 133
112 135
112 136
112 141
112 142
112 145
112 148
112 149
112 151
112 152
113 114
113 118
113 119
113 126
113 127
113 129
113 131
113 133
113 137
113 141
113 145
113 152
113 158
113 160
114 117
114 118
114 119
114 121
114 124
114 125
114 128
114 129
114 131
114 134
114 145
114 147
114 153
114 156
114 157
114 158
114 159
115 121
115 125
115 137
115 139
115 141
115 145
115 146
115 147
115 149
115 152
115 153
115 157
116 117
116 119
116 120
116 125
116 129
116 134
116 135
116 141
116 144
117 124
117 126
117 129
117 130
117 133
117 134
117 135
117 146
117 147
117 148
117 153
117 154
117 157
117 158
117 159
117 161
118 119
118 123
118 126
118 131
118 133
118 134
118 135
118 137
118 142
118 144
118 145
118 148
118 150
118 154
118 156
118 161
119 128
119 131
119 134
119 135
119 138
119 148
119 157
119 158
120 125
120 136
120 141
120 145
120 158
120 161
121 131
121 133
121 142
121 146
121 158
122 127
123 134
124 131
124 139
124 141
125 128
125 129
125 131
125 132
125 133
125 134
125 137
125 143
125 149
125 150
125 151
125 153
125 159
126 128
126 133
126 146
126 157
126 161
127 129
127 132
127 135
128 133
128 136
128 137
128 142
128 145
128 153
128 155
128 157
128 161
129 132
129 133
129 136
129 137
129 138
129 139
129 140
129 141
129 145
129 146
129 147
129 152
129 157
129 160
130 140
130 145
130 147
130 148
131 135
131 138
131 139
131 141
131 142
131 149
131 150
131 151
131 153
131 157
131 160
132 134
132 146
132 151
132 157
133 134
133 142
133 146
133 147
133 155
133 160
134 135
134 136
134 145
134 147
134 149
134 153
134 157
134 158
134 161
135 137
135 146
135 149
135 154
136 139
136 144
136 154
136 157
136 159
137 145
137 157
137 158
138 143
138 148
138 153
138 154
138 161
139 142
139 146
139 151
139 152
139 155
140 160
141 152
141 153
141 158
141 160
142 143
142 145
142 146
142 147
142 149
142 150
142 151
142 157
142 158
142 159
143 147
143 149
143 150
143 154
144 145
145 146
145 151
145 152
145 154
145 158
145 159
145 161
146 147
146 152
146 156
147 151
147 157
148 151
148 152
148 159
149 151
149 152
149 154
149 158
151 156
151 158
152 154
152 158
152 159
152 161
154 156
154 158
154 159
155 157
156 161
