0 2
0 4
0 11
0 12
0 15
0 21
0 30
0 34
0 35
0 40
0 48
0 49
0 50
0 55
0 63
0 65
0 69
0 70
0 77
0 85
0 89
0 97
0 105
0 106
0 107
0 108
0 109
0 112
0 115
0 118
0 126
0 133
0 134
0 136
0 145
0 147
0 152
0 153
0 158
0 161
1 4
1 5
1 10
1 11
1 19
1 20
1 28
1 40
1 46
1 48
1 49
1 50
1 55
1 64
1 65
1 67
1 68
1 72
1 74
1 79
1 82
1 84
1 89
1 94
1 96
1 97
1 99
1 101
1 102
1 104
1 106
1 107
1 108
1 118
1 125
1 126
1 127
1 130
1 137
1 138
1 142
1 143
1 147
1 149
1 153
1 154
2 6
2 18
2 24
2 46
2 49
2 56
2 59
2 63
2 67
2 71
2 73
2 75
2 77
2 88
2 89
2 97
2 98
2 106
2 107
2 108
2 113
2 115
2 119
2 134
2 135
2 136
2 137
2 139
2 144
2 148
2 151
2 153
3 5
3 10
3 14
3 19
3 20
3 41
3 51
3 56
3 58
3 63
3 67
3 72
3 73
3 84
3 90
3 102
3 107
3 126
3 143
3 146
3 147
3 149
3 157
3 158
4 6
4 10
4 12
4 13
4 14
4 21
4 24
4 25
4 38
4 40
4 49
4 57
4 60
4 61
4 63
4 67
4 68
4 72
4 73
4 75
4 79
4 80
4 84
4 85
4 87
4 89
4 93
4 95
4 99
4 102
4 103
4 106
4 109
4 112
4 113
4 118
4 120
4 121
4 127
4 130
4 142
4 145
4 146
4 149
4 153
4 157
4 158
4 161
5 7
5 17
5 42
5 45
5 50
5 63
5 65
5 98
5 106
5 113
5 125
5 129
5 133
5 136
5 138
5 147
6 8
6 9
6 10
6 11
6 12
6 17
6 20
6 25
6 31
6 34
6 37
6 44
6 50
6 51
6 53
6 54
6 56
6 58
6 65
6 66
6 67
6 69
6 70
6 71
6 72
6 74
6 79
6 86
6 90
6 92
6 93
6 98
6 100
6 102
6 105
6 106
6 108
6 114
6 117
6 120
6 126
6 130
6 137
6 142
6 144
6 145
6 147
6 148
6 149
6 154
6 157
6 158
7 11
7 12
7 17
7 20
7 32
7 34
7 40
7 43
7 46
7 49
7 51
7 55
7 56
7 58
7 59
7 61
7 62
7 64
7 66
7 67
7 68
7 70
7 71
7 72
7 74
7 76
7 77
7 78
7 88
7 95
7 99
7 100
7 101
7 102
7 106
7 109
7 113
7 114
7 115
7 116
7 118
7 122
7 125
7 128
7 129
7 131
7 132
7 133
7 137
7 139
7 146
7 147
7 157
7 158
7 159
7 161
8 19
8 58
8 69
8 74
8 85
8 105
8 111
8 122
8 125
8 129
8 133
8 138
8 157
8 158
9 11
9 14
9 19
9 20
9 26
9 27
9 30
9 35
9 36
9 38
9 47
9 54
9 55
9 63
9 64
9 71
9 74
9 77
9 78
9 93
9 99
9 106
9 107
9 111
9 115
9 127
9 130
9 133
9 135
9 139
9 152
9 153
9 159
9 160
10 12
10 14
10 15
10 21
10 25
10 29
10 30
10 32
10 36
10 38
10 40
10 43
10 46
10 49
10 58
10 63
10 64
10 65
10 72
10 73
10 79
10 80
10 84
10 87
10 88
10 91
10 105
10 107
10 108
10 110
10 115
10 116
10 119
10 125
10 143
10 145
10 152
10 154
10 157
10 160
11 17
11 21
11 22
11 25
11 27
11 32
11 35
11 44
11 49
11 51
11 52
11 56
11 57
11 65
11 69
11 70
11 71
11 72
11 74
11 75
11 79
11 84
11 85
11 88
11 93
11 94
11 100
11 101
11 102
11 109
11 111
11 112
11 113
11 121
11 128
11 129
11 130
11 135
11 138
11 146
11 151
11 158
11 159
11 161
12 15
12 17
12 31
12 35
12 36
12 44
12 45
12 50
12 55
12 58
12 60
12 64
12 65
12 68
12 77
12 88
12 89
12 92
12 97
12 100
12 103
12 114
12 115
12 117
12 126
12 128
12 133
12 134
12 135
12 145
12 147
12 150
13 21
13 45
13 52
13 58
13 89
13 101
13 115
13 126
13 131
13 133
13 142
13 147
13 151
13 160
14 22
14 24
14 25
14 28
14 33
14 34
14 37
14 38
14 45
14 46
14 52
14 55
14 61
14 63
14 64
14 71
14 72
14 74
14 77
14 84
14 89
14 91
14 93
14 94
14 98
14 99
14 101
14 102
14 105
14 106
14 114
14 118
14 121
14 124
14 128
14 134
14 135
14 138
14 142
14 145
14 147
14 150
14 155
14 156
14 157
15 18
15 31
15 43
15 44
15 47
15 49
15 50
15 58
15 69
15 84
15 87
15 103
15 107
15 128
15 129
15 131
15 133
15 142
15 146
15 152
15 153
16 22
16 31
16 32
16 36
16 38
16 39
16 43
16 45
16 49
16 58
16 61
16 68
16 73
16 80
16 87
16 90
16 93
16 94
16 102
16 116
16 118
16 137
16 142
16 145
16 150
17 23
17 37
17 62
17 84
17 94
17 97
17 112
17 113
17 124
17 129
17 139
18 24
18 27
18 30
18 31
18 43
18 51
18 52
18 54
18 55
18 56
18 59
18 64
18 72
18 73
18 74
18 76
18 82
18 87
18 91
18 92
18 93
18 99
18 102
18 103
18 107
18 111
18 113
18 117
18 119
18 120
18 125
18 127
18 128
18 129
18 131
18 133
18 134
18 139
18 140
18 143
18 152
18 153
18 154
18 157
19 21
19 24
19 25
19 32
19 39
19 44
19 46
19 55
19 58
19 59
19 63
19 66
19 67
19 68
19 74
19 75
19 78
19 91
19 92
19 95
19 96
19 103
19 107
19 109
19 111
19 113
19 117
19 118
19 129
19 131
19 132
19 134
19 136
19 137
19 138
19 139
19 142
19 146
19 151
19 153
19 159
19 160
19 161
20 36
20 43
20 50
20 56
20 71
20 72
20 75
20 86
20 104
20 112
20 114
20 117
20 121
20 124
20 139
20 153
21 26
21 30
21 31
21 32
21 37
21 39
21 46
21 49
21 58
21 59
21 61
21 64
21 66
21 67
21 69
21 73
21 76
21 80
21 83
21 84
21 89
21 93
21 94
21 96
21 105
21 107
21 109
21 111
21 112
21 113
21 115
21 120
21 121
21 124
21 126
21 129
21 134
21 142
21 144
21 145
21 146
21 152
21 153
21 154
21 156
22 26
22 34
22 35
22 40
22 41
22 45
22 46
22 53
22 61
22 63
22 72
22 87
22 101
22 134
22 142
22 143
22 146
22 158
22 159
23 25
23 26
23 30
23 32
23 43
23 51
23 57
23 70
23 78
23 80
23 87
23 106
23 108
23 110
23 111
23 117
23 129
23 133
23 143
23 158
24 31
24 32
24 35
24 47
24 54
24 60
24 67
24 70
24 74
24 75
24 80
24 99
24 110
24 116
24 118
24 125
24 132
24 134
24 135
24 152
25 26
25 28
25 29
25 35
25 38
25 42
25 44
25 45
25 47
25 51
25 56
25 65
25 66
25 68
25 69
25 72
25 84
25 90
25 92
25 93
25 97
25 108
25 111
25 112
25 118
25 137
25 139
25 141
25 143
25 145
25 152
25 154
25 157
26 30
26 36
26 38
26 49
26 50
26 54
26 56
26 58
26 60
26 63
26 64
26 65
26 66
26 70
26 71
26 74
26 75
26 84
26 85
26 89
26 97
26 103
26 104
26 105
26 107
26 108
26 111
26 113
26 114
26 115
26 135
26 136
26 137
26 138
26 139
26 151
26 154
26 157
27 61
27 73
27 77
27 88
27 94
27 114
27 116
27 121
27 125
27 136
27 142
27 151
27 152
28 30
28 33
28 42
28 45
28 47
28 54
28 58
28 61
28 65
28 68
28 79
28 80
28 89
28 98
28 100
28 102
28 103
28 110
28 129
28 134
28 135
28 141
29 34
29 36
29 40
29 42
29 45
29 55
29 66
29 68
29 69
29 75
29 79
29 91
29 97
29 117
29 126
29 142
29 154
29 158
29 160
30 35
30 38
30 41
30 42
30 46
30 49
30 50
30 55
30 56
30 67
30 70
30 71
30 73
30 77
30 80
30 94
30 97
30 99
30 102
30 106
30 108
30 113
30 114
30 116
30 117
30 118
30 119
30 122
30 132
30 134
30 152
30 153
30 158
31 36
31 38
31 40
31 42
31 43
31 54
31 59
31 63
31 67
31 74
31 80
31 81
31 84
31 88
31 90
31 94
31 95
31 97
31 101
31 108
31 109
31 110
31 112
31 113
31 114
31 118
31 125
31 128
31 129
31 130
31 134
31 136
31 142
31 144
31 145
31 154
31 158
31 159
32 34
32 38
32 41
32 44
32 45
32 46
32 52
32 54
32 61
32 64
32 65
32 68
32 70
32 72
32 73
32 75
32 82
32 85
32 97
32 98
32 103
32 116
32 117
32 123
32 125
32 130
32 141
32 145
32 151
32 152
32 157
33 38
33 50
33 70
33 72
33 88
33 90
33 97
33 99
33 118
33 137
33 139
33 142
33 147
33 158
34 36
34 40
34 51
34 52
34 53
34 56
34 59
34 64
34 69
34 72
34 73
34 75
34 84
34 87
34 90
34 97
34 103
34 104
34 110
34 111
34 113
34 121
34 125
34 131
34 133
34 135
34 137
34 139
34 145
34 148
34 152
34 158
34 159
35 36
35 42
35 44
35 45
35 46
35 51
35 54
35 55
35 57
35 59
35 62
35 63
35 65
35 66
35 69
35 70
35 71
35 73
35 74
35 75
35 86
35 89
35 91
35 93
35 94
35 99
35 100
35 101
35 103
35 104
35 106
35 108
35 112
35 113
35 116
35 117
35 121
35 128
35 135
35 139
35 146
35 147
35 149
35 151
35 152
35 154
35 158
36 40
36 42
36 45
36 46
36 55
36 58
36 63
36 67
36 70
36 74
36 77
36 79
36 85
36 88
36 91
36 94
36 99
36 100
36 102
36 105
36 122
36 129
36 131
36 138
36 139
36 142
36 147
36 149
36 152
36 157
37 44
37 46
37 48
37 71
37 73
37 100
37 108
37 109
37 111
38 45
38 46
38 48
38 56
38 59
38 61
38 63
38 64
38 72
38 76
38 77
38 83
38 86
38 87
38 93
38 97
38 101
38 103
38 106
38 107
38 112
38 117
38 131
38 132
38 133
38 141
38 146
38 147
38 153
38 160
39 52
39 63
39 65
39 71
39 73
39 80
39 86
39 87
39 88
39 94
39 103
39 107
39 113
39 114
39 115
39 117
39 118
39 131
39 132
39 135
39 141
39 158
39 161
40 45
40 47
40 49
40 55
40 62
40 63
40 64
40 66
40 67
40 69
40 72
40 73
40 75
40 83
40 85
40 86
40 89
40 91
40 94
40 98
40 101
40 107
40 108
40 110
40 111
40 112
40 115
40 116
40 129
40 130
40 132
40 133
40 139
40 141
40 143
40 149
40 150
40 153
40 154
40 158
40 159
40 160
41 46
41 49
41 55
41 59
41 87
41 89
41 104
41 107
41 114
41 144
41 161
42 47
42 48
42 49
42 60
42 65
42 69
42 70
42 71
42 73
42 74
42 80
42 90
42 98
42 99
42 101
42 106
42 109
42 114
42 117
42 121
42 129
42 131
42 137
42 151
42 152
43 44
43 46
43 49
43 53
43 56
43 58
43 64
43 65
43 70
43 73
43 74
43 75
43 81
43 93
43 97
43 99
43 102
43 105
43 106
43 109
43 111
43 114
43 115
43 118
43 121
43 129
43 133
43 138
43 141
43 147
43 152
43 153
43 156
43 157
43 158
43 159
43 160
43 161
44 49
44 59
44 62
44 70
44 75
44 80
44 82
44 84
44 85
44 96
44 97
44 98
44 100
44 101
44 103
44 108
44 109
44 112
44 113
44 124
44 132
44 135
44 136
44 141
44 145
44 146
44 149
44 153
44 157
44 158
44 160
44 161
45 47
45 49
45 52
45 54
45 55
45 56
45 62
45 67
45 69
45 71
45 79
45 81
45 85
45 87
45 88
45 100
45 103
45 109
45 119
45 129
45 130
45 132
45 139
45 146
45 152
45 155
45 157
46 52
46 54
46 55
46 69
46 70
46 74
46 84
46 91
46 97
46 98
46 100
46 106
46 112
46 115
46 123
46 125
46 133
46 136
46 138
46 140
46 141
46 147
46 149
46 151
46 152
47 55
47 57
47 77
47 84
47 87
47 94
47 98
47 105
47 114
47 115
47 136
47 138
47 154
48 56
48 61
48 63
48 64
48 65
48 72
48 77
48 79
48 84
48 101
48 108
48 111
48 115
48 118
48 125
48 127
48 128
48 133
48 144
48 150
48 151
48 152
49 50
49 52
49 54
49 60
49 64
49 67
49 70
49 73
49 80
49 82
49 83
49 92
49 94
49 97
49 101
49 102
49 105
49 110
49 114
49 115
49 117
49 121
49 123
49 124
49 126
49 127
49 129
49 135
49 139
49 145
49 146
49 151
49 152
49 153
49 154
49 160
49 161
50 51
50 55
50 63
50 65
50 70
50 72
50 76
50 83
50 92
50 96
50 97
50 98
50 102
50 114
50 115
50 118
50 120
50 121
50 126
50 130
50 132
50 144
50 146
50 150
50 151
50 153
50 156
51 54
51 56
51 59
51 67
51 68
51 71
51 73
51 75
51 79
51 85
51 87
51 93
51 99
51 100
51 102
51 103
51 106
51 110
51 113
51 115
51 119
51 121
51 125
51 129
51 133
51 134
51 136
51 137
51 147
51 151
51 152
51 153
51 157
51 158
52 54
52 59
52 60
52 62
52 66
52 70
52 74
52 75
52 86
52 88
52 89
52 91
52 94
52 100
52 101
52 102
52 106
52 108
52 111
52 116
52 125
52 139
52 145
52 149
52 151
52 158
53 57
53 64
53 65
53 73
53 94
53 98
53 101
53 105
53 127
53 129
53 131
53 133
53 149
53 153
53 154
53 157
53 160
53 161
54 58
54 63
54 68
54 69
54 77
54 79
54 88
54 89
54 95
54 99
54 100
54 102
54 104
54 105
54 106
54 112
54 113
54 116
54 125
54 128
54 129
54 130
54 134
54 138
54 142
54 144
54 147
54 150
54 151
54 152
54 159
54 160
55 56
55 57
55 58
55 64
55 65
55 69
55 72
55 84
55 90
55 91
55 94
55 99
55 104
55 112
55 115
55 116
55 117
55 118
55 128
55 129
55 132
55 134
55 137
55 138
55 139
55 142
55 147
55 151
55 153
55 157
55 161
56 57
56 58
56 59
56 64
56 67
56 68
56 70
56 72
56 73
56 74
56 75
56 76
56 79
56 86
56 87
56 91
56 92
56 94
56 103
56 107
56 108
56 112
56 114
56 115
56 117
56 119
56 123
56 125
56 129
56 131
56 133
56 135
56 136
56 143
56 146
56 147
56 152
56 154
56 157
56 158
56 161
57 67
57 69
57 73
57 74
57 77
57 89
57 106
57 107
57 125
57 133
57 134
57 138
57 139
57 145
57 154
57 155
57 161
58 61
58 66
58 67
58 68
58 69
58 74
58 79
58 84
58 86
58 89
58 90
58 97
58 99
58 102
58 103
58 107
58 109
58 113
58 114
58 117
58 119
58 135
58 144
58 146
58 152
58 153
58 154
58 155
58 157
58 159
59 63
59 70
59 92
59 101
59 107
59 113
59 125
59 126
59 130
59 131
59 137
59 139
59 140
59 154
59 160
60 68
60 73
60 74
60 101
60 103
60 105
60 115
60 118
60 151
61 65
61 69
61 71
61 76
61 100
61 102
61 105
61 108
61 109
61 125
61 149
61 158
61 160
62 63
62 67
62 71
62 74
62 92
62 97
62 98
62 100
62 112
62 117
62 118
62 119
62 121
62 132
62 146
63 64
63 69
63 70
63 71
63 75
63 83
63 85
63 87
63 90
63 91
63 100
63 103
63 104
63 107
63 108
63 110
63 112
63 113
63 116
63 120
63 121
63 128
63 133
63 136
63 142
63 143
63 152
63 153
63 154
63 155
63 159
64 68
64 69
64 70
64 72
64 74
64 77
64 78
64 79
64 80
64 89
64 90
64 97
64 98
64 99
64 101
64 102
64 103
64 108
64 111
64 118
64 127
64 128
64 131
64 133
64 136
64 137
64 138
64 139
64 141
64 143
64 145
64 147
64 149
64 156
64 159
64 161
65 68
65 69
65 71
65 72
65 78
65 79
65 80
65 82
65 84
65 86
65 89
65 91
65 97
65 98
65 101
65 103
65 107
65 109
65 112
65 114
65 116
65 126
65 127
65 129
65 131
65 134
65 139
65 141
65 142
65 145
65 148
65 154
65 157
65 159
66 68
66 77
66 81
66 87
66 89
66 91
66 92
66 96
66 97
66 99
66 102
66 105
66 106
66 110
66 111
66 117
66 118
66 120
66 123
66 126
66 133
66 134
66 138
66 141
66 146
66 147
66 149
66 150
66 161
67 69
67 72
67 77
67 85
67 90
67 93
67 101
67 102
67 105
67 107
67 109
67 110
67 111
67 114
67 115
67 122
67 124
67 133
67 139
67 142
67 146
67 147
67 149
67 150
67 152
67 153
67 155
67 157
67 158
68 69
68 71
68 76
68 87
68 91
68 93
68 94
68 95
68 96
68 97
68 99
68 101
68 103
68 105
68 106
68 107
68 111
68 114
68 117
68 118
68 125
68 126
68 129
68 135
68 138
68 140
68 143
68 145
68 146
68 149
68 151
68 152
68 154
68 156
68 160
69 70
69 73
69 75
69 80
69 85
69 87
69 94
69 95
69 99
69 103
69 107
69 110
69 112
69 118
69 127
69 129
69 130
69 131
69 136
69 137
69 138
69 139
69 141
69 145
69 147
69 151
69 152
69 158
69 160
70 72
70 73
70 76
70 80
70 87
70 93
70 100
70 101
70 102
70 108
70 109
70 112
70 113
70 114
70 125
70 130
70 131
70 133
70 136
70 138
70 144
70 146
70 147
70 151
70 154
70 157
70 158
70 161
71 73
71 76
71 85
71 89
71 97
71 99
71 100
71 106
71 108
71 118
71 121
71 125
71 126
71 132
71 133
71 135
71 138
71 153
71 157
71 159
71 161
72 75
72 77
72 80
72 81
72 82
72 85
72 87
72 88
72 90
72 92
72 94
72 98
72 100
72 102
72 105
72 109
72 110
72 111
72 113
72 114
72 115
72 116
72 118
72 120
72 125
72 132
72 138
72 146
72 149
72 151
72 152
72 153
72 154
72 156
72 157
72 161
73 74
73 75
73 87
73 89
73 90
73 93
73 94
73 99
73 101
73 104
73 108
73 109
73 111
73 112
73 113
73 114
73 115
73 118
73 125
73 133
73 134
73 135
73 137
73 141
73 142
73 145
73 146
73 147
73 151
73 153
73 161
74 77
74 87
74 88
74 97
74 98
74 101
74 103
74 107
74 108
74 109
74 113
74 115
74 120
74 124
74 128
74 137
74 141
74 142
74 146
74 147
74 149
74 150
74 152
74 157
74 158
75 79
75 81
75 88
75 89
75 90
75 94
75 96
75 100
75 106
75 109
75 112
75 113
75 114
75 119
75 121
75 124
75 128
75 131
75 136
75 137
75 141
75 148
75 149
75 151
75 152
75 153
75 158
75 159
76 80
76 106
76 115
76 118
76 145
76 154
76 158
77 80
77 84
77 91
77 95
77 98
77 101
77 107
77 114
77 115
77 126
77 128
77 129
77 133
77 139
77 141
77 145
77 148
77 149
77 151
77 157
77 158
77 159
77 161
78 115
78 122
78 146
79 80
79 84
79 89
79 99
79 101
79 102
79 103
79 108
79 109
79 112
79 114
79 116
79 121
79 125
79 126
79 129
79 133
79 134
79 142
79 146
79 149
79 150
79 160
79 161
80 85
80 86
80 87
80 97
80 99
80 111
80 113
80 115
80 116
80 127
80 129
80 139
80 142
80 143
80 145
80 149
80 152
81 89
81 115
81 125
81 129
81 142
81 147
81 154
82 93
82 97
82 100
82 102
82 105
82 106
82 107
82 110
82 113
82 118
82 119
82 124
82 130
82 133
82 145
82 147
82 151
82 153
82 154
83 127
83 132
83 148
83 161
84 93
84 94
84 97
84 101
84 104
84 106
84 109
84 118
84 121
84 133
84 136
84 139
84 147
84 149
84 152
84 155
84 157
84 160
85 101
85 102
85 104
85 113
85 119
85 125
85 131
85 134
85 136
85 137
85 138
85 139
85 152
85 158
86 106
86 107
86 108
86 111
86 113
86 129
86 130
86 149
87 98
87 105
87 113
87 114
87 115
87 116
87 118
87 126
87 128
87 130
87 134
87 139
87 142
87 146
87 147
87 152
87 153
87 156
87 161
88 91
88 99
88 105
88 107
88 110
88 115
88 118
88 122
88 124
88 139
88 145
88 152
88 159
89 90
89 91
89 92
89 95
89 98
89 100
89 102
89 106
89 109
89 112
89 113
89 117
89 129
89 131
89 142
89 148
89 152
89 156
90 101
90 105
90 125
90 134
90 145
90 153
90 161
91 93
91 96
91 98
91 102
91 105
91 109
91 110
91 111
91 115
91 118
91 129
91 131
91 135
91 142
91 157
91 159
92 95
92 106
92 109
92 110
92 112
92 125
92 129
92 135
92 154
92 157
92 161
93 97
93 98
93 101
93 118
93 126
93 132
93 134
93 139
93 143
93 149
93 154
93 157
93 160
94 100
94 102
94 103
94 108
94 110
94 112
94 118
94 129
94 138
94 139
94 140
94 151
94 152
94 153
94 159
94 160
95 100
95 112
95 128
95 131
95 133
95 146
95 158
96 104
96 112
96 127
96 129
96 133
96 137
96 143
96 146
96 149
96 151
97 101
97 106
97 107
97 112
97 116
97 117
97 122
97 126
97 135
97 136
97 141
97 142
97 145
97 152
98 101
98 106
98 116
98 128
98 129
98 134
98 145
98 146
98 153
99 100
99 107
99 108
99 113
99 114
99 120
99 125
99 134
99 146
99 153
99 155
99 157
99 161
100 102
100 113
100 121
100 122
100 126
100 129
100 133
100 135
100 136
100 138
100 139
100 142
100 154
100 157
101 105
101 108
101 109
101 114
101 117
101 118
101 122
101 129
101 131
101 135
101 136
101 138
101 139
101 144
101 145
101 146
101 147
101 157
101 158
101 159
101 160
102 104
102 111
102 112
102 114
102 131
102 132
102 133
102 138
102 141
102 147
102 151
102 152
102 159
103 104
103 113
103 115
103 117
103 120
103 128
103 132
103 133
103 134
103 135
103 138
103 139
103 141
103 146
103 147
103 153
103 154
103 159
104 113
104 134
104 147
104 151
105 106
105 109
105 110
105 111
105 115
105 116
105 120
105 126
105 128
105 137
105 138
105 139
105 145
105 147
105 148
105 149
105 154
105 158
106 107
106 109
106 114
106 115
106 125
106 127
106 129
106 134
106 135
106 137
106 141
106 142
106 146
106 150
106 153
106 157
106 158
106 159
106 160
107 114
107 117
107 126
107 134
107 136
107 137
107 142
107 157
108 112
108 115
108 125
108 128
108 133
108 135
108 138
108 144
108 149
108 153
108 157
108 158
109 114
109 115
109 127
109 129
109 131
109 133
109 138
109 142
109 146
109 147
109 156
110 115
110 116
110 118
110 137
110 139
110 147
110 152
110 153
110 154
110 159
111 116
111 118
111 127
111 129
111 135
111 140
111 142
111 147
111 151
111 152
111 153
111 157
111 159
111 160
111 161
112 113
112 115
112 116
112 120
112 125
112 126
112 129
112 134
112 135
112 137
112 145
112 149
112 155
112 157
112 158
112 159
113 114
113 118
113 119
113 121
113 126
113 131
113 133
113 134
113 138
113 140
113 141
113 142
113 146
113 147
113 154
113 156
113 158
113 160
114 116
114 118
114 125
114 126
114 131
114 134
114 136
114 137
114 138
114 146
114 149
114 154
114 157
114 158
114 161
115 117
115 131
115 134
115 135
115 137
115 146
115 149
115 152
115 153
116 120
116 125
116 128
116 142
116 143
116 145
116 147
116 154
116 157
116 158
117 126
117 135
117 142
117 143
117 147
117 158
117 159
117 161
118 125
118 135
118 136
118 139
118 147
118 151
118 157
118 158
118 161
119 134
119 142
119 151
119 154
119 157
119 158
120 124
120 128
120 144
120 152
121 134
121 139
121 149
121 151
121 154
122 124
122 130
122 135
122 136
122 138
122 145
122 147
122 152
122 153
123 125
123 127
123 148
124 134
124 152
124 153
125 128
125 129
125 133
125 134
125 135
125 137
125 139
125 149
125 150
125 152
126 137
126 139
126 142
126 146
126 149
126 156
127 135
127 136
127 137
127 147
127 152
128 131
128 137
128 154
128 159
129 132
129 133
129 137
129 139
129 143
129 152
129 154
129 157
129 158
129 160
130 131
130 138
130 145
131 132
131 133
131 134
131 136
131 137
131 150
131 157
132 133
132 138
132 139
132 147
132 152
132 155
132 159
133 135
133 139
133 145
133 150
133 152
133 153
133 154
133 161
134 135
134 137
134 142
134 144
134 152
134 156
134 158
134 159
135 138
135 143
135 153
135 154
135 155
135 159
135 161
136 140
136 141
136 148
136 149
137 140
137 141
137 142
137 143
137 147
137 148
137 150
137 152
137 153
137 154
137 157
137 160
137 161
138 141
138 142
138 146
138 153
138 154
138 155
139 146
139 151
139 155
139 158
139 159
140 151
141 144
141 146
141 151
141 153
141 154
141 159
141 161
142 145
142 146
142 147
142 151
142 153
142 157
142 158
142 159
143 152
144 150
144 157
144 158
144 159
145 147
145 155
145 161
146 150
146 153
146 158
147 149
147 152
147 153
147 154
147 157
147 160
148 151
148 156
148 157
149 151
150 152
150 154
150 155
151 154
152 154
152 157
152 158
152 160
153 154
153 155
153 160
154 157
154 161
155 158
156 157
157 158
160 161
