0 10
0 14
0 32
0 35
0 54
0 56
0 69
0 73
0 74
0 77
0 80
0 84
0 87
0 89
0 91
0 93
0 97
0 100
0 101
0 103
0 105
0 110
0 116
0 117
0 122
0 125
0 127
0 142
0 159
1 4
1 9
1 10
1 14
1 16
1 18
1 28
1 45
1 46
1 49
1 50
1 51
1 62
1 64
1 65
1 70
1 74
1 76
1 79
1 80
1 87
1 88
1 91
1 100
1 103
1 105
1 106
1 108
1 110
1 115
1 126
1 127
1 130
1 134
1 138
1 145
1 152
1 155
1 157
1 158
2 7
2 9
2 25
2 28
2 40
2 46
2 50
2 58
2 59
2 62
2 64
2 68
2 70
2 75
2 77
2 83
2 88
2 105
2 113
2 114
2 136
2 153
3 10
3 26
3 29
3 38
3 39
3 42
3 46
3 53
3 56
3 64
3 69
3 74
3 82
3 88
3 89
3 105
3 106
3 114
3 136
3 145
3 151
3 153
4 6
4 7
4 11
4 20
4 23
4 24
4 25
4 26
4 27
4 30
4 32
4 33
4 36
4 40
4 52
4 53
4 54
4 56
4 57
4 58
4 63
4 64
4 65
4 72
4 74
4 75
4 79
4 82
4 97
4 99
4 100
4 101
4 103
4 105
4 109
4 111
4 114
4 115
4 124
4 125
4 127
4 128
4 131
4 135
4 143
4 149
4 150
4 153
4 154
4 157
5 18
5 38
5 60
5 69
5 75
5 90
5 94
5 97
5 112
5 147
5 149
5 150
5 151
5 154
6 8
6 9
6 10
6 12
6 13
6 14
6 17
6 19
6 20
6 22
6 26
6 31
6 32
6 40
6 42
6 44
6 48
6 49
6 51
6 52
6 54
6 61
6 63
6 66
6 68
6 75
6 82
6 83
6 84
6 85
6 88
6 89
6 93
6 95
6 97
6 99
6 100
6 101
6 103
6 109
6 111
6 112
6 113
6 117
6 122
6 125
6 126
6 129
6 130
6 133
6 137
6 138
6 140
6 144
6 145
6 151
6 153
6 154
6 156
6 157
6 158
6 159
7 11
7 18
7 19
7 25
7 28
7 29
7 30
7 31
7 36
7 42
7 43
7 44
7 45
7 46
7 50
7 51
7 52
7 53
7 59
7 60
7 65
7 67
7 68
7 69
7 75
7 77
7 79
7 81
7 83
7 85
7 89
7 95
7 98
7 99
7 103
7 108
7 109
7 121
7 122
7 124
7 125
7 128
7 131
7 133
7 135
7 137
7 138
7 139
7 154
7 158
7 159
8 23
8 24
8 54
8 65
8 112
8 135
9 12
9 15
9 18
9 19
9 24
9 29
9 31
9 34
9 35
9 36
9 40
9 42
9 43
9 54
9 56
9 57
9 61
9 63
9 64
9 77
9 81
9 84
9 87
9 95
9 96
9 102
9 106
9 108
9 112
9 118
9 121
9 131
9 132
9 133
9 136
9 138
9 139
9 141
9 146
9 148
9 149
9 152
9 153
9 157
10 11
10 19
10 20
10 21
10 25
10 26
10 27
10 31
10 32
10 35
10 39
10 40
10 45
10 49
10 57
10 58
10 59
10 63
10 66
10 67
10 68
10 71
10 75
10 82
10 89
10 94
10 97
10 98
10 102
10 103
10 107
10 108
10 115
10 116
10 126
10 128
10 133
10 135
10 136
10 137
10 138
10 139
10 145
10 152
10 155
10 157
10 159
10 161
11 14
11 15
11 19
11 28
11 30
11 31
11 34
11 39
11 46
11 48
11 49
11 50
11 53
11 58
11 63
11 69
11 70
11 73
11 75
11 79
11 88
11 89
11 91
11 103
11 106
11 109
11 112
11 113
11 114
11 125
11 126
11 127
11 128
11 131
11 132
11 134
11 135
11 137
11 138
11 142
11 149
11 157
12 17
12 18
12 23
12 25
12 28
12 30
12 33
12 35
12 44
12 49
12 56
12 63
12 68
12 70
12 72
12 73
12 75
12 88
12 91
12 93
12 97
12 112
12 113
12 128
12 143
12 147
12 149
12 154
12 157
12 159
12 160
12 161
13 21
13 35
13 57
13 63
13 64
13 87
13 94
13 101
13 118
13 137
13 144
13 152
13 157
14 20
14 21
14 22
14 26
14 30
14 31
14 32
14 35
14 40
14 42
14 43
14 45
14 49
14 50
14 53
14 54
14 65
14 68
14 70
14 71
14 72
14 73
14 74
14 77
14 79
14 84
14 86
14 87
14 94
14 99
14 101
14 104
14 106
14 107
14 108
14 109
14 113
14 116
14 118
14 119
14 122
14 123
14 124
14 126
14 127
14 132
14 133
14 137
14 138
14 145
14 146
14 153
14 154
14 157
14 161
15 17
15 21
15 23
15 24
15 29
15 32
15 35
15 36
15 43
15 46
15 62
15 69
15 70
15 71
15 74
15 85
15 91
15 99
15 101
15 108
15 113
15 120
15 125
15 134
15 140
15 141
15 142
15 148
15 149
15 152
15 153
15 158
16 24
16 25
16 33
16 43
16 44
16 54
16 55
16 62
16 70
16 82
16 84
16 85
16 96
16 100
16 103
16 110
16 116
16 143
16 145
16 153
17 19
17 65
17 67
17 71
17 80
17 84
17 90
17 98
17 110
17 136
17 137
17 151
17 160
18 19
18 21
18 23
18 38
18 40
18 42
18 43
18 44
18 45
18 47
18 51
18 53
18 54
18 55
18 58
18 61
18 62
18 66
18 67
18 68
18 70
18 71
18 74
18 82
18 84
18 87
18 89
18 92
18 97
18 99
18 101
18 103
18 107
18 108
18 111
18 114
18 117
18 121
18 125
18 128
18 139
18 141
18 142
18 147
18 149
18 151
18 159
19 26
19 31
19 39
19 40
19 45
19 49
19 51
19 54
19 58
19 59
19 62
19 65
19 66
19 69
19 73
19 83
19 84
19 89
19 93
19 97
19 101
19 103
19 104
19 105
19 106
19 107
19 108
19 110
19 112
19 133
19 134
19 137
19 138
19 142
19 146
19 153
19 157
19 159
20 36
20 67
20 72
20 77
20 78
20 86
20 87
20 101
20 114
20 115
20 117
20 125
20 126
20 131
20 135
20 137
20 138
20 145
20 146
20 153
20 154
20 157
21 24
21 25
21 27
21 31
21 34
21 36
21 39
21 40
21 45
21 46
21 48
21 55
21 56
21 58
21 60
21 64
21 66
21 67
21 68
21 69
21 70
21 79
21 86
21 87
21 92
21 94
21 99
21 100
21 106
21 108
21 111
21 112
21 113
21 117
21 122
21 124
21 133
21 136
21 137
21 138
21 151
21 153
21 154
21 158
21 160
22 25
22 32
22 38
22 40
22 43
22 47
22 50
22 54
22 83
22 89
22 91
22 106
22 112
22 124
22 125
22 132
22 134
22 145
22 158
23 30
23 32
23 36
23 38
23 40
23 52
23 55
23 61
23 72
23 80
23 82
23 84
23 92
23 94
23 95
23 110
23 111
23 117
23 119
23 128
23 137
23 146
23 151
23 153
23 158
23 159
24 32
24 37
24 44
24 45
24 70
24 72
24 79
24 90
24 96
24 101
24 106
24 108
24 109
24 113
24 115
24 117
24 160
25 26
25 29
25 39
25 42
25 45
25 46
25 49
25 51
25 54
25 55
25 58
25 63
25 66
25 70
25 73
25 74
25 75
25 77
25 79
25 80
25 88
25 89
25 95
25 99
25 102
25 107
25 108
25 110
25 117
25 126
25 135
25 142
25 148
25 153
25 156
25 160
25 161
26 31
26 32
26 34
26 35
26 38
26 39
26 40
26 41
26 45
26 50
26 52
26 64
26 65
26 66
26 75
26 83
26 84
26 85
26 88
26 90
26 94
26 96
26 100
26 105
26 106
26 108
26 112
26 113
26 116
26 118
26 119
26 122
26 125
26 129
26 132
26 134
26 141
26 147
26 148
26 151
26 153
26 154
26 157
26 159
26 161
27 30
27 32
27 45
27 46
27 69
27 91
27 102
27 108
27 113
27 135
27 158
28 35
28 37
28 44
28 48
28 51
28 56
28 59
28 61
28 72
28 80
28 88
28 91
28 93
28 106
28 108
28 123
28 129
28 138
28 143
28 145
28 153
28 158
29 32
29 36
29 47
29 48
29 52
29 55
29 58
29 63
29 66
29 74
29 99
29 101
29 102
29 107
29 111
29 135
30 36
30 38
30 39
30 43
30 44
30 48
30 50
30 51
30 53
30 55
30 63
30 64
30 70
30 71
30 72
30 74
30 79
30 82
30 87
30 91
30 92
30 93
30 94
30 97
30 98
30 101
30 102
30 103
30 104
30 110
30 111
30 113
30 114
30 125
30 134
30 138
30 140
30 141
30 145
30 146
30 149
30 152
30 153
30 156
30 158
31 38
31 40
31 44
31 45
31 56
31 64
31 65
31 70
31 73
31 77
31 80
31 82
31 86
31 87
31 98
31 99
31 103
31 105
31 107
31 109
31 114
31 115
31 116
31 125
31 128
31 131
31 133
31 137
31 138
31 141
31 145
31 146
31 147
31 151
31 152
31 157
31 158
31 159
31 160
32 34
32 36
32 38
32 43
32 46
32 48
32 51
32 52
32 56
32 57
32 59
32 64
32 65
32 66
32 67
32 68
32 69
32 70
32 71
32 73
32 75
32 76
32 77
32 79
32 84
32 86
32 89
32 90
32 94
32 102
32 103
32 104
32 106
32 107
32 108
32 110
32 113
32 114
32 116
32 117
32 118
32 119
32 123
32 129
32 133
32 136
32 137
32 142
32 146
32 151
32 153
32 154
32 155
32 156
32 159
33 51
33 64
33 66
33 79
33 82
33 94
33 107
33 112
33 122
33 126
33 127
33 137
33 152
33 154
33 161
34 39
34 43
34 44
34 46
34 49
34 53
34 54
34 70
34 75
34 79
34 105
34 106
34 109
34 110
34 111
34 119
34 125
34 131
34 132
34 137
34 142
34 149
34 160
35 40
35 44
35 45
35 48
35 52
35 54
35 58
35 63
35 64
35 65
35 66
35 67
35 70
35 71
35 72
35 73
35 83
35 88
35 90
35 99
35 103
35 105
35 106
35 108
35 113
35 117
35 125
35 127
35 129
35 131
35 132
35 134
35 137
35 139
35 142
35 144
35 146
35 147
35 148
35 149
35 153
35 159
35 160
35 161
36 43
36 51
36 54
36 55
36 57
36 61
36 70
36 73
36 77
36 89
36 93
36 94
36 99
36 102
36 109
36 110
36 111
36 112
36 116
36 121
36 125
36 145
36 146
36 147
36 151
36 153
36 154
36 157
36 158
36 159
36 160
37 46
37 48
37 50
37 53
37 56
37 69
37 75
37 80
37 90
37 98
37 102
37 108
37 109
37 110
37 112
37 117
37 138
37 146
37 152
38 40
38 42
38 45
38 48
38 52
38 54
38 64
38 65
38 66
38 67
38 69
38 70
38 74
38 75
38 80
38 82
38 91
38 101
38 102
38 103
38 106
38 107
38 108
38 120
38 125
38 126
38 135
38 141
38 142
38 148
38 157
38 158
38 159
39 41
39 45
39 46
39 56
39 62
39 68
39 70
39 72
39 73
39 79
39 86
39 87
39 95
39 103
39 104
39 108
39 109
39 138
39 139
39 145
39 154
39 159
39 160
40 45
40 46
40 48
40 49
40 50
40 51
40 52
40 56
40 57
40 59
40 64
40 72
40 73
40 74
40 75
40 79
40 85
40 89
40 92
40 105
40 110
40 111
40 117
40 121
40 125
40 127
40 130
40 133
40 134
40 137
40 138
40 139
40 142
40 149
40 151
40 153
40 157
40 158
40 159
40 161
41 54
41 63
41 67
41 68
41 69
41 70
41 74
41 78
41 81
41 92
41 99
41 111
41 115
41 126
41 129
41 139
41 158
42 51
42 55
42 56
42 59
42 70
42 75
42 80
42 81
42 88
42 89
42 93
42 103
42 105
42 107
42 109
42 113
42 114
42 116
42 117
42 118
42 126
42 138
42 139
42 141
42 155
42 157
43 51
43 53
43 55
43 58
43 63
43 64
43 67
43 81
43 82
43 84
43 88
43 90
43 96
43 99
43 101
43 102
43 110
43 116
43 120
43 125
43 127
43 130
43 131
43 133
43 134
43 138
43 139
43 147
43 152
43 153
43 157
43 159
43 161
44 51
44 56
44 65
44 68
44 72
44 73
44 79
44 84
44 93
44 100
44 101
44 105
44 108
44 112
44 113
44 117
44 118
44 120
44 123
44 133
44 134
44 138
44 142
44 147
44 149
44 151
44 152
44 154
44 158
45 46
45 48
45 51
45 53
45 54
45 56
45 61
45 62
45 64
45 75
45 77
45 83
45 84
45 85
45 87
45 89
45 90
45 95
45 96
45 97
45 98
45 102
45 105
45 107
45 108
45 117
45 128
45 131
45 137
45 138
45 141
45 147
45 151
45 154
45 155
45 158
45 160
46 49
46 63
46 64
46 70
46 81
46 82
46 84
46 87
46 92
46 102
46 103
46 106
46 108
46 109
46 114
46 116
46 121
46 125
46 126
46 141
46 151
46 156
46 157
46 158
46 160
46 161
47 53
47 56
47 62
47 63
47 73
47 91
47 94
47 96
47 99
47 117
47 126
47 135
47 143
47 146
47 152
47 161
48 49
48 50
48 51
48 71
48 72
48 87
48 92
48 102
48 105
48 107
48 114
48 122
48 137
48 140
48 142
48 152
49 50
49 55
49 58
49 61
49 64
49 65
49 78
49 79
49 84
49 85
49 92
49 105
49 108
49 110
49 115
49 117
49 118
49 129
49 133
49 137
49 138
49 139
49 141
49 145
50 51
50 61
50 70
50 73
50 89
50 91
50 94
50 96
50 99
50 103
50 105
50 112
50 113
50 116
50 119
50 128
50 130
50 133
50 140
50 141
50 142
50 146
50 150
50 154
51 67
51 69
51 74
51 75
51 82
51 85
51 87
51 90
51 91
51 92
51 94
51 98
51 101
51 103
51 105
51 108
51 111
51 112
51 115
51 117
51 125
51 130
51 134
51 136
51 138
51 143
51 145
51 151
51 158
52 55
52 56
52 58
52 65
52 66
52 69
52 72
52 73
52 75
52 77
52 84
52 90
52 91
52 96
52 97
52 99
52 100
52 102
52 108
52 114
52 118
52 120
52 128
52 129
52 133
52 135
52 138
52 145
52 147
52 148
52 151
52 154
53 68
53 75
53 79
53 80
53 92
53 94
53 102
53 112
53 115
53 117
53 134
53 135
53 136
53 137
53 138
53 147
53 155
54 61
54 63
54 67
54 69
54 71
54 74
54 84
54 87
54 88
54 89
54 93
54 96
54 98
54 99
54 105
54 106
54 107
54 111
54 119
54 125
54 126
54 131
54 134
54 135
54 136
54 138
54 142
54 143
54 145
54 153
54 154
54 158
55 59
55 64
55 84
55 85
55 88
55 93
55 101
55 103
55 105
55 106
55 108
55 117
55 119
55 126
55 131
55 133
55 134
55 136
55 144
55 146
55 147
55 151
55 155
55 157
55 160
56 58
56 61
56 63
56 64
56 65
56 68
56 69
56 70
56 71
56 77
56 79
56 86
56 90
56 91
56 92
56 97
56 103
56 106
56 108
56 109
56 112
56 117
56 118
56 131
56 136
56 137
56 140
56 147
56 149
56 150
56 151
56 153
56 157
56 159
57 60
57 67
57 81
57 106
57 109
57 114
57 125
57 131
57 134
57 135
57 147
57 156
58 64
58 67
58 69
58 72
58 73
58 74
58 75
58 77
58 79
58 80
58 82
58 87
58 89
58 91
58 94
58 101
58 103
58 107
58 110
58 113
58 114
58 115
58 116
58 129
58 133
58 134
58 135
58 137
58 146
58 147
58 153
58 154
58 157
58 158
59 65
59 69
59 81
59 85
59 101
59 103
59 108
59 110
59 112
59 113
59 129
59 135
59 136
59 137
59 138
59 139
59 145
59 149
59 152
59 154
59 157
60 64
60 73
60 74
60 105
60 117
60 118
61 66
61 70
61 74
61 80
61 94
61 98
61 101
61 112
61 117
61 119
61 121
61 122
61 126
61 139
61 145
61 146
61 154
62 64
62 65
62 67
62 70
62 74
62 77
62 79
62 85
62 87
62 90
62 93
62 117
62 118
62 126
62 127
62 139
62 152
62 153
62 154
62 155
62 156
62 160
63 64
63 70
63 80
63 87
63 94
63 96
63 101
63 102
63 103
63 104
63 118
63 125
63 126
63 131
63 133
63 136
63 138
63 139
63 147
63 149
63 152
63 153
63 157
63 161
64 66
64 67
64 71
64 74
64 75
64 86
64 87
64 88
64 91
64 93
64 96
64 97
64 99
64 100
64 102
64 108
64 111
64 112
64 125
64 131
64 133
64 134
64 135
64 136
64 137
64 139
64 150
64 154
64 159
64 160
65 69
65 70
65 71
65 72
65 77
65 88
65 91
65 94
65 96
65 99
65 106
65 108
65 109
65 111
65 113
65 114
65 116
65 118
65 119
65 125
65 134
65 137
65 139
65 146
65 152
65 154
65 156
65 157
66 68
66 69
66 79
66 87
66 93
66 97
66 98
66 100
66 101
66 105
66 108
66 109
66 112
66 117
66 118
66 125
66 128
66 129
66 131
66 133
66 134
66 136
66 138
66 142
66 143
66 147
66 149
66 150
66 154
66 160
67 68
67 71
67 72
67 74
67 80
67 82
67 83
67 84
67 89
67 94
67 100
67 105
67 106
67 107
67 109
67 113
67 116
67 117
67 128
67 129
67 134
67 136
67 143
67 147
67 149
67 157
67 158
67 159
67 160
67 161
68 72
68 74
68 77
68 78
68 80
68 81
68 83
68 87
68 95
68 96
68 97
68 102
68 109
68 111
68 114
68 118
68 122
68 125
68 126
68 133
68 134
68 137
68 145
68 152
68 156
68 160
69 74
69 77
69 84
69 85
69 87
69 89
69 90
69 92
69 99
69 100
69 101
69 108
69 109
69 113
69 114
69 119
69 120
69 126
69 127
69 128
69 135
69 137
69 139
69 142
69 143
69 151
69 152
69 153
70 72
70 73
70 77
70 78
70 84
70 88
70 91
70 97
70 99
70 104
70 107
70 108
70 111
70 112
70 115
70 116
70 126
70 129
70 135
70 137
70 138
70 141
70 144
70 147
70 150
70 154
71 74
71 84
71 86
71 91
71 94
71 98
71 100
71 104
71 105
71 107
71 108
71 109
71 114
71 116
71 128
71 129
71 131
71 141
71 142
71 143
71 153
71 155
71 158
72 73
72 74
72 79
72 85
72 91
72 94
72 96
72 97
72 101
72 102
72 111
72 116
72 119
72 129
72 131
72 133
72 134
72 138
72 142
72 145
72 146
72 149
72 151
72 152
72 153
72 156
72 161
73 74
73 80
73 86
73 89
73 97
73 98
73 100
73 101
73 102
73 105
73 116
73 118
73 125
73 126
73 129
73 131
73 134
73 135
73 139
73 142
73 143
73 151
73 157
73 158
73 160
74 76
74 84
74 86
74 87
74 98
74 101
74 104
74 108
74 109
74 113
74 115
74 117
74 119
74 126
74 130
74 133
74 135
74 137
74 138
74 141
74 146
74 151
74 152
74 153
74 154
74 161
75 77
75 79
75 84
75 91
75 92
75 99
75 100
75 103
75 105
75 106
75 110
75 111
75 114
75 116
75 117
75 119
75 121
75 125
75 134
75 135
75 137
75 138
75 142
75 145
75 147
75 150
75 154
75 158
76 80
76 108
76 110
76 159
77 80
77 84
77 87
77 90
77 94
77 103
77 107
77 108
77 113
77 119
77 125
77 129
77 131
77 134
77 135
77 143
77 146
77 150
77 151
77 152
77 153
77 159
77 161
78 147
78 161
79 80
79 83
79 86
79 89
79 92
79 98
79 100
79 101
79 105
79 108
79 113
79 114
79 115
79 125
79 129
79 131
79 132
79 135
79 136
79 137
79 142
79 149
79 151
79 152
79 153
79 154
79 155
79 158
79 160
79 161
80 87
80 108
80 109
80 111
80 113
80 116
80 128
80 129
80 137
80 138
80 148
80 151
80 152
80 153
80 158
80 159
80 161
81 82
81 87
81 94
81 97
81 132
81 154
82 83
82 98
82 100
82 106
82 108
82 116
82 139
82 145
82 147
82 157
82 161
83 89
83 111
83 113
83 131
83 136
83 138
83 139
83 146
83 151
83 158
84 89
84 91
84 98
84 99
84 100
84 103
84 106
84 107
84 109
84 115
84 116
84 117
84 119
84 121
84 122
84 126
84 129
84 133
84 135
84 141
84 152
84 157
84 160
84 161
85 92
85 100
85 101
85 115
85 129
85 138
85 152
86 106
86 140
86 143
86 145
86 147
86 153
86 161
87 94
87 103
87 106
87 107
87 108
87 109
87 112
87 113
87 114
87 115
87 126
87 130
87 132
87 134
87 136
87 138
87 145
87 147
87 154
87 156
87 157
88 89
88 93
88 99
88 102
88 113
88 115
88 116
88 117
88 125
88 134
88 137
88 138
88 146
88 152
88 159
88 161
89 90
89 92
89 97
89 100
89 101
89 105
89 106
89 107
89 110
89 113
89 114
89 115
89 117
89 118
89 124
89 129
89 131
89 133
89 135
89 137
89 138
89 145
89 146
89 147
89 151
89 152
89 153
89 160
90 100
90 106
90 108
90 126
90 128
90 151
90 152
90 154
90 158
91 102
91 108
91 112
91 121
91 122
91 130
91 131
91 133
91 135
91 136
91 141
91 143
91 145
91 146
91 149
91 150
91 152
91 154
91 159
91 160
92 102
92 103
92 109
92 113
92 117
92 135
92 136
92 137
92 159
93 94
93 115
93 117
93 122
93 129
93 138
93 139
93 141
93 142
93 151
93 156
93 158
94 97
94 100
94 101
94 102
94 107
94 117
94 124
94 126
94 133
94 135
94 136
94 138
94 145
94 146
94 153
94 159
95 97
95 106
95 109
95 113
95 134
95 137
95 141
95 144
95 147
95 149
95 154
95 157
96 101
96 110
96 113
96 114
96 115
96 129
96 131
96 136
96 137
97 100
97 101
97 108
97 113
97 122
97 124
97 127
97 130
97 133
97 137
97 138
97 147
97 150
97 151
97 154
97 159
98 109
98 115
98 116
98 125
98 126
98 135
98 137
98 139
98 141
98 143
98 150
98 152
98 157
99 103
99 107
99 109
99 114
99 122
99 132
99 133
99 138
99 139
99 141
99 142
99 146
99 152
99 154
99 158
100 102
100 106
100 108
100 112
100 113
100 125
100 130
100 131
100 134
100 137
100 138
101 102
101 103
101 107
101 108
101 109
101 111
101 113
101 115
101 118
101 121
101 127
101 129
101 133
101 134
101 135
101 143
101 145
101 146
101 149
101 160
101 161
102 103
102 104
102 107
102 109
102 111
102 115
102 117
102 125
102 126
102 131
102 132
102 134
102 136
102 139
102 141
102 146
102 150
102 152
102 154
102 159
103 106
103 108
103 109
103 111
103 113
103 114
103 115
103 118
103 133
103 138
103 139
103 149
103 150
103 152
103 153
103 158
104 106
104 109
104 131
104 137
104 142
104 145
105 106
105 109
105 111
105 112
105 115
105 118
105 124
105 125
105 126
105 129
105 131
105 133
105 136
105 152
106 108
106 109
106 114
106 115
106 117
106 122
106 124
106 128
106 129
106 133
106 137
106 138
106 142
106 146
106 149
106 153
106 154
106 156
106 157
106 158
106 159
107 112
107 113
107 116
107 117
107 124
107 125
107 129
107 134
107 137
107 138
107 141
107 150
107 153
107 158
108 113
108 114
108 126
108 131
108 132
108 138
108 139
108 142
108 144
108 147
108 150
108 153
108 157
108 160
109 114
109 115
109 122
109 125
109 129
109 138
109 146
109 156
109 159
110 124
110 129
110 131
110 134
110 136
110 137
110 139
110 144
110 151
111 112
111 117
111 129
111 130
111 135
111 137
111 138
111 143
111 147
111 149
111 153
111 154
111 159
112 115
112 120
112 121
112 122
112 123
112 127
112 133
112 134
112 137
112 138
112 142
112 146
113 115
113 116
113 146
113 150
113 153
113 155
113 157
113 158
113 160
114 115
114 117
114 118
114 119
114 121
114 122
114 134
114 136
114 138
114 153
114 154
114 157
114 161
115 116
115 120
115 133
115 137
115 140
115 141
115 148
115 149
115 152
115 153
115 154
115 155
115 158
115 159
116 117
116 133
116 134
116 142
116 147
116 159
117 118
117 126
117 128
117 129
117 130
117 134
117 139
117 141
117 146
117 148
117 151
117 153
117 154
117 158
118 125
118 129
118 131
118 135
118 136
118 138
118 139
118 141
118 151
118 153
118 154
118 157
118 158
118 159
119 144
120 159
121 131
121 134
121 138
121 139
121 142
121 158
122 125
122 133
122 136
122 138
122 145
122 151
123 133
123 137
123 138
124 133
124 142
124 154
124 157
125 126
125 131
125 133
125 134
125 135
125 138
125 139
125 140
125 142
125 145
125 147
125 152
125 153
125 154
125 159
126 136
126 138
126 149
126 150
126 158
126 159
127 129
127 147
127 157
127 160
129 131
129 133
129 142
129 143
129 145
129 148
129 151
129 152
129 154
129 158
129 159
130 134
130 138
130 159
131 134
131 139
131 142
131 146
131 152
131 154
131 161
132 137
132 140
132 147
132 154
133 134
133 135
133 138
133 146
133 147
133 154
134 137
134 138
134 143
134 149
134 151
134 153
134 157
134 158
134 159
135 136
135 141
135 147
135 148
135 150
135 157
135 159
135 161
136 147
136 157
137 138
137 139
137 145
137 149
137 153
137 157
137 158
137 160
138 142
138 147
138 150
138 152
138 157
138 158
138 161
139 149
139 152
139 157
139 160
141 145
141 146
141 147
142 143
142 144
142 146
142 147
142 150
142 151
142 152
142 159
142 160
143 150
145 154
145 157
145 158
146 147
146 154
146 157
146 159
146 160
146 161
147 152
147 160
147 161
148 160
149 151
149 152
149 155
150 161
151 153
151 154
151 160
152 154
154 159
155 156
157 158
158 160
159 160
