0 1
0 4
0 6
0 12
0 28
0 40
0 48
0 51
0 54
0 56
0 68
0 69
0 75
0 77
0 96
0 111
0 113
0 117
0 118
0 128
0 131
0 139
0 142
0 153
0 154
0 155
0 158
0 160
1 2
1 4
1 7
1 13
1 14
1 17
1 22
1 40
1 56
1 58
1 59
1 66
1 67
1 69
1 73
1 74
1 75
1 77
1 87
1 94
1 101
1 112
1 113
1 115
1 118
1 119
1 126
1 129
1 132
1 137
1 142
1 149
1 150
1 152
2 7
2 8
2 14
2 18
2 34
2 39
2 40
2 51
2 52
2 66
2 73
2 74
2 75
2 77
2 89
2 91
2 98
2 100
2 113
2 119
2 129
2 133
2 134
2 135
2 144
2 149
2 151
2 155
2 157
2 158
3 4
3 10
3 19
3 21
3 24
3 45
3 54
3 58
3 64
3 66
3 68
3 70
3 84
3 98
3 107
3 110
3 111
3 112
3 113
3 119
3 125
3 131
3 134
3 139
3 145
3 149
3 154
3 157
3 160
4 6
4 12
4 14
4 18
4 19
4 30
4 31
4 37
4 38
4 39
4 40
4 49
4 51
4 52
4 54
4 58
4 59
4 61
4 62
4 65
4 66
4 67
4 69
4 70
4 71
4 72
4 73
4 75
4 82
4 88
4 101
4 104
4 105
4 106
4 109
4 111
4 115
4 117
4 118
4 120
4 121
4 122
4 124
4 125
4 127
4 133
4 134
4 136
4 141
4 142
4 147
4 148
4 150
4 151
4 154
4 157
4 158
5 17
5 37
5 38
5 54
5 63
5 68
5 70
5 82
5 128
5 138
5 151
6 9
6 10
6 11
6 14
6 15
6 19
6 27
6 28
6 29
6 32
6 36
6 38
6 40
6 41
6 43
6 44
6 45
6 49
6 51
6 52
6 54
6 55
6 56
6 59
6 70
6 72
6 73
6 79
6 81
6 84
6 88
6 90
6 92
6 94
6 95
6 96
6 103
6 104
6 106
6 108
6 111
6 112
6 113
6 115
6 118
6 127
6 131
6 133
6 134
6 135
6 139
6 142
6 145
6 151
6 152
6 153
7 9
7 14
7 22
7 24
7 26
7 29
7 35
7 39
7 41
7 42
7 43
7 49
7 54
7 57
7 58
7 64
7 66
7 67
7 69
7 70
7 73
7 75
7 77
7 79
7 82
7 85
7 94
7 97
7 103
7 104
7 105
7 106
7 107
7 110
7 111
7 115
7 116
7 118
7 119
7 120
7 122
7 125
7 129
7 131
7 133
7 142
7 144
7 145
7 146
7 147
7 153
7 159
7 161
8 21
8 29
8 54
8 70
8 74
8 87
8 91
8 93
8 110
8 115
8 122
8 126
8 128
8 145
8 152
9 12
9 21
9 26
9 33
9 38
9 45
9 47
9 49
9 61
9 64
9 65
9 70
9 73
9 75
9 79
9 84
9 87
9 88
9 94
9 95
9 108
9 113
9 114
9 129
9 133
9 135
9 142
9 143
9 145
9 146
9 147
9 151
9 152
9 157
9 161
10 19
10 21
10 22
10 23
10 25
10 35
10 36
10 38
10 39
10 42
10 44
10 48
10 49
10 51
10 56
10 62
10 63
10 64
10 66
10 68
10 73
10 87
10 88
10 91
10 96
10 97
10 105
10 112
10 114
10 115
10 120
10 124
10 126
10 127
10 129
10 131
10 135
10 138
10 140
10 146
10 149
10 152
10 154
11 14
11 21
11 26
11 31
11 40
11 42
11 52
11 53
11 58
11 63
11 64
11 65
11 67
11 69
11 85
11 86
11 90
11 94
11 96
11 98
11 102
11 106
11 107
11 108
11 113
11 117
11 118
11 125
11 127
11 134
11 137
11 138
11 140
11 141
11 145
11 146
11 151
11 157
12 21
12 25
12 28
12 30
12 31
12 34
12 37
12 39
12 40
12 42
12 60
12 61
12 63
12 65
12 67
12 80
12 85
12 98
12 99
12 106
12 108
12 110
12 111
12 115
12 134
12 138
12 145
12 147
12 149
12 154
12 157
13 15
13 26
13 31
13 36
13 46
13 52
13 54
13 60
13 63
13 79
13 113
13 114
13 115
13 122
13 126
13 128
13 138
13 145
13 146
14 19
14 26
14 29
14 34
14 35
14 36
14 39
14 41
14 42
14 43
14 44
14 45
14 46
14 48
14 50
14 56
14 65
14 66
14 71
14 74
14 75
14 77
14 82
14 86
14 87
14 89
14 91
14 99
14 101
14 105
14 106
14 107
14 108
14 109
14 110
14 114
14 117
14 118
14 120
14 121
14 125
14 129
14 137
14 138
14 141
14 147
14 150
14 151
14 153
14 154
14 157
14 160
15 20
15 22
15 36
15 38
15 40
15 46
15 47
15 63
15 68
15 70
15 71
15 75
15 81
15 89
15 97
15 133
15 135
15 137
15 142
15 152
15 158
15 159
15 160
16 30
16 36
16 40
16 44
16 54
16 66
16 74
16 75
16 84
16 85
16 90
16 94
16 95
16 96
16 111
16 112
16 113
16 115
16 117
16 122
16 130
16 141
16 151
16 159
16 160
17 26
17 30
17 33
17 40
17 41
17 52
17 54
17 57
17 64
17 66
17 72
17 73
17 83
17 90
17 91
17 100
17 105
17 109
17 113
17 116
17 117
17 135
17 137
17 139
17 148
17 152
17 159
17 161
18 19
18 25
18 38
18 45
18 48
18 55
18 56
18 58
18 59
18 62
18 63
18 66
18 69
18 74
18 86
18 89
18 91
18 94
18 95
18 98
18 99
18 103
18 110
18 116
18 120
18 126
18 129
18 131
18 137
18 138
18 151
18 154
19 23
19 32
19 38
19 40
19 45
19 46
19 49
19 55
19 56
19 61
19 66
19 68
19 69
19 71
19 75
19 77
19 78
19 83
19 87
19 89
19 90
19 98
19 102
19 106
19 108
19 121
19 123
19 129
19 137
19 138
19 146
19 147
19 151
19 158
19 160
19 161
20 21
20 26
20 30
20 33
20 35
20 38
20 45
20 47
20 50
20 57
20 58
20 64
20 76
20 77
20 79
20 98
20 102
20 108
20 115
20 118
20 119
20 138
20 142
20 146
20 153
20 155
20 157
21 25
21 31
21 32
21 34
21 37
21 38
21 44
21 50
21 52
21 56
21 59
21 63
21 68
21 69
21 73
21 74
21 78
21 79
21 80
21 85
21 86
21 87
21 89
21 90
21 94
21 97
21 101
21 104
21 106
21 109
21 112
21 113
21 114
21 122
21 125
21 126
21 134
21 135
21 139
21 141
21 143
21 146
21 151
21 153
21 154
21 158
21 160
22 38
22 45
22 49
22 56
22 63
22 68
22 70
22 77
22 79
22 97
22 102
22 110
22 112
22 114
22 115
22 117
22 118
22 119
22 122
22 125
22 132
22 143
22 146
22 149
22 153
22 158
23 24
23 32
23 39
23 41
23 50
23 53
23 75
23 87
23 89
23 108
23 111
23 113
23 116
23 117
23 123
23 143
23 146
23 151
23 153
23 154
23 160
24 25
24 38
24 40
24 44
24 56
24 63
24 64
24 66
24 73
24 96
24 97
24 101
24 107
24 109
24 112
24 116
24 118
24 131
24 139
24 142
24 153
24 154
24 157
24 159
25 30
25 34
25 52
25 55
25 56
25 65
25 70
25 71
25 93
25 101
25 103
25 114
25 115
25 117
25 119
25 128
25 129
25 131
25 138
25 147
25 159
26 38
26 40
26 49
26 51
26 56
26 64
26 66
26 69
26 70
26 72
26 73
26 74
26 76
26 77
26 79
26 84
26 89
26 93
26 97
26 100
26 102
26 103
26 104
26 106
26 109
26 114
26 115
26 120
26 121
26 127
26 130
26 133
26 138
26 142
26 144
26 145
26 146
26 147
26 153
26 156
26 158
26 159
27 34
27 35
27 69
27 72
27 87
27 88
27 102
27 131
27 133
27 147
27 154
28 32
28 45
28 49
28 51
28 63
28 72
28 73
28 74
28 75
28 79
28 87
28 89
28 104
28 108
28 114
28 121
28 141
28 146
28 152
28 154
28 158
28 160
29 49
29 51
29 52
29 66
29 71
29 75
29 77
29 94
29 96
29 97
29 98
29 108
29 115
29 118
29 121
29 131
29 133
29 139
29 156
30 31
30 33
30 34
30 39
30 45
30 49
30 55
30 56
30 57
30 59
30 65
30 66
30 67
30 68
30 72
30 73
30 74
30 78
30 79
30 81
30 84
30 87
30 89
30 92
30 93
30 97
30 99
30 100
30 102
30 104
30 110
30 114
30 115
30 121
30 126
30 129
30 131
30 132
30 135
30 137
30 145
30 146
30 147
30 153
30 157
30 158
31 33
31 35
31 36
31 40
31 43
31 45
31 46
31 51
31 60
31 61
31 62
31 65
31 68
31 76
31 77
31 85
31 89
31 94
31 100
31 107
31 110
31 113
31 115
31 116
31 118
31 122
31 129
31 131
31 132
31 135
31 137
31 139
31 142
31 145
31 147
32 35
32 38
32 40
32 42
32 45
32 49
32 50
32 51
32 54
32 57
32 59
32 64
32 67
32 69
32 72
32 73
32 78
32 89
32 101
32 109
32 114
32 125
32 129
32 131
32 132
32 133
32 146
32 147
32 152
32 153
32 154
32 156
32 158
32 159
33 52
33 61
33 79
33 89
33 93
33 94
33 106
33 111
33 116
33 145
33 158
34 37
34 38
34 39
34 42
34 48
34 52
34 53
34 55
34 64
34 66
34 71
34 75
34 76
34 80
34 85
34 97
34 106
34 109
34 113
34 118
34 131
34 145
34 152
34 155
35 44
35 48
35 49
35 51
35 56
35 58
35 61
35 65
35 68
35 71
35 72
35 80
35 81
35 82
35 84
35 88
35 90
35 94
35 97
35 100
35 105
35 106
35 107
35 117
35 121
35 127
35 138
35 142
35 145
35 146
35 147
35 150
35 153
35 161
36 49
36 54
36 58
36 63
36 66
36 69
36 71
36 72
36 76
36 89
36 91
36 93
36 94
36 96
36 98
36 99
36 106
36 109
36 110
36 113
36 114
36 117
36 129
36 133
36 134
36 135
36 138
36 140
36 143
36 146
36 147
36 149
36 151
36 152
36 154
37 49
37 54
37 64
37 68
37 69
37 72
37 82
37 84
37 105
37 109
37 135
37 159
38 40
38 44
38 50
38 54
38 58
38 61
38 70
38 76
38 77
38 78
38 84
38 91
38 94
38 98
38 111
38 123
38 129
38 131
38 133
38 134
38 136
38 137
38 147
38 153
38 158
38 160
39 40
39 44
39 45
39 54
39 55
39 58
39 61
39 67
39 72
39 78
39 80
39 98
39 99
39 100
39 105
39 110
39 115
39 118
39 122
39 126
39 134
39 138
39 150
39 155
39 157
39 158
39 160
40 45
40 49
40 51
40 53
40 54
40 56
40 59
40 61
40 65
40 66
40 67
40 68
40 72
40 80
40 84
40 85
40 88
40 91
40 92
40 96
40 106
40 108
40 114
40 118
40 121
40 126
40 129
40 130
40 132
40 138
40 144
40 148
40 151
40 154
40 155
40 157
40 159
40 160
41 45
41 49
41 50
41 63
41 68
41 76
41 100
41 106
41 108
41 119
41 122
41 125
41 128
41 137
41 142
42 44
42 52
42 55
42 58
42 59
42 63
42 64
42 66
42 68
42 79
42 82
42 101
42 105
42 112
42 114
42 115
42 120
42 121
42 124
42 133
42 137
42 147
42 149
42 150
43 44
43 48
43 56
43 59
43 70
43 72
43 74
43 93
43 100
43 102
43 104
43 105
43 107
43 110
43 116
43 119
43 125
43 135
43 139
43 141
43 142
43 153
43 158
43 161
44 46
44 51
44 53
44 54
44 65
44 66
44 70
44 71
44 72
44 75
44 79
44 82
44 85
44 89
44 92
44 98
44 99
44 107
44 108
44 111
44 114
44 116
44 120
44 122
44 125
44 131
44 135
44 139
44 141
44 143
44 148
44 150
44 151
44 152
44 161
45 48
45 66
45 70
45 72
45 73
45 75
45 77
45 82
45 89
45 91
45 94
45 98
45 100
45 101
45 104
45 106
45 108
45 110
45 111
45 113
45 136
45 138
45 139
45 142
45 147
45 148
45 150
45 151
45 153
45 154
45 157
45 158
45 161
46 51
46 54
46 57
46 64
46 66
46 70
46 73
46 87
46 92
46 94
46 105
46 112
46 113
46 125
46 136
46 137
46 145
46 146
46 158
47 57
47 98
47 101
47 102
47 105
47 107
47 113
47 115
47 134
47 142
47 157
48 49
48 56
48 64
48 68
48 87
48 88
48 103
48 128
48 130
48 132
48 133
48 136
48 140
48 142
48 147
48 153
49 50
49 51
49 53
49 55
49 63
49 65
49 67
49 70
49 79
49 90
49 92
49 96
49 99
49 100
49 101
49 103
49 105
49 108
49 111
49 114
49 116
49 121
49 125
49 128
49 132
49 133
49 134
49 135
49 136
49 137
49 139
49 143
49 146
49 147
49 149
49 151
49 161
50 51
50 54
50 59
50 63
50 64
50 72
50 74
50 77
50 79
50 80
50 84
50 85
50 89
50 98
50 101
50 111
50 113
50 122
50 125
50 126
50 137
50 139
50 153
50 154
50 158
51 52
51 56
51 57
51 58
51 63
51 64
51 67
51 69
51 71
51 72
51 73
51 75
51 76
51 77
51 81
51 91
51 96
51 97
51 98
51 99
51 106
51 110
51 112
51 115
51 122
51 124
51 125
51 134
51 140
51 142
51 145
51 148
51 151
51 161
52 58
52 63
52 89
52 91
52 93
52 96
52 97
52 109
52 113
52 115
52 120
52 125
52 126
52 128
52 131
52 138
52 139
52 140
52 141
52 149
52 153
52 161
53 55
53 58
53 63
53 67
53 73
53 74
53 78
53 82
53 84
53 103
53 105
53 106
53 112
53 118
53 123
53 125
53 133
53 136
53 137
53 142
53 145
53 146
53 152
53 153
53 154
53 157
53 158
53 159
53 160
53 161
54 56
54 61
54 64
54 65
54 67
54 70
54 76
54 77
54 78
54 79
54 80
54 85
54 87
54 89
54 90
54 92
54 93
54 94
54 97
54 105
54 107
54 108
54 112
54 114
54 116
54 118
54 120
54 125
54 130
54 133
54 137
54 138
54 140
54 142
54 143
54 145
54 148
54 149
54 151
54 152
54 153
54 155
54 156
54 160
55 58
55 60
55 64
55 69
55 70
55 73
55 79
55 80
55 82
55 87
55 90
55 91
55 92
55 93
55 94
55 96
55 98
55 99
55 101
55 102
55 103
55 104
55 108
55 113
55 116
55 117
55 126
55 133
55 135
55 137
55 143
55 149
55 151
55 153
55 154
55 156
55 157
55 159
56 58
56 62
56 63
56 64
56 65
56 72
56 73
56 75
56 85
56 89
56 90
56 97
56 102
56 103
56 114
56 116
56 119
56 124
56 128
56 129
56 131
56 137
56 138
56 141
56 147
56 149
56 151
56 152
56 154
56 157
56 158
56 159
56 161
57 64
57 67
57 68
57 69
57 70
57 75
57 77
57 84
57 89
57 91
57 111
57 115
57 134
57 138
57 139
57 151
57 154
57 159
57 161
58 59
58 63
58 64
58 68
58 70
58 76
58 79
58 80
58 84
58 87
58 94
58 96
58 99
58 101
58 102
58 103
58 105
58 108
58 110
58 117
58 118
58 119
58 129
58 133
58 134
58 139
58 141
58 147
58 151
58 152
58 158
58 159
59 68
59 71
59 73
59 78
59 87
59 90
59 93
59 94
59 95
59 102
59 107
59 110
59 113
59 115
59 126
59 137
59 140
59 146
60 70
60 71
60 72
60 74
60 105
60 141
60 147
60 148
60 149
61 65
61 66
61 67
61 68
61 69
61 77
61 79
61 82
61 91
61 97
61 102
61 104
61 105
61 106
61 108
61 112
61 116
61 117
61 125
61 133
61 151
61 153
62 66
62 71
62 87
62 97
62 106
62 118
62 130
62 133
62 135
62 147
62 152
63 65
63 70
63 72
63 77
63 85
63 86
63 88
63 89
63 91
63 93
63 94
63 102
63 104
63 108
63 111
63 114
63 117
63 124
63 125
63 131
63 143
63 144
63 145
63 146
63 147
63 150
63 151
63 153
63 154
63 157
63 158
64 65
64 71
64 73
64 74
64 80
64 81
64 83
64 86
64 87
64 89
64 98
64 100
64 101
64 104
64 105
64 106
64 107
64 108
64 112
64 113
64 114
64 115
64 118
64 124
64 125
64 127
64 129
64 136
64 141
64 142
64 143
64 145
64 151
64 152
64 153
64 154
64 155
64 157
64 160
65 67
65 68
65 69
65 71
65 77
65 87
65 89
65 93
65 97
65 102
65 109
65 115
65 118
65 119
65 125
65 131
65 132
65 134
65 135
65 141
65 142
65 146
65 147
65 153
65 159
65 161
66 67
66 70
66 72
66 77
66 83
66 85
66 89
66 101
66 108
66 115
66 134
66 138
66 140
66 141
66 147
66 151
67 69
67 72
67 76
67 79
67 83
67 84
67 88
67 89
67 90
67 91
67 93
67 98
67 99
67 105
67 106
67 107
67 110
67 112
67 113
67 114
67 118
67 126
67 127
67 130
67 132
67 136
67 137
67 139
67 149
67 153
67 158
67 161
68 69
68 70
68 71
68 72
68 73
68 74
68 75
68 79
68 81
68 84
68 86
68 91
68 94
68 102
68 108
68 113
68 118
68 125
68 126
68 129
68 131
68 133
68 137
68 140
68 142
68 146
68 152
68 157
69 70
69 71
69 72
69 77
69 78
69 79
69 80
69 95
69 97
69 102
69 106
69 109
69 110
69 111
69 112
69 118
69 121
69 125
69 129
69 133
69 135
69 138
69 145
69 147
69 153
69 154
69 160
70 77
70 81
70 83
70 87
70 90
70 100
70 101
70 102
70 104
70 108
70 114
70 115
70 119
70 125
70 129
70 130
70 133
70 137
70 138
70 142
70 149
70 153
70 154
70 155
71 73
71 80
71 86
71 92
71 94
71 106
71 109
71 113
71 115
71 117
71 118
71 122
71 124
71 125
71 131
71 135
71 136
71 137
71 138
71 139
71 149
71 154
71 157
71 161
72 81
72 91
72 92
72 102
72 103
72 106
72 111
72 113
72 114
72 115
72 116
72 118
72 127
72 129
72 131
72 138
72 141
72 145
72 146
72 147
72 149
72 150
72 152
72 153
72 154
72 157
72 159
72 160
73 78
73 79
73 81
73 84
73 89
73 90
73 99
73 101
73 103
73 107
73 114
73 115
73 125
73 126
73 129
73 132
73 133
73 135
73 141
73 142
73 146
73 154
73 158
74 84
74 87
74 91
74 92
74 97
74 99
74 103
74 113
74 115
74 120
74 125
74 126
74 129
74 131
74 133
74 134
74 138
74 145
74 146
74 147
74 154
74 157
74 159
75 84
75 93
75 95
75 101
75 102
75 106
75 108
75 110
75 111
75 112
75 113
75 129
75 133
75 135
75 137
75 139
75 153
75 161
76 87
76 91
76 109
76 113
76 131
76 136
77 86
77 100
77 102
77 104
77 105
77 107
77 108
77 133
77 137
77 139
77 140
77 141
77 143
77 145
77 151
77 154
77 159
77 161
78 80
78 104
78 106
78 115
78 138
78 157
78 161
79 82
79 83
79 89
79 94
79 95
79 96
79 97
79 109
79 112
79 113
79 117
79 118
79 120
79 122
79 126
79 131
79 132
79 133
79 134
79 137
79 138
79 139
79 141
79 142
79 150
79 153
79 157
79 158
79 160
80 81
80 82
80 88
80 93
80 94
80 101
80 103
80 104
80 105
80 106
80 112
80 113
80 114
80 116
80 121
80 126
80 145
80 149
80 151
80 152
80 159
80 160
81 92
81 103
81 106
81 112
81 117
81 119
81 120
81 129
81 143
81 147
81 150
82 84
82 85
82 94
82 109
82 126
82 129
82 134
82 136
82 137
82 149
82 151
82 152
83 88
83 92
83 96
83 97
83 104
83 110
83 111
83 121
83 125
83 129
83 139
83 159
84 87
84 97
84 102
84 103
84 111
84 113
84 114
84 117
84 118
84 124
84 125
84 137
84 138
84 141
84 143
84 148
84 149
84 152
84 157
84 159
84 161
85 90
85 93
85 99
85 102
85 113
85 116
85 130
85 135
85 137
85 142
85 149
85 158
86 89
86 105
86 108
86 113
86 118
86 122
86 127
86 138
86 142
86 151
86 152
86 153
87 102
87 111
87 116
87 117
87 118
87 125
87 126
87 134
87 136
87 139
87 144
88 90
88 97
88 110
88 111
88 116
88 121
88 127
88 132
88 135
88 147
88 151
88 157
88 159
88 160
88 161
89 90
89 91
89 94
89 98
89 100
89 106
89 110
89 112
89 113
89 114
89 115
89 123
89 129
89 130
89 131
89 132
89 134
89 137
89 138
89 141
89 148
89 150
89 155
89 159
90 94
90 103
90 105
90 108
90 110
90 113
90 117
90 133
90 139
90 145
90 149
90 156
91 94
91 100
91 101
91 106
91 112
91 113
91 115
91 118
91 127
91 131
91 136
91 138
91 146
91 147
91 151
91 153
91 159
92 98
92 100
92 105
92 118
92 121
92 133
92 142
92 149
92 154
93 94
93 97
93 102
93 106
93 112
93 116
93 119
93 122
93 125
93 134
93 142
93 146
93 147
93 150
93 159
94 98
94 108
94 110
94 114
94 115
94 120
94 124
94 125
94 126
94 131
94 136
94 137
94 141
94 142
94 147
94 148
94 152
95 103
95 112
95 128
95 156
96 107
96 108
96 115
96 117
96 125
96 139
96 141
96 146
96 154
97 100
97 101
97 102
97 105
97 106
97 108
97 114
97 117
97 130
97 147
97 152
97 159
98 101
98 103
98 107
98 108
98 113
98 115
98 131
98 132
98 133
98 134
98 150
98 159
99 109
99 112
99 115
99 119
99 123
99 125
99 128
99 134
99 135
99 136
99 138
99 143
99 145
99 150
99 152
99 154
99 155
99 159
99 161
100 107
100 108
100 111
100 114
100 115
100 118
100 120
100 124
100 125
100 129
100 141
100 154
100 157
100 159
101 105
101 106
101 107
101 111
101 113
101 114
101 118
101 119
101 125
101 131
101 134
101 135
101 137
101 138
101 139
101 142
101 144
101 149
101 152
101 154
101 157
101 158
102 103
102 104
102 105
102 116
102 117
102 124
102 126
102 127
102 128
102 131
102 132
102 133
102 135
102 137
102 141
102 142
102 144
102 147
102 151
102 153
102 157
102 159
103 104
103 108
103 113
103 131
103 133
103 136
103 139
103 151
103 152
103 153
103 157
103 160
103 161
104 106
104 116
104 117
104 121
104 125
104 126
104 128
104 129
104 133
104 138
104 151
105 106
105 107
105 109
105 112
105 114
105 115
105 118
105 120
105 121
105 127
105 128
105 134
105 136
105 138
105 139
105 142
105 144
105 145
105 147
105 157
105 160
106 107
106 111
106 112
106 114
106 115
106 116
106 117
106 118
106 119
106 125
106 129
106 131
106 132
106 133
106 136
106 137
106 139
106 142
106 146
106 150
106 158
107 108
107 109
107 111
107 116
107 123
107 127
107 132
107 134
107 136
107 148
107 149
107 157
108 109
108 114
108 118
108 126
108 129
108 130
108 134
108 135
108 136
108 139
108 142
108 147
108 156
109 111
109 113
109 117
109 118
109 121
109 126
109 131
109 132
109 134
109 139
109 141
109 142
109 145
109 149
109 151
109 157
109 158
109 159
109 160
109 161
110 113
110 115
110 121
110 125
110 129
110 131
110 137
110 140
110 142
110 145
110 147
110 151
110 153
110 154
110 158
111 116
111 118
111 119
111 121
111 124
111 134
111 136
111 143
111 145
111 146
111 152
111 156
111 158
112 121
112 131
112 138
112 146
112 147
112 151
112 153
112 154
112 155
112 157
112 158
112 159
113 114
113 118
113 120
113 125
113 126
113 128
113 129
113 131
113 133
113 134
113 136
113 138
113 146
113 147
113 149
113 151
113 152
113 153
113 154
113 158
114 115
114 116
114 117
114 119
114 131
114 133
114 139
114 140
114 145
114 147
114 150
114 151
114 153
114 154
114 157
114 160
115 117
115 118
115 123
115 124
115 132
115 133
115 135
115 137
115 139
115 140
115 142
115 149
115 151
115 153
115 155
115 157
116 120
116 124
116 125
116 136
117 118
117 121
117 122
117 126
117 132
117 134
117 135
117 136
117 137
117 140
117 141
117 147
117 154
117 155
117 157
117 158
118 129
118 133
118 134
118 137
118 138
118 142
118 148
118 151
118 156
118 159
119 120
119 121
119 128
119 134
119 138
119 160
120 122
120 125
120 141
120 157
121 126
121 134
121 150
122 133
122 134
122 154
122 156
123 133
123 134
123 146
123 156
124 141
124 153
125 130
125 131
125 132
125 135
125 137
125 143
125 147
125 151
125 152
125 154
125 157
125 159
125 161
126 133
126 142
126 146
126 152
126 161
127 131
127 139
127 152
127 160
128 131
128 147
128 150
128 153
128 161
129 131
129 133
129 136
129 138
129 142
129 144
129 147
129 152
129 158
130 131
130 132
130 135
130 147
130 150
130 158
131 133
131 142
131 148
131 157
132 141
132 142
132 148
133 140
133 147
133 154
133 157
133 159
133 160
133 161
134 136
134 137
134 142
134 146
134 153
134 158
134 159
135 138
135 139
135 151
135 153
136 138
136 142
137 145
137 148
137 158
138 141
138 142
138 147
138 149
138 150
138 153
138 158
139 142
139 147
139 155
139 156
139 160
140 158
141 149
141 152
141 153
141 159
141 160
142 147
142 150
142 151
142 152
142 160
143 147
143 156
145 146
145 147
145 151
145 154
145 156
145 157
145 161
146 147
146 151
146 152
146 159
147 149
147 157
147 160
149 151
149 153
149 158
149 159
150 152
150 158
150 160
151 157
151 159
152 153
152 154
152 159
153 161
154 155
154 157
154 159
155 158
155 159
155 160
157 158
158 160
158 161
160 161
