0 1
0 9
0 12
0 31
0 32
0 37
0 47
0 56
0 59
0 61
0 69
0 70
0 71
0 72
0 73
0 79
0 83
0 84
0 89
0 94
0 97
0 98
0 106
0 107
0 112
0 120
0 125
0 133
0 138
0 141
0 144
0 151
0 157
1 3
1 10
1 11
1 19
1 22
1 24
1 30
1 31
1 37
1 43
1 44
1 49
1 50
1 54
1 58
1 65
1 67
1 73
1 74
1 75
1 76
1 79
1 80
1 81
1 90
1 92
1 103
1 111
1 122
1 134
1 135
1 138
1 146
1 149
1 154
1 155
1 159
1 160
2 6
2 7
2 9
2 19
2 24
2 31
2 37
2 40
2 46
2 58
2 60
2 69
2 72
2 74
2 81
2 87
2 97
2 113
2 114
2 117
2 118
2 122
2 129
2 150
2 157
2 160
3 4
3 5
3 7
3 14
3 19
3 23
3 26
3 40
3 44
3 52
3 53
3 56
3 66
3 72
3 73
3 82
3 97
3 102
3 105
3 106
3 121
3 126
3 131
3 135
3 136
3 140
3 149
3 158
3 160
3 161
4 7
4 9
4 10
4 20
4 24
4 26
4 35
4 36
4 37
4 38
4 40
4 42
4 43
4 45
4 51
4 54
4 55
4 56
4 57
4 61
4 67
4 68
4 69
4 73
4 75
4 78
4 80
4 88
4 91
4 93
4 95
4 96
4 97
4 100
4 101
4 106
4 108
4 109
4 110
4 112
4 113
4 114
4 118
4 122
4 126
4 127
4 129
4 130
4 132
4 139
4 142
4 143
4 154
4 158
5 30
5 44
5 57
5 62
5 66
5 77
5 86
5 133
5 137
5 158
6 13
6 14
6 19
6 20
6 21
6 25
6 28
6 30
6 35
6 38
6 39
6 51
6 54
6 56
6 57
6 58
6 61
6 66
6 67
6 70
6 71
6 72
6 74
6 79
6 84
6 94
6 106
6 107
6 110
6 113
6 114
6 115
6 117
6 126
6 136
6 137
6 138
6 139
6 142
6 143
6 147
6 148
6 149
6 150
6 153
6 157
6 161
7 12
7 14
7 22
7 23
7 24
7 26
7 27
7 31
7 35
7 40
7 47
7 49
7 51
7 52
7 54
7 55
7 59
7 61
7 64
7 65
7 67
7 68
7 69
7 72
7 74
7 76
7 81
7 82
7 84
7 91
7 94
7 96
7 98
7 106
7 108
7 109
7 113
7 114
7 115
7 119
7 123
7 125
7 132
7 133
7 134
7 136
7 138
7 149
7 151
7 152
7 156
7 158
7 159
8 29
8 32
8 40
8 56
8 69
8 74
8 104
8 105
8 108
8 115
8 129
8 133
8 135
8 141
8 153
9 14
9 17
9 23
9 24
9 26
9 27
9 35
9 42
9 56
9 58
9 62
9 68
9 71
9 75
9 79
9 80
9 82
9 84
9 85
9 87
9 91
9 93
9 106
9 111
9 113
9 115
9 116
9 117
9 118
9 120
9 123
9 124
9 125
9 128
9 131
9 135
9 137
9 138
9 142
9 143
9 151
9 156
9 157
9 160
10 16
10 23
10 25
10 26
10 34
10 40
10 45
10 48
10 49
10 54
10 56
10 57
10 58
10 61
10 64
10 65
10 69
10 74
10 79
10 91
10 100
10 102
10 103
10 105
10 110
10 111
10 113
10 114
10 115
10 125
10 126
10 129
10 130
10 131
10 134
10 137
10 143
10 146
10 148
10 152
10 154
10 157
10 161
11 15
11 16
11 19
11 25
11 26
11 27
11 28
11 31
11 32
11 33
11 38
11 41
11 49
11 55
11 63
11 64
11 66
11 71
11 74
11 81
11 89
11 98
11 107
11 108
11 109
11 110
11 112
11 116
11 130
11 133
11 136
11 137
11 143
11 148
11 153
11 155
11 159
11 161
12 15
12 19
12 24
12 29
12 30
12 43
12 51
12 63
12 64
12 67
12 69
12 71
12 72
12 93
12 100
12 101
12 102
12 105
12 110
12 111
12 112
12 117
12 131
12 138
12 147
12 149
12 152
12 154
13 24
13 28
13 48
13 54
13 82
13 93
13 104
13 108
13 109
13 115
13 117
13 137
13 142
14 16
14 21
14 24
14 30
14 44
14 45
14 53
14 55
14 58
14 59
14 61
14 68
14 72
14 84
14 93
14 95
14 98
14 99
14 101
14 102
14 104
14 105
14 107
14 109
14 111
14 115
14 116
14 117
14 122
14 124
14 125
14 126
14 129
14 130
14 131
14 141
14 142
14 154
14 157
14 161
15 24
15 31
15 34
15 37
15 49
15 55
15 58
15 63
15 65
15 66
15 67
15 82
15 85
15 99
15 103
15 104
15 105
15 107
15 112
15 116
15 118
15 122
15 135
15 136
15 137
15 141
15 157
15 158
16 18
16 19
16 21
16 35
16 40
16 43
16 51
16 52
16 53
16 66
16 67
16 70
16 84
16 91
16 110
16 115
16 117
16 118
16 141
16 143
16 146
16 156
16 157
17 19
17 30
17 35
17 40
17 46
17 50
17 64
17 66
17 68
17 73
17 80
17 88
17 99
17 106
17 121
17 133
18 20
18 25
18 31
18 32
18 44
18 45
18 61
18 64
18 66
18 68
18 69
18 70
18 72
18 75
18 76
18 78
18 79
18 85
18 88
18 95
18 97
18 101
18 102
18 103
18 108
18 113
18 114
18 116
18 117
18 119
18 120
18 125
18 135
18 137
18 142
18 145
18 147
18 151
19 20
19 22
19 28
19 32
19 36
19 38
19 42
19 44
19 45
19 49
19 51
19 54
19 58
19 59
19 61
19 62
19 67
19 72
19 82
19 86
19 88
19 91
19 92
19 97
19 101
19 102
19 105
19 113
19 121
19 125
19 126
19 130
19 147
19 151
19 152
19 154
19 159
20 21
20 25
20 40
20 48
20 49
20 51
20 64
20 65
20 68
20 74
20 87
20 95
20 107
20 108
20 109
20 138
20 141
20 144
20 145
20 150
20 158
21 25
21 26
21 30
21 31
21 45
21 49
21 50
21 57
21 60
21 61
21 62
21 64
21 65
21 67
21 69
21 74
21 76
21 81
21 89
21 96
21 99
21 100
21 104
21 107
21 108
21 109
21 116
21 117
21 118
21 119
21 123
21 126
21 131
21 133
21 139
21 145
21 146
21 150
21 154
21 157
21 161
22 24
22 28
22 31
22 38
22 39
22 40
22 41
22 50
22 52
22 55
22 61
22 75
22 91
22 92
22 94
22 107
22 112
22 114
22 117
22 136
22 138
22 141
22 143
22 150
22 152
22 154
23 34
23 38
23 49
23 50
23 54
23 58
23 72
23 77
23 84
23 94
23 105
23 108
23 111
23 112
23 118
23 120
23 123
23 127
23 138
23 140
23 141
23 146
23 147
23 152
23 157
24 26
24 35
24 40
24 50
24 54
24 63
24 65
24 69
24 73
24 86
24 89
24 92
24 93
24 98
24 100
24 106
24 111
24 113
24 115
24 118
24 128
24 135
24 141
24 147
24 151
24 157
24 161
25 26
25 30
25 31
25 34
25 40
25 43
25 51
25 55
25 58
25 62
25 66
25 67
25 68
25 71
25 72
25 73
25 77
25 79
25 81
25 82
25 87
25 95
25 97
25 101
25 106
25 109
25 111
25 151
25 154
25 158
26 27
26 28
26 31
26 35
26 36
26 38
26 43
26 45
26 49
26 51
26 52
26 57
26 58
26 59
26 61
26 65
26 67
26 69
26 72
26 79
26 80
26 85
26 94
26 95
26 96
26 98
26 101
26 103
26 106
26 108
26 114
26 115
26 117
26 131
26 133
26 137
26 141
26 147
26 150
26 151
26 152
26 153
26 158
26 159
27 34
27 43
27 49
27 66
27 69
27 71
27 99
27 119
27 121
27 143
27 158
28 35
28 49
28 50
28 54
28 58
28 59
28 61
28 65
28 66
28 68
28 69
28 74
28 76
28 89
28 97
28 99
28 115
28 129
28 143
28 147
28 149
28 156
28 158
29 31
29 43
29 44
29 47
29 53
29 72
29 77
29 109
29 114
29 134
29 143
29 152
30 35
30 39
30 48
30 50
30 51
30 54
30 55
30 58
30 67
30 69
30 70
30 72
30 74
30 75
30 80
30 82
30 84
30 85
30 94
30 107
30 109
30 112
30 113
30 114
30 116
30 117
30 121
30 125
30 126
30 129
30 132
30 133
30 134
30 135
30 138
30 146
30 148
30 150
30 153
30 154
30 155
30 157
30 161
31 39
31 42
31 43
31 44
31 48
31 49
31 51
31 52
31 54
31 58
31 61
31 67
31 68
31 69
31 71
31 74
31 75
31 77
31 79
31 84
31 87
31 88
31 93
31 97
31 101
31 104
31 106
31 107
31 108
31 109
31 114
31 116
31 117
31 118
31 121
31 124
31 125
31 127
31 128
31 133
31 134
31 138
31 141
31 153
31 157
31 160
31 161
32 33
32 34
32 36
32 38
32 43
32 44
32 48
32 49
32 51
32 52
32 54
32 55
32 56
32 57
32 59
32 64
32 68
32 69
32 70
32 72
32 73
32 74
32 77
32 79
32 83
32 84
32 88
32 94
32 96
32 97
32 101
32 102
32 107
32 109
32 110
32 111
32 112
32 115
32 117
32 142
32 145
32 147
32 159
33 43
33 44
33 45
33 46
33 49
33 50
33 54
33 55
33 56
33 65
33 67
33 68
33 70
33 75
33 88
33 97
33 105
33 106
33 115
33 117
33 125
33 135
33 136
33 142
33 152
33 154
33 158
34 36
34 50
34 51
34 70
34 73
34 74
34 80
34 82
34 84
34 91
34 94
34 102
34 111
34 117
34 131
34 139
34 151
34 153
34 157
34 158
34 160
35 39
35 40
35 49
35 59
35 67
35 69
35 72
35 73
35 84
35 87
35 88
35 91
35 95
35 103
35 107
35 108
35 116
35 121
35 126
35 128
35 129
35 133
35 134
35 137
35 138
35 142
35 146
35 147
35 151
35 153
35 160
36 38
36 46
36 53
36 54
36 55
36 64
36 65
36 74
36 75
36 79
36 80
36 82
36 84
36 89
36 91
36 94
36 96
36 97
36 102
36 109
36 110
36 112
36 115
36 118
36 124
36 134
36 139
36 142
36 147
36 153
36 159
36 161
37 47
37 48
37 84
37 88
37 92
37 97
37 103
37 145
37 154
38 40
38 44
38 45
38 46
38 49
38 54
38 58
38 59
38 69
38 70
38 77
38 79
38 85
38 86
38 93
38 102
38 103
38 107
38 110
38 117
38 124
38 129
38 131
38 132
38 134
38 141
38 153
38 154
39 44
39 45
39 49
39 50
39 52
39 53
39 57
39 59
39 63
39 67
39 68
39 69
39 70
39 75
39 79
39 80
39 87
39 88
39 89
39 90
39 91
39 94
39 106
39 109
39 117
39 131
39 133
39 135
39 138
39 141
39 142
39 143
39 145
39 148
39 153
39 154
39 161
40 41
40 44
40 45
40 49
40 54
40 56
40 67
40 68
40 71
40 73
40 77
40 79
40 86
40 90
40 97
40 102
40 105
40 106
40 107
40 109
40 111
40 112
40 115
40 116
40 117
40 122
40 125
40 126
40 133
40 134
40 137
40 138
40 147
40 152
40 157
40 158
40 160
41 45
41 49
41 55
41 58
41 64
41 66
41 70
41 71
41 79
41 80
41 90
41 101
41 102
41 114
41 115
41 117
41 129
41 131
41 141
41 157
41 158
42 43
42 50
42 51
42 54
42 55
42 65
42 67
42 71
42 79
42 81
42 84
42 89
42 92
42 96
42 99
42 101
42 106
42 107
42 111
42 114
42 126
42 139
42 147
42 148
42 151
42 152
42 153
42 161
43 44
43 49
43 56
43 63
43 70
43 71
43 72
43 74
43 75
43 77
43 79
43 82
43 85
43 88
43 91
43 94
43 97
43 98
43 103
43 106
43 107
43 108
43 112
43 113
43 114
43 115
43 117
43 125
43 129
43 133
43 138
43 142
43 145
43 149
43 159
43 161
44 45
44 46
44 58
44 60
44 61
44 63
44 69
44 74
44 75
44 79
44 83
44 84
44 89
44 93
44 100
44 101
44 105
44 107
44 111
44 114
44 116
44 118
44 122
44 125
44 138
44 139
44 144
44 151
44 153
44 154
44 157
45 51
45 56
45 61
45 68
45 70
45 75
45 85
45 93
45 99
45 102
45 106
45 108
45 111
45 112
45 114
45 118
45 119
45 125
45 129
45 131
45 133
45 134
45 137
45 139
45 142
45 143
45 144
45 145
45 151
45 153
45 154
45 159
45 160
46 47
46 49
46 53
46 56
46 61
46 65
46 67
46 68
46 71
46 72
46 73
46 75
46 79
46 81
46 84
46 87
46 94
46 99
46 100
46 111
46 114
46 118
46 129
46 138
46 145
46 148
46 149
46 152
46 153
46 157
46 159
47 55
47 58
47 66
47 112
47 122
47 138
47 142
47 151
47 152
47 156
48 51
48 63
48 77
48 92
48 93
48 95
48 98
48 99
48 101
48 103
48 109
48 115
48 128
48 141
48 143
48 150
48 154
49 54
49 55
49 58
49 59
49 64
49 69
49 71
49 72
49 74
49 75
49 80
49 85
49 87
49 89
49 94
49 96
49 97
49 101
49 108
49 111
49 112
49 113
49 121
49 126
49 128
49 129
49 133
49 137
49 142
49 143
49 144
49 147
49 151
49 152
49 155
49 156
50 55
50 57
50 58
50 63
50 66
50 68
50 79
50 80
50 88
50 89
50 91
50 93
50 99
50 100
50 103
50 106
50 109
50 110
50 111
50 112
50 121
50 129
50 133
50 141
50 147
50 152
50 154
50 156
50 157
50 158
51 56
51 58
51 59
51 60
51 61
51 64
51 65
51 66
51 70
51 73
51 77
51 80
51 84
51 92
51 99
51 101
51 102
51 105
51 107
51 108
51 109
51 112
51 118
51 121
51 127
51 128
51 131
51 133
51 134
51 136
51 141
51 142
51 145
51 147
51 151
51 157
51 158
51 159
52 55
52 56
52 57
52 60
52 61
52 62
52 70
52 77
52 84
52 87
52 91
52 92
52 106
52 109
52 110
52 113
52 115
52 117
52 118
52 143
52 146
52 147
52 151
52 153
52 155
52 158
53 58
53 66
53 67
53 69
53 80
53 90
53 101
53 106
53 108
53 113
53 129
53 149
53 152
53 153
53 154
53 159
54 55
54 60
54 67
54 69
54 70
54 75
54 77
54 81
54 84
54 85
54 89
54 94
54 102
54 108
54 111
54 113
54 115
54 117
54 118
54 122
54 126
54 127
54 128
54 129
54 131
54 135
54 151
54 154
54 158
55 59
55 67
55 68
55 70
55 71
55 72
55 74
55 77
55 79
55 80
55 84
55 86
55 88
55 93
55 100
55 105
55 110
55 113
55 121
55 133
55 137
55 141
55 142
55 149
55 152
55 153
55 157
56 63
56 64
56 65
56 67
56 68
56 70
56 72
56 73
56 77
56 79
56 84
56 91
56 94
56 102
56 106
56 107
56 108
56 112
56 113
56 116
56 117
56 118
56 128
56 134
56 138
56 151
56 154
56 157
56 158
56 160
57 65
57 66
57 73
57 80
57 84
57 97
57 98
57 105
57 107
57 124
57 125
57 128
57 132
57 133
57 138
57 139
57 142
57 149
57 151
57 157
57 158
58 62
58 67
58 68
58 70
58 71
58 73
58 75
58 77
58 79
58 84
58 89
58 93
58 94
58 96
58 97
58 98
58 100
58 102
58 104
58 106
58 108
58 109
58 111
58 112
58 113
58 117
58 118
58 127
58 129
58 135
58 137
58 153
58 160
59 62
59 70
59 75
59 79
59 80
59 86
59 87
59 97
59 104
59 109
59 129
59 152
59 154
59 159
59 160
60 72
60 95
60 97
60 110
60 147
61 66
61 90
61 98
61 106
61 113
61 114
61 118
61 125
61 129
61 133
61 135
61 141
61 145
61 147
61 154
61 158
61 159
62 64
62 66
62 68
62 75
62 80
62 84
62 88
62 89
62 90
62 104
62 109
62 111
62 112
62 113
62 117
62 139
62 151
62 153
62 160
62 161
63 67
63 71
63 74
63 77
63 78
63 79
63 81
63 93
63 96
63 97
63 102
63 109
63 113
63 114
63 115
63 116
63 117
63 125
63 129
63 133
63 134
63 135
63 146
63 153
63 158
64 66
64 68
64 69
64 71
64 72
64 73
64 74
64 77
64 79
64 84
64 87
64 89
64 91
64 94
64 99
64 104
64 105
64 106
64 109
64 111
64 112
64 115
64 117
64 118
64 131
64 132
64 133
64 134
64 139
64 143
64 146
64 149
64 150
64 152
64 160
64 161
65 68
65 70
65 72
65 73
65 79
65 84
65 87
65 93
65 95
65 97
65 98
65 99
65 105
65 107
65 109
65 114
65 116
65 118
65 122
65 135
65 142
65 145
65 153
65 160
66 67
66 70
66 74
66 86
66 88
66 89
66 97
66 99
66 103
66 105
66 106
66 110
66 111
66 112
66 114
66 115
66 119
66 122
66 125
66 128
66 129
66 131
66 134
66 137
66 138
66 145
66 147
66 148
66 149
66 152
66 153
66 154
66 161
67 70
67 74
67 75
67 80
67 84
67 85
67 87
67 89
67 94
67 97
67 101
67 103
67 105
67 106
67 115
67 117
67 118
67 128
67 132
67 134
67 135
67 136
67 138
67 141
67 145
67 147
67 161
68 71
68 75
68 77
68 82
68 83
68 84
68 88
68 89
68 91
68 94
68 97
68 105
68 106
68 108
68 110
68 113
68 114
68 117
68 130
68 131
68 133
68 134
68 138
68 141
68 147
68 151
68 156
68 161
69 71
69 72
69 73
69 74
69 79
69 80
69 82
69 91
69 93
69 94
69 101
69 105
69 106
69 110
69 111
69 113
69 118
69 125
69 126
69 131
69 132
69 133
69 135
69 136
69 137
69 138
69 142
69 144
69 145
69 148
69 149
69 157
70 77
70 79
70 80
70 85
70 89
70 91
70 94
70 97
70 99
70 100
70 107
70 108
70 113
70 115
70 117
70 118
70 122
70 131
70 135
70 137
70 139
70 141
70 143
70 146
70 147
70 149
70 157
70 160
71 72
71 73
71 77
71 80
71 85
71 94
71 96
71 97
71 98
71 102
71 104
71 108
71 119
71 124
71 133
71 134
71 137
71 138
71 141
71 145
71 152
71 153
71 154
71 158
71 160
71 161
72 73
72 74
72 78
72 79
72 81
72 83
72 84
72 85
72 87
72 90
72 93
72 103
72 116
72 121
72 125
72 126
72 129
72 130
72 134
72 136
72 137
72 138
72 140
72 143
72 153
72 154
72 158
72 160
73 77
73 80
73 84
73 89
73 91
73 94
73 98
73 99
73 102
73 103
73 106
73 107
73 110
73 111
73 112
73 113
73 119
73 124
73 129
73 131
73 133
73 134
73 135
73 137
73 143
73 146
73 147
73 150
73 154
74 82
74 88
74 92
74 94
74 97
74 105
74 106
74 109
74 110
74 113
74 115
74 117
74 124
74 125
74 135
74 138
74 141
74 143
74 151
74 152
74 155
74 158
74 161
75 77
75 79
75 80
75 82
75 83
75 89
75 91
75 94
75 95
75 97
75 100
75 102
75 104
75 106
75 107
75 108
75 114
75 116
75 121
75 125
75 126
75 127
75 131
75 133
75 135
75 136
75 142
75 145
75 154
75 156
76 77
76 85
76 98
76 125
76 138
76 141
76 146
76 157
76 160
77 79
77 80
77 82
77 85
77 89
77 90
77 95
77 100
77 102
77 106
77 107
77 108
77 110
77 112
77 118
77 122
77 131
77 132
77 137
77 139
77 142
77 147
78 92
78 101
78 104
78 107
78 112
78 125
78 133
78 139
78 151
78 152
79 85
79 86
79 87
79 88
79 89
79 91
79 93
79 94
79 97
79 100
79 101
79 102
79 103
79 109
79 114
79 117
79 118
79 119
79 121
79 126
79 128
79 141
79 146
79 152
79 153
79 154
79 158
80 85
80 87
80 88
80 92
80 94
80 97
80 101
80 102
80 106
80 108
80 114
80 117
80 120
80 125
80 131
80 137
80 139
80 145
80 153
81 86
81 105
81 108
81 129
81 149
81 158
82 94
82 95
82 125
82 126
82 133
82 136
82 145
82 152
82 154
82 156
82 158
82 160
83 111
83 114
83 142
83 147
83 149
83 150
83 154
84 86
84 89
84 91
84 93
84 95
84 96
84 97
84 98
84 102
84 105
84 114
84 117
84 119
84 122
84 125
84 129
84 132
84 137
84 139
84 148
84 157
84 158
85 97
85 107
85 108
85 109
85 113
85 115
85 118
85 119
85 121
85 130
85 137
85 149
85 154
86 94
86 114
86 152
86 160
87 89
87 98
87 106
87 112
87 113
87 128
87 129
87 130
87 131
87 142
87 146
87 148
87 149
87 158
88 89
88 91
88 94
88 103
88 113
88 115
88 123
88 124
88 129
88 134
88 135
88 137
88 147
88 152
88 153
88 158
89 91
89 92
89 94
89 95
89 98
89 100
89 101
89 103
89 104
89 108
89 115
89 121
89 122
89 129
89 130
89 131
89 133
89 137
89 138
89 139
89 144
89 146
89 148
89 149
89 152
89 153
89 154
89 156
89 158
89 161
90 93
90 94
90 102
90 106
90 113
90 134
90 151
90 154
90 157
91 96
91 99
91 106
91 112
91 114
91 118
91 131
91 147
91 151
91 156
91 161
92 98
92 108
92 110
92 134
92 147
92 151
93 94
93 98
93 100
93 109
93 113
93 118
93 119
93 120
93 133
93 134
93 136
93 138
93 142
93 145
93 149
93 157
94 95
94 98
94 102
94 103
94 105
94 109
94 112
94 113
94 118
94 119
94 126
94 128
94 130
94 134
94 151
94 154
94 157
95 100
95 131
95 135
95 152
96 102
96 106
96 113
96 116
96 118
96 133
96 145
96 154
96 158
97 98
97 99
97 102
97 105
97 108
97 110
97 111
97 113
97 115
97 129
97 132
97 134
97 143
97 146
97 149
97 152
97 158
98 102
98 113
98 116
98 118
98 122
98 125
98 128
98 132
98 133
98 139
98 146
98 147
98 151
98 154
98 158
98 160
98 161
99 106
99 111
99 112
99 117
99 120
99 125
99 127
99 129
99 133
99 134
99 141
99 145
99 151
99 152
99 159
100 111
100 112
100 113
100 115
100 145
101 102
101 103
101 107
101 108
101 109
101 111
101 113
101 114
101 115
101 118
101 120
101 125
101 129
101 131
101 141
101 146
101 151
101 160
102 103
102 116
102 117
102 125
102 126
102 129
102 133
102 135
102 137
102 138
102 142
102 146
102 147
102 148
102 149
102 150
102 151
102 152
102 158
102 160
103 113
103 117
103 119
103 124
103 128
103 137
103 140
103 142
103 150
103 151
103 152
103 153
103 154
103 155
104 115
104 125
104 129
104 137
104 146
105 114
105 134
105 137
105 138
105 139
105 141
105 142
105 145
105 150
105 151
105 152
105 155
105 159
106 111
106 112
106 113
106 115
106 117
106 135
106 137
106 141
106 147
106 151
106 155
106 156
106 160
107 113
107 138
107 142
107 150
107 154
107 161
108 111
108 118
108 121
108 122
108 127
108 128
108 131
108 133
108 134
108 136
108 137
108 138
108 144
108 146
108 152
108 154
108 156
108 161
109 111
109 114
109 115
109 117
109 125
109 131
109 132
109 133
109 136
109 140
109 141
109 146
109 150
109 157
109 161
110 115
110 131
110 133
110 139
110 144
110 155
110 157
110 160
111 113
111 116
111 122
111 126
111 133
111 135
111 138
111 141
111 146
111 147
111 151
111 153
111 154
112 113
112 114
112 115
112 117
112 118
112 126
112 131
112 133
112 135
112 141
112 142
112 145
112 148
112 153
112 154
112 155
112 156
112 157
112 159
113 114
113 115
113 116
113 118
113 122
113 124
113 125
113 129
113 131
113 132
113 134
113 137
113 140
113 142
113 146
113 150
113 156
113 157
113 159
113 161
114 135
114 137
114 138
114 139
114 141
114 142
114 145
114 146
114 149
114 150
114 151
114 152
114 160
115 117
115 118
115 122
115 131
115 132
115 135
115 136
115 142
115 152
115 153
115 156
116 142
116 146
116 147
116 148
116 149
116 151
116 152
116 159
117 120
117 121
117 122
117 129
117 137
117 139
117 142
117 143
117 153
118 124
118 129
118 133
118 134
118 138
118 139
118 144
118 145
118 150
118 151
118 153
118 154
118 155
118 158
119 129
119 131
119 133
119 145
119 147
119 152
120 139
120 141
120 146
121 132
121 137
121 151
121 154
122 126
122 131
122 133
122 136
122 139
122 154
122 157
123 125
123 149
124 134
124 158
125 126
125 128
125 129
125 130
125 133
125 134
125 138
125 142
125 145
125 147
125 153
125 159
126 130
126 139
126 145
126 146
126 149
126 150
126 152
126 153
126 155
126 160
127 146
127 147
127 157
128 129
128 133
128 146
128 160
129 131
129 133
129 134
129 137
129 138
129 142
129 145
129 147
129 148
129 153
129 157
129 158
129 160
130 142
130 151
130 154
130 156
130 157
131 132
131 139
131 153
131 154
131 160
132 135
132 138
132 146
132 152
132 161
133 138
133 142
133 145
133 146
133 150
133 151
133 152
133 153
133 158
134 136
134 138
134 142
134 145
134 147
134 151
134 158
134 159
134 161
135 136
135 137
135 138
135 139
135 147
135 149
135 159
135 160
136 146
136 152
136 154
136 158
137 141
137 143
137 145
137 147
137 152
137 153
137 155
137 157
137 159
137 161
138 142
138 147
138 149
138 154
138 156
138 158
139 142
139 145
139 147
139 150
139 152
139 158
141 142
141 152
141 157
141 161
142 145
142 150
142 153
142 158
143 153
145 161
146 147
146 154
146 158
146 159
146 161
147 151
147 152
147 153
147 157
147 159
148 149
149 153
149 154
149 161
150 151
151 153
151 155
152 154
152 155
152 157
153 158
153 159
153 160
154 158
155 161
157 158
157 159
157 160
158 159
158 160
160 161
