0 13
0 18
0 20
0 22
0 24
0 30
0 36
0 43
0 51
0 52
0 59
0 66
0 71
0 84
0 87
0 95
0 99
0 100
0 101
0 102
0 103
0 112
0 116
0 118
0 134
0 137
0 139
0 141
0 148
0 151
0 154
0 158
1 5
1 6
1 11
1 21
1 28
1 30
1 36
1 41
1 42
1 44
1 64
1 68
1 69
1 91
1 93
1 94
1 97
1 101
1 103
1 105
1 114
1 118
1 124
1 125
1 128
1 131
1 137
1 139
1 146
1 147
1 149
1 151
1 158
1 161
2 7
2 8
2 15
2 17
2 18
2 25
2 28
2 32
2 43
2 45
2 49
2 55
2 56
2 69
2 70
2 82
2 101
2 108
2 114
2 119
2 135
2 137
2 138
2 145
2 147
2 152
2 158
3 7
3 11
3 22
3 32
3 38
3 40
3 45
3 46
3 51
3 54
3 56
3 70
3 72
3 73
3 84
3 88
3 93
3 96
3 101
3 104
3 108
3 117
3 134
3 137
3 146
3 148
3 154
3 155
3 159
4 7
4 8
4 19
4 20
4 24
4 26
4 29
4 31
4 33
4 38
4 40
4 43
4 44
4 47
4 49
4 51
4 52
4 54
4 58
4 59
4 60
4 66
4 69
4 71
4 72
4 81
4 84
4 88
4 91
4 99
4 106
4 107
4 110
4 111
4 115
4 118
4 121
4 129
4 131
4 133
4 135
4 137
4 138
4 139
4 141
4 142
4 146
4 149
4 151
4 152
4 153
4 154
5 6
5 17
5 30
5 32
5 33
5 53
5 54
5 70
5 84
5 89
5 92
5 101
5 110
5 113
5 133
5 141
5 142
5 161
6 7
6 10
6 11
6 14
6 15
6 21
6 25
6 29
6 30
6 31
6 32
6 33
6 34
6 40
6 41
6 43
6 45
6 48
6 49
6 55
6 56
6 58
6 59
6 65
6 68
6 70
6 72
6 73
6 74
6 77
6 80
6 83
6 85
6 87
6 93
6 96
6 98
6 102
6 106
6 114
6 115
6 116
6 127
6 131
6 134
6 138
6 146
6 147
6 148
6 154
6 160
7 9
7 12
7 16
7 23
7 25
7 27
7 29
7 30
7 31
7 39
7 40
7 42
7 44
7 46
7 51
7 52
7 54
7 57
7 59
7 72
7 73
7 74
7 75
7 77
7 88
7 89
7 90
7 102
7 103
7 107
7 108
7 117
7 121
7 122
7 132
7 140
7 141
7 142
7 143
7 145
7 149
7 151
7 152
7 153
7 154
7 160
8 29
8 34
8 43
8 73
8 133
8 143
8 154
8 157
9 14
9 15
9 18
9 24
9 30
9 31
9 35
9 36
9 40
9 42
9 45
9 54
9 63
9 64
9 72
9 76
9 80
9 82
9 94
9 103
9 112
9 115
9 116
9 118
9 120
9 125
9 132
9 133
9 146
9 150
9 153
9 160
10 14
10 18
10 21
10 31
10 32
10 34
10 35
10 43
10 49
10 53
10 54
10 64
10 65
10 69
10 71
10 77
10 79
10 84
10 86
10 87
10 89
10 92
10 93
10 94
10 101
10 104
10 108
10 111
10 115
10 117
10 118
10 124
10 125
10 127
10 128
10 129
10 133
10 134
10 148
10 154
10 158
10 161
11 13
11 16
11 18
11 21
11 22
11 30
11 31
11 32
11 38
11 49
11 56
11 58
11 59
11 65
11 66
11 70
11 71
11 72
11 73
11 75
11 79
11 80
11 94
11 97
11 99
11 100
11 101
11 102
11 105
11 107
11 112
11 115
11 116
11 117
11 147
11 154
11 156
11 157
11 158
11 161
12 14
12 23
12 35
12 36
12 38
12 39
12 43
12 44
12 48
12 51
12 56
12 58
12 67
12 69
12 72
12 75
12 97
12 106
12 114
12 135
12 139
12 142
12 147
12 150
12 151
13 47
13 50
13 56
13 57
13 67
13 68
13 71
13 72
13 75
13 89
13 104
13 111
13 112
13 118
13 128
13 130
13 145
14 22
14 23
14 25
14 27
14 28
14 29
14 30
14 31
14 35
14 38
14 43
14 49
14 54
14 56
14 57
14 62
14 63
14 65
14 67
14 68
14 72
14 81
14 98
14 103
14 105
14 107
14 109
14 114
14 115
14 118
14 129
14 131
14 133
14 137
14 138
14 139
14 140
14 145
14 146
14 154
14 157
14 161
15 42
15 44
15 49
15 64
15 68
15 72
15 82
15 84
15 89
15 94
15 97
15 102
15 106
15 112
15 116
15 125
15 129
15 133
15 141
15 147
15 152
15 156
15 157
15 158
15 159
16 17
16 31
16 42
16 44
16 56
16 63
16 71
16 77
16 85
16 97
16 98
16 102
16 125
16 129
16 133
16 136
16 138
16 139
16 143
16 146
17 18
17 39
17 45
17 57
17 64
17 65
17 84
17 101
17 138
17 142
17 148
18 20
18 22
18 36
18 40
18 42
18 51
18 56
18 58
18 60
18 64
18 65
18 67
18 68
18 72
18 73
18 77
18 81
18 88
18 99
18 104
18 105
18 106
18 107
18 110
18 113
18 118
18 125
18 126
18 129
18 131
18 135
18 141
18 142
18 148
18 150
18 151
18 153
18 154
18 158
18 160
18 161
19 30
19 31
19 32
19 38
19 46
19 48
19 49
19 52
19 55
19 58
19 61
19 62
19 64
19 65
19 68
19 69
19 73
19 76
19 82
19 86
19 89
19 90
19 91
19 92
19 98
19 99
19 100
19 101
19 102
19 103
19 112
19 115
19 117
19 125
19 127
19 130
19 133
19 143
19 146
19 152
19 153
19 158
19 161
20 24
20 30
20 35
20 38
20 42
20 49
20 51
20 57
20 60
20 69
20 75
20 82
20 84
20 85
20 87
20 94
20 95
20 98
20 104
20 109
20 110
20 117
20 130
20 131
20 133
20 142
20 146
20 157
21 26
21 29
21 36
21 37
21 39
21 45
21 49
21 50
21 56
21 61
21 65
21 67
21 69
21 83
21 91
21 94
21 97
21 98
21 102
21 106
21 108
21 111
21 120
21 121
21 122
21 127
21 128
21 132
21 133
21 135
21 138
21 140
21 141
21 142
21 146
21 149
21 151
21 153
21 157
21 158
22 25
22 32
22 35
22 39
22 44
22 49
22 51
22 59
22 66
22 67
22 73
22 74
22 80
22 115
22 133
22 137
22 145
22 147
22 149
22 151
22 158
22 159
22 161
23 49
23 51
23 55
23 58
23 65
23 68
23 71
23 72
23 73
23 87
23 88
23 92
23 93
23 101
23 104
23 107
23 108
23 114
23 117
23 125
23 129
23 137
23 147
23 159
24 26
24 36
24 45
24 50
24 56
24 68
24 71
24 76
24 82
24 97
24 103
24 104
24 106
24 115
24 120
24 129
24 133
24 140
24 146
25 29
25 30
25 32
25 33
25 35
25 39
25 45
25 50
25 51
25 54
25 65
25 70
25 71
25 74
25 76
25 77
25 78
25 83
25 91
25 92
25 98
25 103
25 113
25 126
25 134
25 138
25 142
25 145
25 150
25 151
25 154
25 161
26 28
26 29
26 30
26 31
26 35
26 44
26 55
26 56
26 58
26 66
26 70
26 75
26 79
26 80
26 81
26 91
26 97
26 98
26 106
26 109
26 111
26 112
26 115
26 117
26 119
26 126
26 128
26 130
26 133
26 138
26 142
26 143
26 147
26 149
26 153
26 154
26 161
27 29
27 30
27 39
27 63
27 71
27 94
27 101
28 40
28 45
28 46
28 49
28 55
28 74
28 76
28 79
28 91
28 110
28 113
28 117
28 137
28 146
28 160
29 32
29 63
29 65
29 69
29 72
29 76
29 112
29 115
30 31
30 43
30 44
30 45
30 57
30 58
30 61
30 64
30 68
30 70
30 72
30 74
30 77
30 79
30 88
30 94
30 97
30 99
30 108
30 109
30 110
30 112
30 113
30 120
30 121
30 124
30 129
30 137
30 141
30 142
30 147
30 152
30 154
30 155
30 157
31 40
31 42
31 45
31 46
31 48
31 50
31 51
31 54
31 63
31 65
31 66
31 67
31 69
31 70
31 71
31 72
31 82
31 83
31 84
31 87
31 93
31 94
31 97
31 100
31 103
31 107
31 110
31 113
31 115
31 117
31 119
31 128
31 131
31 132
31 133
31 134
31 135
31 137
31 139
31 142
31 146
31 149
31 151
31 152
32 37
32 38
32 43
32 44
32 45
32 48
32 50
32 51
32 52
32 54
32 55
32 64
32 65
32 66
32 67
32 69
32 73
32 75
32 79
32 82
32 84
32 89
32 91
32 94
32 97
32 106
32 108
32 113
32 117
32 120
32 125
32 147
32 149
32 151
32 160
33 40
33 53
33 58
33 59
33 64
33 68
33 73
33 80
33 93
33 101
33 115
33 124
33 149
33 150
33 158
34 37
34 44
34 45
34 49
34 63
34 66
34 68
34 77
34 87
34 89
34 109
34 116
34 123
34 125
34 133
34 138
34 142
34 146
34 148
34 152
34 159
35 42
35 45
35 59
35 64
35 66
35 68
35 72
35 74
35 75
35 84
35 97
35 101
35 103
35 105
35 106
35 108
35 109
35 110
35 113
35 115
35 116
35 118
35 119
35 123
35 129
35 137
35 150
35 151
35 152
35 153
35 154
35 159
36 38
36 50
36 56
36 61
36 63
36 68
36 70
36 77
36 79
36 80
36 81
36 84
36 89
36 93
36 95
36 97
36 99
36 101
36 104
36 107
36 111
36 113
36 118
36 120
36 128
36 129
36 131
36 133
36 134
36 136
36 140
36 142
36 151
37 45
37 56
37 72
37 77
37 82
37 97
37 99
37 100
37 101
37 103
37 110
37 112
37 114
37 135
37 154
37 159
38 43
38 44
38 49
38 50
38 51
38 55
38 56
38 58
38 59
38 68
38 69
38 70
38 73
38 74
38 75
38 85
38 87
38 94
38 97
38 98
38 99
38 102
38 105
38 108
38 110
38 112
38 113
38 116
38 121
38 122
38 126
38 131
38 133
38 137
38 138
38 141
38 145
38 147
38 151
38 152
38 161
39 43
39 46
39 50
39 55
39 61
39 63
39 69
39 71
39 74
39 80
39 91
39 93
39 96
39 97
39 101
39 102
39 105
39 108
39 109
39 112
39 114
39 119
39 134
39 143
39 145
39 146
39 150
39 151
39 155
39 156
40 44
40 49
40 52
40 54
40 56
40 60
40 64
40 65
40 67
40 71
40 72
40 73
40 79
40 80
40 85
40 87
40 90
40 91
40 94
40 99
40 100
40 102
40 103
40 104
40 106
40 108
40 112
40 113
40 119
40 128
40 133
40 135
40 141
40 145
40 146
40 147
40 151
40 153
40 157
41 56
41 65
41 67
41 77
41 116
41 119
41 128
41 129
41 130
41 138
41 142
41 146
41 152
42 43
42 46
42 47
42 51
42 52
42 56
42 58
42 61
42 63
42 64
42 66
42 67
42 69
42 70
42 72
42 75
42 83
42 89
42 91
42 95
42 106
42 108
42 127
42 131
42 132
42 141
42 154
42 156
42 160
43 47
43 49
43 55
43 64
43 75
43 79
43 83
43 88
43 89
43 97
43 102
43 104
43 109
43 111
43 112
43 113
43 118
43 122
43 125
43 126
43 130
43 131
43 133
43 145
43 152
43 156
44 51
44 56
44 62
44 63
44 68
44 74
44 80
44 85
44 94
44 97
44 104
44 107
44 108
44 111
44 112
44 113
44 114
44 132
44 133
44 138
44 139
44 147
44 150
44 151
44 154
44 158
45 46
45 50
45 54
45 58
45 61
45 62
45 63
45 66
45 67
45 68
45 69
45 75
45 79
45 80
45 84
45 85
45 87
45 94
45 95
45 99
45 101
45 102
45 108
45 113
45 114
45 120
45 128
45 130
45 133
45 134
45 141
45 145
45 146
45 148
45 152
45 153
45 156
46 49
46 50
46 53
46 57
46 61
46 62
46 70
46 74
46 75
46 79
46 81
46 89
46 94
46 98
46 105
46 106
46 108
46 110
46 115
46 135
46 136
46 139
46 141
46 142
46 154
47 56
47 59
47 64
47 75
47 95
47 125
47 137
47 138
47 154
47 158
48 50
48 51
48 52
48 55
48 56
48 58
48 71
48 75
48 77
48 89
48 97
48 111
48 114
48 133
48 134
48 136
48 139
48 147
48 151
48 157
49 50
49 51
49 52
49 54
49 55
49 60
49 63
49 65
49 66
49 70
49 71
49 74
49 75
49 79
49 81
49 91
49 100
49 101
49 102
49 108
49 110
49 111
49 112
49 116
49 117
49 119
49 129
49 135
49 141
49 146
49 153
49 159
49 160
49 161
50 54
50 57
50 65
50 67
50 72
50 79
50 85
50 87
50 90
50 92
50 100
50 103
50 109
50 112
50 118
50 121
50 125
50 126
50 127
50 133
50 134
50 137
50 138
50 139
50 140
50 142
50 143
50 147
50 149
50 151
50 152
50 155
50 160
51 58
51 59
51 61
51 65
51 66
51 68
51 71
51 74
51 75
51 78
51 80
51 87
51 93
51 94
51 98
51 100
51 103
51 104
51 105
51 106
51 111
51 112
51 115
51 117
51 121
51 125
51 130
51 133
51 135
51 136
51 137
51 141
51 143
51 145
51 146
51 147
51 151
51 153
52 58
52 64
52 67
52 80
52 81
52 86
52 87
52 89
52 92
52 94
52 97
52 103
52 108
52 111
52 115
52 120
52 122
52 126
52 132
52 139
52 147
52 148
52 149
52 150
52 152
52 156
52 159
52 161
53 54
53 56
53 58
53 59
53 64
53 66
53 74
53 84
53 85
53 92
53 106
53 109
53 121
53 132
53 134
53 142
53 147
53 152
53 161
54 59
54 62
54 64
54 65
54 72
54 81
54 82
54 84
54 85
54 89
54 92
54 99
54 101
54 106
54 108
54 109
54 113
54 115
54 129
54 131
54 132
54 133
54 134
54 138
54 139
54 142
54 147
54 149
54 151
54 152
54 153
54 158
54 161
55 57
55 62
55 65
55 66
55 74
55 81
55 84
55 86
55 87
55 88
55 97
55 99
55 103
55 110
55 113
55 115
55 116
55 117
55 118
55 119
55 125
55 129
55 131
55 133
55 140
55 143
55 145
55 147
55 152
55 157
55 159
55 161
56 60
56 61
56 68
56 69
56 73
56 74
56 84
56 88
56 89
56 95
56 97
56 101
56 102
56 105
56 107
56 108
56 110
56 113
56 117
56 125
56 129
56 132
56 133
56 137
56 138
56 141
56 142
56 147
56 151
56 153
56 158
56 161
57 59
57 65
57 71
57 77
57 83
57 84
57 85
57 86
57 93
57 97
57 98
57 102
57 111
57 114
57 119
57 125
57 134
57 154
58 67
58 70
58 72
58 74
58 91
58 96
58 99
58 105
58 106
58 107
58 108
58 109
58 110
58 112
58 116
58 117
58 118
58 120
58 126
58 128
58 132
58 135
58 137
58 138
58 151
58 153
58 155
58 157
58 159
58 160
58 161
59 65
59 67
59 68
59 73
59 74
59 75
59 83
59 88
59 94
59 98
59 104
59 108
59 109
59 111
59 114
59 115
59 118
59 124
59 126
59 128
59 131
59 135
59 137
59 138
59 151
59 158
60 71
60 82
60 89
60 98
60 106
60 112
60 127
60 131
60 138
60 146
60 152
60 158
61 67
61 71
61 76
61 81
61 87
61 89
61 93
61 99
61 102
61 103
61 105
61 109
61 113
61 125
61 150
61 151
61 156
61 157
62 75
62 77
62 79
62 94
62 102
62 106
62 109
62 117
62 118
62 129
62 131
62 133
62 140
62 141
62 147
62 158
62 159
62 160
63 68
63 100
63 103
63 105
63 108
63 112
63 113
63 114
63 117
63 118
63 120
63 126
63 131
63 135
63 138
63 141
63 144
63 147
63 149
63 153
63 157
64 65
64 67
64 68
64 69
64 79
64 80
64 83
64 84
64 89
64 92
64 93
64 97
64 103
64 108
64 111
64 114
64 115
64 116
64 117
64 119
64 121
64 124
64 127
64 128
64 129
64 131
64 133
64 135
64 137
64 142
64 147
64 151
64 157
64 158
65 66
65 69
65 71
65 72
65 74
65 77
65 80
65 87
65 89
65 91
65 94
65 99
65 101
65 105
65 109
65 111
65 113
65 114
65 115
65 116
65 120
65 122
65 125
65 129
65 134
65 135
65 136
65 137
65 138
65 141
65 145
65 149
65 152
65 154
65 158
65 159
65 160
66 70
66 74
66 85
66 86
66 89
66 93
66 94
66 99
66 110
66 113
66 115
66 117
66 118
66 119
66 129
66 131
66 134
66 135
66 137
66 138
66 139
66 141
66 143
66 144
66 149
67 68
67 69
67 75
67 77
67 85
67 89
67 91
67 100
67 101
67 106
67 108
67 114
67 115
67 128
67 136
67 143
67 149
67 152
67 154
67 155
67 161
68 72
68 73
68 84
68 85
68 87
68 88
68 92
68 94
68 98
68 102
68 106
68 108
68 109
68 113
68 116
68 118
68 121
68 129
68 133
68 135
68 136
68 139
68 149
68 151
68 152
68 153
68 154
68 156
68 159
69 70
69 73
69 85
69 87
69 88
69 96
69 97
69 98
69 100
69 101
69 103
69 105
69 108
69 109
69 113
69 117
69 125
69 127
69 129
69 132
69 133
69 134
69 138
69 141
69 147
69 149
69 151
69 152
69 157
70 71
70 77
70 79
70 84
70 87
70 91
70 94
70 100
70 102
70 106
70 108
70 109
70 110
70 115
70 119
70 120
70 124
70 125
70 133
70 141
70 152
70 154
70 157
70 158
71 72
71 74
71 82
71 83
71 94
71 95
71 101
71 104
71 106
71 107
71 108
71 114
71 119
71 125
71 129
71 130
71 131
71 132
71 134
71 135
71 139
71 146
71 150
71 151
71 152
71 154
71 157
71 158
72 74
72 75
72 79
72 85
72 89
72 92
72 94
72 98
72 105
72 106
72 109
72 110
72 113
72 114
72 117
72 122
72 125
72 131
72 133
72 134
72 138
72 139
72 140
72 144
72 145
72 153
72 159
72 160
72 161
73 74
73 79
73 80
73 85
73 86
73 89
73 91
73 96
73 97
73 102
73 103
73 105
73 109
73 111
73 113
73 118
73 119
73 125
73 128
73 133
73 134
73 136
73 137
73 139
73 142
73 150
73 152
73 153
73 157
73 159
74 75
74 79
74 81
74 83
74 86
74 91
74 93
74 95
74 98
74 102
74 106
74 107
74 109
74 112
74 117
74 120
74 122
74 129
74 131
74 134
74 137
74 147
74 150
74 157
74 158
74 159
75 84
75 88
75 89
75 94
75 97
75 98
75 99
75 100
75 101
75 103
75 106
75 107
75 109
75 112
75 113
75 114
75 115
75 126
75 129
75 130
75 133
75 137
75 142
75 152
75 153
75 158
76 84
76 87
76 93
76 100
76 116
76 134
77 84
77 85
77 89
77 92
77 94
77 95
77 106
77 114
77 117
77 119
77 129
77 132
77 136
77 141
77 142
77 143
77 147
77 151
77 152
77 158
77 159
78 102
78 137
78 159
79 80
79 85
79 87
79 91
79 93
79 96
79 101
79 105
79 107
79 109
79 114
79 115
79 127
79 129
79 131
79 133
79 134
79 136
79 138
79 139
79 142
79 151
79 153
79 161
80 84
80 102
80 103
80 105
80 109
80 110
80 120
80 121
80 126
80 133
80 135
80 136
80 137
80 145
80 152
80 158
80 160
81 88
81 95
81 108
81 158
81 159
81 161
82 84
82 88
82 94
82 95
82 97
82 101
82 106
82 115
82 120
82 125
82 131
82 135
82 138
82 147
82 150
82 160
83 97
83 100
83 101
83 102
83 105
83 108
83 110
83 112
83 113
83 115
83 131
83 143
83 151
84 94
84 96
84 97
84 98
84 103
84 105
84 108
84 117
84 118
84 129
84 131
84 133
84 137
84 141
84 143
84 149
84 150
84 151
84 152
84 158
85 96
85 101
85 102
85 105
85 111
85 113
85 115
85 116
85 124
85 130
85 137
85 142
85 146
85 147
85 153
86 88
86 89
86 104
86 116
86 117
86 138
87 93
87 96
87 101
87 106
87 116
87 117
87 123
87 127
87 129
87 131
87 134
87 136
87 139
87 143
87 152
87 153
87 160
87 161
88 90
88 98
88 107
88 108
88 115
88 122
88 129
88 134
88 135
88 137
88 141
88 142
88 143
88 149
88 157
88 160
88 161
89 94
89 97
89 98
89 101
89 103
89 111
89 118
89 119
89 122
89 125
89 129
89 131
89 132
89 133
89 135
89 142
89 146
89 147
89 151
89 152
89 155
89 157
90 94
90 102
90 107
90 113
90 116
90 126
90 127
90 131
90 134
90 138
90 139
90 143
90 147
90 149
90 150
91 96
91 99
91 103
91 112
91 114
91 115
91 116
91 125
91 132
91 133
91 137
91 140
91 149
91 154
91 158
91 160
92 94
92 97
92 98
92 100
92 102
92 112
92 118
92 152
93 97
93 102
93 104
93 106
93 112
93 114
93 117
93 118
93 126
93 134
93 137
93 145
93 155
93 158
93 159
94 95
94 96
94 97
94 99
94 106
94 107
94 108
94 111
94 114
94 131
94 133
94 135
94 138
94 142
94 146
94 150
94 151
94 152
94 157
94 158
94 160
94 161
95 97
95 102
95 108
95 111
95 130
95 143
96 101
96 105
96 125
96 145
96 157
96 161
97 100
97 103
97 109
97 111
97 115
97 118
97 126
97 127
97 129
97 131
97 133
97 141
97 147
97 149
97 150
97 151
97 152
97 154
97 160
97 161
98 101
98 108
98 109
98 111
98 114
98 117
98 120
98 125
98 127
98 128
98 129
98 136
98 142
98 146
98 149
98 157
99 101
99 102
99 108
99 109
99 116
99 128
99 129
99 131
99 135
99 136
99 137
99 142
99 143
99 146
99 149
100 101
100 103
100 117
100 126
100 131
100 136
100 138
100 140
100 141
100 145
100 146
100 152
101 103
101 104
101 106
101 107
101 110
101 111
101 115
101 125
101 129
101 131
101 133
101 134
101 135
101 138
101 140
101 141
101 142
101 148
101 149
101 153
101 158
101 160
102 105
102 110
102 111
102 115
102 116
102 119
102 125
102 126
102 130
102 133
102 136
102 141
102 145
102 147
102 152
102 153
102 157
102 158
102 160
103 106
103 108
103 109
103 121
103 125
103 134
103 138
103 141
103 144
103 149
103 151
104 127
104 134
104 144
104 151
104 153
104 154
105 106
105 107
105 109
105 113
105 114
105 117
105 118
105 122
105 123
105 128
105 131
105 132
105 134
105 137
105 138
105 144
105 147
105 158
105 160
105 161
106 109
106 110
106 113
106 114
106 115
106 117
106 118
106 122
106 124
106 125
106 126
106 128
106 130
106 131
106 138
106 142
106 145
106 147
106 157
107 109
107 114
107 116
107 119
107 128
107 133
107 135
107 136
107 137
107 138
107 139
107 142
107 146
107 152
107 157
108 109
108 110
108 111
108 113
108 115
108 118
108 129
108 133
108 137
108 138
108 142
108 159
109 115
109 117
109 120
109 128
109 133
109 134
109 137
109 143
109 151
109 154
109 159
109 160
110 143
110 153
110 154
110 156
110 158
111 117
111 118
111 119
111 121
111 133
111 134
111 135
111 138
111 141
111 142
111 147
111 151
111 154
111 157
111 159
112 114
112 121
112 124
112 128
112 131
112 132
112 139
112 140
112 141
112 142
112 143
112 146
112 150
112 152
112 154
112 158
113 117
113 121
113 122
113 125
113 131
113 138
113 141
113 142
113 143
113 145
113 146
113 152
113 161
114 115
114 117
114 118
114 121
114 124
114 129
114 136
114 137
114 142
114 153
114 154
114 158
115 116
115 126
115 132
115 134
115 135
115 137
115 146
115 149
115 151
115 152
115 158
115 160
115 161
116 125
116 133
116 137
116 152
116 159
117 118
117 124
117 128
117 132
117 135
117 136
117 138
117 139
117 143
117 144
117 145
117 146
117 151
117 152
117 157
117 158
117 160
118 124
118 125
118 129
118 131
118 133
118 135
118 137
118 143
118 145
118 147
118 151
118 153
118 155
118 156
118 157
119 129
119 148
120 121
120 128
120 138
120 154
121 134
121 136
121 138
122 145
122 160
123 128
123 131
123 152
123 161
124 140
124 151
124 153
124 161
125 132
125 136
125 141
125 142
125 143
125 152
125 154
125 157
125 158
126 138
126 141
126 154
126 161
127 131
127 134
127 138
127 146
128 138
128 142
128 147
128 155
128 158
129 133
129 135
129 138
129 141
129 149
129 150
129 151
129 157
129 160
130 135
130 136
130 141
130 155
130 160
131 133
131 134
131 138
131 142
131 149
131 150
131 153
131 154
132 141
132 142
132 156
133 134
133 135
133 137
133 138
133 143
133 145
133 146
133 154
134 139
134 143
134 146
134 147
134 157
134 159
134 160
134 161
135 136
135 142
135 147
135 149
135 151
135 152
135 159
135 160
135 161
136 139
136 146
136 151
136 153
136 156
136 157
136 158
137 138
137 141
137 142
137 143
137 145
137 146
137 147
137 152
137 154
137 159
138 139
138 141
138 151
138 152
138 157
138 158
139 146
139 149
139 154
139 158
140 144
140 146
141 142
141 146
141 151
141 156
142 147
142 154
142 157
142 158
143 158
145 146
145 147
145 160
146 148
146 149
146 154
146 161
147 149
147 154
147 157
147 161
148 161
149 150
149 151
149 153
149 161
150 157
150 158
151 152
151 154
151 155
151 160
152 153
152 158
153 157
153 159
154 155
154 159
154 161
155 158
156 159
157 159
157 160
158 159
158 161
