0 2
0 9
0 10
0 14
0 17
0 26
0 35
0 39
0 40
0 42
0 44
0 48
0 51
0 52
0 55
0 65
0 66
0 71
0 73
0 75
0 81
0 94
0 101
0 104
0 109
0 111
0 112
0 113
0 115
0 116
0 131
0 132
0 135
0 136
0 137
0 143
0 150
0 153
0 154
1 3
1 11
1 12
1 13
1 30
1 34
1 43
1 49
1 54
1 61
1 63
1 70
1 71
1 72
1 84
1 87
1 88
1 89
1 94
1 100
1 103
1 108
1 114
1 115
1 132
1 134
1 135
1 136
1 139
1 147
1 149
1 153
1 154
1 156
1 158
1 159
1 161
2 7
2 34
2 48
2 51
2 55
2 63
2 68
2 70
2 72
2 74
2 75
2 77
2 97
2 101
2 102
2 104
2 114
2 133
2 135
2 142
2 143
2 153
2 154
2 159
3 5
3 6
3 10
3 15
3 21
3 25
3 26
3 30
3 34
3 35
3 40
3 45
3 47
3 55
3 68
3 69
3 72
3 87
3 93
3 97
3 101
3 113
3 116
3 129
3 133
3 135
3 139
3 150
3 151
3 153
3 154
3 158
3 161
4 5
4 6
4 7
4 9
4 19
4 20
4 21
4 32
4 35
4 36
4 38
4 39
4 40
4 43
4 45
4 49
4 51
4 61
4 63
4 67
4 68
4 73
4 75
4 79
4 82
4 85
4 87
4 90
4 92
4 93
4 95
4 101
4 106
4 112
4 114
4 115
4 117
4 120
4 130
4 131
4 133
4 134
4 137
4 138
4 139
4 145
4 147
4 149
4 151
4 152
4 153
4 156
4 157
4 158
5 12
5 24
5 65
5 98
5 112
5 146
6 9
6 10
6 11
6 14
6 16
6 19
6 20
6 24
6 26
6 34
6 35
6 40
6 42
6 43
6 49
6 50
6 54
6 55
6 60
6 61
6 64
6 65
6 69
6 71
6 72
6 79
6 80
6 85
6 86
6 88
6 91
6 93
6 96
6 97
6 98
6 102
6 103
6 104
6 105
6 107
6 108
6 112
6 115
6 117
6 118
6 121
6 124
6 129
6 134
6 136
6 141
6 145
6 153
6 161
7 9
7 10
7 11
7 14
7 19
7 20
7 26
7 29
7 30
7 34
7 37
7 44
7 49
7 50
7 53
7 54
7 55
7 56
7 58
7 59
7 61
7 65
7 66
7 67
7 69
7 70
7 74
7 75
7 80
7 82
7 85
7 89
7 90
7 96
7 98
7 101
7 106
7 114
7 115
7 117
7 118
7 125
7 126
7 129
7 131
7 132
7 133
7 145
7 146
7 148
7 150
7 151
7 153
7 157
7 160
8 22
8 23
8 32
8 39
8 40
8 103
8 113
8 131
8 133
8 134
8 142
8 158
9 10
9 12
9 14
9 26
9 31
9 32
9 40
9 44
9 46
9 48
9 51
9 52
9 54
9 55
9 56
9 58
9 63
9 64
9 67
9 70
9 73
9 88
9 90
9 94
9 97
9 101
9 102
9 138
9 141
9 142
9 143
9 152
9 156
9 157
9 160
10 12
10 13
10 14
10 26
10 32
10 51
10 55
10 56
10 62
10 63
10 66
10 67
10 70
10 77
10 87
10 89
10 93
10 101
10 102
10 105
10 106
10 110
10 112
10 115
10 122
10 123
10 128
10 131
10 136
10 138
10 142
10 149
10 154
10 155
10 158
10 160
10 161
11 12
11 15
11 19
11 20
11 21
11 24
11 31
11 36
11 43
11 44
11 46
11 51
11 54
11 55
11 58
11 59
11 63
11 64
11 67
11 68
11 69
11 72
11 79
11 80
11 92
11 99
11 100
11 101
11 113
11 115
11 117
11 119
11 128
11 133
11 135
11 136
11 137
11 139
11 147
11 154
11 157
11 161
12 14
12 29
12 36
12 40
12 43
12 47
12 49
12 63
12 68
12 70
12 73
12 74
12 79
12 82
12 84
12 94
12 95
12 112
12 113
12 137
12 139
12 146
12 147
12 157
12 158
12 160
13 42
13 53
13 58
13 64
13 71
13 77
13 84
13 88
13 112
13 118
13 126
13 134
13 145
13 151
13 152
13 157
13 158
14 15
14 16
14 19
14 21
14 23
14 26
14 32
14 35
14 36
14 38
14 40
14 42
14 45
14 51
14 52
14 53
14 54
14 56
14 60
14 61
14 64
14 68
14 71
14 72
14 74
14 75
14 80
14 82
14 85
14 91
14 93
14 94
14 100
14 101
14 103
14 107
14 110
14 111
14 113
14 116
14 129
14 135
14 137
14 142
14 145
14 149
14 150
14 158
14 160
15 17
15 20
15 21
15 23
15 24
15 25
15 30
15 34
15 40
15 49
15 51
15 58
15 59
15 62
15 64
15 65
15 66
15 70
15 73
15 74
15 75
15 77
15 84
15 87
15 94
15 100
15 102
15 106
15 115
15 133
15 138
15 139
15 145
15 151
15 152
15 153
16 21
16 26
16 31
16 32
16 47
16 60
16 64
16 68
16 89
16 105
16 107
16 108
16 109
16 110
16 113
16 115
16 130
16 133
16 146
16 152
16 153
16 157
16 158
16 159
17 23
17 32
17 35
17 44
17 46
17 56
17 58
17 65
17 67
17 84
17 94
17 109
17 112
17 130
17 153
17 154
18 19
18 20
18 23
18 24
18 32
18 36
18 38
18 42
18 43
18 49
18 57
18 61
18 63
18 64
18 66
18 72
18 74
18 77
18 88
18 89
18 91
18 97
18 101
18 102
18 106
18 108
18 109
18 114
18 119
18 123
18 131
18 135
18 138
18 139
18 150
18 152
18 154
18 156
18 157
18 159
18 160
19 24
19 26
19 30
19 35
19 36
19 42
19 44
19 45
19 56
19 58
19 63
19 67
19 68
19 69
19 74
19 75
19 77
19 79
19 89
19 90
19 94
19 97
19 106
19 107
19 112
19 113
19 125
19 131
19 133
19 145
19 146
19 149
19 152
19 160
19 161
20 21
20 30
20 31
20 32
20 38
20 40
20 44
20 58
20 63
20 68
20 73
20 83
20 92
20 98
20 105
20 109
20 117
20 125
20 131
20 135
20 141
20 142
20 146
20 149
20 152
21 33
21 40
21 50
21 51
21 53
21 54
21 55
21 58
21 65
21 66
21 67
21 68
21 72
21 75
21 77
21 79
21 85
21 87
21 89
21 91
21 93
21 101
21 104
21 105
21 106
21 108
21 109
21 112
21 115
21 118
21 133
21 134
21 135
21 137
21 142
21 143
21 147
21 149
21 152
21 153
21 154
21 156
21 157
21 158
21 161
22 29
22 35
22 39
22 50
22 51
22 55
22 57
22 61
22 65
22 70
22 72
22 73
22 82
22 87
22 89
22 99
22 113
22 116
22 118
22 123
22 124
22 127
22 149
23 26
23 35
23 40
23 59
23 63
23 64
23 65
23 69
23 71
23 73
23 102
23 103
23 104
23 112
23 115
23 136
23 139
23 145
23 154
23 158
23 161
24 26
24 40
24 41
24 46
24 49
24 55
24 57
24 58
24 60
24 64
24 65
24 68
24 79
24 82
24 86
24 87
24 91
24 109
24 113
24 122
24 125
24 134
24 147
24 153
24 154
24 160
25 30
25 33
25 35
25 51
25 52
25 54
25 55
25 56
25 62
25 72
25 81
25 101
25 102
25 106
25 107
25 111
25 113
25 117
25 118
25 129
25 133
25 134
25 135
25 138
25 139
25 142
25 152
26 28
26 35
26 38
26 42
26 48
26 49
26 51
26 53
26 59
26 64
26 66
26 67
26 69
26 70
26 72
26 73
26 75
26 76
26 77
26 79
26 83
26 84
26 92
26 93
26 94
26 95
26 96
26 103
26 105
26 108
26 113
26 114
26 115
26 116
26 129
26 135
26 137
26 141
26 142
26 145
26 146
26 152
26 153
26 157
26 158
26 161
27 28
27 32
27 52
27 54
27 56
27 65
27 68
27 78
27 79
27 82
27 84
27 86
27 100
27 102
27 147
27 148
28 30
28 36
28 47
28 51
28 56
28 61
28 74
28 76
28 77
28 79
28 94
28 99
28 100
28 113
28 117
28 138
28 142
28 154
29 33
29 55
29 56
29 64
29 65
29 70
29 71
29 76
29 82
29 107
29 108
29 117
29 129
29 131
29 152
30 34
30 35
30 37
30 38
30 40
30 42
30 43
30 44
30 45
30 49
30 50
30 51
30 52
30 53
30 57
30 63
30 65
30 67
30 72
30 77
30 82
30 84
30 91
30 94
30 95
30 97
30 102
30 103
30 110
30 117
30 124
30 126
30 127
30 134
30 137
30 142
30 145
30 146
30 151
30 152
30 156
30 158
30 159
30 161
31 35
31 36
31 39
31 40
31 45
31 48
31 49
31 51
31 53
31 54
31 58
31 59
31 61
31 69
31 79
31 102
31 103
31 105
31 108
31 113
31 114
31 117
31 118
31 119
31 123
31 134
31 137
31 138
31 139
31 142
31 143
31 147
31 148
31 151
31 152
31 153
31 155
31 157
31 158
31 161
32 34
32 36
32 38
32 42
32 43
32 51
32 56
32 59
32 62
32 63
32 65
32 66
32 67
32 68
32 71
32 77
32 100
32 102
32 107
32 109
32 111
32 113
32 116
32 119
32 120
32 126
32 127
32 131
32 138
32 139
32 141
32 145
32 146
32 147
32 152
32 153
32 161
33 34
33 35
33 43
33 47
33 61
33 72
33 79
33 108
33 117
33 121
33 136
33 146
33 152
33 157
34 43
34 45
34 51
34 54
34 58
34 70
34 77
34 79
34 82
34 86
34 89
34 93
34 108
34 110
34 119
34 127
34 133
34 134
34 138
34 149
34 157
35 36
35 40
35 41
35 43
35 45
35 48
35 51
35 57
35 58
35 63
35 66
35 79
35 80
35 86
35 91
35 92
35 93
35 97
35 100
35 101
35 105
35 106
35 108
35 112
35 113
35 123
35 129
35 131
35 132
35 134
35 135
35 143
35 144
35 146
35 151
35 152
35 153
35 155
35 159
36 37
36 38
36 40
36 43
36 45
36 54
36 55
36 58
36 68
36 70
36 74
36 79
36 84
36 89
36 97
36 99
36 108
36 112
36 115
36 122
36 125
36 129
36 133
36 140
36 141
36 142
36 145
36 147
37 43
37 84
37 97
37 102
37 108
37 109
37 112
37 114
37 115
37 118
37 135
37 142
37 151
37 158
38 42
38 43
38 45
38 64
38 71
38 77
38 80
38 84
38 88
38 91
38 93
38 94
38 97
38 100
38 101
38 102
38 114
38 115
38 116
38 123
38 126
38 129
38 135
38 140
38 143
38 144
38 145
38 147
38 154
38 157
38 161
39 40
39 54
39 58
39 61
39 65
39 66
39 68
39 77
39 89
39 92
39 97
39 98
39 100
39 110
39 115
39 118
39 133
39 135
39 142
39 145
39 146
39 149
39 154
39 157
39 159
39 161
40 44
40 46
40 49
40 50
40 51
40 57
40 61
40 64
40 67
40 70
40 73
40 77
40 79
40 81
40 82
40 83
40 86
40 87
40 89
40 91
40 92
40 94
40 97
40 99
40 106
40 112
40 115
40 124
40 125
40 129
40 131
40 134
40 137
40 138
40 143
40 146
40 151
40 153
40 155
40 159
41 43
41 46
41 65
41 67
41 69
41 71
41 74
41 88
41 91
41 96
41 99
41 101
41 103
41 108
41 112
41 128
41 147
41 152
41 154
42 43
42 47
42 53
42 69
42 72
42 88
42 89
42 91
42 94
42 99
42 106
42 108
42 109
42 110
42 113
42 114
42 116
42 117
42 131
42 133
42 137
42 145
42 158
42 159
42 160
43 49
43 52
43 61
43 65
43 67
43 68
43 72
43 73
43 80
43 86
43 89
43 94
43 98
43 102
43 108
43 116
43 119
43 125
43 126
43 130
43 131
43 133
43 142
43 143
43 147
43 149
43 151
43 152
43 159
44 48
44 49
44 51
44 52
44 56
44 58
44 61
44 62
44 66
44 67
44 71
44 74
44 77
44 79
44 84
44 87
44 88
44 90
44 102
44 108
44 111
44 118
44 119
44 135
44 138
44 142
44 147
44 153
44 154
44 160
44 161
45 63
45 72
45 73
45 74
45 82
45 87
45 88
45 95
45 97
45 104
45 105
45 106
45 111
45 115
45 116
45 130
45 131
45 133
45 138
45 142
45 152
45 161
46 59
46 63
46 69
46 70
46 72
46 75
46 77
46 80
46 89
46 100
46 108
46 113
46 115
46 118
46 119
46 125
46 129
46 135
46 151
46 159
47 61
47 63
47 75
47 101
47 115
48 52
48 62
48 64
48 65
48 67
48 89
48 106
48 108
48 112
48 113
48 126
48 132
48 133
48 137
48 145
49 51
49 55
49 56
49 57
49 60
49 63
49 66
49 71
49 72
49 73
49 84
49 87
49 88
49 90
49 93
49 96
49 98
49 100
49 101
49 102
49 108
49 110
49 112
49 114
49 118
49 121
49 129
49 131
49 133
49 134
49 137
49 139
49 143
49 149
49 152
49 157
49 158
50 57
50 58
50 59
50 66
50 68
50 71
50 72
50 74
50 79
50 96
50 101
50 102
50 106
50 108
50 112
50 113
50 116
50 117
50 118
50 125
50 126
50 131
50 137
50 142
50 143
50 144
50 146
50 153
50 158
51 55
51 56
51 57
51 58
51 64
51 67
51 69
51 70
51 72
51 75
51 80
51 91
51 97
51 98
51 99
51 100
51 102
51 103
51 107
51 108
51 109
51 110
51 112
51 113
51 114
51 134
51 137
51 138
51 140
51 142
51 144
51 146
51 148
51 149
51 151
51 152
51 158
51 159
51 160
51 161
52 54
52 56
52 63
52 64
52 65
52 66
52 68
52 69
52 72
52 74
52 79
52 87
52 96
52 97
52 99
52 105
52 109
52 117
52 133
52 136
52 148
52 151
53 57
53 64
53 68
53 70
53 73
53 75
53 97
53 100
53 102
53 103
53 111
53 122
53 125
53 129
53 131
53 133
53 136
53 139
53 152
53 159
53 161
54 55
54 59
54 63
54 65
54 68
54 69
54 74
54 76
54 83
54 85
54 87
54 89
54 92
54 94
54 99
54 100
54 103
54 104
54 106
54 107
54 110
54 114
54 115
54 122
54 126
54 127
54 129
54 133
54 134
54 135
54 138
54 142
54 143
54 145
54 146
54 148
54 152
54 153
54 158
54 159
55 56
55 61
55 67
55 69
55 87
55 89
55 97
55 98
55 101
55 106
55 114
55 117
55 118
55 119
55 122
55 125
55 126
55 130
55 136
55 137
55 138
55 151
55 152
55 154
55 161
56 58
56 77
56 84
56 87
56 89
56 94
56 100
56 101
56 102
56 103
56 105
56 109
56 110
56 116
56 117
56 132
56 135
56 137
56 146
56 149
56 151
56 152
56 154
56 160
57 70
57 71
57 75
57 84
57 86
57 94
57 105
57 112
57 114
57 115
57 131
57 134
57 136
58 60
58 64
58 65
58 74
58 84
58 90
58 91
58 100
58 104
58 108
58 112
58 114
58 116
58 117
58 129
58 133
58 134
58 135
58 141
58 142
58 146
58 149
58 157
58 158
58 159
59 62
59 63
59 70
59 72
59 73
59 79
59 89
59 90
59 94
59 95
59 97
59 99
59 102
59 110
59 112
59 119
59 134
59 147
59 152
59 154
59 160
60 84
60 90
60 96
60 106
60 126
60 132
60 147
60 159
61 62
61 63
61 65
61 71
61 74
61 77
61 84
61 89
61 91
61 94
61 95
61 98
61 99
61 108
61 110
61 129
61 137
61 147
61 151
61 153
61 154
61 159
62 71
62 73
62 74
62 85
62 87
62 91
62 92
62 95
62 105
62 108
62 124
62 126
62 136
62 137
62 141
62 147
62 158
63 64
63 68
63 70
63 72
63 75
63 77
63 79
63 83
63 97
63 98
63 99
63 102
63 103
63 106
63 112
63 113
63 114
63 115
63 117
63 119
63 121
63 125
63 131
63 135
63 137
63 143
63 147
63 149
63 151
63 152
63 153
63 154
64 69
64 71
64 73
64 84
64 88
64 89
64 90
64 91
64 92
64 97
64 99
64 100
64 102
64 108
64 113
64 114
64 115
64 117
64 124
64 128
64 130
64 134
64 144
64 145
64 147
64 149
64 152
64 153
64 157
64 159
65 66
65 70
65 74
65 84
65 87
65 93
65 97
65 101
65 105
65 110
65 114
65 115
65 116
65 117
65 118
65 119
65 124
65 126
65 129
65 132
65 138
65 141
65 147
65 149
65 152
65 159
65 160
66 68
66 70
66 72
66 77
66 81
66 88
66 101
66 103
66 111
66 113
66 114
66 117
66 130
66 131
66 138
66 140
66 143
66 145
66 154
66 158
67 71
67 72
67 84
67 96
67 106
67 114
67 115
67 125
67 129
67 131
67 133
67 134
67 135
67 137
67 139
67 140
67 141
67 142
67 143
67 154
67 157
67 160
68 69
68 72
68 73
68 74
68 79
68 82
68 84
68 88
68 92
68 94
68 96
68 97
68 99
68 100
68 101
68 104
68 105
68 107
68 109
68 112
68 113
68 117
68 121
68 129
68 130
68 131
68 134
68 142
68 145
68 149
68 154
68 158
68 161
69 71
69 72
69 74
69 77
69 79
69 83
69 87
69 89
69 91
69 92
69 99
69 101
69 102
69 103
69 105
69 111
69 112
69 114
69 118
69 119
69 126
69 128
69 129
69 131
69 133
69 134
69 135
69 139
69 141
69 152
69 154
69 156
69 158
69 160
70 77
70 79
70 82
70 93
70 94
70 96
70 99
70 103
70 104
70 109
70 110
70 113
70 115
70 118
70 125
70 126
70 127
70 128
70 129
70 133
70 136
70 139
70 141
70 149
70 150
70 153
70 154
70 155
71 72
71 73
71 80
71 84
71 86
71 87
71 89
71 90
71 91
71 93
71 103
71 106
71 108
71 109
71 110
71 111
71 116
71 118
71 125
71 131
71 135
71 138
71 142
71 151
71 152
71 154
71 157
71 160
72 74
72 80
72 85
72 88
72 92
72 94
72 99
72 107
72 110
72 111
72 123
72 129
72 134
72 141
72 145
72 146
72 147
72 148
73 75
73 79
73 80
73 83
73 84
73 87
73 90
73 94
73 102
73 110
73 117
73 118
73 124
73 125
73 133
73 134
73 135
73 137
73 141
73 149
73 151
73 152
73 159
73 161
74 79
74 85
74 93
74 99
74 103
74 104
74 105
74 106
74 108
74 110
74 111
74 115
74 118
74 129
74 131
74 137
74 139
74 148
74 149
74 152
74 154
74 156
74 159
75 79
75 83
75 84
75 101
75 106
75 108
75 112
75 115
75 125
75 129
75 138
75 152
75 157
76 88
76 99
76 135
76 141
76 152
76 160
76 161
77 79
77 84
77 85
77 89
77 94
77 100
77 106
77 114
77 116
77 117
77 118
77 125
77 135
77 141
77 145
77 147
77 152
77 153
77 154
77 158
78 99
78 105
78 129
78 130
78 146
79 80
79 81
79 84
79 89
79 91
79 93
79 95
79 97
79 98
79 100
79 105
79 106
79 110
79 111
79 116
79 118
79 123
79 126
79 129
79 130
79 135
79 137
79 147
79 158
79 161
80 84
80 86
80 91
80 101
80 102
80 103
80 104
80 108
80 113
80 114
80 115
80 118
80 122
80 125
80 129
80 137
80 142
80 145
80 149
80 152
80 157
80 161
81 91
81 93
81 115
81 118
81 127
81 133
81 141
81 153
81 159
82 94
82 102
82 109
82 150
82 151
82 152
82 155
83 87
83 89
83 94
83 104
83 110
83 112
83 118
83 134
83 142
83 155
83 157
84 85
84 87
84 95
84 98
84 99
84 103
84 106
84 109
84 112
84 114
84 121
84 122
84 125
84 129
84 131
84 133
84 134
84 137
84 141
84 142
84 146
84 156
84 157
84 160
85 89
85 98
85 101
85 102
85 106
85 134
85 143
85 154
85 157
85 161
86 91
86 97
86 101
86 103
86 109
86 111
86 113
86 123
86 128
86 130
86 135
86 148
87 89
87 94
87 97
87 98
87 102
87 103
87 106
87 107
87 108
87 114
87 118
87 134
87 135
87 137
87 142
87 147
87 149
87 152
87 153
87 154
88 94
88 101
88 102
88 106
88 109
88 111
88 117
88 121
88 122
88 127
88 152
88 154
88 157
88 158
88 160
89 91
89 99
89 101
89 102
89 104
89 105
89 106
89 109
89 112
89 113
89 117
89 118
89 125
89 133
89 134
89 135
89 142
89 145
89 151
89 152
89 154
89 156
89 157
89 158
89 159
90 103
90 105
90 107
90 108
90 117
90 118
90 121
90 132
90 135
90 138
90 140
90 150
90 158
91 92
91 93
91 97
91 101
91 102
91 106
91 109
91 117
91 121
91 129
91 130
91 138
91 149
91 151
91 157
91 158
92 100
92 129
92 131
92 152
93 99
93 102
93 106
93 107
93 111
93 117
93 126
93 141
93 142
93 145
93 152
93 157
93 158
94 102
94 103
94 105
94 106
94 108
94 110
94 112
94 113
94 114
94 116
94 117
94 122
94 125
94 127
94 129
94 131
94 145
94 151
94 153
94 155
94 157
94 158
94 160
95 98
95 106
95 111
95 117
95 133
95 140
95 147
95 159
95 161
96 107
96 112
96 114
96 135
96 142
96 147
96 150
97 101
97 103
97 105
97 106
97 108
97 114
97 120
97 124
97 135
97 137
97 138
97 139
97 140
97 141
97 145
97 146
97 152
97 153
97 154
97 158
97 160
97 161
98 102
98 103
98 111
98 116
98 117
98 120
98 125
98 127
98 131
98 133
98 140
98 145
98 146
98 152
98 153
98 154
98 158
99 101
99 105
99 107
99 108
99 115
99 116
99 117
99 119
99 125
99 131
99 134
99 139
99 159
100 102
100 105
100 111
100 112
100 114
100 115
100 128
100 131
100 134
100 138
100 139
100 142
100 147
100 153
100 154
100 159
101 104
101 105
101 113
101 115
101 119
101 129
101 132
101 133
101 135
101 136
101 139
101 146
101 150
101 154
102 109
102 116
102 121
102 124
102 126
102 127
102 134
102 135
102 136
102 138
102 143
102 147
102 152
102 153
102 158
102 159
102 161
103 105
103 108
103 109
103 110
103 112
103 114
103 118
103 123
103 125
103 135
103 146
103 151
103 152
103 154
103 158
104 117
104 118
104 119
104 125
104 129
104 143
104 151
104 152
105 111
105 113
105 114
105 125
105 129
105 135
105 138
105 142
105 146
105 147
105 150
105 153
105 156
105 158
105 159
105 160
105 161
106 110
106 112
106 114
106 118
106 120
106 121
106 125
106 127
106 129
106 131
106 132
106 135
106 137
106 144
106 145
106 146
106 147
106 161
107 111
107 112
107 125
107 128
107 134
107 135
107 140
107 142
107 151
107 153
107 160
108 109
108 111
108 119
108 121
108 122
108 129
108 131
108 135
108 136
108 141
108 147
108 154
108 158
108 161
109 110
109 113
109 114
109 115
109 116
109 117
109 121
109 126
109 134
109 137
109 138
109 141
109 151
109 152
109 154
109 156
109 157
109 159
109 160
110 111
110 121
110 125
110 137
110 138
110 144
110 145
110 146
110 149
110 152
110 160
110 161
111 113
111 118
111 124
111 131
111 133
111 134
111 138
111 141
111 142
111 152
111 157
111 158
111 160
111 161
112 113
112 125
112 132
112 138
112 147
112 151
112 154
112 159
112 161
113 114
113 125
113 133
113 134
113 135
113 137
113 138
113 145
113 153
113 154
113 157
113 160
114 117
114 120
114 122
114 134
114 159
115 123
115 125
115 128
115 131
115 134
115 135
115 142
115 151
115 157
115 158
116 117
116 123
116 135
116 145
116 146
116 149
116 160
116 161
117 124
117 125
117 128
117 133
117 136
117 147
117 154
117 155
117 157
117 158
117 159
118 124
118 131
118 132
118 133
118 137
118 138
118 145
118 146
118 147
118 148
118 150
118 154
118 157
118 160
119 131
119 146
120 132
120 135
120 151
121 126
121 127
121 132
121 133
121 157
121 160
122 134
122 139
122 146
122 153
122 158
123 154
123 159
124 150
125 126
125 127
125 128
125 129
125 131
125 133
125 134
125 135
125 138
125 148
125 149
125 152
125 153
125 156
126 146
126 154
126 157
127 129
127 146
127 151
127 153
127 157
127 160
127 161
128 133
128 134
128 143
128 155
128 158
128 160
128 161
129 130
129 131
129 137
129 138
129 141
129 143
129 147
129 149
129 150
129 151
129 152
129 153
129 154
129 155
129 160
130 138
130 159
131 133
131 136
131 137
131 139
131 143
131 149
131 153
131 154
131 155
131 156
131 157
132 133
132 135
132 141
132 147
132 149
132 160
133 134
133 135
133 136
133 138
133 139
133 141
133 150
133 151
133 154
133 158
133 160
133 161
134 135
134 137
134 138
134 142
134 145
134 149
134 151
134 153
134 154
134 158
134 160
135 138
135 141
135 146
135 154
135 158
135 159
136 138
136 139
136 147
137 138
137 139
137 145
137 149
137 150
137 152
138 139
138 144
138 147
138 148
138 149
138 151
139 141
139 142
139 145
139 151
139 154
139 155
139 156
139 157
139 159
140 142
140 149
141 146
141 151
141 157
141 159
141 161
142 143
142 145
142 157
142 160
143 152
143 154
143 158
144 154
145 148
145 149
145 152
145 154
145 158
145 160
146 160
146 161
147 152
147 155
147 157
147 159
147 160
148 158
149 154
149 158
149 161
150 154
150 161
151 152
151 153
151 155
151 156
151 157
151 159
152 153
152 156
152 158
152 160
152 161
153 154
153 158
153 161
155 157
156 161
157 160
157 161
158 159
158 160
159 160
160 161
