0 11
0 14
0 15
0 19
0 26
0 30
0 34
0 35
0 38
0 40
0 44
0 49
0 54
0 58
0 62
0 63
0 70
0 73
0 79
0 80
0 90
0 94
0 96
0 102
0 103
0 108
0 113
0 114
0 116
0 118
0 119
0 122
0 125
0 126
0 154
0 159
1 10
1 13
1 14
1 19
1 20
1 21
1 29
1 32
1 33
1 37
1 39
1 40
1 42
1 48
1 53
1 56
1 58
1 59
1 61
1 67
1 70
1 77
1 91
1 93
1 94
1 102
1 103
1 105
1 112
1 117
1 125
1 126
1 130
1 133
1 135
1 140
1 142
1 150
1 151
1 158
2 4
2 6
2 7
2 9
2 20
2 21
2 22
2 31
2 32
2 36
2 63
2 68
2 69
2 71
2 74
2 80
2 94
2 95
2 102
2 103
2 106
2 109
2 110
2 118
2 125
3 4
3 10
3 12
3 18
3 19
3 22
3 31
3 32
3 33
3 40
3 49
3 51
3 54
3 58
3 61
3 64
3 67
3 71
3 87
3 89
3 91
3 101
3 102
3 103
3 106
3 109
3 110
3 114
3 115
3 117
3 127
3 128
3 142
3 146
3 158
4 10
4 14
4 18
4 19
4 21
4 22
4 23
4 26
4 29
4 30
4 31
4 45
4 46
4 51
4 53
4 58
4 60
4 61
4 63
4 64
4 66
4 67
4 69
4 72
4 79
4 80
4 82
4 84
4 87
4 88
4 91
4 94
4 97
4 101
4 104
4 109
4 111
4 115
4 117
4 118
4 125
4 126
4 137
4 138
4 139
4 145
4 146
4 147
4 151
4 152
4 155
4 157
4 158
4 161
5 43
5 52
5 53
5 55
5 56
5 63
5 71
5 77
5 85
5 89
5 93
5 113
5 121
5 133
5 139
5 150
5 155
5 158
6 9
6 10
6 11
6 12
6 21
6 23
6 25
6 29
6 32
6 33
6 36
6 38
6 40
6 43
6 45
6 48
6 54
6 57
6 59
6 64
6 67
6 69
6 70
6 73
6 74
6 77
6 80
6 85
6 87
6 89
6 90
6 96
6 100
6 101
6 102
6 103
6 106
6 110
6 113
6 114
6 120
6 131
6 134
6 138
6 146
6 147
6 148
6 151
6 153
6 154
7 10
7 14
7 15
7 19
7 32
7 33
7 39
7 40
7 42
7 44
7 46
7 51
7 55
7 57
7 61
7 63
7 69
7 70
7 74
7 77
7 85
7 90
7 91
7 92
7 93
7 103
7 110
7 112
7 113
7 121
7 126
7 131
7 133
7 137
7 138
7 142
7 147
7 149
7 150
7 157
7 160
8 11
8 29
8 35
8 50
8 62
8 65
8 75
8 94
8 102
8 125
8 137
8 143
8 147
8 151
9 10
9 15
9 18
9 19
9 25
9 34
9 35
9 37
9 38
9 40
9 48
9 50
9 56
9 58
9 59
9 67
9 68
9 73
9 76
9 77
9 80
9 82
9 84
9 86
9 87
9 93
9 101
9 106
9 108
9 109
9 112
9 116
9 122
9 125
9 129
9 135
9 143
9 149
9 152
9 161
10 11
10 12
10 20
10 21
10 22
10 23
10 26
10 31
10 38
10 42
10 44
10 45
10 49
10 50
10 56
10 59
10 63
10 65
10 67
10 68
10 69
10 75
10 79
10 82
10 85
10 87
10 89
10 92
10 94
10 113
10 114
10 122
10 125
10 128
10 135
10 138
10 143
10 145
10 152
10 156
10 157
10 161
11 19
11 21
11 22
11 24
11 38
11 44
11 52
11 54
11 55
11 64
11 67
11 69
11 72
11 73
11 75
11 76
11 81
11 83
11 94
11 96
11 101
11 106
11 108
11 112
11 114
11 116
11 117
11 118
11 134
11 136
11 138
11 141
11 149
11 151
11 157
11 158
11 159
12 20
12 30
12 40
12 50
12 51
12 54
12 57
12 62
12 63
12 64
12 70
12 79
12 80
12 81
12 84
12 97
12 103
12 109
12 111
12 112
12 114
12 115
12 116
12 118
12 120
12 124
12 132
12 139
12 146
12 157
12 158
13 25
13 45
13 49
13 53
13 70
13 74
13 88
13 94
13 96
13 97
13 135
13 138
13 139
13 142
13 144
13 145
13 147
13 161
14 16
14 17
14 18
14 20
14 28
14 30
14 31
14 32
14 45
14 50
14 55
14 62
14 63
14 64
14 65
14 67
14 68
14 70
14 71
14 75
14 79
14 80
14 87
14 94
14 95
14 100
14 101
14 102
14 103
14 105
14 108
14 109
14 110
14 113
14 127
14 129
14 131
14 134
14 135
14 136
14 141
14 143
14 147
14 151
14 152
14 153
14 157
14 159
14 160
15 18
15 19
15 22
15 24
15 39
15 49
15 53
15 71
15 72
15 73
15 74
15 85
15 97
15 109
15 114
15 126
15 134
15 152
15 158
16 22
16 25
16 40
16 42
16 45
16 60
16 64
16 79
16 91
16 102
16 108
16 118
16 125
16 135
16 141
16 142
16 148
16 149
17 44
17 54
17 55
17 64
17 69
17 73
17 74
17 109
17 115
17 127
17 132
17 135
17 142
18 20
18 30
18 31
18 40
18 42
18 45
18 49
18 50
18 51
18 53
18 56
18 64
18 68
18 70
18 71
18 77
18 96
18 103
18 105
18 109
18 113
18 116
18 122
18 123
18 125
18 130
18 131
18 133
18 134
18 138
18 142
18 145
18 148
18 152
18 153
18 157
18 159
18 161
19 20
19 21
19 22
19 23
19 26
19 40
19 42
19 43
19 44
19 49
19 53
19 54
19 55
19 60
19 62
19 67
19 68
19 70
19 72
19 75
19 77
19 80
19 84
19 87
19 88
19 97
19 100
19 101
19 102
19 103
19 104
19 106
19 109
19 114
19 122
19 125
19 131
19 134
19 136
19 139
19 141
19 142
19 143
19 145
19 151
19 153
19 154
19 157
20 31
20 42
20 57
20 66
20 67
20 69
20 70
20 81
20 84
20 85
20 101
20 103
20 109
20 114
20 116
20 118
20 126
20 127
20 136
20 146
20 155
20 157
21 26
21 27
21 28
21 30
21 32
21 33
21 34
21 42
21 43
21 47
21 54
21 55
21 56
21 58
21 64
21 65
21 68
21 79
21 83
21 85
21 86
21 87
21 95
21 97
21 98
21 101
21 102
21 107
21 108
21 109
21 113
21 115
21 116
21 117
21 121
21 133
21 135
21 136
21 142
21 143
21 144
21 152
21 153
21 160
22 28
22 34
22 36
22 37
22 40
22 54
22 61
22 64
22 71
22 86
22 87
22 91
22 115
22 117
22 124
22 133
22 134
22 135
22 147
22 149
22 152
23 26
23 36
23 44
23 46
23 49
23 50
23 52
23 53
23 60
23 65
23 67
23 69
23 82
23 91
23 101
23 102
23 109
23 112
23 120
23 122
23 133
23 149
24 25
24 26
24 28
24 36
24 44
24 58
24 67
24 68
24 74
24 79
24 84
24 87
24 89
24 98
24 114
24 122
24 134
24 153
25 32
25 35
25 40
25 54
25 64
25 69
25 72
25 77
25 80
25 87
25 89
25 94
25 100
25 102
25 107
25 109
25 113
25 116
25 131
25 134
25 151
25 156
25 158
26 27
26 30
26 32
26 35
26 38
26 39
26 40
26 49
26 50
26 53
26 54
26 64
26 65
26 67
26 73
26 74
26 79
26 80
26 88
26 89
26 92
26 97
26 99
26 101
26 102
26 105
26 106
26 108
26 109
26 110
26 112
26 115
26 117
26 125
26 134
26 138
26 142
26 144
26 146
26 147
26 150
26 151
26 157
26 158
27 31
27 35
27 38
27 41
27 45
27 56
27 58
27 74
27 83
27 100
27 151
28 30
28 40
28 45
28 49
28 54
28 55
28 56
28 61
28 64
28 72
28 74
28 89
28 97
28 105
28 106
28 108
28 114
28 122
28 127
28 149
28 159
29 30
29 36
29 38
29 42
29 44
29 47
29 50
29 54
29 59
29 64
29 67
29 80
29 98
29 100
29 101
29 108
29 129
29 133
29 135
29 147
29 153
29 158
30 31
30 36
30 38
30 41
30 44
30 45
30 49
30 51
30 53
30 56
30 59
30 66
30 68
30 69
30 70
30 72
30 79
30 84
30 89
30 91
30 97
30 102
30 106
30 109
30 110
30 111
30 113
30 115
30 116
30 117
30 118
30 129
30 132
30 134
30 136
30 141
30 143
30 146
30 147
30 151
30 152
30 153
30 160
31 32
31 35
31 37
31 40
31 51
31 52
31 54
31 56
31 60
31 64
31 66
31 68
31 69
31 70
31 72
31 78
31 79
31 84
31 85
31 89
31 90
31 91
31 97
31 100
31 102
31 109
31 110
31 112
31 115
31 116
31 118
31 122
31 124
31 125
31 128
31 133
31 134
31 137
31 138
31 144
31 146
31 147
31 149
31 152
31 153
32 43
32 45
32 46
32 49
32 52
32 53
32 54
32 55
32 58
32 59
32 62
32 63
32 64
32 65
32 72
32 74
32 75
32 77
32 82
32 84
32 87
32 89
32 98
32 101
32 103
32 104
32 105
32 112
32 114
32 116
32 118
32 121
32 127
32 132
32 137
32 138
32 139
32 141
32 142
32 147
32 154
32 157
32 161
33 34
33 60
33 64
33 66
33 70
33 80
33 94
33 99
33 112
33 113
33 117
33 121
33 128
33 134
33 135
33 136
33 138
33 142
33 143
33 150
33 158
34 36
34 45
34 47
34 51
34 55
34 58
34 64
34 67
34 69
34 72
34 79
34 82
34 83
34 103
34 108
34 109
34 116
34 118
34 138
34 142
34 149
34 160
34 161
35 36
35 40
35 42
35 46
35 50
35 55
35 58
35 60
35 63
35 67
35 68
35 71
35 74
35 75
35 79
35 82
35 83
35 85
35 89
35 91
35 96
35 99
35 103
35 104
35 111
35 124
35 125
35 130
35 132
35 135
35 137
35 141
35 145
35 147
35 151
35 152
35 153
35 154
35 160
36 44
36 48
36 49
36 50
36 52
36 64
36 68
36 69
36 70
36 74
36 78
36 80
36 84
36 89
36 94
36 97
36 98
36 111
36 114
36 122
36 126
36 128
36 136
36 137
36 138
36 140
36 147
36 149
36 153
36 154
37 44
37 45
37 64
37 65
37 86
37 92
37 93
37 101
37 122
37 147
37 150
37 157
37 159
37 160
38 45
38 56
38 59
38 63
38 66
38 73
38 75
38 88
38 90
38 92
38 93
38 106
38 110
38 112
38 115
38 117
38 118
38 127
38 132
38 135
38 137
38 138
38 147
38 151
38 152
38 153
38 156
38 157
38 161
39 40
39 49
39 50
39 54
39 55
39 58
39 63
39 66
39 67
39 68
39 75
39 77
39 79
39 89
39 94
39 96
39 97
39 105
39 112
39 115
39 126
39 127
39 133
39 139
39 142
39 151
39 157
39 158
39 160
40 45
40 49
40 54
40 55
40 61
40 64
40 67
40 68
40 72
40 73
40 74
40 81
40 84
40 86
40 91
40 93
40 94
40 101
40 102
40 108
40 109
40 111
40 119
40 125
40 127
40 131
40 134
40 135
40 139
40 144
40 145
40 146
40 147
40 153
40 154
40 157
40 158
41 47
41 70
41 82
41 107
41 112
41 115
41 129
41 134
41 153
41 154
42 45
42 52
42 56
42 58
42 61
42 64
42 68
42 71
42 72
42 74
42 79
42 82
42 94
42 98
42 104
42 110
42 113
42 116
42 124
42 142
42 148
42 151
43 44
43 47
43 49
43 50
43 58
43 62
43 66
43 74
43 75
43 76
43 81
43 83
43 87
43 88
43 90
43 108
43 109
43 113
43 123
43 131
43 138
43 147
43 153
43 154
43 157
43 161
44 49
44 50
44 51
44 54
44 62
44 65
44 68
44 73
44 79
44 86
44 87
44 90
44 91
44 97
44 106
44 108
44 114
44 116
44 118
44 121
44 128
44 129
44 131
44 134
44 143
44 145
44 147
45 59
45 63
45 65
45 66
45 68
45 69
45 70
45 73
45 79
45 84
45 87
45 90
45 93
45 94
45 101
45 105
45 112
45 114
45 119
45 124
45 126
45 128
45 131
45 137
45 138
45 145
45 149
45 150
45 152
45 153
45 158
45 160
46 49
46 61
46 69
46 75
46 84
46 89
46 91
46 95
46 103
46 105
46 108
46 113
46 114
46 116
46 117
46 119
46 120
46 125
46 126
46 129
46 133
46 138
46 142
46 152
46 158
47 50
47 53
47 70
47 77
47 80
47 89
47 108
47 110
47 116
47 151
47 154
47 161
48 51
48 53
48 64
48 65
48 72
48 74
48 87
48 93
48 99
48 101
48 102
48 109
48 110
48 117
48 125
48 126
48 133
48 137
48 139
48 150
48 158
48 161
49 52
49 54
49 55
49 56
49 58
49 59
49 62
49 65
49 66
49 67
49 68
49 70
49 73
49 81
49 82
49 83
49 85
49 88
49 90
49 92
49 93
49 94
49 100
49 101
49 102
49 113
49 115
49 117
49 125
49 127
49 130
49 133
49 134
49 135
49 136
49 138
49 139
49 141
49 143
49 146
49 149
49 152
49 154
49 156
49 157
49 160
49 161
50 53
50 55
50 58
50 61
50 62
50 63
50 68
50 70
50 73
50 77
50 87
50 91
50 92
50 93
50 100
50 103
50 110
50 112
50 113
50 116
50 121
50 134
50 139
50 144
50 145
50 150
50 154
50 161
51 52
51 54
51 60
51 63
51 68
51 69
51 70
51 71
51 75
51 79
51 81
51 84
51 87
51 90
51 94
51 95
51 99
51 100
51 110
51 112
51 114
51 118
51 121
51 122
51 128
51 133
51 135
51 142
51 149
51 150
51 156
51 160
52 53
52 56
52 66
52 76
52 77
52 79
52 87
52 90
52 94
52 97
52 103
52 110
52 117
52 122
52 125
52 127
52 130
52 131
52 133
52 134
52 138
52 139
52 143
52 145
52 151
52 154
52 157
52 160
53 56
53 57
53 73
53 77
53 79
53 82
53 86
53 88
53 91
53 105
53 107
53 108
53 129
53 131
53 133
53 134
53 135
53 141
53 142
53 152
53 156
53 158
54 56
54 58
54 65
54 67
54 69
54 71
54 74
54 79
54 80
54 87
54 89
54 95
54 100
54 102
54 104
54 105
54 106
54 117
54 118
54 120
54 121
54 122
54 126
54 129
54 134
54 138
54 146
54 148
54 152
54 154
54 156
55 56
55 59
55 62
55 66
55 67
55 72
55 74
55 76
55 77
55 80
55 92
55 97
55 99
55 106
55 111
55 117
55 118
55 121
55 126
55 128
55 133
55 143
55 152
55 154
55 158
55 161
56 59
56 60
56 63
56 70
56 71
56 74
56 75
56 79
56 81
56 85
56 87
56 95
56 96
56 97
56 102
56 109
56 111
56 112
56 113
56 114
56 115
56 121
56 125
56 134
56 135
56 137
56 138
56 140
56 150
56 151
56 159
57 58
57 59
57 65
57 69
57 87
57 88
57 89
57 102
57 103
57 118
57 139
57 142
57 157
58 59
58 67
58 70
58 72
58 74
58 75
58 76
58 86
58 89
58 95
58 100
58 108
58 112
58 115
58 116
58 122
58 123
58 129
58 130
58 132
58 138
58 140
58 143
58 146
58 149
58 157
58 158
58 159
59 66
59 70
59 71
59 79
59 82
59 84
59 89
59 90
59 101
59 108
59 113
59 115
59 128
59 131
59 133
59 142
60 89
60 108
60 128
60 144
60 145
61 62
61 63
61 64
61 65
61 66
61 67
61 74
61 77
61 80
61 82
61 98
61 106
61 108
61 109
61 111
61 119
61 125
61 127
61 129
61 132
61 135
61 136
61 141
61 143
61 146
61 152
61 154
61 161
62 63
62 64
62 68
62 69
62 70
62 72
62 73
62 90
62 98
62 100
62 101
62 109
62 112
62 113
62 114
62 129
62 158
63 64
63 66
63 68
63 72
63 75
63 82
63 85
63 87
63 89
63 102
63 106
63 112
63 113
63 117
63 120
63 125
63 126
63 131
63 134
63 135
63 147
63 148
63 156
63 157
63 160
64 66
64 67
64 69
64 72
64 75
64 79
64 86
64 88
64 94
64 97
64 98
64 102
64 107
64 108
64 109
64 111
64 116
64 120
64 125
64 130
64 131
64 138
64 139
64 141
64 152
64 153
64 154
64 158
64 161
65 67
65 68
65 74
65 75
65 78
65 93
65 97
65 102
65 103
65 105
65 108
65 109
65 111
65 114
65 115
65 116
65 117
65 118
65 134
65 138
65 139
65 143
65 145
65 147
65 151
65 152
65 153
65 161
66 67
66 68
66 69
66 72
66 73
66 91
66 93
66 97
66 101
66 110
66 112
66 116
66 117
66 125
66 126
66 127
66 129
66 133
66 138
66 139
66 142
66 153
66 157
66 158
67 70
67 71
67 77
67 82
67 85
67 88
67 93
67 94
67 101
67 102
67 103
67 106
67 108
67 109
67 111
67 115
67 116
67 117
67 125
67 129
67 133
67 134
67 137
67 139
67 141
67 147
67 156
67 161
68 69
68 71
68 73
68 75
68 89
68 94
68 98
68 99
68 102
68 112
68 113
68 116
68 117
68 118
68 125
68 126
68 127
68 128
68 131
68 133
68 134
68 149
68 151
68 152
68 153
68 154
68 155
68 160
69 70
69 71
69 73
69 75
69 79
69 82
69 93
69 97
69 100
69 106
69 109
69 111
69 112
69 113
69 115
69 120
69 125
69 126
69 129
69 131
69 132
69 135
69 137
69 141
69 142
69 145
69 146
69 147
69 150
69 152
69 153
69 160
70 71
70 72
70 77
70 87
70 89
70 90
70 91
70 101
70 103
70 104
70 107
70 108
70 111
70 113
70 114
70 124
70 127
70 129
70 136
70 137
70 139
70 142
70 146
70 147
70 151
70 160
71 73
71 74
71 79
71 80
71 85
71 88
71 92
71 93
71 94
71 101
71 102
71 105
71 108
71 110
71 111
71 120
71 125
71 128
71 134
71 135
71 139
71 142
71 152
71 157
71 158
72 75
72 77
72 82
72 84
72 87
72 103
72 105
72 107
72 110
72 112
72 113
72 116
72 117
72 125
72 130
72 132
72 134
72 142
72 149
72 150
72 154
72 161
73 74
73 80
73 83
73 84
73 85
73 88
73 101
73 102
73 107
73 109
73 115
73 117
73 131
73 136
73 138
73 139
73 141
73 146
73 147
73 151
73 152
73 158
73 159
74 80
74 84
74 87
74 88
74 89
74 93
74 111
74 112
74 113
74 115
74 118
74 119
74 129
74 133
74 135
74 136
74 138
74 149
74 152
74 158
74 159
74 160
75 79
75 80
75 81
75 82
75 84
75 92
75 93
75 97
75 102
75 105
75 108
75 114
75 115
75 118
75 123
75 128
75 129
75 133
75 137
75 139
75 141
75 148
75 157
75 159
75 160
76 86
76 93
76 104
76 105
76 113
76 120
76 124
76 142
76 159
76 161
77 80
77 82
77 100
77 104
77 106
77 108
77 109
77 111
77 113
77 125
77 133
77 136
77 137
77 139
77 141
77 150
77 154
77 159
78 87
78 100
78 108
78 118
79 80
79 87
79 92
79 93
79 97
79 101
79 102
79 104
79 105
79 106
79 114
79 115
79 116
79 122
79 126
79 131
79 137
79 143
79 154
79 156
80 82
80 87
80 97
80 100
80 104
80 108
80 111
80 113
80 116
80 117
80 130
80 132
80 133
80 134
80 135
80 136
80 137
80 145
80 148
80 152
80 160
81 87
81 89
81 105
81 109
81 110
81 114
81 137
81 138
81 152
82 98
82 102
82 105
82 114
82 115
82 116
82 118
82 129
82 131
82 133
82 139
82 141
82 147
83 87
83 107
83 142
83 143
83 158
84 97
84 102
84 106
84 107
84 112
84 115
84 116
84 118
84 127
84 129
84 131
84 133
84 134
84 135
84 137
84 138
84 145
84 154
84 155
84 156
84 158
84 159
84 161
85 88
85 99
85 108
85 109
85 113
85 134
85 136
85 139
85 143
85 150
85 153
86 92
86 100
86 108
86 112
86 137
86 146
86 150
87 88
87 89
87 100
87 102
87 107
87 110
87 111
87 112
87 114
87 116
87 121
87 124
87 147
87 154
87 158
87 160
87 161
88 95
88 104
88 107
88 112
88 113
88 114
88 115
88 126
88 138
88 141
88 147
88 152
88 153
89 91
89 93
89 94
89 96
89 101
89 102
89 105
89 110
89 114
89 130
89 131
89 133
89 140
89 142
89 146
89 149
89 159
90 92
90 93
90 96
90 98
90 105
90 114
90 117
90 118
90 126
90 139
90 142
90 147
90 149
90 151
91 96
91 101
91 108
91 109
91 114
91 117
91 119
91 123
91 128
91 134
91 138
91 143
91 146
91 151
91 152
91 158
91 159
91 161
92 93
92 104
92 117
92 137
92 147
92 153
92 154
93 100
93 105
93 116
93 118
93 124
93 125
93 133
93 137
93 146
93 148
93 149
93 151
93 152
93 155
93 158
94 95
94 97
94 107
94 108
94 109
94 113
94 114
94 115
94 119
94 120
94 131
94 132
94 140
94 141
94 142
94 146
94 149
94 151
94 153
94 156
94 157
94 158
94 159
95 100
95 112
95 114
95 125
95 142
95 144
95 149
96 101
96 102
96 104
96 108
96 109
96 117
96 125
96 126
96 132
96 138
96 149
96 153
96 160
97 99
97 102
97 108
97 110
97 116
97 117
97 119
97 125
97 128
97 133
97 134
97 135
97 142
97 150
97 152
97 158
98 108
98 110
98 117
98 118
98 138
98 143
98 153
98 154
99 100
99 105
99 109
99 113
99 114
99 127
99 128
99 130
99 131
99 135
99 137
99 141
99 152
99 153
99 154
99 157
99 161
100 106
100 111
100 114
100 118
100 119
100 124
100 125
100 128
100 129
100 134
100 143
100 149
100 151
100 152
100 153
100 158
101 103
101 111
101 113
101 114
101 119
101 126
101 129
101 132
101 135
101 136
101 139
101 141
101 150
101 152
101 158
101 160
102 105
102 106
102 110
102 111
102 114
102 118
102 120
102 126
102 133
102 134
102 136
102 139
102 143
102 146
102 147
102 151
102 152
102 161
103 105
103 106
103 113
103 121
103 125
103 130
103 134
103 135
103 138
103 139
103 147
103 150
103 153
104 106
104 109
104 111
104 116
104 132
104 141
104 142
104 147
104 152
104 154
105 106
105 110
105 111
105 115
105 116
105 119
105 125
105 126
105 134
105 135
105 145
105 149
105 152
105 153
105 157
105 158
105 161
106 113
106 114
106 115
106 116
106 117
106 123
106 127
106 130
106 133
106 135
106 138
106 139
106 142
106 146
106 152
106 157
106 159
106 160
106 161
107 110
107 112
107 125
107 131
107 132
107 134
107 135
107 137
107 152
107 158
107 159
108 110
108 115
108 118
108 119
108 124
108 134
108 135
108 137
108 138
108 142
108 147
108 157
108 158
108 160
109 119
109 120
109 125
109 126
109 129
109 133
109 134
109 136
109 138
109 139
109 149
109 151
109 154
109 157
109 158
110 112
110 118
110 122
110 129
110 141
110 142
110 153
110 156
110 157
111 113
111 114
111 116
111 118
111 127
111 131
111 137
111 138
111 149
111 152
111 153
111 158
111 160
112 114
112 117
112 119
112 120
112 122
112 131
112 141
112 154
112 158
113 116
113 117
113 121
113 125
113 129
113 131
113 132
113 133
113 134
113 135
113 139
113 141
113 142
113 143
113 144
113 146
113 154
113 158
113 159
114 126
114 128
114 129
114 133
114 134
114 135
114 151
114 153
114 158
114 160
115 116
115 117
115 118
115 128
115 131
115 137
115 138
115 140
115 141
115 142
115 143
115 146
115 147
115 151
115 153
115 155
115 157
116 118
116 119
116 121
116 127
116 133
116 136
116 139
116 146
116 148
116 157
117 119
117 127
117 128
117 131
117 134
117 135
117 137
117 139
117 147
117 151
117 154
117 156
117 158
117 160
117 161
118 126
118 128
118 129
118 130
118 133
118 136
118 137
118 142
118 145
118 147
118 151
118 152
118 154
118 157
118 158
118 161
119 124
119 126
119 131
119 137
119 141
119 147
119 161
120 138
120 145
120 155
121 123
121 130
121 135
121 141
122 125
122 138
122 146
122 149
122 157
122 160
123 125
125 128
125 131
125 134
125 139
125 141
125 145
125 152
125 153
126 129
126 131
126 133
126 138
126 145
126 153
126 157
127 131
127 151
127 152
127 157
128 138
128 154
128 155
128 159
129 134
129 138
129 139
129 149
129 152
129 153
130 141
130 142
130 145
131 139
131 141
131 142
131 149
131 151
131 152
131 153
131 157
131 159
131 160
132 135
132 137
132 141
132 151
132 152
133 134
133 135
133 138
133 140
133 142
133 144
133 147
133 151
133 158
133 159
133 160
134 147
134 158
134 159
134 161
135 146
135 147
135 151
135 154
135 157
135 160
136 154
136 156
137 140
137 145
137 152
137 153
137 159
138 139
138 142
138 147
138 154
138 157
139 142
139 143
139 146
139 149
139 153
139 154
140 156
141 143
141 145
141 146
141 151
141 152
141 153
141 161
142 143
142 144
142 147
142 152
142 153
142 154
143 149
143 151
143 154
143 159
143 160
144 154
145 148
145 151
145 156
145 157
146 152
146 154
146 156
146 158
146 159
146 160
147 149
148 152
148 154
148 155
149 152
149 157
150 152
150 155
151 152
151 153
151 159
151 161
152 157
152 160
154 157
154 158
154 161
156 161
