0 3
0 7
0 14
0 16
0 24
0 28
0 31
0 42
0 43
0 52
0 53
0 58
0 68
0 71
0 72
0 73
0 82
0 84
0 92
0 97
0 99
0 101
0 109
0 114
0 133
0 135
0 137
0 138
0 139
0 145
0 148
0 158
1 17
1 22
1 24
1 25
1 26
1 31
1 46
1 47
1 49
1 50
1 54
1 55
1 62
1 64
1 65
1 68
1 71
1 77
1 80
1 82
1 84
1 85
1 94
1 106
1 108
1 111
1 112
1 116
1 117
1 120
1 124
1 133
1 137
1 141
1 147
1 152
1 159
2 4
2 7
2 22
2 26
2 40
2 51
2 55
2 72
2 75
2 80
2 84
2 88
2 96
2 100
2 107
2 112
2 114
2 115
2 117
2 118
2 119
2 133
2 134
2 137
2 139
2 141
2 157
2 158
2 160
3 14
3 15
3 20
3 26
3 37
3 40
3 42
3 52
3 58
3 64
3 69
3 70
3 72
3 75
3 76
3 80
3 82
3 85
3 87
3 96
3 101
3 105
3 112
3 114
3 115
3 120
3 125
3 138
3 141
3 142
3 150
3 152
3 158
3 159
4 6
4 11
4 18
4 20
4 21
4 22
4 26
4 39
4 41
4 43
4 44
4 51
4 52
4 56
4 62
4 65
4 67
4 69
4 70
4 71
4 72
4 77
4 89
4 99
4 100
4 101
4 105
4 107
4 110
4 111
4 117
4 121
4 122
4 135
4 136
4 138
4 142
4 144
4 145
4 146
4 147
4 151
4 152
4 160
4 161
5 49
5 94
5 102
5 109
5 110
5 119
5 131
5 158
6 10
6 15
6 21
6 24
6 29
6 32
6 35
6 36
6 42
6 43
6 44
6 51
6 52
6 54
6 55
6 56
6 58
6 59
6 61
6 63
6 65
6 67
6 68
6 72
6 73
6 74
6 81
6 88
6 93
6 94
6 98
6 99
6 102
6 106
6 107
6 108
6 111
6 112
6 116
6 125
6 132
6 133
6 134
6 135
6 136
6 137
6 138
6 142
6 143
6 145
6 146
6 147
6 152
6 154
6 158
6 160
6 161
7 11
7 13
7 14
7 19
7 22
7 23
7 25
7 30
7 31
7 32
7 44
7 45
7 46
7 47
7 54
7 58
7 61
7 65
7 67
7 69
7 73
7 74
7 77
7 87
7 88
7 90
7 99
7 100
7 102
7 103
7 105
7 106
7 108
7 113
7 114
7 115
7 128
7 129
7 133
7 139
7 141
7 142
7 145
7 147
7 148
7 152
7 159
8 22
8 32
8 49
8 99
8 103
8 104
8 117
8 123
8 131
8 142
8 144
8 151
8 155
8 158
9 13
9 14
9 16
9 18
9 20
9 22
9 26
9 28
9 34
9 39
9 45
9 49
9 52
9 55
9 61
9 64
9 69
9 70
9 72
9 77
9 81
9 85
9 91
9 92
9 96
9 98
9 99
9 100
9 110
9 114
9 117
9 131
9 134
9 135
9 136
9 137
9 139
9 140
9 148
10 11
10 16
10 23
10 32
10 38
10 40
10 44
10 54
10 55
10 61
10 63
10 64
10 65
10 68
10 70
10 71
10 73
10 74
10 80
10 83
10 94
10 101
10 102
10 108
10 115
10 116
10 118
10 129
10 134
10 138
10 139
10 141
10 151
10 153
10 154
10 160
11 14
11 16
11 23
11 24
11 26
11 28
11 32
11 34
11 35
11 42
11 43
11 44
11 47
11 56
11 58
11 61
11 64
11 66
11 69
11 72
11 73
11 80
11 84
11 85
11 94
11 97
11 99
11 102
11 107
11 109
11 113
11 114
11 115
11 116
11 128
11 129
11 133
11 134
11 135
11 136
11 139
11 143
11 146
11 151
11 154
11 157
11 161
12 14
12 25
12 32
12 39
12 40
12 45
12 50
12 54
12 60
12 63
12 64
12 65
12 68
12 69
12 71
12 80
12 89
12 91
12 93
12 101
12 109
12 112
12 113
12 114
12 116
12 125
12 129
12 131
12 135
12 154
13 15
13 20
13 26
13 32
13 36
13 45
13 59
13 64
13 85
13 89
13 94
13 125
13 140
13 149
13 153
13 161
14 16
14 20
14 31
14 32
14 35
14 36
14 42
14 43
14 44
14 50
14 57
14 60
14 66
14 67
14 70
14 80
14 82
14 87
14 93
14 94
14 97
14 98
14 101
14 102
14 106
14 107
14 108
14 109
14 118
14 125
14 126
14 130
14 134
14 141
14 145
14 149
14 151
14 152
14 154
14 161
15 20
15 24
15 32
15 42
15 49
15 61
15 62
15 66
15 67
15 72
15 79
15 85
15 89
15 97
15 131
15 132
15 134
15 138
15 151
15 158
16 25
16 26
16 28
16 35
16 46
16 49
16 55
16 58
16 63
16 64
16 68
16 70
16 73
16 95
16 109
16 112
16 115
16 117
16 118
16 125
16 130
16 140
16 142
16 151
16 159
17 21
17 31
17 50
17 51
17 52
17 54
17 55
17 63
17 73
17 86
17 87
17 113
17 139
17 142
17 151
17 159
18 19
18 20
18 30
18 34
18 36
18 42
18 43
18 45
18 51
18 55
18 60
18 61
18 63
18 65
18 68
18 74
18 77
18 79
18 89
18 93
18 99
18 104
18 105
18 108
18 111
18 120
18 122
18 124
18 126
18 131
18 134
18 136
18 137
18 141
18 154
18 159
18 161
19 21
19 28
19 29
19 35
19 45
19 49
19 63
19 64
19 68
19 70
19 72
19 73
19 74
19 75
19 77
19 79
19 80
19 82
19 86
19 91
19 94
19 97
19 98
19 102
19 104
19 106
19 107
19 111
19 122
19 125
19 126
19 128
19 129
19 131
19 133
19 134
19 139
19 140
19 148
19 151
19 154
19 157
19 158
20 21
20 25
20 33
20 35
20 42
20 58
20 67
20 69
20 71
20 72
20 91
20 102
20 104
20 105
20 108
20 113
20 118
20 128
20 134
20 136
20 138
20 144
20 152
20 160
21 25
21 32
21 35
21 36
21 37
21 43
21 44
21 51
21 53
21 56
21 62
21 63
21 65
21 66
21 69
21 74
21 78
21 82
21 85
21 86
21 88
21 89
21 93
21 94
21 97
21 98
21 104
21 107
21 109
21 118
21 124
21 125
21 133
21 142
21 146
21 151
21 152
21 153
21 154
21 157
21 159
21 160
22 26
22 45
22 49
22 54
22 71
22 80
22 94
22 98
22 104
22 107
22 108
22 117
22 118
22 126
22 132
22 133
22 134
22 138
22 139
22 147
22 151
22 157
22 158
23 26
23 29
23 47
23 62
23 65
23 68
23 75
23 79
23 80
23 86
23 99
23 100
23 104
23 105
23 109
23 110
23 113
23 114
23 115
23 118
23 120
23 127
23 130
23 137
23 145
23 147
23 149
23 150
23 151
23 160
24 29
24 35
24 40
24 50
24 56
24 64
24 68
24 71
24 72
24 90
24 96
24 102
24 105
24 107
24 114
24 117
24 118
24 139
24 157
24 160
25 26
25 29
25 33
25 37
25 39
25 43
25 46
25 60
25 73
25 84
25 86
25 105
25 109
25 114
25 115
25 119
25 124
25 133
25 140
25 153
25 156
26 31
26 32
26 40
26 42
26 43
26 45
26 47
26 49
26 50
26 56
26 59
26 61
26 62
26 64
26 67
26 68
26 69
26 70
26 72
26 73
26 74
26 75
26 77
26 82
26 83
26 85
26 87
26 92
26 94
26 98
26 100
26 105
26 106
26 111
26 118
26 124
26 134
26 139
26 145
26 146
26 151
26 158
26 159
26 160
26 161
27 101
27 108
27 123
27 125
27 127
27 144
27 153
27 157
28 30
28 38
28 45
28 49
28 50
28 55
28 59
28 60
28 63
28 66
28 67
28 70
28 72
28 90
28 95
28 102
28 115
28 117
28 133
28 134
28 137
28 139
28 149
28 152
28 158
29 35
29 36
29 60
29 67
29 70
29 75
29 80
29 92
29 98
29 101
29 105
29 133
29 142
29 145
29 151
29 154
30 32
30 34
30 43
30 44
30 46
30 50
30 53
30 54
30 59
30 63
30 65
30 67
30 70
30 73
30 76
30 77
30 79
30 90
30 100
30 101
30 105
30 106
30 108
30 110
30 115
30 116
30 120
30 129
30 133
30 146
30 148
30 151
30 154
30 157
30 159
30 160
31 32
31 33
31 36
31 40
31 45
31 46
31 48
31 49
31 50
31 53
31 54
31 55
31 58
31 62
31 67
31 68
31 71
31 72
31 75
31 76
31 77
31 82
31 83
31 84
31 91
31 93
31 94
31 97
31 99
31 100
31 103
31 107
31 108
31 110
31 111
31 112
31 115
31 117
31 118
31 122
31 125
31 130
31 135
31 136
31 137
31 138
31 139
31 142
31 144
31 145
31 147
31 149
31 154
31 156
31 159
32 35
32 36
32 42
32 50
32 51
32 55
32 63
32 65
32 66
32 72
32 73
32 87
32 89
32 98
32 102
32 105
32 106
32 109
32 112
32 113
32 118
32 126
32 129
32 133
32 138
32 141
32 146
32 147
32 153
32 155
32 158
32 159
33 43
33 44
33 68
33 69
33 70
33 71
33 72
33 84
33 85
33 89
33 91
33 94
33 98
33 99
33 113
33 121
33 123
33 137
33 142
34 38
34 42
34 51
34 52
34 64
34 69
34 72
34 80
34 95
34 101
34 102
34 106
34 113
34 114
34 118
34 127
34 129
34 134
34 138
34 146
34 147
34 149
34 152
34 154
34 158
34 159
35 42
35 49
35 54
35 57
35 58
35 62
35 64
35 69
35 70
35 71
35 72
35 73
35 76
35 78
35 82
35 83
35 91
35 94
35 97
35 101
35 102
35 107
35 114
35 117
35 118
35 122
35 127
35 129
35 131
35 137
35 141
35 149
35 154
35 161
36 40
36 47
36 51
36 56
36 58
36 68
36 69
36 71
36 76
36 81
36 84
36 94
36 100
36 101
36 102
36 104
36 105
36 108
36 113
36 115
36 117
36 129
36 135
36 137
36 139
36 141
36 142
36 152
37 54
37 56
37 65
37 66
37 77
37 92
37 97
37 115
37 137
37 146
37 154
38 40
38 41
38 43
38 46
38 52
38 55
38 57
38 62
38 63
38 65
38 66
38 68
38 69
38 71
38 77
38 82
38 90
38 92
38 93
38 101
38 114
38 118
38 119
38 129
38 135
38 136
38 137
38 139
38 142
38 149
38 151
38 158
38 159
39 43
39 49
39 51
39 53
39 67
39 68
39 72
39 75
39 77
39 83
39 84
39 87
39 89
39 94
39 96
39 106
39 109
39 114
39 118
39 122
39 127
39 134
39 143
39 145
39 150
39 158
40 49
40 50
40 60
40 63
40 65
40 66
40 67
40 68
40 69
40 70
40 78
40 79
40 82
40 86
40 89
40 93
40 101
40 104
40 106
40 108
40 112
40 113
40 115
40 117
40 118
40 125
40 127
40 129
40 133
40 134
40 135
40 140
40 143
40 147
40 149
40 150
40 153
40 155
40 158
40 160
40 161
41 46
41 55
41 58
41 66
41 73
41 93
41 105
41 135
41 137
41 139
41 141
41 151
41 154
41 157
42 54
42 55
42 59
42 64
42 65
42 68
42 71
42 75
42 77
42 88
42 90
42 101
42 102
42 112
42 117
42 120
42 122
42 123
42 125
42 133
42 146
42 147
42 149
42 153
42 157
42 158
43 44
43 50
43 61
43 63
43 65
43 66
43 67
43 69
43 71
43 73
43 75
43 77
43 84
43 94
43 98
43 101
43 105
43 108
43 110
43 112
43 113
43 114
43 115
43 118
43 121
43 126
43 134
43 137
43 139
43 141
43 142
43 145
43 149
43 152
43 153
43 158
44 46
44 49
44 53
44 63
44 65
44 68
44 69
44 71
44 72
44 75
44 77
44 93
44 94
44 97
44 98
44 105
44 113
44 114
44 115
44 124
44 127
44 129
44 137
44 139
44 142
44 144
44 147
44 150
44 153
44 154
44 157
44 158
44 160
44 161
45 46
45 47
45 51
45 56
45 67
45 71
45 79
45 91
45 97
45 103
45 104
45 105
45 110
45 111
45 116
45 117
45 131
45 142
45 143
45 144
45 147
45 151
45 152
45 159
45 160
46 51
46 55
46 56
46 64
46 68
46 70
46 73
46 86
46 88
46 89
46 98
46 112
46 113
46 115
46 125
46 133
46 134
46 135
46 141
46 151
46 152
46 153
46 159
47 68
47 71
47 85
47 87
47 90
47 94
47 97
47 99
47 101
47 107
47 109
47 114
47 117
47 126
47 129
47 157
48 51
48 58
48 62
48 64
48 73
48 80
48 84
48 87
48 89
48 95
48 98
48 101
48 105
48 111
48 112
48 116
48 118
48 126
48 135
48 139
48 151
48 154
48 160
49 51
49 62
49 63
49 65
49 68
49 71
49 72
49 76
49 80
49 86
49 87
49 88
49 95
49 96
49 99
49 102
49 103
49 104
49 105
49 111
49 114
49 115
49 117
49 122
49 124
49 125
49 126
49 128
49 131
49 133
49 139
49 141
49 145
49 154
49 160
49 161
50 51
50 55
50 56
50 61
50 64
50 65
50 66
50 68
50 72
50 73
50 84
50 86
50 88
50 92
50 94
50 98
50 99
50 101
50 102
50 103
50 106
50 107
50 111
50 113
50 114
50 117
50 122
50 126
50 130
50 133
50 135
50 137
50 138
50 145
50 146
50 147
50 157
50 158
51 52
51 54
51 56
51 58
51 65
51 67
51 68
51 69
51 70
51 71
51 72
51 74
51 85
51 88
51 99
51 100
51 101
51 105
51 114
51 117
51 123
51 127
51 128
51 129
51 130
51 133
51 138
51 143
51 149
51 151
51 152
51 158
51 159
51 160
52 55
52 56
52 65
52 67
52 81
52 93
52 96
52 99
52 106
52 109
52 113
52 116
52 118
52 125
52 129
52 133
52 135
52 145
52 146
52 153
52 158
53 57
53 63
53 79
53 85
53 100
53 102
53 106
53 109
53 114
53 125
53 128
53 146
53 148
53 151
53 159
54 55
54 58
54 60
54 62
54 70
54 72
54 75
54 77
54 79
54 82
54 83
54 84
54 89
54 90
54 94
54 95
54 100
54 101
54 104
54 107
54 110
54 111
54 112
54 115
54 116
54 121
54 125
54 127
54 129
54 132
54 134
54 138
54 139
54 146
54 147
54 148
54 149
54 150
54 151
54 158
54 159
54 160
55 56
55 58
55 63
55 64
55 68
55 70
55 72
55 73
55 74
55 77
55 79
55 94
55 95
55 104
55 106
55 108
55 110
55 111
55 113
55 114
55 117
55 129
55 136
55 160
56 62
56 63
56 65
56 66
56 67
56 70
56 73
56 77
56 79
56 85
56 87
56 88
56 93
56 94
56 101
56 102
56 103
56 105
56 107
56 108
56 113
56 114
56 115
56 118
56 124
56 125
56 129
56 135
56 136
56 137
56 139
56 141
56 146
56 149
56 159
57 61
57 71
57 74
57 75
57 80
57 84
57 89
57 100
57 102
57 106
57 107
57 120
57 122
57 128
57 129
57 142
57 147
57 151
58 59
58 67
58 70
58 73
58 77
58 82
58 90
58 94
58 100
58 105
58 112
58 118
58 121
58 125
58 134
58 135
58 138
58 151
58 153
58 155
58 159
59 63
59 65
59 72
59 77
59 79
59 84
59 100
59 102
59 103
59 105
59 107
59 114
59 115
59 118
59 129
59 131
59 134
59 135
59 136
59 146
59 149
60 62
60 63
60 74
60 84
60 100
60 113
60 135
60 156
60 157
60 158
61 65
61 66
61 69
61 71
61 73
61 74
61 87
61 91
61 92
61 102
61 104
61 108
61 109
61 113
61 116
61 117
61 125
61 134
61 137
61 139
61 141
61 150
61 152
61 154
61 157
62 65
62 79
62 94
62 104
62 106
62 114
62 116
62 125
62 128
62 132
62 153
62 154
63 65
63 66
63 67
63 68
63 69
63 70
63 71
63 74
63 77
63 79
63 80
63 81
63 88
63 89
63 92
63 93
63 99
63 101
63 102
63 103
63 105
63 107
63 113
63 115
63 117
63 125
63 133
63 134
63 136
63 138
63 142
63 143
63 152
63 156
63 160
64 67
64 77
64 82
64 96
64 106
64 109
64 111
64 112
64 113
64 114
64 117
64 121
64 128
64 129
64 133
64 139
64 142
64 145
64 146
64 147
64 148
64 149
65 74
65 75
65 77
65 80
65 84
65 89
65 92
65 94
65 95
65 97
65 101
65 102
65 107
65 112
65 114
65 115
65 117
65 123
65 126
65 131
65 138
65 139
65 146
65 147
65 149
65 151
65 155
65 156
65 157
65 161
66 68
66 73
66 74
66 76
66 79
66 80
66 82
66 96
66 97
66 101
66 103
66 104
66 105
66 115
66 122
66 126
66 131
66 134
66 141
66 148
66 150
66 158
67 68
67 70
67 71
67 72
67 75
67 76
67 84
67 85
67 86
67 92
67 93
67 97
67 99
67 101
67 102
67 103
67 104
67 107
67 108
67 109
67 110
67 113
67 120
67 125
67 127
67 131
67 135
67 136
67 138
67 143
67 145
67 151
67 157
67 159
67 160
68 69
68 71
68 72
68 74
68 77
68 79
68 80
68 84
68 87
68 89
68 94
68 97
68 99
68 100
68 103
68 107
68 111
68 113
68 114
68 118
68 125
68 126
68 134
68 136
68 141
68 142
68 143
68 145
68 150
68 152
68 154
68 157
68 158
68 160
69 70
69 73
69 74
69 77
69 80
69 81
69 83
69 84
69 87
69 90
69 91
69 92
69 94
69 96
69 98
69 99
69 100
69 102
69 105
69 106
69 108
69 112
69 113
69 114
69 115
69 126
69 128
69 131
69 132
69 133
69 149
70 76
70 80
70 84
70 85
70 87
70 89
70 90
70 92
70 95
70 97
70 100
70 103
70 104
70 107
70 109
70 110
70 113
70 116
70 127
70 132
70 133
70 134
70 136
70 138
70 139
70 151
70 157
71 75
71 79
71 80
71 85
71 87
71 97
71 103
71 106
71 107
71 108
71 110
71 111
71 114
71 120
71 125
71 126
71 135
71 136
71 137
71 139
71 143
71 146
71 150
71 153
71 157
71 159
72 73
72 80
72 82
72 84
72 87
72 92
72 94
72 97
72 101
72 105
72 109
72 114
72 115
72 118
72 122
72 128
72 131
72 132
72 134
72 137
72 141
72 144
72 147
72 151
72 153
72 154
72 158
72 161
73 74
73 76
73 84
73 86
73 87
73 89
73 90
73 92
73 94
73 97
73 99
73 101
73 105
73 107
73 114
73 115
73 120
73 125
73 126
73 129
73 130
73 137
73 138
73 139
73 141
73 142
73 148
73 152
73 153
73 154
73 157
73 158
74 78
74 80
74 81
74 88
74 93
74 96
74 97
74 98
74 101
74 105
74 106
74 108
74 109
74 110
74 114
74 115
74 116
74 117
74 118
74 125
74 141
74 142
74 144
74 146
74 161
75 79
75 80
75 81
75 84
75 92
75 99
75 102
75 106
75 107
75 108
75 114
75 115
75 117
75 125
75 129
75 131
75 133
75 134
75 137
75 139
75 145
75 149
75 154
75 158
76 79
76 109
76 111
76 118
76 131
76 133
76 137
76 146
76 152
76 157
77 84
77 88
77 89
77 97
77 103
77 107
77 108
77 113
77 114
77 116
77 122
77 128
77 131
77 133
77 137
77 139
77 149
77 153
77 154
77 158
77 161
78 106
78 118
78 160
79 80
79 84
79 89
79 90
79 93
79 97
79 100
79 102
79 109
79 112
79 114
79 115
79 117
79 118
79 133
79 134
79 141
79 146
79 149
79 151
79 154
79 157
79 158
79 159
79 161
80 88
80 89
80 90
80 91
80 94
80 95
80 97
80 103
80 105
80 107
80 108
80 111
80 117
80 123
80 124
80 125
80 127
80 128
80 133
80 135
80 137
80 139
80 142
80 154
80 156
80 158
81 87
81 103
81 104
81 114
81 134
81 141
81 142
81 149
81 151
81 153
81 156
82 100
82 108
82 109
82 112
82 115
82 118
82 122
82 126
82 137
82 138
82 140
82 150
82 151
82 153
82 157
83 97
83 102
83 110
83 111
83 117
83 147
83 151
83 158
84 85
84 87
84 89
84 93
84 98
84 99
84 101
84 102
84 103
84 108
84 111
84 116
84 117
84 118
84 119
84 121
84 125
84 126
84 127
84 131
84 135
84 145
84 155
84 158
84 161
85 89
85 96
85 102
85 103
85 104
85 113
85 115
85 119
85 123
85 127
85 129
85 133
85 135
85 150
85 152
85 154
85 157
85 159
86 99
86 101
86 111
86 117
86 125
86 128
87 94
87 97
87 98
87 108
87 112
87 115
87 116
87 122
87 123
87 128
87 131
87 134
87 135
87 136
87 142
87 143
87 150
87 157
87 158
88 89
88 97
88 98
88 101
88 105
88 112
88 118
88 146
88 151
88 153
88 159
88 161
89 90
89 97
89 98
89 99
89 102
89 105
89 108
89 113
89 114
89 119
89 125
89 129
89 130
89 131
89 134
89 147
89 148
89 149
89 151
89 152
89 155
89 159
90 102
90 104
90 105
90 112
90 117
90 125
90 139
90 153
91 92
91 100
91 102
91 107
91 118
91 125
91 133
91 139
91 145
91 146
91 147
91 157
91 159
92 93
92 97
92 103
92 116
92 117
92 134
92 145
92 146
92 150
92 152
92 161
93 95
93 96
93 100
93 101
93 102
93 103
93 108
93 115
93 120
93 138
93 146
93 147
93 158
94 102
94 105
94 107
94 108
94 110
94 111
94 113
94 114
94 122
94 129
94 131
94 133
94 134
94 135
94 137
94 138
94 140
94 141
94 142
94 145
94 147
94 153
94 157
94 158
95 97
95 100
95 102
95 111
95 114
95 115
95 116
95 122
95 133
95 143
95 147
95 160
96 114
96 131
96 132
96 147
96 158
97 102
97 106
97 107
97 108
97 110
97 115
97 118
97 125
97 126
97 127
97 131
97 132
97 138
97 142
97 146
97 147
97 157
97 158
98 100
98 101
98 102
98 108
98 114
98 117
98 119
98 121
98 122
98 129
98 134
98 138
98 143
98 149
98 152
98 154
98 161
99 105
99 113
99 116
99 117
99 118
99 125
99 127
99 129
99 130
99 132
99 133
99 140
99 149
99 150
99 155
100 105
100 109
100 112
100 114
100 118
100 125
100 131
100 135
100 136
100 142
100 145
100 157
100 158
100 161
101 107
101 109
101 114
101 115
101 116
101 117
101 119
101 121
101 126
101 128
101 129
101 130
101 131
101 134
101 135
101 136
101 137
101 138
101 139
101 141
101 147
101 148
101 151
101 152
101 155
101 159
101 160
101 161
102 104
102 106
102 108
102 115
102 116
102 120
102 126
102 127
102 128
102 129
102 131
102 133
102 142
102 147
102 149
102 154
102 157
102 160
103 105
103 106
103 114
103 125
103 131
103 133
103 139
103 141
103 142
103 147
103 149
103 153
103 155
103 161
104 105
104 108
104 109
104 114
104 115
104 129
104 133
104 138
104 142
104 146
104 147
104 149
104 154
104 157
105 106
105 107
105 113
105 122
105 126
105 128
105 129
105 131
105 133
105 135
105 138
105 145
105 151
105 152
105 157
105 159
105 161
106 107
106 114
106 115
106 117
106 121
106 123
106 126
106 128
106 133
106 136
106 138
106 141
106 142
106 151
106 152
106 153
106 156
106 157
106 161
107 111
107 115
107 117
107 126
107 134
107 137
107 138
107 142
107 147
107 151
107 157
107 159
108 114
108 117
108 119
108 123
108 125
108 126
108 128
108 133
108 137
108 138
108 141
108 142
108 146
108 147
108 151
108 153
108 155
108 158
108 160
108 161
109 115
109 118
109 119
109 121
109 123
109 131
109 132
109 134
109 135
109 137
109 138
109 142
109 151
109 153
109 154
109 158
110 111
110 113
110 117
110 133
110 140
110 161
111 113
111 125
111 127
111 135
111 145
111 152
111 156
111 158
112 113
112 114
112 116
112 118
112 125
112 127
112 133
112 134
112 137
112 138
112 139
112 141
112 146
112 149
112 151
112 154
112 157
113 119
113 121
113 125
113 129
113 133
113 137
113 139
113 141
113 143
113 145
113 146
113 147
113 152
113 159
113 161
114 115
114 116
114 118
114 122
114 125
114 127
114 128
114 129
114 130
114 132
114 134
114 135
114 137
114 138
114 139
114 141
114 142
114 143
114 146
114 151
114 154
114 157
114 158
114 159
114 161
115 117
115 119
115 120
115 132
115 133
115 135
115 136
115 146
115 151
115 152
115 157
115 159
115 160
116 119
116 121
116 130
116 133
116 137
116 142
116 152
116 153
116 155
117 118
117 125
117 128
117 130
117 138
117 141
117 146
117 154
117 157
117 161
118 126
118 127
118 129
118 133
118 134
118 142
118 147
118 151
118 156
118 157
118 159
118 160
118 161
119 132
119 135
120 133
120 136
120 157
120 158
120 159
121 137
121 143
122 124
122 129
122 137
122 145
122 146
123 135
123 152
123 154
124 126
124 129
124 134
124 135
124 145
124 149
124 152
124 153
125 134
125 139
125 140
125 141
125 145
125 152
125 153
125 158
125 160
125 161
126 138
126 141
126 143
126 147
127 129
127 133
127 153
127 161
128 131
128 132
128 135
128 139
128 147
128 157
128 160
129 137
129 138
129 139
129 140
129 141
129 144
129 153
129 155
129 157
130 138
131 134
131 135
131 137
131 138
131 139
131 141
131 144
131 152
131 153
131 154
131 157
131 160
132 133
132 149
132 152
133 134
133 135
133 137
133 142
133 143
133 145
133 147
133 153
133 155
133 157
133 158
133 160
134 137
134 140
134 142
134 150
134 151
134 154
134 157
134 160
135 137
135 139
135 142
135 144
135 145
135 146
135 152
135 153
135 154
135 156
135 157
135 160
136 137
136 147
136 149
136 154
136 157
136 159
137 138
137 140
137 141
137 142
137 143
137 147
137 149
137 150
137 153
137 154
137 155
137 157
137 158
138 139
138 141
138 147
138 152
138 160
138 161
139 141
139 148
139 151
139 152
139 160
140 145
140 149
141 147
141 151
141 158
141 159
142 146
142 151
142 152
142 153
142 157
143 146
143 161
144 146
144 147
144 154
145 147
145 153
145 155
145 159
145 160
145 161
146 149
146 151
146 152
146 154
146 159
146 160
147 153
147 159
148 157
149 150
149 153
149 154
149 156
149 161
150 157
152 153
152 158
152 159
152 160
153 157
153 160
153 161
154 157
154 158
154 160
155 158
156 157
158 160
158 161
