0 4
0 6
0 10
0 18
0 19
0 23
0 24
0 25
0 26
0 30
0 36
0 38
0 39
0 43
0 47
0 49
0 56
0 58
0 59
0 61
0 62
0 63
0 72
0 80
0 84
0 88
0 94
0 100
0 113
0 120
0 123
0 135
0 138
0 139
0 145
1 3
1 4
1 7
1 13
1 14
1 17
1 18
1 21
1 29
1 30
1 31
1 35
1 36
1 38
1 42
1 44
1 46
1 50
1 51
1 52
1 55
1 56
1 60
1 64
1 66
1 73
1 75
1 79
1 82
1 83
1 84
1 85
1 87
1 93
1 107
1 112
1 114
1 117
1 135
1 138
1 141
1 144
1 151
1 158
2 7
2 21
2 27
2 35
2 51
2 55
2 60
2 69
2 70
2 79
2 84
2 89
2 91
2 94
2 97
2 104
2 115
2 117
2 124
2 133
2 138
2 146
2 149
2 153
2 161
3 4
3 6
3 24
3 29
3 36
3 37
3 50
3 55
3 58
3 63
3 66
3 69
3 71
3 83
3 87
3 100
3 102
3 104
3 106
3 109
3 113
3 126
3 131
3 137
3 138
3 151
3 152
3 157
3 161
4 7
4 10
4 11
4 13
4 16
4 22
4 24
4 29
4 30
4 31
4 32
4 34
4 35
4 36
4 39
4 41
4 42
4 44
4 45
4 48
4 49
4 51
4 52
4 57
4 63
4 64
4 65
4 66
4 69
4 74
4 75
4 77
4 79
4 83
4 85
4 86
4 87
4 91
4 96
4 97
4 100
4 101
4 105
4 108
4 109
4 111
4 112
4 113
4 114
4 122
4 125
4 129
4 130
4 131
4 134
4 137
4 138
4 143
4 154
5 10
5 30
5 39
5 72
5 78
5 88
5 92
5 101
5 120
5 131
5 140
5 147
5 158
6 10
6 14
6 15
6 18
6 20
6 23
6 25
6 28
6 31
6 32
6 38
6 39
6 40
6 41
6 46
6 49
6 52
6 54
6 58
6 63
6 68
6 72
6 74
6 75
6 80
6 84
6 91
6 99
6 100
6 101
6 103
6 107
6 108
6 109
6 113
6 114
6 123
6 127
6 129
6 131
6 132
6 133
6 134
6 137
6 138
6 139
6 141
6 147
6 149
6 150
6 152
6 159
7 9
7 12
7 16
7 21
7 25
7 41
7 46
7 49
7 51
7 52
7 59
7 61
7 64
7 68
7 72
7 77
7 79
7 80
7 87
7 97
7 99
7 102
7 105
7 109
7 115
7 118
7 128
7 129
7 130
7 132
7 133
7 134
7 137
7 138
7 140
7 147
7 149
7 154
8 19
8 28
8 34
8 35
8 42
8 52
8 56
8 74
8 78
8 80
8 87
8 99
8 108
8 129
8 137
9 18
9 22
9 25
9 29
9 36
9 40
9 49
9 51
9 53
9 55
9 64
9 67
9 72
9 85
9 89
9 94
9 96
9 112
9 114
9 115
9 116
9 120
9 125
9 127
9 135
9 136
9 139
9 141
9 142
9 146
9 151
9 153
9 154
9 156
9 157
9 160
10 11
10 15
10 21
10 35
10 40
10 42
10 45
10 47
10 55
10 56
10 58
10 63
10 65
10 69
10 74
10 75
10 77
10 79
10 85
10 89
10 91
10 94
10 97
10 98
10 102
10 104
10 106
10 109
10 113
10 114
10 115
10 118
10 119
10 125
10 128
10 132
10 135
10 136
10 141
10 146
10 149
10 151
10 153
10 159
11 15
11 21
11 31
11 43
11 45
11 50
11 53
11 57
11 59
11 61
11 64
11 67
11 70
11 77
11 79
11 82
11 84
11 85
11 94
11 99
11 100
11 101
11 103
11 106
11 112
11 119
11 122
11 126
11 138
11 141
11 147
11 157
12 15
12 18
12 19
12 20
12 22
12 25
12 33
12 38
12 46
12 50
12 54
12 56
12 58
12 59
12 64
12 65
12 69
12 70
12 76
12 80
12 91
12 93
12 94
12 99
12 101
12 102
12 113
12 115
12 117
12 118
12 123
12 129
12 135
12 141
12 143
12 153
12 154
12 155
12 158
12 159
13 16
13 19
13 31
13 45
13 46
13 64
13 83
13 93
13 94
13 102
13 109
13 118
13 134
13 135
13 139
13 154
13 157
14 19
14 26
14 31
14 32
14 36
14 38
14 44
14 49
14 51
14 52
14 56
14 59
14 65
14 66
14 67
14 70
14 72
14 73
14 74
14 81
14 86
14 87
14 89
14 90
14 91
14 94
14 105
14 106
14 108
14 111
14 112
14 113
14 115
14 117
14 121
14 128
14 134
14 140
14 141
14 144
14 147
14 150
14 157
14 159
14 161
15 19
15 30
15 32
15 38
15 39
15 51
15 55
15 56
15 61
15 67
15 68
15 73
15 74
15 80
15 87
15 98
15 99
15 101
15 102
15 108
15 123
15 133
15 135
15 137
16 19
16 33
16 44
16 51
16 54
16 56
16 58
16 59
16 65
16 66
16 126
16 131
16 133
16 138
16 139
16 145
16 149
16 154
17 18
17 56
17 64
17 65
17 87
17 110
17 139
17 157
17 161
18 20
18 21
18 24
18 25
18 29
18 30
18 36
18 50
18 51
18 56
18 62
18 64
18 81
18 84
18 89
18 94
18 97
18 98
18 100
18 101
18 106
18 112
18 115
18 118
18 125
18 135
18 136
18 138
18 139
18 141
18 142
18 146
18 150
18 152
18 153
18 154
18 157
19 20
19 25
19 28
19 33
19 34
19 35
19 36
19 38
19 40
19 41
19 49
19 51
19 58
19 59
19 60
19 61
19 63
19 65
19 69
19 70
19 71
19 72
19 73
19 76
19 79
19 88
19 89
19 92
19 93
19 94
19 96
19 98
19 102
19 111
19 113
19 114
19 118
19 126
19 129
19 131
19 134
19 139
19 142
19 145
19 148
19 151
19 153
19 154
19 161
20 26
20 46
20 50
20 51
20 54
20 55
20 62
20 64
20 66
20 67
20 69
20 80
20 87
20 101
20 102
20 109
20 115
20 125
20 129
20 136
20 142
20 143
21 27
21 30
21 31
21 34
21 35
21 36
21 38
21 54
21 56
21 59
21 63
21 64
21 66
21 67
21 68
21 69
21 70
21 72
21 84
21 89
21 94
21 100
21 102
21 106
21 114
21 115
21 118
21 121
21 122
21 124
21 125
21 129
21 131
21 132
21 133
21 134
21 138
21 139
21 141
21 152
21 153
21 160
21 161
22 32
22 43
22 50
22 51
22 70
22 75
22 82
22 85
22 98
22 103
22 108
22 114
22 115
22 116
22 121
22 127
22 129
22 131
22 132
22 137
22 138
22 139
22 142
22 159
23 26
23 45
23 57
23 64
23 67
23 68
23 79
23 89
23 94
23 101
23 109
23 112
23 115
23 125
23 129
23 136
23 139
23 142
23 145
23 156
24 33
24 34
24 36
24 38
24 43
24 46
24 49
24 53
24 54
24 57
24 61
24 66
24 68
24 72
24 73
24 77
24 79
24 93
24 96
24 101
24 106
24 108
24 109
24 112
24 115
24 119
24 125
24 135
24 137
24 139
24 145
25 31
25 36
25 38
25 42
25 46
25 56
25 58
25 61
25 63
25 64
25 65
25 67
25 68
25 69
25 70
25 71
25 82
25 87
25 89
25 91
25 93
25 97
25 98
25 104
25 109
25 117
25 118
25 122
25 124
25 131
25 133
25 136
25 137
25 139
25 142
25 143
25 145
25 149
25 152
25 154
25 160
26 28
26 40
26 41
26 42
26 44
26 45
26 46
26 51
26 53
26 55
26 58
26 59
26 64
26 68
26 69
26 71
26 72
26 77
26 83
26 89
26 94
26 96
26 100
26 109
26 111
26 113
26 117
26 118
26 119
26 126
26 127
26 129
26 131
26 132
26 134
26 136
26 137
26 142
26 143
26 145
26 146
26 150
26 154
26 160
26 161
27 30
27 39
27 53
27 57
27 69
27 72
27 80
27 83
27 84
27 92
27 97
27 103
27 160
28 39
28 42
28 52
28 56
28 58
28 65
28 76
28 81
28 87
28 106
28 107
28 108
28 111
28 118
28 125
28 139
28 146
28 153
28 154
28 157
29 35
29 48
29 51
29 65
29 66
29 72
29 73
29 81
29 86
29 87
29 94
29 102
29 106
29 108
29 109
29 115
29 125
29 129
29 149
29 151
29 154
29 157
30 31
30 35
30 36
30 42
30 44
30 49
30 51
30 56
30 63
30 64
30 75
30 77
30 79
30 81
30 84
30 89
30 91
30 97
30 98
30 100
30 101
30 105
30 110
30 113
30 114
30 115
30 116
30 118
30 125
30 126
30 129
30 130
30 133
30 135
30 139
30 143
30 146
30 147
30 152
30 153
30 155
31 32
31 35
31 40
31 42
31 44
31 45
31 49
31 51
31 52
31 60
31 61
31 63
31 65
31 70
31 75
31 84
31 85
31 88
31 94
31 98
31 99
31 100
31 101
31 102
31 103
31 105
31 108
31 113
31 114
31 118
31 120
31 129
31 130
31 131
31 132
31 133
31 139
31 146
31 151
31 152
31 154
31 157
31 158
31 159
32 34
32 36
32 37
32 43
32 55
32 57
32 59
32 63
32 65
32 67
32 69
32 70
32 72
32 73
32 75
32 77
32 79
32 87
32 89
32 91
32 92
32 94
32 101
32 102
32 104
32 107
32 109
32 115
32 126
32 129
32 134
32 138
32 142
32 152
32 154
32 157
32 158
33 46
33 49
33 54
33 56
33 68
33 69
33 72
33 91
33 100
33 107
33 113
33 115
33 134
33 151
34 36
34 40
34 41
34 42
34 51
34 55
34 64
34 67
34 68
34 70
34 77
34 82
34 89
34 90
34 94
34 104
34 105
34 112
34 113
34 114
34 115
34 125
34 129
34 152
34 158
35 36
35 39
35 40
35 44
35 45
35 49
35 50
35 51
35 52
35 55
35 58
35 64
35 65
35 66
35 67
35 68
35 69
35 70
35 71
35 80
35 87
35 88
35 91
35 93
35 94
35 97
35 98
35 104
35 109
35 110
35 112
35 117
35 118
35 124
35 125
35 128
35 129
35 132
35 133
35 135
35 145
35 153
35 154
35 158
35 160
36 42
36 43
36 44
36 46
36 47
36 51
36 54
36 55
36 56
36 62
36 63
36 66
36 68
36 74
36 91
36 93
36 98
36 100
36 102
36 106
36 108
36 109
36 113
36 119
36 125
36 129
36 130
36 134
36 135
36 138
36 141
36 142
36 146
36 153
36 155
36 160
37 53
37 54
37 73
37 75
37 85
37 107
37 108
37 129
37 138
37 152
37 153
38 39
38 52
38 66
38 67
38 72
38 74
38 81
38 89
38 95
38 100
38 102
38 103
38 106
38 111
38 113
38 117
38 118
38 121
38 129
38 132
38 133
38 135
38 138
38 146
38 150
38 151
38 159
38 160
39 40
39 41
39 52
39 56
39 58
39 65
39 70
39 72
39 75
39 94
39 99
39 105
39 106
39 108
39 113
39 115
39 117
39 118
39 125
39 126
39 131
39 139
39 141
40 44
40 45
40 46
40 48
40 50
40 51
40 52
40 53
40 54
40 55
40 56
40 58
40 59
40 66
40 69
40 83
40 87
40 88
40 93
40 95
40 96
40 98
40 105
40 112
40 116
40 118
40 124
40 125
40 129
40 134
40 135
40 138
40 139
40 142
40 143
40 148
40 149
40 152
40 154
40 158
41 45
41 52
41 54
41 62
41 63
41 66
41 68
41 69
41 72
41 84
41 97
41 113
41 139
42 46
42 51
42 63
42 68
42 71
42 74
42 80
42 82
42 87
42 90
42 94
42 107
42 110
42 112
42 114
42 118
42 142
42 148
42 152
42 153
42 155
42 158
43 44
43 45
43 50
43 54
43 55
43 58
43 62
43 63
43 67
43 68
43 69
43 71
43 74
43 77
43 86
43 93
43 101
43 102
43 103
43 107
43 108
43 109
43 110
43 114
43 115
43 118
43 120
43 122
43 125
43 129
43 130
43 131
43 135
43 137
43 141
43 142
43 147
43 151
43 159
43 161
44 45
44 49
44 52
44 55
44 57
44 59
44 60
44 67
44 68
44 69
44 70
44 72
44 74
44 78
44 81
44 87
44 89
44 93
44 94
44 98
44 102
44 103
44 104
44 110
44 111
44 112
44 115
44 125
44 129
44 130
44 136
44 139
44 147
44 149
44 153
44 157
44 160
44 161
45 48
45 49
45 54
45 58
45 65
45 67
45 68
45 69
45 72
45 80
45 83
45 85
45 88
45 89
45 95
45 98
45 99
45 100
45 102
45 103
45 106
45 107
45 108
45 111
45 112
45 115
45 124
45 135
45 139
45 141
45 142
45 146
45 151
45 154
45 158
46 53
46 55
46 63
46 77
46 83
46 84
46 87
46 101
46 102
46 106
46 107
46 113
46 114
46 117
46 124
46 125
46 127
46 134
46 135
46 141
46 145
46 147
46 151
46 156
46 161
47 74
47 76
47 101
47 103
47 106
47 134
47 145
47 147
48 49
48 70
48 72
48 84
48 85
48 89
48 91
48 103
48 115
48 131
48 134
48 137
48 138
48 139
48 143
48 153
48 157
48 158
49 51
49 53
49 56
49 66
49 67
49 68
49 69
49 72
49 73
49 74
49 81
49 84
49 94
49 104
49 105
49 109
49 112
49 117
49 122
49 125
49 127
49 133
49 134
49 139
49 142
49 145
49 152
49 154
49 156
49 159
50 51
50 54
50 63
50 68
50 71
50 72
50 73
50 75
50 77
50 86
50 87
50 90
50 91
50 92
50 95
50 97
50 98
50 103
50 104
50 105
50 106
50 114
50 115
50 121
50 130
50 137
50 138
50 139
50 151
50 154
50 155
50 159
51 56
51 62
51 64
51 69
51 72
51 79
51 80
51 81
51 82
51 84
51 85
51 89
51 90
51 92
51 93
51 97
51 98
51 99
51 101
51 102
51 106
51 110
51 112
51 127
51 129
51 131
51 134
51 136
51 137
51 139
51 146
51 147
51 153
52 53
52 54
52 55
52 67
52 68
52 69
52 77
52 83
52 84
52 87
52 97
52 98
52 100
52 102
52 103
52 106
52 108
52 113
52 114
52 115
52 118
52 122
52 126
52 128
52 135
52 136
52 146
52 147
52 152
52 153
52 158
53 54
53 61
53 62
53 63
53 64
53 66
53 69
53 72
53 73
53 79
53 83
53 99
53 103
53 106
53 116
53 117
53 124
53 133
53 135
53 136
53 141
53 147
53 152
53 157
53 158
54 55
54 57
54 59
54 63
54 71
54 72
54 74
54 75
54 83
54 84
54 89
54 106
54 109
54 112
54 115
54 126
54 129
54 131
54 133
54 134
54 135
54 136
54 138
54 141
54 142
54 145
54 146
54 149
54 150
54 151
54 154
54 156
54 157
54 161
55 56
55 65
55 72
55 77
55 79
55 85
55 87
55 89
55 105
55 106
55 109
55 114
55 115
55 116
55 120
55 125
55 128
55 131
55 135
55 136
55 138
55 157
55 158
56 61
56 64
56 66
56 69
56 74
56 76
56 77
56 79
56 84
56 90
56 93
56 95
56 96
56 99
56 100
56 102
56 105
56 106
56 107
56 111
56 112
56 114
56 118
56 121
56 133
56 136
56 140
56 141
56 144
56 155
56 158
56 159
56 161
57 65
57 67
57 68
57 71
57 73
57 74
57 84
57 101
57 106
57 108
57 112
57 115
57 118
57 121
57 125
57 135
57 141
57 150
57 151
57 154
57 156
57 158
58 63
58 64
58 65
58 67
58 70
58 76
58 81
58 85
58 90
58 93
58 94
58 97
58 100
58 102
58 103
58 105
58 110
58 115
58 117
58 121
58 129
58 131
58 134
58 137
58 146
58 149
58 150
58 151
58 154
58 157
59 62
59 75
59 79
59 80
59 85
59 94
59 103
59 105
59 113
59 117
59 141
59 152
60 67
60 77
60 85
60 88
60 97
60 108
60 111
60 121
60 139
60 142
60 145
61 64
61 65
61 67
61 69
61 72
61 73
61 77
61 84
61 97
61 101
61 102
61 103
61 106
61 109
61 111
61 113
61 114
61 115
61 120
61 131
61 135
61 137
61 140
61 145
61 156
61 157
61 160
61 161
62 63
62 64
62 66
62 67
62 79
62 86
62 88
62 96
62 97
62 129
62 142
62 147
62 152
62 154
63 64
63 67
63 84
63 85
63 91
63 95
63 100
63 102
63 107
63 108
63 109
63 110
63 111
63 115
63 117
63 119
63 120
63 125
63 137
63 139
63 143
63 146
63 147
63 149
63 152
63 153
63 155
63 157
63 158
64 66
64 72
64 73
64 76
64 77
64 79
64 85
64 87
64 89
64 97
64 101
64 102
64 105
64 113
64 135
64 141
64 142
64 148
64 149
64 150
64 151
64 153
64 157
64 158
64 159
65 70
65 71
65 73
65 74
65 77
65 79
65 80
65 85
65 87
65 89
65 92
65 93
65 94
65 97
65 100
65 107
65 108
65 109
65 110
65 111
65 113
65 115
65 116
65 118
65 119
65 121
65 125
65 131
65 133
65 135
65 137
65 146
65 153
65 157
65 160
66 68
66 69
66 70
66 73
66 74
66 75
66 80
66 86
66 87
66 95
66 96
66 103
66 111
66 114
66 116
66 139
66 143
66 145
66 146
67 68
67 69
67 74
67 81
67 82
67 84
67 89
67 93
67 97
67 102
67 103
67 105
67 106
67 114
67 115
67 117
67 118
67 122
67 124
67 131
67 141
67 143
67 147
67 152
67 159
67 161
68 73
68 75
68 79
68 87
68 88
68 89
68 91
68 100
68 101
68 106
68 109
68 110
68 111
68 112
68 113
68 114
68 117
68 124
68 127
68 135
68 136
68 137
68 140
68 142
68 147
68 155
68 159
68 161
69 70
69 72
69 74
69 79
69 82
69 84
69 89
69 96
69 97
69 102
69 103
69 104
69 105
69 121
69 122
69 133
69 136
69 142
69 143
69 145
69 147
69 157
70 73
70 74
70 75
70 81
70 84
70 99
70 101
70 103
70 106
70 109
70 110
70 111
70 113
70 114
70 115
70 117
70 118
70 120
70 125
70 129
70 131
70 138
70 142
70 147
70 151
70 153
70 154
70 157
70 158
70 160
70 161
71 72
71 77
71 79
71 82
71 83
71 84
71 85
71 87
71 89
71 93
71 94
71 97
71 99
71 103
71 105
71 107
71 109
71 110
71 111
71 114
71 121
71 123
71 126
71 129
71 136
71 137
71 138
71 140
71 145
71 146
71 147
71 154
71 157
72 73
72 74
72 75
72 76
72 80
72 84
72 85
72 88
72 95
72 110
72 112
72 114
72 116
72 117
72 118
72 120
72 122
72 125
72 131
72 134
72 135
72 136
72 138
72 139
72 141
72 142
72 146
72 152
72 155
72 158
72 161
73 74
73 77
73 80
73 91
73 95
73 97
73 101
73 102
73 103
73 107
73 111
73 114
73 115
73 118
73 124
73 126
73 134
73 135
73 137
73 138
73 141
73 151
73 152
73 153
73 157
73 160
73 161
74 80
74 83
74 87
74 89
74 92
74 93
74 97
74 101
74 102
74 105
74 107
74 108
74 109
74 113
74 114
74 115
74 116
74 121
74 125
74 129
74 131
74 132
74 138
74 150
74 152
74 154
74 155
74 157
74 158
74 159
74 161
75 80
75 88
75 89
75 92
75 97
75 101
75 108
75 110
75 111
75 112
75 113
75 118
75 119
75 123
75 127
75 128
75 129
75 134
75 135
75 147
75 152
75 153
75 154
75 157
75 158
75 161
76 80
76 116
76 117
76 141
76 145
76 152
77 79
77 89
77 90
77 94
77 98
77 100
77 105
77 106
77 111
77 112
77 113
77 114
77 115
77 116
77 125
77 129
77 131
77 138
77 142
77 144
77 146
77 147
77 149
77 152
77 154
77 155
77 157
77 158
78 80
78 115
78 118
78 152
79 83
79 84
79 87
79 98
79 102
79 103
79 113
79 116
79 122
79 129
79 133
79 138
79 145
79 151
79 153
79 156
79 158
79 160
80 84
80 94
80 97
80 102
80 106
80 108
80 109
80 110
80 113
80 115
80 123
80 125
80 129
80 134
80 137
80 138
80 145
80 149
80 151
80 154
80 159
80 160
80 161
81 89
81 114
81 117
81 125
81 135
81 138
81 151
81 152
81 160
82 92
82 102
82 104
82 111
82 114
82 117
82 120
82 124
82 128
82 136
82 153
82 159
83 84
83 101
83 105
83 108
83 114
83 130
83 131
83 151
83 152
84 85
84 86
84 91
84 94
84 95
84 96
84 97
84 101
84 104
84 109
84 114
84 124
84 125
84 134
84 138
84 139
84 141
84 142
84 145
84 147
84 157
84 158
85 89
85 96
85 100
85 106
85 114
85 117
85 125
85 126
85 132
85 133
85 134
85 142
85 143
85 145
85 146
85 152
85 159
85 161
86 94
86 105
86 114
86 115
86 138
86 153
87 89
87 99
87 102
87 103
87 108
87 110
87 111
87 115
87 117
87 121
87 125
87 128
87 129
87 133
87 137
87 139
87 149
87 150
87 152
87 155
87 158
88 100
88 101
88 106
88 107
88 111
88 122
88 132
88 133
88 136
88 146
88 154
88 159
89 92
89 94
89 97
89 101
89 105
89 113
89 117
89 118
89 119
89 120
89 127
89 128
89 131
89 132
89 134
89 136
89 137
89 138
89 142
89 143
89 146
89 149
89 151
89 157
89 159
90 93
90 98
90 102
90 105
90 113
90 114
90 121
90 129
90 135
90 139
90 147
91 94
91 99
91 101
91 108
91 118
91 120
91 128
91 133
91 145
91 146
91 150
91 151
91 154
91 157
91 161
92 94
92 109
92 111
92 112
92 113
92 126
92 134
92 146
92 148
92 158
93 103
93 109
93 112
93 115
93 116
93 118
93 125
93 133
93 136
93 148
94 97
94 101
94 106
94 108
94 112
94 115
94 119
94 120
94 125
94 126
94 128
94 129
94 134
94 137
94 142
94 143
94 152
94 157
94 158
94 161
95 96
95 99
95 110
95 125
95 126
95 142
95 154
96 99
96 105
96 108
96 112
96 125
96 144
96 160
97 101
97 103
97 105
97 106
97 109
97 111
97 112
97 116
97 117
97 134
97 135
97 142
97 143
97 147
97 158
97 159
97 160
97 161
98 102
98 107
98 108
98 116
98 133
98 138
98 146
98 153
98 157
99 105
99 112
99 113
99 115
99 122
99 128
99 135
99 138
99 139
99 147
99 159
99 161
100 102
100 105
100 108
100 125
100 127
100 129
100 131
100 133
100 135
100 137
100 138
100 143
100 150
100 151
100 154
100 156
100 157
101 103
101 106
101 107
101 114
101 116
101 118
101 119
101 127
101 130
101 131
101 138
101 139
101 151
101 153
101 158
102 103
102 107
102 108
102 111
102 114
102 116
102 123
102 129
102 131
102 134
102 136
102 137
102 147
102 153
102 157
102 159
102 160
103 104
103 106
103 107
103 109
103 113
103 114
103 116
103 118
103 119
103 122
103 124
103 128
103 129
103 134
103 136
103 137
103 141
103 144
103 147
103 154
103 156
103 157
103 158
104 106
104 112
104 125
104 126
104 133
104 151
104 152
104 158
105 106
105 107
105 108
105 109
105 110
105 111
105 112
105 115
105 116
105 117
105 118
105 120
105 130
105 134
105 138
105 146
105 147
105 148
105 152
105 153
105 154
105 155
106 111
106 113
106 114
106 115
106 117
106 118
106 122
106 129
106 133
106 135
106 137
106 153
106 154
106 157
106 158
106 159
106 161
107 114
107 115
107 129
107 131
107 133
107 138
107 144
107 146
107 153
108 110
108 114
108 116
108 120
108 131
108 134
108 137
108 138
108 146
108 152
108 153
108 160
109 110
109 111
109 115
109 117
109 119
109 134
109 138
109 146
109 147
109 151
109 155
109 157
109 158
109 160
109 161
110 111
110 117
110 126
110 128
110 131
110 134
110 138
110 140
110 141
110 145
110 147
110 153
111 112
111 113
111 114
111 118
111 124
111 125
111 129
111 131
111 133
111 138
111 139
111 147
111 154
111 155
111 160
112 114
112 115
112 117
112 118
112 126
112 134
112 135
112 138
112 143
112 147
112 149
112 152
112 158
112 161
113 114
113 116
113 117
113 118
113 119
113 126
113 131
113 133
113 134
113 135
113 138
113 139
113 146
113 149
113 150
113 153
113 154
113 157
113 158
114 117
114 119
114 120
114 125
114 126
114 127
114 128
114 131
114 132
114 133
114 135
114 138
114 139
114 141
114 153
114 154
114 155
114 158
115 117
115 121
115 125
115 128
115 130
115 131
115 132
115 137
115 138
115 142
115 145
115 146
115 147
115 149
115 151
115 154
115 155
116 120
116 122
116 125
116 127
116 129
116 133
116 137
116 139
116 141
116 147
116 155
116 157
116 159
116 161
117 118
117 125
117 128
117 131
117 133
117 142
117 145
117 146
117 147
117 150
117 151
117 154
117 157
117 158
117 160
118 121
118 123
118 124
118 125
118 126
118 127
118 129
118 133
118 134
118 138
118 146
118 147
118 152
118 153
118 154
119 127
119 138
119 141
119 147
119 152
119 158
120 126
120 134
120 137
121 126
121 133
121 134
121 136
121 137
121 142
121 146
121 151
122 126
122 129
122 147
122 149
122 158
123 125
123 139
124 134
124 135
124 138
124 149
124 150
125 127
125 133
125 134
125 135
125 145
125 150
125 151
125 152
125 153
125 158
126 129
126 136
126 147
126 152
126 154
126 157
126 161
127 131
127 134
127 137
127 138
127 142
127 158
128 135
128 136
128 141
128 142
128 145
128 161
129 134
129 135
129 136
129 153
130 137
130 138
130 142
130 147
130 152
131 133
131 134
131 136
131 139
131 142
131 143
131 145
131 146
131 147
131 149
131 151
131 152
131 153
131 157
131 160
132 139
132 159
133 135
133 143
133 146
133 151
133 154
133 159
134 137
134 138
134 139
134 142
134 145
134 146
134 152
134 153
134 154
134 157
134 160
134 161
135 142
135 145
135 150
135 153
135 154
135 158
135 160
136 142
136 154
136 159
137 141
137 147
137 149
137 152
138 141
138 142
138 151
138 152
138 154
138 158
138 160
139 143
139 149
139 154
139 157
139 158
139 161
141 142
141 150
141 153
141 154
141 157
141 159
141 161
142 146
142 147
142 152
142 158
142 160
144 146
144 150
144 152
145 149
145 151
145 161
146 157
147 152
147 153
147 157
147 158
147 159
147 161
148 156
148 157
148 158
149 154
150 159
151 157
151 158
152 154
152 156
152 158
152 159
152 161
153 157
153 161
154 158
155 157
156 160
157 158
