0 1
0 2
0 6
0 9
0 10
0 12
0 14
0 16
0 18
0 19
0 20
0 22
0 24
0 26
0 31
0 32
0 34
0 35
0 37
0 38
0 40
0 43
0 45
0 49
0 50
0 51
0 54
0 57
0 58
0 59
0 61
0 62
0 66
0 67
0 68
0 69
0 70
0 71
0 73
0 74
0 75
0 79
0 82
0 84
0 87
0 88
0 90
0 91
0 94
0 95
0 96
0 98
0 100
0 101
0 102
0 105
0 106
0 108
0 109
0 112
0 113
0 114
0 115
0 122
0 125
0 126
0 127
0 129
0 133
0 134
0 137
0 138
0 139
0 140
0 141
0 142
0 143
0 145
0 146
0 147
0 150
0 151
0 152
0 153
0 154
0 155
0 157
0 158
0 161
1 2
1 3
1 4
1 6
1 7
1 8
1 10
1 12
1 14
1 15
1 17
1 21
1 23
1 25
1 26
1 31
1 34
1 35
1 37
1 38
1 39
1 43
1 45
1 46
1 49
1 50
1 51
1 54
1 55
1 56
1 58
1 62
1 63
1 64
1 65
1 67
1 71
1 74
1 75
1 76
1 77
1 79
1 81
1 82
1 85
1 87
1 89
1 93
1 94
1 97
1 98
1 101
1 105
1 106
1 107
1 108
1 109
1 110
1 111
1 112
1 113
1 114
1 115
1 118
1 119
1 122
1 123
1 125
1 130
1 131
1 133
1 134
1 135
1 137
1 138
1 139
1 142
1 146
1 147
1 149
1 150
1 151
1 154
1 155
1 157
1 158
1 161
2 4
2 5
2 9
2 12
2 14
2 18
2 19
2 26
2 30
2 31
2 36
2 37
2 38
2 40
2 43
2 44
2 46
2 49
2 51
2 52
2 53
2 55
2 56
2 58
2 62
2 65
2 66
2 68
2 71
2 72
2 73
2 77
2 79
2 83
2 84
2 87
2 88
2 89
2 93
2 94
2 95
2 97
2 101
2 106
2 107
2 108
2 109
2 112
2 113
2 117
2 118
2 126
2 128
2 129
2 131
2 133
2 134
2 136
2 137
2 142
2 143
2 145
2 146
2 147
2 148
2 149
2 150
2 153
2 157
2 161
3 5
3 6
3 7
3 11
3 14
3 15
3 19
3 21
3 25
3 26
3 30
3 34
3 35
3 36
3 45
3 49
3 51
3 54
3 56
3 57
3 58
3 63
3 64
3 66
3 68
3 70
3 71
3 75
3 76
3 77
3 79
3 80
3 83
3 85
3 87
3 88
3 89
3 96
3 97
3 100
3 101
3 105
3 107
3 108
3 112
3 114
3 115
3 117
3 118
3 129
3 131
3 132
3 134
3 138
3 139
3 141
3 144
3 146
3 147
3 148
3 149
3 150
3 152
3 155
3 158
4 5
4 6
4 7
4 11
4 13
4 14
4 15
4 17
4 18
4 19
4 20
4 21
4 22
4 24
4 25
4 26
4 27
4 30
4 31
4 32
4 34
4 35
4 36
4 37
4 38
4 39
4 40
4 42
4 43
4 44
4 49
4 51
4 54
4 55
4 56
4 58
4 59
4 60
4 61
4 62
4 63
4 64
4 65
4 66
4 67
4 68
4 69
4 70
4 71
4 72
4 74
4 75
4 76
4 77
4 79
4 80
4 81
4 83
4 85
4 86
4 87
4 90
4 92
4 93
4 94
4 95
4 97
4 100
4 101
4 103
4 104
4 105
4 106
4 107
4 108
4 109
4 110
4 111
4 112
4 113
4 114
4 115
4 116
4 117
4 119
4 120
4 122
4 125
4 126
4 127
4 128
4 129
4 130
4 131
4 133
4 134
4 136
4 138
4 139
4 140
4 141
4 142
4 143
4 144
4 145
4 146
4 147
4 149
4 150
4 152
4 153
4 154
4 155
4 157
4 158
4 159
4 160
4 161
5 10
5 12
5 14
5 19
5 20
5 21
5 25
5 26
5 35
5 38
5 45
5 46
5 49
5 53
5 56
5 57
5 59
5 62
5 64
5 66
5 68
5 69
5 71
5 74
5 86
5 92
5 102
5 106
5 108
5 113
5 114
5 115
5 118
5 130
5 131
5 133
5 137
5 141
5 142
5 146
5 147
5 148
5 150
5 151
5 152
5 153
5 154
5 157
5 158
5 159
6 7
6 8
6 9
6 10
6 11
6 12
6 13
6 14
6 16
6 18
6 19
6 20
6 21
6 22
6 24
6 25
6 26
6 27
6 28
6 29
6 30
6 31
6 32
6 35
6 37
6 38
6 39
6 40
6 44
6 45
6 46
6 48
6 49
6 51
6 52
6 53
6 54
6 56
6 58
6 59
6 61
6 64
6 65
6 66
6 67
6 68
6 69
6 70
6 71
6 72
6 73
6 74
6 75
6 76
6 77
6 79
6 80
6 83
6 84
6 86
6 87
6 88
6 89
6 90
6 92
6 93
6 94
6 95
6 96
6 97
6 98
6 99
6 100
6 101
6 102
6 106
6 107
6 108
6 109
6 113
6 114
6 115
6 116
6 117
6 118
6 119
6 121
6 123
6 124
6 125
6 126
6 127
6 130
6 131
6 133
6 134
6 135
6 136
6 137
6 138
6 139
6 141
6 142
6 143
6 144
6 145
6 146
6 148
6 149
6 150
6 151
6 152
6 153
6 154
6 156
6 157
6 158
6 159
6 160
6 161
7 9
7 10
7 11
7 12
7 13
7 14
7 15
7 16
7 18
7 19
7 20
7 21
7 22
7 23
7 25
7 26
7 27
7 28
7 29
7 30
7 31
7 32
7 34
7 35
7 36
7 37
7 38
7 40
7 42
7 43
7 44
7 45
7 46
7 49
7 50
7 51
7 53
7 55
7 56
7 57
7 58
7 61
7 63
7 64
7 65
7 66
7 67
7 68
7 69
7 70
7 71
7 72
7 73
7 74
7 75
7 76
7 80
7 81
7 83
7 84
7 85
7 86
7 87
7 88
7 89
7 91
7 94
7 95
7 96
7 97
7 99
7 100
7 101
7 102
7 103
7 105
7 106
7 107
7 108
7 109
7 111
7 112
7 113
7 114
7 115
7 117
7 118
7 119
7 122
7 124
7 125
7 127
7 128
7 129
7 130
7 131
7 133
7 134
7 135
7 136
7 137
7 138
7 141
7 142
7 143
7 145
7 146
7 148
7 149
7 150
7 151
7 152
7 153
7 154
7 157
7 158
7 161
8 16
8 20
8 21
8 23
8 24
8 26
8 30
8 35
8 38
8 43
8 50
8 53
8 55
8 56
8 58
8 62
8 63
8 64
8 65
8 68
8 71
8 73
8 74
8 78
8 79
8 80
8 81
8 89
8 91
8 93
8 96
8 98
8 101
8 102
8 106
8 108
8 112
8 113
8 115
8 118
8 125
8 126
8 129
8 131
8 134
8 135
8 137
8 138
8 139
8 140
8 142
8 143
8 146
8 150
8 152
8 153
8 154
8 155
8 157
8 158
8 160
8 161
9 10
9 11
9 15
9 16
9 18
9 21
9 22
9 23
9 26
9 28
9 30
9 31
9 32
9 34
9 35
9 36
9 39
9 40
9 44
9 45
9 46
9 49
9 53
9 54
9 55
9 56
9 57
9 58
9 59
9 61
9 63
9 64
9 65
9 67
9 68
9 71
9 72
9 73
9 74
9 75
9 77
9 79
9 80
9 92
9 93
9 94
9 97
9 100
9 101
9 103
9 104
9 107
9 108
9 109
9 112
9 113
9 114
9 116
9 117
9 118
9 120
9 126
9 128
9 129
9 131
9 133
9 134
9 135
9 137
9 138
9 139
9 140
9 141
9 142
9 143
9 147
9 149
9 150
9 151
9 152
9 154
9 155
9 157
9 158
9 159
9 161
10 12
10 14
10 15
10 16
10 18
10 21
10 26
10 29
10 30
10 31
10 32
10 34
10 39
10 40
10 41
10 42
10 43
10 45
10 46
10 50
10 51
10 54
10 55
10 60
10 62
10 63
10 64
10 65
10 66
10 67
10 68
10 69
10 70
10 71
10 72
10 73
10 74
10 76
10 79
10 80
10 82
10 83
10 84
10 85
10 88
10 89
10 92
10 93
10 94
10 97
10 98
10 100
10 101
10 102
10 103
10 104
10 105
10 106
10 107
10 108
10 109
10 110
10 111
10 112
10 113
10 115
10 117
10 118
10 124
10 125
10 126
10 128
10 129
10 130
10 133
10 134
10 137
10 138
10 139
10 141
10 145
10 147
10 149
10 150
10 151
10 152
10 153
10 154
10 158
10 161
11 13
11 14
11 16
11 17
11 19
11 22
11 23
11 24
11 28
11 30
11 31
11 32
11 34
11 35
11 36
11 37
11 38
11 39
11 40
11 41
11 42
11 43
11 45
11 46
11 49
11 50
11 52
11 53
11 54
11 55
11 56
11 58
11 64
11 65
11 66
11 67
11 68
11 69
11 70
11 71
11 72
11 73
11 74
11 77
11 79
11 80
11 83
11 84
11 85
11 86
11 88
11 89
11 90
11 91
11 92
11 93
11 94
11 96
11 97
11 101
11 102
11 103
11 104
11 105
11 107
11 108
11 109
11 111
11 112
11 113
11 114
11 115
11 117
11 118
11 123
11 125
11 127
11 129
11 130
11 131
11 133
11 134
11 135
11 136
11 137
11 138
11 139
11 141
11 143
11 145
11 146
11 147
11 150
11 151
11 153
11 154
11 155
11 158
11 159
12 14
12 19
12 22
12 23
12 25
12 26
12 30
12 31
12 32
12 34
12 36
12 42
12 43
12 44
12 52
12 54
12 55
12 58
12 63
12 64
12 66
12 67
12 68
12 71
12 74
12 75
12 78
12 79
12 81
12 84
12 88
12 89
12 90
12 91
12 93
12 94
12 95
12 97
12 100
12 101
12 105
12 106
12 107
12 109
12 111
12 113
12 115
12 117
12 118
12 119
12 125
12 128
12 129
12 131
12 134
12 135
12 137
12 138
12 142
12 145
12 150
12 151
12 154
12 157
12 158
12 160
13 14
13 20
13 21
13 25
13 30
13 31
13 32
13 33
13 35
13 43
13 49
13 51
13 54
13 55
13 56
13 57
13 58
13 62
13 64
13 65
13 66
13 67
13 68
13 70
13 71
13 72
13 74
13 75
13 79
13 80
13 84
13 90
13 94
13 96
13 100
13 101
13 102
13 105
13 106
13 107
13 108
13 109
13 111
13 112
13 114
13 117
13 118
13 120
13 125
13 127
13 128
13 129
13 130
13 131
13 133
13 134
13 136
13 138
13 140
13 142
13 145
13 149
13 150
13 152
13 154
13 155
13 157
14 15
14 16
14 17
14 18
14 19
14 20
14 21
14 22
14 24
14 26
14 28
14 29
14 31
14 32
14 34
14 35
14 37
14 38
14 40
14 42
14 43
14 44
14 45
14 47
14 49
14 51
14 53
14 54
14 55
14 56
14 57
14 58
14 61
14 62
14 63
14 64
14 65
14 66
14 67
14 68
14 69
14 70
14 71
14 72
14 74
14 75
14 77
14 79
14 80
14 82
14 83
14 84
14 85
14 86
14 88
14 89
14 91
14 92
14 93
14 94
14 95
14 96
14 97
14 99
14 100
14 101
14 102
14 103
14 104
14 106
14 107
14 108
14 109
14 110
14 111
14 113
14 114
14 115
14 117
14 118
14 122
14 123
14 125
14 126
14 127
14 129
14 130
14 131
14 132
14 133
14 135
14 136
14 137
14 138
14 139
14 141
14 142
14 143
14 145
14 146
14 147
14 148
14 149
14 150
14 151
14 152
14 153
14 154
14 157
14 158
14 159
14 161
15 17
15 18
15 21
15 22
15 26
15 31
15 35
15 36
15 37
15 38
15 39
15 40
15 45
15 46
15 56
15 57
15 58
15 62
15 63
15 64
15 65
15 68
15 69
15 70
15 72
15 73
15 74
15 75
15 79
15 84
15 89
15 94
15 97
15 100
15 101
15 102
15 103
15 105
15 106
15 108
15 109
15 111
15 112
15 113
15 115
15 117
15 118
15 120
15 121
15 125
15 126
15 129
15 130
15 133
15 137
15 138
15 140
15 141
15 142
15 143
15 145
15 147
15 150
15 151
15 154
15 157
15 158
15 159
16 19
16 26
16 31
16 38
16 40
16 43
16 45
16 47
16 52
16 54
16 56
16 58
16 61
16 64
16 66
16 68
16 69
16 70
16 71
16 72
16 74
16 79
16 82
16 83
16 84
16 97
16 101
16 103
16 106
16 108
16 109
16 112
16 114
16 115
16 117
16 118
16 131
16 136
16 137
16 138
16 142
16 145
16 151
16 154
16 158
16 161
17 26
17 44
17 45
17 58
17 65
17 72
17 88
17 97
17 106
17 108
17 117
17 129
17 151
17 154
17 158
17 159
18 19
18 21
18 25
18 26
18 27
18 28
18 31
18 32
18 36
18 37
18 42
18 44
18 46
18 49
18 50
18 52
18 57
18 58
18 61
18 63
18 64
18 65
18 66
18 67
18 68
18 69
18 70
18 71
18 72
18 73
18 74
18 76
18 80
18 84
18 86
18 89
18 92
18 93
18 96
18 100
18 101
18 104
18 106
18 108
18 109
18 112
18 115
18 116
18 117
18 118
18 121
18 123
18 125
18 126
18 130
18 131
18 134
18 137
18 138
18 141
18 142
18 143
18 148
18 149
18 150
18 151
18 152
18 154
18 155
18 158
19 20
19 21
19 22
19 24
19 28
19 29
19 30
19 31
19 32
19 33
19 35
19 37
19 38
19 39
19 43
19 44
19 45
19 46
19 48
19 49
19 51
19 52
19 53
19 54
19 56
19 57
19 58
19 61
19 63
19 64
19 65
19 66
19 67
19 68
19 69
19 70
19 71
19 72
19 73
19 75
19 77
19 79
19 84
19 86
19 87
19 89
19 92
19 94
19 95
19 97
19 98
19 99
19 100
19 101
19 102
19 105
19 106
19 107
19 108
19 109
19 110
19 112
19 113
19 114
19 115
19 116
19 117
19 118
19 121
19 123
19 124
19 125
19 126
19 127
19 129
19 130
19 131
19 133
19 134
19 135
19 136
19 138
19 139
19 141
19 142
19 145
19 146
19 147
19 148
19 149
19 151
19 153
19 154
19 155
19 157
19 158
19 159
19 160
19 161
20 31
20 35
20 36
20 37
20 38
20 40
20 43
20 45
20 51
20 52
20 54
20 56
20 62
20 64
20 65
20 67
20 68
20 69
20 70
20 71
20 74
20 82
20 83
20 84
20 86
20 87
20 91
20 97
20 107
20 108
20 114
20 115
20 116
20 117
20 119
20 122
20 125
20 134
20 138
20 139
20 143
20 146
20 147
20 151
20 152
20 153
20 158
21 24
21 25
21 26
21 28
21 30
21 31
21 32
21 33
21 34
21 35
21 37
21 38
21 40
21 42
21 43
21 44
21 46
21 49
21 50
21 51
21 52
21 53
21 54
21 55
21 56
21 57
21 58
21 59
21 61
21 62
21 63
21 64
21 65
21 66
21 67
21 69
21 70
21 71
21 72
21 73
21 74
21 75
21 76
21 79
21 80
21 81
21 82
21 83
21 84
21 87
21 89
21 93
21 94
21 95
21 97
21 98
21 99
21 101
21 102
21 103
21 105
21 106
21 107
21 108
21 109
21 112
21 113
21 114
21 115
21 116
21 117
21 119
21 122
21 123
21 125
21 128
21 129
21 130
21 131
21 133
21 134
21 135
21 136
21 137
21 138
21 141
21 142
21 143
21 146
21 147
21 148
21 150
21 151
21 152
21 153
21 154
21 155
21 157
21 158
21 159
21 160
22 25
22 31
22 34
22 40
22 41
22 43
22 45
22 49
22 51
22 54
22 55
22 56
22 57
22 61
22 62
22 65
22 66
22 67
22 68
22 69
22 72
22 74
22 76
22 77
22 79
22 84
22 89
22 93
22 94
22 95
22 98
22 101
22 102
22 103
22 104
22 108
22 111
22 114
22 115
22 127
22 129
22 133
22 137
22 138
22 146
22 147
22 150
22 153
22 160
23 25
23 35
23 40
23 42
23 51
23 54
23 68
23 72
23 73
23 77
23 79
23 89
23 91
23 106
23 108
23 109
23 111
23 112
23 117
23 131
23 133
23 138
23 142
23 152
23 154
24 25
24 26
24 30
24 31
24 32
24 38
24 39
24 40
24 41
24 43
24 44
24 45
24 49
24 50
24 51
24 53
24 54
24 55
24 56
24 58
24 59
24 64
24 65
24 67
24 68
24 70
24 71
24 72
24 74
24 80
24 82
24 83
24 87
24 89
24 94
24 95
24 97
24 99
24 102
24 105
24 106
24 108
24 109
24 115
24 117
24 120
24 124
24 129
24 130
24 133
24 134
24 137
24 138
24 140
24 141
24 145
24 147
24 152
24 154
24 157
24 159
24 161
25 26
25 29
25 30
25 31
25 32
25 34
25 35
25 36
25 37
25 38
25 40
25 41
25 42
25 43
25 44
25 47
25 49
25 50
25 51
25 52
25 54
25 55
25 56
25 58
25 59
25 62
25 64
25 65
25 67
25 68
25 69
25 70
25 71
25 72
25 74
25 75
25 76
25 77
25 79
25 81
25 83
25 84
25 86
25 89
25 93
25 94
25 96
25 99
25 101
25 102
25 103
25 105
25 106
25 109
25 111
25 112
25 113
25 114
25 115
25 117
25 118
25 122
25 125
25 129
25 130
25 131
25 134
25 135
25 136
25 137
25 139
25 142
25 146
25 147
25 149
25 152
25 153
25 155
25 157
25 158
25 159
25 161
26 27
26 29
26 30
26 31
26 32
26 34
26 35
26 36
26 37
26 38
26 39
26 40
26 42
26 43
26 44
26 45
26 49
26 51
26 52
26 53
26 54
26 56
26 58
26 59
26 61
26 63
26 64
26 65
26 66
26 67
26 68
26 69
26 70
26 71
26 73
26 74
26 75
26 76
26 77
26 79
26 81
26 84
26 86
26 87
26 88
26 89
26 90
26 91
26 93
26 94
26 97
26 100
26 101
26 102
26 103
26 104
26 105
26 106
26 107
26 108
26 109
26 110
26 111
26 112
26 114
26 115
26 117
26 118
26 119
26 123
26 125
26 126
26 127
26 128
26 129
26 130
26 131
26 134
26 135
26 137
26 138
26 140
26 141
26 142
26 143
26 147
26 149
26 150
26 151
26 153
26 154
26 156
26 157
26 158
26 159
26 161
27 34
27 39
27 42
27 44
27 51
27 54
27 61
27 72
27 80
27 92
27 95
27 97
27 108
27 114
27 115
27 125
27 129
27 133
27 134
27 149
28 30
28 36
28 38
28 43
28 44
28 45
28 47
28 49
28 51
28 55
28 66
28 67
28 68
28 70
28 72
28 74
28 75
28 79
28 86
28 87
28 88
28 89
28 91
28 92
28 93
28 94
28 97
28 99
28 101
28 102
28 106
28 108
28 109
28 112
28 117
28 127
28 131
28 134
28 136
28 138
28 139
28 140
28 141
28 146
28 147
28 152
28 154
28 160
28 161
29 35
29 37
29 38
29 44
29 45
29 46
29 51
29 53
29 56
29 64
29 66
29 67
29 70
29 71
29 73
29 74
29 79
29 80
29 82
29 83
29 84
29 92
29 97
29 99
29 101
29 102
29 104
29 105
29 110
29 112
29 114
29 115
29 117
29 119
29 124
29 133
29 134
29 135
29 137
29 138
29 139
29 142
29 146
29 147
29 149
29 150
29 151
29 153
29 158
30 31
30 32
30 34
30 35
30 36
30 38
30 39
30 40
30 42
30 43
30 44
30 45
30 46
30 49
30 50
30 51
30 52
30 53
30 54
30 58
30 59
30 60
30 63
30 64
30 65
30 66
30 67
30 68
30 70
30 71
30 75
30 76
30 79
30 80
30 81
30 82
30 83
30 84
30 87
30 88
30 89
30 94
30 97
30 99
30 101
30 102
30 104
30 105
30 106
30 107
30 108
30 111
30 112
30 113
30 114
30 115
30 116
30 117
30 118
30 125
30 128
30 129
30 130
30 131
30 133
30 134
30 135
30 137
30 138
30 141
30 142
30 143
30 145
30 147
30 148
30 149
30 150
30 151
30 152
30 155
30 156
30 157
30 158
30 159
30 160
31 32
31 33
31 34
31 35
31 36
31 37
31 38
31 39
31 40
31 44
31 45
31 46
31 49
31 50
31 51
31 52
31 53
31 54
31 55
31 56
31 57
31 59
31 63
31 64
31 65
31 66
31 67
31 68
31 69
31 71
31 72
31 73
31 74
31 77
31 79
31 80
31 81
31 82
31 83
31 84
31 85
31 86
31 88
31 89
31 90
31 93
31 94
31 96
31 97
31 98
31 99
31 100
31 101
31 102
31 103
31 104
31 105
31 106
31 107
31 109
31 110
31 112
31 113
31 114
31 115
31 116
31 117
31 118
31 119
31 121
31 122
31 125
31 126
31 129
31 130
31 131
31 132
31 133
31 134
31 137
31 138
31 139
31 141
31 142
31 146
31 147
31 149
31 151
31 152
31 153
31 154
31 155
31 157
31 158
31 160
32 33
32 35
32 36
32 37
32 38
32 39
32 40
32 42
32 43
32 44
32 45
32 46
32 49
32 50
32 51
32 52
32 53
32 54
32 55
32 56
32 58
32 59
32 62
32 63
32 64
32 65
32 66
32 69
32 70
32 73
32 74
32 75
32 77
32 81
32 82
32 83
32 84
32 85
32 87
32 88
32 89
32 92
32 93
32 94
32 95
32 96
32 97
32 99
32 100
32 101
32 102
32 105
32 106
32 108
32 109
32 111
32 112
32 115
32 116
32 117
32 118
32 120
32 125
32 126
32 127
32 130
32 131
32 132
32 133
32 134
32 135
32 136
32 137
32 138
32 139
32 140
32 141
32 143
32 145
32 146
32 147
32 148
32 149
32 150
32 151
32 152
32 153
32 154
32 158
32 159
32 161
33 35
33 37
33 49
33 50
33 54
33 64
33 65
33 67
33 68
33 71
33 74
33 75
33 76
33 83
33 85
33 87
33 88
33 92
33 101
33 106
33 114
33 128
33 131
33 134
33 135
33 137
33 138
33 141
33 142
33 144
33 147
33 150
33 152
33 155
33 157
33 158
33 161
34 35
34 37
34 38
34 39
34 40
34 41
34 43
34 44
34 45
34 49
34 52
34 54
34 57
34 63
34 64
34 65
34 66
34 69
34 71
34 72
34 73
34 74
34 75
34 76
34 77
34 79
34 82
34 84
34 88
34 89
34 90
34 92
34 97
34 98
34 100
34 106
34 108
34 109
34 110
34 112
34 113
34 114
34 116
34 118
34 124
34 125
34 129
34 131
34 132
34 133
34 139
34 141
34 142
34 143
34 144
34 146
34 150
34 152
34 154
34 156
34 157
34 158
35 36
35 37
35 38
35 40
35 41
35 42
35 44
35 45
35 46
35 49
35 51
35 52
35 53
35 54
35 55
35 56
35 58
35 59
35 61
35 62
35 63
35 64
35 65
35 67
35 68
35 69
35 70
35 72
35 73
35 74
35 79
35 80
35 82
35 84
35 85
35 87
35 88
35 89
35 91
35 93
35 94
35 95
35 97
35 101
35 102
35 104
35 105
35 107
35 108
35 111
35 112
35 113
35 114
35 115
35 116
35 117
35 118
35 123
35 125
35 127
35 128
35 129
35 130
35 132
35 133
35 134
35 135
35 136
35 137
35 138
35 139
35 141
35 142
35 144
35 145
35 147
35 148
35 149
35 151
35 152
35 154
35 158
35 159
35 160
36 39
36 40
36 42
36 43
36 44
36 45
36 49
36 50
36 51
36 53
36 54
36 58
36 59
36 62
36 64
36 65
36 68
36 72
36 73
36 74
36 79
36 82
36 83
36 84
36 86
36 87
36 88
36 89
36 90
36 92
36 93
36 94
36 96
36 100
36 101
36 102
36 107
36 108
36 109
36 111
36 113
36 114
36 117
36 118
36 119
36 120
36 124
36 125
36 126
36 127
36 129
36 130
36 131
36 135
36 136
36 137
36 138
36 139
36 141
36 142
36 143
36 145
36 146
36 147
36 151
36 152
36 153
36 158
36 159
36 161
37 38
37 40
37 43
37 44
37 45
37 49
37 50
37 51
37 52
37 53
37 54
37 55
37 56
37 58
37 63
37 64
37 65
37 67
37 68
37 69
37 70
37 71
37 72
37 73
37 74
37 75
37 76
37 77
37 79
37 80
37 85
37 86
37 88
37 91
37 92
37 97
37 99
37 100
37 103
37 105
37 108
37 112
37 114
37 115
37 116
37 117
37 118
37 124
37 125
37 129
37 131
37 134
37 135
37 137
37 138
37 144
37 145
37 147
37 152
37 154
37 157
37 158
37 160
37 161
38 40
38 41
38 42
38 43
38 44
38 45
38 46
38 48
38 49
38 50
38 51
38 54
38 55
38 56
38 57
38 58
38 59
38 60
38 61
38 62
38 63
38 64
38 65
38 66
38 67
38 68
38 69
38 70
38 72
38 73
38 74
38 75
38 77
38 79
38 80
38 84
38 86
38 87
38 88
38 89
38 90
38 91
38 92
38 93
38 94
38 95
38 96
38 97
38 98
38 100
38 101
38 102
38 103
38 106
38 108
38 109
38 110
38 111
38 112
38 113
38 114
38 115
38 116
38 117
38 118
38 119
38 125
38 126
38 130
38 133
38 136
38 137
38 138
38 139
38 141
38 142
38 144
38 146
38 147
38 148
38 149
38 151
38 152
38 153
38 154
38 155
38 157
38 158
38 159
38 161
39 43
39 45
39 46
39 54
39 55
39 57
39 58
39 63
39 64
39 65
39 68
39 69
39 70
39 72
39 77
39 79
39 84
39 85
39 86
39 93
39 94
39 95
39 97
39 100
39 105
39 106
39 108
39 109
39 112
39 118
39 120
39 126
39 128
39 129
39 130
39 131
39 133
39 135
39 138
39 141
39 142
39 147
39 149
39 151
39 153
39 154
39 157
39 159
39 161
40 42
40 43
40 44
40 45
40 47
40 49
40 50
40 51
40 52
40 53
40 54
40 55
40 56
40 58
40 59
40 60
40 61
40 62
40 63
40 64
40 65
40 67
40 68
40 69
40 70
40 72
40 74
40 75
40 77
40 79
40 80
40 83
40 84
40 85
40 86
40 87
40 88
40 89
40 90
40 91
40 92
40 93
40 94
40 96
40 97
40 100
40 101
40 103
40 104
40 106
40 108
40 109
40 111
40 112
40 113
40 114
40 115
40 116
40 117
40 119
40 121
40 123
40 124
40 125
40 127
40 128
40 129
40 130
40 131
40 133
40 134
40 135
40 136
40 138
40 139
40 140
40 141
40 142
40 143
40 145
40 146
40 147
40 150
40 151
40 152
40 153
40 154
40 155
40 156
40 157
40 158
40 159
40 160
40 161
41 42
41 44
41 49
41 51
41 61
41 65
41 66
41 68
41 75
41 89
41 94
41 97
41 98
41 108
41 125
41 129
41 133
41 135
41 138
41 142
41 146
41 147
41 150
41 152
41 154
42 44
42 46
42 49
42 50
42 51
42 54
42 56
42 57
42 58
42 64
42 66
42 67
42 68
42 69
42 70
42 72
42 73
42 74
42 79
42 82
42 83
42 84
42 85
42 86
42 87
42 88
42 89
42 94
42 95
42 97
42 101
42 102
42 103
42 105
42 106
42 109
42 113
42 114
42 115
42 117
42 118
42 119
42 125
42 127
42 131
42 133
42 134
42 137
42 139
42 143
42 146
42 151
42 152
42 153
42 154
42 155
42 157
42 158
42 160
42 161
43 44
43 45
43 47
43 49
43 51
43 54
43 55
43 57
43 58
43 59
43 60
43 61
43 62
43 63
43 64
43 67
43 68
43 69
43 70
43 71
43 72
43 73
43 75
43 76
43 77
43 80
43 83
43 84
43 87
43 88
43 90
43 93
43 95
43 97
43 99
43 100
43 102
43 103
43 106
43 108
43 109
43 113
43 114
43 115
43 116
43 118
43 120
43 124
43 126
43 127
43 128
43 129
43 131
43 133
43 134
43 135
43 137
43 138
43 139
43 142
43 143
43 145
43 146
43 147
43 148
43 150
43 151
43 152
43 154
43 158
43 159
44 45
44 48
44 49
44 50
44 51
44 53
44 54
44 55
44 56
44 58
44 63
44 64
44 65
44 66
44 67
44 68
44 69
44 70
44 71
44 72
44 73
44 75
44 77
44 79
44 81
44 82
44 84
44 86
44 88
44 91
44 92
44 93
44 94
44 95
44 97
44 100
44 101
44 102
44 104
44 106
44 114
44 116
44 118
44 121
44 125
44 128
44 129
44 131
44 134
44 137
44 140
44 141
44 142
44 143
44 146
44 147
44 148
44 149
44 151
44 152
44 153
44 154
44 157
44 158
44 160
44 161
45 48
45 49
45 50
45 51
45 54
45 55
45 57
45 58
45 61
45 62
45 64
45 65
45 66
45 67
45 68
45 69
45 70
45 72
45 73
45 75
45 76
45 79
45 80
45 82
45 87
45 88
45 89
45 90
45 91
45 93
45 94
45 95
45 96
45 97
45 101
45 102
45 104
45 105
45 106
45 107
45 108
45 109
45 111
45 112
45 114
45 115
45 116
45 117
45 118
45 119
45 120
45 121
45 125
45 127
45 128
45 129
45 130
45 131
45 132
45 133
45 134
45 135
45 137
45 138
45 139
45 141
45 142
45 144
45 145
45 146
45 149
45 150
45 151
45 152
45 153
45 154
45 157
45 158
45 159
45 160
45 161
46 50
46 51
46 53
46 54
46 56
46 58
46 59
46 61
46 63
46 64
46 65
46 66
46 67
46 68
46 69
46 71
46 73
46 74
46 75
46 77
46 79
46 81
46 83
46 84
46 85
46 86
46 87
46 88
46 89
46 91
46 92
46 93
46 94
46 99
46 101
46 107
46 109
46 114
46 115
46 118
46 125
46 129
46 130
46 131
46 133
46 136
46 137
46 139
46 141
46 142
46 145
46 146
46 147
46 150
46 154
46 158
47 51
47 53
47 54
47 55
47 67
47 71
47 72
47 77
47 80
47 81
47 84
47 89
47 93
47 94
47 101
47 102
47 105
47 107
47 108
47 109
47 114
47 130
47 135
47 137
47 154
47 160
48 49
48 51
48 52
48 54
48 56
48 64
48 65
48 70
48 71
48 72
48 74
48 75
48 76
48 77
48 79
48 89
48 90
48 97
48 104
48 106
48 115
48 129
48 135
48 137
48 138
48 145
48 147
48 150
48 152
48 153
48 160
49 50
49 51
49 53
49 54
49 55
49 56
49 58
49 63
49 64
49 65
49 66
49 67
49 69
49 70
49 71
49 74
49 75
49 77
49 80
49 81
49 82
49 84
49 87
49 88
49 89
49 91
49 92
49 93
49 94
49 97
49 98
49 99
49 100
49 101
49 102
49 103
49 104
49 105
49 106
49 107
49 108
49 110
49 113
49 114
49 115
49 116
49 118
49 120
49 122
49 124
49 125
49 126
49 127
49 129
49 130
49 131
49 133
49 134
49 135
49 136
49 137
49 138
49 140
49 141
49 142
49 143
49 144
49 145
49 146
49 147
49 148
49 150
49 151
49 152
49 153
49 155
49 158
49 159
49 160
49 161
50 51
50 54
50 58
50 62
50 63
50 64
50 65
50 68
50 69
50 70
50 73
50 75
50 76
50 77
50 79
50 82
50 83
50 84
50 87
50 94
50 97
50 98
50 99
50 101
50 102
50 105
50 106
50 108
50 111
50 112
50 114
50 115
50 118
50 119
50 125
50 129
50 131
50 134
50 136
50 138
50 139
50 142
50 146
50 147
50 150
50 151
50 153
50 157
50 158
50 159
51 53
51 54
51 57
51 58
51 59
51 60
51 61
51 62
51 63
51 64
51 65
51 66
51 67
51 69
51 70
51 71
51 72
51 73
51 74
51 75
51 76
51 77
51 79
51 80
51 82
51 85
51 86
51 88
51 89
51 90
51 92
51 93
51 94
51 95
51 97
51 98
51 99
51 101
51 102
51 103
51 104
51 105
51 106
51 108
51 109
51 111
51 112
51 114
51 116
51 117
51 118
51 120
51 121
51 122
51 126
51 127
51 128
51 129
51 130
51 131
51 132
51 133
51 136
51 138
51 139
51 140
51 141
51 142
51 143
51 144
51 146
51 147
51 149
51 150
51 151
51 152
51 153
51 154
51 155
51 156
51 157
51 158
51 159
51 161
52 53
52 54
52 55
52 59
52 64
52 65
52 67
52 68
52 71
52 72
52 74
52 75
52 76
52 84
52 88
52 89
52 91
52 94
52 95
52 96
52 97
52 98
52 101
52 103
52 104
52 106
52 108
52 110
52 111
52 112
52 114
52 115
52 117
52 118
52 122
52 127
52 133
52 134
52 137
52 138
52 139
52 142
52 146
52 147
52 148
52 150
52 153
52 154
52 155
52 157
52 159
52 161
53 54
53 57
53 59
53 63
53 65
53 66
53 67
53 69
53 70
53 71
53 72
53 79
53 81
53 82
53 83
53 86
53 89
53 92
53 94
53 96
53 97
53 99
53 100
53 101
53 103
53 104
53 105
53 106
53 108
53 109
53 113
53 114
53 116
53 117
53 118
53 125
53 129
53 130
53 134
53 136
53 139
53 141
53 142
53 145
53 146
53 150
53 151
53 153
53 154
54 56
54 57
54 58
54 59
54 60
54 61
54 63
54 64
54 65
54 66
54 67
54 68
54 69
54 70
54 71
54 72
54 73
54 74
54 75
54 77
54 79
54 80
54 81
54 82
54 83
54 84
54 85
54 86
54 87
54 88
54 89
54 90
54 91
54 92
54 93
54 94
54 95
54 96
54 97
54 98
54 100
54 101
54 103
54 104
54 105
54 106
54 107
54 108
54 110
54 111
54 112
54 113
54 114
54 115
54 116
54 118
54 119
54 120
54 121
54 123
54 125
54 127
54 128
54 129
54 130
54 131
54 133
54 134
54 135
54 136
54 137
54 138
54 140
54 141
54 142
54 144
54 145
54 147
54 148
54 149
54 150
54 151
54 152
54 153
54 154
54 155
54 157
54 158
54 159
54 160
54 161
55 56
55 58
55 62
55 63
55 65
55 67
55 68
55 69
55 70
55 71
55 72
55 73
55 74
55 75
55 76
55 77
55 79
55 80
55 82
55 83
55 85
55 86
55 87
55 89
55 90
55 91
55 92
55 93
55 95
55 98
55 100
55 101
55 103
55 105
55 106
55 108
55 109
55 111
55 112
55 114
55 116
55 117
55 118
55 122
55 123
55 125
55 127
55 128
55 129
55 130
55 131
55 133
55 137
55 138
55 139
55 141
55 142
55 143
55 146
55 147
55 149
55 151
55 152
55 153
55 154
55 157
55 160
55 161
56 58
56 59
56 60
56 63
56 64
56 65
56 66
56 67
56 68
56 70
56 71
56 73
56 74
56 75
56 77
56 79
56 81
56 83
56 84
56 85
56 86
56 87
56 88
56 91
56 92
56 94
56 97
56 101
56 102
56 103
56 104
56 106
56 108
56 109
56 111
56 112
56 113
56 114
56 115
56 116
56 117
56 118
56 120
56 123
56 125
56 126
56 127
56 128
56 129
56 130
56 131
56 133
56 134
56 135
56 136
56 137
56 138
56 139
56 140
56 141
56 142
56 143
56 146
56 147
56 149
56 150
56 151
56 152
56 153
56 154
56 156
56 157
56 158
56 160
56 161
57 61
57 62
57 67
57 70
57 71
57 74
57 76
57 77
57 87
57 89
57 91
57 93
57 95
57 96
57 98
57 101
57 104
57 105
57 106
57 108
57 111
57 113
57 114
57 125
57 126
57 128
57 129
57 134
57 137
57 138
57 142
57 143
57 151
57 152
57 154
57 155
58 59
58 61
58 62
58 64
58 65
58 66
58 67
58 68
58 69
58 70
58 71
58 73
58 75
58 78
58 79
58 80
58 82
58 83
58 84
58 91
58 92
58 93
58 94
58 95
58 97
58 98
58 99
58 100
58 102
58 103
58 104
58 105
58 106
58 108
58 109
58 112
58 113
58 114
58 115
58 116
58 118
58 121
58 125
58 126
58 127
58 128
58 129
58 130
58 131
58 133
58 134
58 135
58 136
58 137
58 138
58 142
58 145
58 146
58 150
58 151
58 153
58 154
58 155
58 158
58 159
58 161
59 62
59 63
59 64
59 65
59 68
59 69
59 70
59 72
59 73
59 77
59 78
59 79
59 80
59 84
59 86
59 87
59 91
59 92
59 94
59 97
59 99
59 101
59 102
59 103
59 106
59 107
59 108
59 111
59 112
59 113
59 114
59 115
59 117
59 121
59 125
59 128
59 130
59 131
59 133
59 134
59 138
59 141
59 142
59 145
59 147
59 149
59 151
59 152
59 153
59 154
59 158
59 161
60 67
60 70
60 74
60 77
60 89
60 97
60 98
60 106
60 108
60 114
60 116
60 117
60 130
60 134
60 137
60 141
60 147
60 154
61 64
61 65
61 66
61 67
61 69
61 71
61 73
61 74
61 79
61 80
61 84
61 89
61 90
61 97
61 100
61 101
61 102
61 107
61 108
61 109
61 112
61 113
61 115
61 117
61 118
61 121
61 129
61 130
61 131
61 133
61 134
61 137
61 138
61 142
61 143
61 150
61 151
61 153
61 154
61 157
61 158
61 160
62 64
62 66
62 67
62 68
62 69
62 71
62 72
62 73
62 74
62 79
62 84
62 87
62 89
62 90
62 93
62 94
62 95
62 98
62 100
62 101
62 102
62 104
62 105
62 112
62 114
62 115
62 117
62 118
62 125
62 129
62 130
62 133
62 134
62 136
62 138
62 139
62 142
62 143
62 145
62 148
62 150
62 151
62 152
62 153
62 158
62 160
62 161
63 64
63 65
63 66
63 67
63 68
63 69
63 70
63 72
63 74
63 76
63 79
63 80
63 82
63 84
63 86
63 87
63 88
63 89
63 91
63 94
63 95
63 97
63 100
63 101
63 102
63 104
63 105
63 106
63 107
63 108
63 110
63 112
63 113
63 114
63 116
63 117
63 118
63 119
63 124
63 125
63 126
63 127
63 129
63 131
63 134
63 137
63 138
63 139
63 141
63 142
63 143
63 148
63 149
63 150
63 151
63 152
63 153
63 154
63 156
63 157
63 158
63 159
63 161
64 65
64 67
64 68
64 69
64 70
64 71
64 72
64 74
64 75
64 77
64 79
64 80
64 81
64 83
64 84
64 85
64 86
64 88
64 89
64 90
64 91
64 92
64 93
64 94
64 97
64 99
64 100
64 101
64 102
64 104
64 105
64 106
64 107
64 108
64 109
64 110
64 111
64 112
64 113
64 114
64 115
64 116
64 117
64 118
64 119
64 123
64 124
64 125
64 127
64 128
64 129
64 130
64 131
64 132
64 133
64 134
64 137
64 138
64 139
64 142
64 144
64 145
64 146
64 147
64 149
64 150
64 151
64 152
64 153
64 154
64 156
64 157
64 158
64 160
65 66
65 67
65 68
65 69
65 70
65 71
65 72
65 75
65 77
65 78
65 79
65 80
65 83
65 84
65 85
65 86
65 89
65 92
65 95
65 97
65 99
65 100
65 101
65 102
65 103
65 105
65 106
65 108
65 109
65 110
65 111
65 112
65 113
65 114
65 115
65 116
65 117
65 118
65 120
65 125
65 126
65 128
65 129
65 130
65 133
65 134
65 136
65 137
65 138
65 139
65 140
65 141
65 142
65 143
65 145
65 146
65 147
65 148
65 150
65 151
65 152
65 154
65 155
65 157
65 160
66 67
66 68
66 69
66 70
66 71
66 72
66 74
66 75
66 77
66 79
66 80
66 83
66 85
66 87
66 89
66 91
66 92
66 93
66 94
66 95
66 96
66 97
66 99
66 100
66 102
66 103
66 105
66 106
66 108
66 109
66 112
66 113
66 114
66 115
66 116
66 117
66 118
66 119
66 125
66 126
66 129
66 130
66 131
66 133
66 134
66 135
66 137
66 139
66 141
66 143
66 145
66 146
66 147
66 149
66 150
66 151
66 152
66 155
66 157
66 158
66 161
67 68
67 69
67 70
67 71
67 72
67 73
67 74
67 75
67 76
67 77
67 78
67 79
67 81
67 84
67 85
67 86
67 87
67 88
67 89
67 92
67 93
67 94
67 95
67 96
67 97
67 99
67 101
67 102
67 103
67 104
67 105
67 106
67 107
67 108
67 109
67 110
67 111
67 112
67 113
67 114
67 115
67 116
67 117
67 118
67 119
67 120
67 124
67 125
67 126
67 129
67 131
67 132
67 133
67 134
67 138
67 139
67 140
67 141
67 142
67 143
67 145
67 146
67 147
67 148
67 149
67 151
67 152
67 153
67 154
67 156
67 157
67 158
67 160
68 69
68 70
68 71
68 73
68 74
68 76
68 77
68 79
68 80
68 81
68 82
68 83
68 84
68 86
68 87
68 89
68 91
68 94
68 95
68 96
68 97
68 98
68 99
68 103
68 105
68 106
68 107
68 108
68 109
68 110
68 111
68 112
68 113
68 114
68 115
68 117
68 118
68 121
68 124
68 125
68 127
68 128
68 129
68 130
68 131
68 132
68 133
68 134
68 136
68 137
68 138
68 139
68 142
68 143
68 144
68 145
68 147
68 148
68 149
68 150
68 151
68 152
68 154
68 155
68 158
68 159
68 161
69 71
69 73
69 74
69 75
69 76
69 77
69 80
69 81
69 82
69 84
69 87
69 89
69 90
69 92
69 93
69 95
69 96
69 97
69 99
69 101
69 102
69 103
69 104
69 106
69 107
69 108
69 109
69 111
69 112
69 113
69 114
69 115
69 118
69 119
69 120
69 124
69 125
69 127
69 129
69 130
69 131
69 133
69 134
69 135
69 137
69 138
69 139
69 140
69 141
69 142
69 143
69 147
69 150
69 151
69 152
69 154
69 155
69 157
69 158
69 160
69 161
70 71
70 72
70 73
70 74
70 79
70 81
70 82
70 85
70 86
70 87
70 88
70 89
70 90
70 91
70 92
70 93
70 94
70 95
70 96
70 97
70 98
70 99
70 100
70 101
70 102
70 104
70 105
70 106
70 107
70 108
70 109
70 112
70 113
70 114
70 115
70 116
70 118
70 122
70 123
70 124
70 125
70 126
70 127
70 129
70 130
70 131
70 132
70 133
70 134
70 135
70 136
70 137
70 138
70 140
70 141
70 142
70 143
70 144
70 145
70 146
70 149
70 150
70 151
70 152
70 153
70 154
70 156
70 157
70 158
70 159
70 160
70 161
71 72
71 73
71 74
71 76
71 77
71 79
71 80
71 81
71 83
71 84
71 88
71 89
71 91
71 92
71 93
71 94
71 97
71 98
71 99
71 101
71 102
71 105
71 106
71 107
71 108
71 109
71 110
71 111
71 112
71 113
71 114
71 115
71 116
71 117
71 118
71 124
71 125
71 127
71 129
71 130
71 132
71 133
71 136
71 138
71 140
71 141
71 142
71 144
71 145
71 152
71 153
71 154
71 156
71 157
71 158
71 159
71 160
72 73
72 74
72 75
72 76
72 77
72 79
72 81
72 85
72 88
72 89
72 92
72 94
72 95
72 96
72 97
72 98
72 101
72 102
72 103
72 104
72 106
72 108
72 109
72 112
72 113
72 114
72 115
72 116
72 117
72 118
72 119
72 120
72 124
72 125
72 126
72 129
72 130
72 131
72 133
72 134
72 136
72 137
72 138
72 139
72 140
72 141
72 142
72 149
72 151
72 152
72 153
72 154
72 155
72 156
72 157
72 158
72 159
72 160
72 161
73 74
73 75
73 76
73 77
73 79
73 80
73 82
73 84
73 85
73 86
73 87
73 89
73 90
73 93
73 95
73 97
73 99
73 100
73 101
73 102
73 103
73 104
73 105
73 106
73 108
73 109
73 112
73 114
73 115
73 117
73 118
73 119
73 120
73 124
73 125
73 128
73 129
73 130
73 131
73 133
73 134
73 136
73 137
73 139
73 141
73 142
73 143
73 146
73 147
73 148
73 149
73 150
73 152
73 154
73 156
73 158
73 160
74 75
74 76
74 77
74 78
74 79
74 80
74 81
74 84
74 87
74 88
74 89
74 90
74 91
74 93
74 97
74 98
74 99
74 100
74 101
74 102
74 103
74 104
74 106
74 107
74 108
74 109
74 110
74 111
74 112
74 113
74 114
74 115
74 117
74 118
74 119
74 121
74 122
74 125
74 126
74 127
74 128
74 129
74 130
74 131
74 133
74 134
74 136
74 137
74 139
74 141
74 142
74 143
74 145
74 147
74 148
74 150
74 151
74 152
74 153
74 155
74 157
74 158
74 159
74 161
75 79
75 80
75 81
75 83
75 85
75 86
75 87
75 89
75 90
75 91
75 93
75 94
75 95
75 97
75 99
75 100
75 101
75 102
75 104
75 105
75 106
75 107
75 108
75 109
75 110
75 111
75 112
75 113
75 114
75 115
75 116
75 118
75 127
75 129
75 130
75 131
75 133
75 134
75 136
75 137
75 138
75 141
75 142
75 145
75 146
75 147
75 150
75 151
75 153
75 157
75 158
75 160
76 79
76 80
76 81
76 82
76 83
76 84
76 86
76 87
76 88
76 89
76 94
76 97
76 98
76 101
76 102
76 104
76 108
76 112
76 113
76 115
76 121
76 123
76 126
76 128
76 129
76 131
76 133
76 135
76 136
76 137
76 138
76 139
76 143
76 147
76 148
76 149
76 153
76 154
76 157
76 158
76 159
77 79
77 83
77 84
77 87
77 88
77 89
77 91
77 93
77 94
77 96
77 101
77 102
77 104
77 105
77 106
77 108
77 109
77 110
77 111
77 112
77 113
77 114
77 115
77 116
77 117
77 118
77 119
77 120
77 125
77 130
77 131
77 133
77 134
77 137
77 138
77 140
77 141
77 142
77 145
77 146
77 147
77 149
77 151
77 154
77 155
77 157
77 158
77 159
78 106
78 112
78 126
78 137
78 139
78 147
78 152
78 154
79 80
79 83
79 84
79 86
79 87
79 88
79 89
79 90
79 92
79 94
79 95
79 97
79 98
79 99
79 100
79 101
79 102
79 104
79 105
79 106
79 107
79 108
79 109
79 111
79 112
79 113
79 114
79 115
79 116
79 117
79 118
79 121
79 122
79 123
79 124
79 125
79 127
79 129
79 130
79 131
79 133
79 135
79 136
79 137
79 138
79 139
79 140
79 141
79 142
79 145
79 146
79 147
79 148
79 149
79 151
79 152
79 153
79 154
79 155
79 156
79 157
79 158
79 159
79 160
79 161
80 82
80 83
80 85
80 89
80 90
80 91
80 92
80 93
80 94
80 96
80 97
80 100
80 101
80 102
80 103
80 105
80 106
80 107
80 108
80 112
80 113
80 114
80 115
80 117
80 118
80 120
80 125
80 126
80 128
80 129
80 131
80 133
80 137
80 138
80 141
80 142
80 145
80 147
80 148
80 150
80 151
80 152
80 153
80 154
80 155
80 157
80 158
80 161
81 83
81 84
81 87
81 89
81 90
81 94
81 97
81 101
81 102
81 103
81 105
81 106
81 108
81 111
81 114
81 116
81 118
81 134
81 137
81 138
81 139
81 142
81 147
81 149
81 151
81 152
81 155
81 157
82 84
82 88
82 89
82 91
82 94
82 97
82 102
82 104
82 105
82 107
82 108
82 109
82 112
82 113
82 114
82 117
82 126
82 127
82 129
82 133
82 134
82 136
82 137
82 138
82 147
82 148
82 152
82 154
82 157
82 159
82 161
83 84
83 87
83 89
83 91
83 92
83 94
83 98
83 99
83 101
83 102
83 108
83 109
83 111
83 112
83 113
83 114
83 115
83 116
83 117
83 118
83 127
83 128
83 129
83 131
83 133
83 136
83 138
83 142
83 143
83 147
83 149
83 150
83 151
83 152
83 153
83 154
83 160
83 161
84 85
84 86
84 89
84 90
84 91
84 92
84 93
84 97
84 99
84 102
84 106
84 108
84 109
84 112
84 113
84 114
84 115
84 116
84 117
84 119
84 120
84 122
84 125
84 126
84 127
84 128
84 129
84 131
84 134
84 135
84 137
84 138
84 142
84 143
84 146
84 147
84 149
84 151
84 152
84 153
84 154
84 158
84 159
84 160
85 89
85 92
85 94
85 96
85 97
85 100
85 101
85 102
85 106
85 108
85 112
85 113
85 115
85 117
85 125
85 128
85 129
85 130
85 137
85 139
85 142
85 145
85 147
85 151
85 152
85 153
85 154
85 159
86 89
86 93
86 94
86 96
86 97
86 99
86 102
86 108
86 109
86 111
86 114
86 117
86 118
86 119
86 125
86 126
86 127
86 128
86 129
86 131
86 133
86 137
86 138
86 141
86 142
86 145
86 146
86 150
86 151
86 152
86 153
86 154
86 159
86 160
86 161
87 89
87 92
87 93
87 94
87 99
87 101
87 102
87 104
87 105
87 106
87 108
87 109
87 112
87 114
87 115
87 117
87 119
87 120
87 121
87 128
87 129
87 130
87 131
87 132
87 133
87 134
87 135
87 137
87 138
87 139
87 140
87 141
87 146
87 147
87 149
87 150
87 151
87 152
87 153
87 154
87 158
87 160
88 93
88 94
88 95
88 96
88 99
88 102
88 105
88 109
88 111
88 113
88 114
88 117
88 118
88 120
88 122
88 125
88 129
88 131
88 133
88 136
88 137
88 138
88 143
88 145
88 147
88 151
88 152
88 154
88 157
88 159
88 161
89 91
89 92
89 93
89 94
89 96
89 97
89 98
89 99
89 101
89 102
89 103
89 104
89 105
89 106
89 108
89 109
89 112
89 113
89 114
89 115
89 116
89 117
89 118
89 120
89 121
89 123
89 124
89 127
89 129
89 130
89 131
89 133
89 134
89 135
89 137
89 138
89 142
89 143
89 144
89 145
89 147
89 149
89 150
89 151
89 152
89 154
89 155
89 158
89 159
89 160
89 161
90 91
90 97
90 101
90 106
90 107
90 114
90 115
90 119
90 125
90 126
90 129
90 131
90 138
90 142
90 147
90 152
90 161
91 96
91 103
91 104
91 105
91 106
91 107
91 108
91 109
91 112
91 113
91 114
91 115
91 117
91 119
91 121
91 125
91 131
91 133
91 134
91 136
91 138
91 141
91 142
91 145
91 146
91 147
91 148
91 149
91 150
91 152
91 153
91 154
91 158
92 93
92 94
92 102
92 108
92 109
92 110
92 112
92 113
92 114
92 115
92 116
92 117
92 118
92 125
92 127
92 128
92 134
92 135
92 137
92 138
92 139
92 141
92 142
92 146
92 149
92 150
92 151
92 152
92 153
92 154
92 155
92 157
92 159
93 94
93 96
93 99
93 101
93 102
93 104
93 105
93 106
93 107
93 110
93 114
93 115
93 116
93 117
93 118
93 121
93 122
93 126
93 128
93 129
93 131
93 133
93 134
93 135
93 137
93 138
93 139
93 143
93 146
93 147
93 150
93 151
93 152
93 153
93 154
93 158
93 159
93 161
94 95
94 97
94 98
94 101
94 102
94 106
94 108
94 109
94 110
94 112
94 114
94 115
94 116
94 117
94 118
94 119
94 122
94 125
94 126
94 127
94 128
94 129
94 131
94 133
94 134
94 135
94 137
94 138
94 139
94 141
94 142
94 143
94 144
94 145
94 146
94 147
94 148
94 149
94 151
94 152
94 153
94 154
94 155
94 157
94 158
94 160
94 161
95 102
95 103
95 105
95 106
95 109
95 113
95 114
95 115
95 116
95 117
95 118
95 122
95 123
95 125
95 128
95 133
95 137
95 148
95 149
95 151
95 152
95 157
95 158
95 161
96 98
96 108
96 113
96 115
96 118
96 125
96 129
96 131
96 132
96 134
96 136
96 137
96 141
96 147
96 149
96 153
96 157
96 158
96 159
97 99
97 100
97 101
97 102
97 104
97 106
97 107
97 108
97 111
97 114
97 116
97 117
97 118
97 125
97 126
97 127
97 128
97 129
97 130
97 131
97 133
97 134
97 135
97 136
97 138
97 139
97 140
97 141
97 145
97 146
97 147
97 149
97 150
97 151
97 152
97 153
97 154
97 155
97 156
97 157
97 158
97 159
97 160
97 161
98 99
98 102
98 104
98 108
98 109
98 114
98 115
98 117
98 125
98 126
98 128
98 129
98 130
98 131
98 135
98 136
98 137
98 138
98 142
98 145
98 146
98 150
98 151
98 153
98 154
98 158
98 159
99 102
99 104
99 106
99 107
99 108
99 112
99 114
99 115
99 116
99 117
99 118
99 119
99 121
99 125
99 126
99 129
99 130
99 132
99 133
99 135
99 138
99 139
99 145
99 147
99 150
99 151
99 153
99 154
99 157
99 158
99 159
99 161
100 109
100 111
100 113
100 114
100 116
100 117
100 124
100 126
100 128
100 129
100 131
100 133
100 137
100 138
100 140
100 141
100 144
100 150
100 152
100 153
100 154
100 158
100 161
101 102
101 103
101 104
101 105
101 107
101 108
101 109
101 111
101 112
101 114
101 115
101 116
101 117
101 118
101 122
101 125
101 128
101 129
101 130
101 131
101 132
101 133
101 134
101 135
101 137
101 138
101 139
101 141
101 142
101 143
101 146
101 147
101 149
101 150
101 151
101 152
101 153
101 154
101 156
101 157
101 158
101 159
101 160
101 161
102 103
102 105
102 107
102 108
102 109
102 111
102 112
102 113
102 114
102 115
102 116
102 117
102 118
102 119
102 120
102 124
102 125
102 126
102 127
102 128
102 129
102 131
102 133
102 136
102 137
102 138
102 141
102 142
102 145
102 147
102 148
102 150
102 151
102 152
102 153
102 154
102 155
102 156
102 157
102 158
102 160
103 105
103 108
103 112
103 113
103 114
103 116
103 122
103 129
103 131
103 132
103 133
103 137
103 140
103 141
103 142
103 143
103 149
103 150
103 152
103 153
103 154
103 156
103 157
103 158
104 105
104 106
104 108
104 109
104 110
104 113
104 114
104 125
104 130
104 131
104 133
104 134
104 137
104 138
104 139
104 142
104 147
104 148
104 150
104 154
104 155
104 157
104 158
105 106
105 107
105 109
105 113
105 114
105 115
105 116
105 117
105 118
105 119
105 126
105 127
105 128
105 130
105 131
105 133
105 135
105 137
105 138
105 139
105 140
105 141
105 143
105 144
105 147
105 150
105 151
105 152
105 153
105 154
105 158
105 161
106 107
106 108
106 109
106 110
106 111
106 112
106 113
106 114
106 115
106 116
106 117
106 118
106 120
106 121
106 124
106 125
106 127
106 129
106 131
106 132
106 133
106 134
106 135
106 136
106 137
106 138
106 139
106 140
106 141
106 142
106 145
106 146
106 147
106 148
106 149
106 150
106 151
106 152
106 153
106 154
106 155
106 157
106 158
106 160
106 161
107 108
107 109
107 112
107 113
107 114
107 117
107 118
107 120
107 122
107 126
107 127
107 129
107 130
107 133
107 134
107 137
107 141
107 143
107 144
107 147
107 149
107 150
107 151
107 152
107 153
107 154
107 155
107 158
108 109
108 111
108 112
108 113
108 114
108 115
108 116
108 117
108 119
108 124
108 125
108 126
108 127
108 130
108 131
108 133
108 135
108 136
108 137
108 138
108 139
108 140
108 141
108 142
108 144
108 145
108 146
108 147
108 148
108 150
108 151
108 152
108 153
108 154
108 155
108 156
108 157
108 158
108 160
108 161
109 110
109 111
109 112
109 113
109 115
109 117
109 118
109 119
109 122
109 126
109 127
109 128
109 129
109 130
109 131
109 133
109 134
109 136
109 137
109 138
109 139
109 140
109 141
109 142
109 143
109 145
109 146
109 149
109 150
109 154
109 157
109 159
109 161
110 111
110 112
110 116
110 118
110 121
110 126
110 129
110 130
110 133
110 134
110 138
110 142
110 147
110 148
110 150
110 151
110 154
110 156
110 157
110 158
110 161
111 112
111 114
111 115
111 117
111 118
111 120
111 121
111 124
111 131
111 133
111 134
111 137
111 138
111 139
111 140
111 141
111 142
111 143
111 151
111 152
111 153
111 154
111 158
111 160
111 161
112 113
112 114
112 115
112 116
112 117
112 118
112 119
112 122
112 125
112 126
112 128
112 129
112 130
112 131
112 132
112 134
112 137
112 138
112 139
112 141
112 142
112 143
112 145
112 146
112 148
112 151
112 152
112 153
112 154
112 157
112 158
113 114
113 117
113 118
113 121
113 125
113 126
113 128
113 129
113 130
113 131
113 133
113 134
113 135
113 136
113 137
113 139
113 140
113 141
113 142
113 143
113 144
113 146
113 147
113 148
113 149
113 150
113 151
113 152
113 153
113 154
113 157
113 158
113 160
113 161
114 115
114 117
114 118
114 120
114 121
114 122
114 123
114 124
114 125
114 126
114 127
114 128
114 129
114 130
114 131
114 133
114 134
114 135
114 137
114 138
114 139
114 140
114 142
114 143
114 145
114 146
114 147
114 149
114 150
114 151
114 152
114 155
114 156
114 157
114 158
114 160
114 161
115 117
115 118
115 119
115 121
115 122
115 125
115 126
115 127
115 131
115 133
115 134
115 135
115 136
115 137
115 138
115 140
115 141
115 142
115 143
115 144
115 145
115 146
115 147
115 150
115 152
115 153
115 154
115 158
115 161
116 117
116 118
116 119
116 122
116 125
116 127
116 129
116 131
116 132
116 133
116 137
116 138
116 139
116 141
116 142
116 143
116 144
116 145
116 147
116 151
116 152
116 154
116 157
116 158
116 161
117 118
117 122
117 125
117 126
117 128
117 129
117 130
117 131
117 132
117 133
117 134
117 135
117 136
117 137
117 138
117 139
117 141
117 142
117 143
117 144
117 145
117 146
117 147
117 148
117 149
117 151
117 152
117 154
117 155
117 157
117 158
118 122
118 124
118 125
118 127
118 128
118 129
118 130
118 131
118 133
118 134
118 135
118 136
118 137
118 138
118 139
118 141
118 142
118 146
118 147
118 148
118 149
118 151
118 152
118 153
118 154
118 157
118 158
118 160
118 161
119 125
119 133
119 134
119 137
119 147
119 150
119 151
119 157
120 129
120 134
120 137
120 142
120 145
120 147
120 149
120 150
120 151
120 152
120 157
120 160
120 161
121 142
121 145
121 150
121 151
121 153
121 157
121 158
121 160
122 125
122 130
122 133
122 134
122 137
122 138
122 142
122 146
122 147
122 149
122 151
122 153
122 157
122 158
122 161
123 131
123 138
123 140
123 151
124 131
124 133
124 137
124 141
124 146
124 149
124 150
124 152
124 154
124 157
124 158
124 161
125 127
125 128
125 129
125 130
125 131
125 132
125 133
125 134
125 137
125 138
125 139
125 140
125 141
125 142
125 147
125 150
125 151
125 152
125 154
125 157
125 158
125 159
125 161
126 128
126 129
126 130
126 131
126 134
126 135
126 136
126 137
126 138
126 139
126 142
126 144
126 145
126 147
126 150
126 156
126 158
126 159
126 161
127 129
127 134
127 136
127 139
127 141
127 142
127 148
127 151
127 157
127 161
128 129
128 133
128 134
128 137
128 138
128 139
128 142
128 146
128 147
128 148
128 150
128 151
128 152
128 153
128 154
128 157
128 158
128 160
129 130
129 131
129 132
129 133
129 134
129 135
129 136
129 137
129 138
129 139
129 140
129 142
129 145
129 146
129 148
129 149
129 150
129 151
129 152
129 153
129 154
129 155
129 157
129 158
129 159
129 160
129 161
130 131
130 133
130 134
130 135
130 137
130 138
130 139
130 141
130 143
130 146
130 147
130 148
130 150
130 152
130 153
130 154
130 157
131 132
131 133
131 134
131 136
131 137
131 138
131 139
131 141
131 142
131 143
131 145
131 146
131 147
131 148
131 149
131 150
131 152
131 153
131 154
131 155
131 156
131 158
131 161
132 134
132 142
132 147
132 154
132 158
132 161
133 134
133 135
133 137
133 138
133 139
133 140
133 142
133 143
133 144
133 146
133 148
133 149
133 151
133 152
133 154
133 157
133 158
133 159
133 160
133 161
134 135
134 136
134 137
134 138
134 142
134 146
134 147
134 148
134 149
134 150
134 151
134 152
134 153
134 154
134 158
134 159
134 160
135 138
135 141
135 143
135 146
135 147
135 148
135 149
135 150
135 151
135 152
135 153
135 154
135 156
135 158
135 159
135 161
136 137
136 141
136 142
136 146
136 147
136 150
136 152
136 154
136 158
136 161
137 138
137 139
137 140
137 141
137 142
137 143
137 144
137 145
137 146
137 147
137 149
137 150
137 151
137 152
137 153
137 154
137 155
137 157
137 159
137 160
137 161
138 139
138 140
138 141
138 142
138 143
138 145
138 147
138 148
138 150
138 151
138 152
138 153
138 154
138 155
138 157
138 158
138 159
138 161
139 141
139 142
139 143
139 146
139 150
139 151
139 152
139 153
139 154
139 157
139 158
139 160
140 150
140 152
140 158
140 159
141 142
141 143
141 146
141 150
141 152
141 154
141 155
141 157
141 158
141 159
141 161
142 143
142 145
142 146
142 148
142 149
142 150
142 152
142 153
142 154
142 155
142 157
142 158
142 159
142 160
142 161
143 147
143 151
143 154
143 156
143 158
143 159
143 161
144 147
144 150
145 147
145 148
145 151
145 153
145 154
145 155
145 158
146 147
146 148
146 149
146 150
146 151
146 152
146 153
146 154
146 157
146 158
146 159
147 150
147 151
147 152
147 153
147 155
147 157
147 158
147 159
147 160
147 161
148 151
148 155
148 156
148 157
148 161
149 150
149 151
149 152
149 153
149 154
149 156
149 157
149 158
149 160
150 151
150 152
150 154
150 158
150 159
150 160
150 161
151 152
151 153
151 154
151 155
151 156
151 157
151 158
151 159
151 160
151 161
152 153
152 154
152 155
152 156
152 157
152 158
152 159
152 161
153 154
153 157
153 159
153 161
154 157
154 158
154 159
154 160
154 161
155 158
155 161
156 158
157 158
157 160
158 159
158 161
159 160
159 161
160 161
