0 1
0 4
0 6
0 9
0 10
0 11
0 12
0 13
0 14
0 16
0 18
0 20
0 25
0 26
0 29
0 30
0 31
0 32
0 35
0 36
0 38
0 40
0 42
0 43
0 46
0 48
0 49
0 50
0 54
0 57
0 63
0 66
0 67
0 68
0 69
0 70
0 72
0 73
0 74
0 77
0 79
0 84
0 85
0 88
0 92
0 93
0 95
0 98
0 101
0 106
0 107
0 108
0 109
0 110
0 113
0 114
0 115
0 116
0 117
0 118
0 120
0 125
0 126
0 128
0 130
0 131
0 134
0 139
0 145
0 146
0 149
0 150
0 151
0 152
0 157
0 158
0 161
1 2
1 3
1 5
1 7
1 11
1 12
1 14
1 15
1 19
1 21
1 23
1 24
1 25
1 28
1 31
1 32
1 33
1 34
1 35
1 36
1 37
1 38
1 39
1 40
1 44
1 45
1 46
1 48
1 49
1 50
1 53
1 54
1 55
1 56
1 58
1 59
1 61
1 71
1 73
1 74
1 75
1 76
1 79
1 83
1 84
1 85
1 86
1 89
1 92
1 94
1 95
1 98
1 99
1 101
1 102
1 103
1 107
1 108
1 110
1 112
1 113
1 114
1 115
1 116
1 117
1 118
1 119
1 121
1 125
1 129
1 133
1 134
1 142
1 145
1 146
1 147
1 150
1 151
1 153
1 154
1 155
1 156
1 157
1 158
1 161
2 6
2 7
2 10
2 14
2 16
2 19
2 21
2 25
2 26
2 28
2 30
2 33
2 37
2 38
2 40
2 43
2 44
2 45
2 49
2 51
2 52
2 53
2 58
2 59
2 62
2 64
2 65
2 66
2 68
2 71
2 72
2 73
2 74
2 75
2 76
2 77
2 80
2 86
2 88
2 89
2 93
2 97
2 100
2 101
2 102
2 104
2 105
2 106
2 109
2 111
2 112
2 113
2 114
2 115
2 117
2 118
2 120
2 125
2 129
2 130
2 131
2 133
2 134
2 137
2 138
2 139
2 141
2 142
2 143
2 151
2 152
2 153
2 156
2 157
2 160
3 6
3 7
3 9
3 14
3 19
3 26
3 35
3 36
3 39
3 43
3 49
3 54
3 55
3 58
3 59
3 61
3 63
3 68
3 70
3 71
3 72
3 74
3 75
3 82
3 87
3 88
3 91
3 93
3 94
3 99
3 100
3 101
3 105
3 106
3 109
3 112
3 125
3 128
3 131
3 134
3 135
3 137
3 138
3 139
3 142
3 146
3 147
3 151
3 152
3 154
3 157
3 158
3 160
4 5
4 6
4 7
4 8
4 9
4 10
4 11
4 12
4 13
4 14
4 15
4 16
4 18
4 19
4 21
4 25
4 26
4 31
4 32
4 33
4 35
4 36
4 37
4 38
4 40
4 42
4 43
4 44
4 45
4 46
4 47
4 48
4 49
4 50
4 51
4 52
4 53
4 54
4 55
4 56
4 57
4 58
4 59
4 61
4 62
4 63
4 64
4 65
4 68
4 69
4 70
4 71
4 72
4 73
4 74
4 77
4 78
4 79
4 80
4 81
4 82
4 83
4 84
4 85
4 86
4 87
4 88
4 89
4 90
4 91
4 92
4 93
4 94
4 95
4 96
4 97
4 99
4 100
4 101
4 102
4 103
4 104
4 105
4 106
4 108
4 111
4 112
4 113
4 114
4 115
4 116
4 117
4 118
4 122
4 125
4 126
4 129
4 130
4 131
4 132
4 133
4 134
4 135
4 136
4 137
4 139
4 140
4 141
4 142
4 143
4 145
4 147
4 148
4 151
4 152
4 153
4 154
4 157
4 158
4 160
4 161
5 6
5 7
5 9
5 10
5 13
5 14
5 18
5 37
5 38
5 40
5 43
5 44
5 45
5 48
5 49
5 51
5 54
5 56
5 62
5 63
5 64
5 65
5 70
5 71
5 74
5 75
5 76
5 83
5 87
5 88
5 89
5 91
5 97
5 101
5 103
5 108
5 109
5 112
5 114
5 115
5 116
5 117
5 122
5 129
5 131
5 134
5 137
5 154
5 155
5 157
5 160
5 161
6 7
6 8
6 9
6 10
6 11
6 12
6 14
6 15
6 17
6 18
6 19
6 21
6 23
6 24
6 25
6 26
6 28
6 30
6 31
6 32
6 33
6 34
6 36
6 37
6 38
6 39
6 40
6 41
6 42
6 43
6 45
6 46
6 47
6 49
6 51
6 52
6 54
6 56
6 57
6 58
6 61
6 63
6 64
6 65
6 66
6 67
6 69
6 70
6 72
6 73
6 74
6 75
6 76
6 77
6 78
6 79
6 80
6 81
6 82
6 83
6 84
6 85
6 86
6 87
6 88
6 89
6 92
6 93
6 94
6 95
6 97
6 98
6 99
6 101
6 102
6 103
6 104
6 105
6 106
6 108
6 109
6 111
6 112
6 113
6 114
6 115
6 116
6 118
6 121
6 122
6 126
6 127
6 128
6 129
6 131
6 133
6 134
6 138
6 140
6 141
6 145
6 146
6 147
6 148
6 149
6 150
6 151
6 152
6 153
6 154
6 155
6 156
6 158
6 161
7 8
7 9
7 10
7 11
7 12
7 13
7 14
7 16
7 18
7 19
7 20
7 21
7 22
7 23
7 24
7 25
7 26
7 28
7 29
7 30
7 31
7 32
7 34
7 35
7 36
7 38
7 39
7 40
7 41
7 42
7 44
7 45
7 46
7 49
7 51
7 53
7 54
7 56
7 57
7 59
7 61
7 64
7 65
7 66
7 67
7 68
7 69
7 70
7 71
7 72
7 74
7 75
7 78
7 79
7 80
7 81
7 88
7 89
7 90
7 91
7 92
7 94
7 96
7 97
7 98
7 99
7 101
7 102
7 103
7 105
7 106
7 107
7 108
7 109
7 111
7 112
7 113
7 114
7 115
7 117
7 118
7 119
7 123
7 124
7 126
7 127
7 128
7 129
7 130
7 131
7 133
7 135
7 136
7 137
7 138
7 141
7 142
7 143
7 144
7 145
7 146
7 147
7 148
7 149
7 150
7 151
7 152
7 153
7 154
7 155
7 156
7 157
7 158
7 159
7 161
8 9
8 10
8 14
8 17
8 22
8 26
8 31
8 32
8 35
8 36
8 38
8 40
8 42
8 43
8 55
8 56
8 61
8 62
8 64
8 67
8 71
8 72
8 73
8 74
8 86
8 89
8 106
8 109
8 115
8 119
8 129
8 134
8 137
8 151
8 153
8 154
8 158
9 11
9 13
9 14
9 16
9 17
9 18
9 19
9 21
9 24
9 25
9 26
9 29
9 31
9 32
9 33
9 36
9 37
9 38
9 40
9 44
9 45
9 49
9 51
9 52
9 53
9 55
9 56
9 59
9 61
9 62
9 63
9 64
9 65
9 66
9 67
9 68
9 69
9 71
9 72
9 73
9 74
9 75
9 77
9 79
9 81
9 83
9 84
9 86
9 87
9 89
9 93
9 94
9 95
9 97
9 100
9 101
9 102
9 104
9 105
9 108
9 109
9 110
9 112
9 113
9 114
9 118
9 125
9 127
9 130
9 131
9 132
9 133
9 135
9 137
9 138
9 142
9 145
9 147
9 150
9 151
9 152
9 154
9 157
9 158
9 160
9 161
10 11
10 12
10 14
10 15
10 18
10 19
10 21
10 22
10 23
10 25
10 30
10 32
10 34
10 35
10 36
10 37
10 38
10 40
10 44
10 46
10 48
10 49
10 51
10 52
10 53
10 54
10 55
10 56
10 58
10 60
10 62
10 64
10 65
10 66
10 67
10 68
10 69
10 70
10 72
10 74
10 75
10 76
10 77
10 79
10 80
10 89
10 92
10 93
10 94
10 97
10 102
10 103
10 104
10 105
10 106
10 108
10 109
10 112
10 113
10 114
10 115
10 116
10 117
10 118
10 124
10 125
10 126
10 127
10 129
10 130
10 133
10 134
10 138
10 139
10 141
10 142
10 146
10 147
10 149
10 150
10 152
10 153
10 154
10 161
11 12
11 13
11 14
11 15
11 16
11 18
11 19
11 21
11 22
11 24
11 25
11 26
11 28
11 34
11 36
11 38
11 40
11 42
11 44
11 45
11 48
11 49
11 51
11 56
11 58
11 63
11 64
11 65
11 68
11 70
11 72
11 75
11 76
11 77
11 79
11 80
11 81
11 83
11 86
11 87
11 88
11 89
11 90
11 93
11 94
11 95
11 96
11 99
11 101
11 102
11 103
11 106
11 107
11 108
11 109
11 111
11 112
11 113
11 114
11 115
11 116
11 117
11 118
11 123
11 126
11 128
11 129
11 130
11 131
11 133
11 134
11 135
11 138
11 142
11 145
11 146
11 147
11 148
11 149
11 150
11 151
11 153
11 154
11 155
11 156
11 158
11 159
11 160
11 161
12 13
12 14
12 19
12 21
12 22
12 30
12 31
12 36
12 38
12 40
12 44
12 45
12 46
12 49
12 51
12 54
12 55
12 59
12 63
12 64
12 65
12 67
12 71
12 72
12 80
12 87
12 89
12 92
12 93
12 94
12 95
12 97
12 98
12 99
12 101
12 102
12 106
12 107
12 111
12 112
12 118
12 119
12 126
12 130
12 131
12 133
12 137
12 138
12 139
12 140
12 142
12 143
12 147
12 151
12 152
12 153
12 154
12 155
12 157
12 158
13 14
13 16
13 21
13 27
13 30
13 31
13 32
13 34
13 36
13 37
13 38
13 40
13 45
13 46
13 48
13 51
13 52
13 55
13 56
13 57
13 58
13 63
13 64
13 66
13 68
13 70
13 71
13 72
13 73
13 74
13 76
13 77
13 79
13 82
13 85
13 89
13 93
13 95
13 96
13 97
13 101
13 102
13 105
13 106
13 108
13 111
13 113
13 114
13 115
13 116
13 117
13 118
13 121
13 125
13 128
13 129
13 131
13 133
13 134
13 135
13 137
13 138
13 147
13 149
13 151
13 158
13 159
14 15
14 16
14 18
14 19
14 20
14 21
14 22
14 23
14 25
14 26
14 27
14 28
14 29
14 30
14 31
14 32
14 36
14 37
14 38
14 39
14 40
14 41
14 42
14 43
14 44
14 45
14 46
14 48
14 49
14 50
14 51
14 52
14 53
14 54
14 55
14 56
14 57
14 58
14 61
14 62
14 63
14 64
14 65
14 67
14 68
14 69
14 71
14 72
14 73
14 74
14 75
14 76
14 77
14 79
14 80
14 83
14 85
14 86
14 87
14 89
14 90
14 91
14 92
14 93
14 94
14 96
14 97
14 99
14 100
14 101
14 102
14 103
14 105
14 106
14 108
14 109
14 110
14 111
14 112
14 113
14 114
14 115
14 116
14 117
14 118
14 120
14 121
14 123
14 124
14 125
14 126
14 127
14 128
14 129
14 130
14 131
14 132
14 133
14 134
14 137
14 138
14 139
14 141
14 142
14 143
14 146
14 148
14 149
14 150
14 151
14 152
14 153
14 154
14 155
14 157
14 158
14 160
14 161
15 18
15 20
15 23
15 25
15 26
15 32
15 35
15 39
15 44
15 46
15 51
15 55
15 56
15 59
15 61
15 63
15 65
15 66
15 67
15 68
15 69
15 71
15 72
15 73
15 74
15 79
15 80
15 82
15 87
15 89
15 94
15 99
15 101
15 102
15 104
15 105
15 107
15 108
15 109
15 111
15 113
15 114
15 115
15 116
15 117
15 118
15 125
15 126
15 129
15 131
15 133
15 134
15 136
15 137
15 138
15 139
15 143
15 149
15 150
15 152
15 154
15 157
15 158
15 159
15 161
16 18
16 19
16 21
16 24
16 25
16 29
16 30
16 35
16 37
16 38
16 40
16 42
16 43
16 45
16 48
16 49
16 52
16 54
16 59
16 63
16 64
16 66
16 67
16 68
16 70
16 72
16 73
16 77
16 81
16 82
16 83
16 85
16 86
16 87
16 89
16 91
16 94
16 97
16 101
16 103
16 106
16 107
16 108
16 109
16 112
16 118
16 119
16 121
16 126
16 130
16 131
16 133
16 134
16 135
16 137
16 138
16 141
16 143
16 146
16 147
16 150
16 152
16 156
16 158
16 159
17 18
17 26
17 30
17 38
17 42
17 45
17 54
17 64
17 68
17 72
17 75
17 89
17 97
17 110
17 114
17 115
17 122
17 126
17 131
17 140
17 145
17 146
17 158
17 159
17 160
18 19
18 21
18 22
18 24
18 26
18 31
18 40
18 45
18 48
18 49
18 54
18 57
18 58
18 60
18 61
18 63
18 64
18 65
18 66
18 69
18 70
18 71
18 74
18 75
18 76
18 79
18 84
18 86
18 93
18 94
18 100
18 101
18 102
18 104
18 105
18 107
18 109
18 111
18 112
18 114
18 115
18 117
18 118
18 122
18 128
18 129
18 131
18 133
18 142
18 145
18 146
18 147
18 151
18 152
18 153
18 157
18 158
18 159
18 160
19 20
19 21
19 22
19 23
19 24
19 25
19 26
19 30
19 31
19 32
19 33
19 34
19 35
19 36
19 38
19 39
19 40
19 42
19 43
19 44
19 45
19 46
19 48
19 51
19 53
19 54
19 55
19 56
19 58
19 59
19 60
19 62
19 64
19 65
19 66
19 67
19 68
19 69
19 70
19 71
19 72
19 73
19 74
19 75
19 76
19 77
19 79
19 81
19 82
19 84
19 87
19 88
19 89
19 91
19 93
19 94
19 96
19 97
19 101
19 102
19 104
19 106
19 107
19 108
19 109
19 110
19 112
19 113
19 114
19 116
19 117
19 118
19 121
19 125
19 126
19 128
19 129
19 131
19 132
19 133
19 134
19 135
19 136
19 137
19 139
19 140
19 141
19 142
19 143
19 145
19 146
19 147
19 149
19 151
19 152
19 153
19 154
19 155
19 156
19 157
19 158
19 159
19 160
19 161
20 24
20 26
20 35
20 38
20 39
20 44
20 45
20 54
20 55
20 56
20 58
20 61
20 63
20 65
20 67
20 71
20 72
20 76
20 80
20 81
20 86
20 88
20 96
20 98
20 102
20 104
20 105
20 106
20 107
20 108
20 113
20 126
20 129
20 138
20 142
20 144
20 147
20 150
20 153
20 154
21 22
21 25
21 26
21 30
21 31
21 32
21 35
21 36
21 37
21 38
21 40
21 43
21 44
21 46
21 47
21 48
21 49
21 50
21 51
21 52
21 53
21 54
21 56
21 57
21 58
21 62
21 63
21 64
21 65
21 66
21 67
21 68
21 69
21 70
21 71
21 72
21 73
21 74
21 75
21 76
21 77
21 79
21 80
21 82
21 83
21 84
21 86
21 89
21 90
21 91
21 92
21 93
21 94
21 95
21 96
21 97
21 98
21 101
21 102
21 103
21 104
21 106
21 108
21 109
21 111
21 112
21 113
21 114
21 115
21 117
21 118
21 121
21 122
21 123
21 125
21 126
21 128
21 129
21 131
21 133
21 134
21 135
21 136
21 138
21 139
21 141
21 142
21 145
21 146
21 147
21 149
21 150
21 152
21 153
21 154
21 155
21 157
21 158
21 161
22 25
22 30
22 31
22 32
22 35
22 37
22 39
22 40
22 44
22 45
22 49
22 53
22 54
22 56
22 63
22 64
22 65
22 67
22 70
22 71
22 72
22 74
22 84
22 86
22 87
22 88
22 92
22 95
22 97
22 100
22 101
22 107
22 109
22 113
22 114
22 117
22 119
22 124
22 129
22 131
22 132
22 134
22 138
22 139
22 141
22 142
22 147
22 149
22 151
22 152
22 154
22 158
22 159
23 25
23 30
23 35
23 41
23 44
23 49
23 63
23 64
23 65
23 66
23 71
23 73
23 75
23 76
23 78
23 79
23 90
23 93
23 102
23 104
23 108
23 110
23 113
23 118
23 125
23 135
23 137
23 142
23 152
23 161
24 29
24 38
24 40
24 41
24 42
24 51
24 54
24 55
24 58
24 59
24 61
24 65
24 67
24 71
24 73
24 74
24 79
24 84
24 85
24 86
24 89
24 91
24 93
24 94
24 96
24 101
24 105
24 106
24 108
24 109
24 113
24 114
24 116
24 117
24 118
24 126
24 130
24 138
24 139
24 143
24 146
24 147
24 151
24 154
24 156
24 158
25 26
25 27
25 28
25 30
25 34
25 36
25 38
25 39
25 40
25 42
25 43
25 44
25 46
25 49
25 50
25 51
25 55
25 56
25 58
25 59
25 63
25 64
25 65
25 66
25 68
25 69
25 70
25 71
25 72
25 74
25 75
25 76
25 77
25 79
25 81
25 83
25 84
25 86
25 87
25 90
25 92
25 93
25 94
25 95
25 99
25 100
25 101
25 102
25 103
25 105
25 106
25 107
25 109
25 110
25 113
25 114
25 115
25 116
25 117
25 118
25 120
25 125
25 127
25 129
25 130
25 134
25 135
25 136
25 137
25 138
25 139
25 140
25 141
25 142
25 145
25 146
25 147
25 148
25 149
25 150
25 151
25 152
25 154
25 158
25 159
25 160
25 161
26 28
26 30
26 31
26 32
26 34
26 35
26 36
26 37
26 38
26 40
26 43
26 44
26 45
26 46
26 47
26 49
26 50
26 51
26 52
26 54
26 55
26 56
26 57
26 58
26 61
26 63
26 64
26 65
26 66
26 67
26 68
26 70
26 71
26 72
26 73
26 74
26 75
26 76
26 79
26 80
26 81
26 82
26 83
26 84
26 85
26 86
26 87
26 88
26 89
26 91
26 92
26 93
26 94
26 96
26 97
26 98
26 99
26 100
26 101
26 102
26 103
26 105
26 106
26 107
26 108
26 109
26 111
26 112
26 113
26 114
26 115
26 117
26 118
26 123
26 125
26 126
26 127
26 128
26 129
26 130
26 131
26 133
26 134
26 135
26 136
26 137
26 138
26 139
26 140
26 142
26 143
26 146
26 147
26 148
26 149
26 150
26 151
26 153
26 154
26 155
26 156
26 157
26 158
26 159
26 161
27 30
27 31
27 34
27 35
27 51
27 58
27 65
27 67
27 70
27 86
27 101
27 106
27 112
27 114
27 115
27 118
27 129
27 133
27 134
27 137
27 146
27 149
27 152
27 153
27 155
27 157
27 161
28 30
28 32
28 34
28 35
28 40
28 46
28 49
28 50
28 51
28 55
28 58
28 61
28 67
28 69
28 70
28 72
28 73
28 74
28 79
28 86
28 87
28 89
28 92
28 93
28 97
28 101
28 105
28 106
28 112
28 115
28 118
28 125
28 129
28 131
28 133
28 134
28 136
28 138
28 140
28 145
28 146
28 150
28 151
28 152
28 154
28 155
28 158
28 159
29 31
29 32
29 40
29 42
29 45
29 50
29 51
29 53
29 55
29 65
29 67
29 70
29 72
29 74
29 76
29 79
29 84
29 89
29 100
29 101
29 102
29 103
29 109
29 112
29 113
29 115
29 117
29 119
29 127
29 130
29 134
29 136
29 137
29 138
29 140
29 143
29 152
29 154
29 155
29 157
29 158
30 31
30 32
30 35
30 36
30 37
30 39
30 40
30 42
30 43
30 44
30 45
30 46
30 49
30 51
30 53
30 55
30 56
30 59
30 60
30 62
30 63
30 64
30 65
30 67
30 68
30 70
30 71
30 73
30 74
30 75
30 77
30 79
30 80
30 82
30 84
30 86
30 87
30 89
30 91
30 94
30 96
30 97
30 98
30 99
30 101
30 102
30 105
30 106
30 107
30 108
30 112
30 113
30 114
30 115
30 116
30 117
30 118
30 119
30 120
30 125
30 126
30 127
30 130
30 131
30 132
30 133
30 135
30 137
30 138
30 139
30 140
30 142
30 145
30 146
30 147
30 149
30 150
30 151
30 152
30 153
30 154
30 157
30 159
30 161
31 32
31 33
31 34
31 35
31 36
31 37
31 38
31 39
31 40
31 41
31 42
31 44
31 45
31 47
31 49
31 52
31 53
31 54
31 55
31 56
31 57
31 58
31 60
31 61
31 63
31 64
31 65
31 66
31 67
31 68
31 70
31 71
31 72
31 73
31 74
31 75
31 76
31 77
31 79
31 80
31 81
31 82
31 83
31 84
31 85
31 86
31 87
31 88
31 89
31 91
31 92
31 93
31 94
31 95
31 96
31 97
31 98
31 100
31 102
31 105
31 106
31 107
31 108
31 109
31 111
31 112
31 113
31 114
31 115
31 117
31 118
31 121
31 122
31 125
31 127
31 129
31 130
31 131
31 133
31 134
31 136
31 137
31 138
31 139
31 140
31 141
31 142
31 144
31 145
31 148
31 149
31 150
31 151
31 152
31 153
31 155
31 156
31 159
31 160
31 161
32 34
32 35
32 36
32 37
32 38
32 39
32 40
32 42
32 43
32 44
32 45
32 46
32 48
32 49
32 50
32 52
32 54
32 56
32 58
32 59
32 60
32 64
32 65
32 67
32 68
32 69
32 70
32 71
32 72
32 73
32 75
32 76
32 77
32 79
32 80
32 82
32 83
32 84
32 87
32 88
32 89
32 90
32 91
32 92
32 93
32 94
32 95
32 97
32 101
32 102
32 103
32 104
32 105
32 106
32 108
32 110
32 112
32 113
32 114
32 115
32 116
32 117
32 118
32 123
32 125
32 126
32 129
32 130
32 133
32 134
32 137
32 138
32 139
32 140
32 141
32 142
32 143
32 146
32 147
32 149
32 150
32 151
32 152
32 154
32 156
32 157
32 158
32 160
32 161
33 38
33 40
33 41
33 43
33 49
33 52
33 54
33 55
33 56
33 67
33 70
33 72
33 73
33 79
33 80
33 89
33 100
33 103
33 105
33 107
33 112
33 116
33 118
33 125
33 137
33 142
33 143
33 145
33 149
33 150
33 154
33 157
34 36
34 37
34 38
34 40
34 43
34 44
34 45
34 46
34 49
34 51
34 56
34 59
34 64
34 66
34 67
34 68
34 71
34 72
34 73
34 74
34 84
34 85
34 86
34 87
34 89
34 91
34 93
34 94
34 95
34 98
34 101
34 102
34 106
34 108
34 109
34 111
34 112
34 113
34 114
34 115
34 117
34 118
34 125
34 127
34 130
34 131
34 133
34 134
34 135
34 137
34 138
34 139
34 140
34 141
34 142
34 145
34 147
34 149
34 150
34 152
34 153
34 155
34 158
34 161
35 36
35 37
35 38
35 40
35 42
35 43
35 44
35 45
35 46
35 49
35 50
35 51
35 52
35 53
35 54
35 55
35 56
35 58
35 60
35 62
35 63
35 64
35 65
35 66
35 67
35 68
35 69
35 70
35 72
35 74
35 75
35 76
35 77
35 79
35 80
35 84
35 86
35 89
35 91
35 93
35 94
35 96
35 97
35 100
35 101
35 102
35 103
35 104
35 107
35 108
35 111
35 112
35 114
35 117
35 118
35 122
35 124
35 125
35 126
35 130
35 131
35 133
35 134
35 135
35 137
35 138
35 139
35 141
35 142
35 145
35 147
35 149
35 150
35 151
35 153
35 154
35 157
35 158
35 159
36 37
36 38
36 39
36 40
36 41
36 42
36 44
36 48
36 49
36 50
36 51
36 52
36 54
36 56
36 58
36 61
36 64
36 65
36 66
36 67
36 68
36 69
36 71
36 72
36 74
36 75
36 77
36 79
36 80
36 83
36 86
36 87
36 89
36 90
36 91
36 92
36 94
36 97
36 98
36 100
36 101
36 102
36 103
36 104
36 106
36 107
36 108
36 109
36 112
36 114
36 116
36 117
36 118
36 125
36 126
36 129
36 130
36 131
36 132
36 133
36 134
36 138
36 139
36 142
36 144
36 145
36 147
36 149
36 150
36 152
36 154
36 155
36 157
36 158
36 160
36 161
37 38
37 42
37 45
37 46
37 47
37 48
37 49
37 50
37 51
37 52
37 54
37 55
37 58
37 66
37 68
37 69
37 70
37 71
37 72
37 74
37 76
37 77
37 85
37 91
37 92
37 93
37 95
37 97
37 98
37 99
37 100
37 101
37 102
37 103
37 106
37 109
37 111
37 113
37 115
37 117
37 122
37 125
37 129
37 131
37 132
37 133
37 134
37 135
37 137
37 138
37 139
37 142
37 143
37 145
37 147
37 148
37 150
37 151
37 152
37 154
37 155
38 39
38 40
38 43
38 44
38 45
38 48
38 49
38 50
38 51
38 53
38 54
38 55
38 56
38 58
38 59
38 61
38 62
38 63
38 64
38 65
38 66
38 67
38 68
38 69
38 70
38 71
38 72
38 73
38 74
38 75
38 76
38 77
38 79
38 80
38 81
38 85
38 86
38 87
38 88
38 89
38 90
38 92
38 93
38 94
38 95
38 96
38 98
38 100
38 101
38 102
38 104
38 105
38 106
38 107
38 108
38 112
38 113
38 114
38 115
38 117
38 118
38 120
38 121
38 122
38 125
38 126
38 127
38 129
38 130
38 131
38 134
38 135
38 136
38 137
38 138
38 139
38 140
38 141
38 142
38 145
38 146
38 147
38 149
38 150
38 151
38 152
38 156
38 157
38 158
38 159
38 160
38 161
39 42
39 43
39 45
39 46
39 51
39 54
39 55
39 58
39 61
39 63
39 64
39 66
39 68
39 71
39 72
39 73
39 76
39 77
39 83
39 87
39 89
39 92
39 94
39 100
39 106
39 107
39 108
39 109
39 111
39 114
39 115
39 116
39 118
39 125
39 130
39 133
39 134
39 143
39 145
39 146
39 147
39 148
39 150
39 153
39 154
39 157
39 158
39 160
40 41
40 42
40 43
40 44
40 45
40 46
40 47
40 48
40 49
40 50
40 51
40 52
40 53
40 54
40 55
40 56
40 58
40 59
40 61
40 62
40 64
40 65
40 66
40 67
40 68
40 69
40 70
40 71
40 72
40 74
40 75
40 77
40 79
40 81
40 83
40 84
40 85
40 86
40 88
40 89
40 90
40 93
40 94
40 95
40 96
40 97
40 98
40 99
40 100
40 101
40 103
40 104
40 105
40 106
40 107
40 108
40 109
40 111
40 112
40 114
40 115
40 116
40 117
40 118
40 119
40 121
40 122
40 125
40 126
40 128
40 129
40 130
40 131
40 133
40 134
40 136
40 137
40 139
40 140
40 141
40 142
40 145
40 146
40 147
40 148
40 149
40 150
40 151
40 152
40 153
40 154
40 158
40 159
40 161
41 42
41 45
41 54
41 64
41 66
41 67
41 69
41 71
41 74
41 75
41 77
41 79
41 87
41 97
41 116
41 117
41 125
41 130
41 131
41 135
41 137
41 138
41 141
41 142
41 143
41 144
41 145
41 148
41 150
41 156
42 44
42 49
42 54
42 56
42 59
42 63
42 64
42 65
42 66
42 67
42 68
42 69
42 70
42 71
42 72
42 75
42 76
42 79
42 82
42 84
42 85
42 86
42 87
42 94
42 99
42 100
42 102
42 103
42 106
42 107
42 108
42 109
42 112
42 113
42 114
42 117
42 125
42 129
42 135
42 137
42 138
42 139
42 142
42 147
42 151
42 152
42 153
42 154
42 156
42 157
42 158
42 161
43 44
43 45
43 46
43 49
43 50
43 54
43 55
43 56
43 62
43 64
43 65
43 67
43 68
43 69
43 71
43 72
43 73
43 74
43 76
43 77
43 78
43 79
43 80
43 83
43 84
43 85
43 87
43 89
43 90
43 93
43 94
43 97
43 98
43 99
43 101
43 102
43 103
43 106
43 110
43 111
43 112
43 113
43 114
43 115
43 116
43 117
43 118
43 122
43 124
43 125
43 126
43 131
43 133
43 135
43 137
43 138
43 141
43 142
43 143
43 147
43 149
43 151
43 152
43 154
43 157
43 158
43 161
44 45
44 49
44 51
44 52
44 54
44 55
44 56
44 59
44 61
44 63
44 64
44 65
44 66
44 69
44 70
44 71
44 73
44 74
44 76
44 77
44 78
44 79
44 80
44 83
44 84
44 87
44 89
44 91
44 93
44 95
44 97
44 99
44 101
44 102
44 103
44 105
44 106
44 107
44 108
44 109
44 112
44 113
44 115
44 117
44 118
44 124
44 125
44 128
44 129
44 131
44 134
44 135
44 137
44 138
44 139
44 140
44 142
44 143
44 148
44 149
44 151
44 152
44 153
44 154
44 155
44 157
45 46
45 49
45 50
45 51
45 52
45 53
45 54
45 56
45 59
45 60
45 64
45 65
45 66
45 67
45 69
45 70
45 72
45 73
45 74
45 76
45 77
45 78
45 79
45 80
45 81
45 84
45 86
45 87
45 88
45 89
45 90
45 91
45 92
45 93
45 95
45 96
45 97
45 99
45 100
45 101
45 103
45 105
45 106
45 107
45 108
45 109
45 110
45 111
45 112
45 113
45 114
45 115
45 117
45 118
45 119
45 122
45 125
45 129
45 130
45 131
45 133
45 134
45 135
45 136
45 137
45 138
45 141
45 143
45 145
45 146
45 148
45 149
45 150
45 151
45 152
45 154
45 155
45 157
45 158
45 159
45 161
46 51
46 53
46 54
46 55
46 56
46 59
46 63
46 70
46 72
46 73
46 74
46 75
46 80
46 84
46 85
46 86
46 88
46 89
46 94
46 97
46 101
46 103
46 105
46 106
46 107
46 108
46 109
46 113
46 114
46 115
46 116
46 117
46 119
46 122
46 126
46 128
46 129
46 130
46 131
46 132
46 137
46 138
46 139
46 143
46 147
46 148
46 149
46 150
46 151
46 152
46 155
46 161
47 51
47 52
47 58
47 66
47 68
47 69
47 72
47 75
47 83
47 87
47 98
47 101
47 107
47 108
47 109
47 112
47 118
47 133
47 137
47 139
47 152
47 154
47 157
47 161
48 54
48 56
48 59
48 63
48 65
48 66
48 72
48 74
48 75
48 80
48 81
48 84
48 94
48 95
48 96
48 102
48 108
48 110
48 114
48 115
48 117
48 127
48 129
48 133
48 138
48 139
48 142
48 147
48 152
48 154
48 158
49 53
49 54
49 55
49 56
49 57
49 58
49 59
49 61
49 62
49 63
49 64
49 65
49 66
49 67
49 68
49 69
49 70
49 71
49 72
49 74
49 76
49 77
49 79
49 83
49 84
49 85
49 89
49 91
49 92
49 93
49 95
49 96
49 98
49 99
49 101
49 102
49 103
49 105
49 106
49 107
49 108
49 109
49 111
49 112
49 113
49 114
49 115
49 117
49 119
49 121
49 123
49 124
49 125
49 126
49 128
49 129
49 130
49 131
49 133
49 134
49 136
49 137
49 138
49 139
49 140
49 141
49 142
49 144
49 145
49 146
49 147
49 148
49 149
49 150
49 151
49 152
49 154
49 155
49 157
49 158
49 159
49 161
50 51
50 53
50 56
50 58
50 60
50 62
50 66
50 68
50 69
50 71
50 72
50 73
50 74
50 75
50 80
50 81
50 83
50 84
50 85
50 89
50 94
50 95
50 97
50 101
50 105
50 106
50 108
50 109
50 112
50 113
50 117
50 118
50 126
50 128
50 129
50 131
50 133
50 135
50 137
50 138
50 142
50 146
50 147
50 149
50 150
50 152
50 153
50 154
50 155
50 159
51 52
51 53
51 54
51 55
51 56
51 58
51 59
51 61
51 63
51 64
51 65
51 66
51 67
51 68
51 69
51 70
51 71
51 72
51 73
51 74
51 75
51 76
51 77
51 78
51 79
51 82
51 83
51 84
51 85
51 86
51 87
51 88
51 89
51 90
51 91
51 94
51 97
51 98
51 99
51 100
51 101
51 102
51 103
51 105
51 106
51 107
51 108
51 109
51 110
51 111
51 112
51 113
51 114
51 115
51 117
51 118
51 119
51 120
51 121
51 122
51 124
51 125
51 126
51 128
51 129
51 130
51 131
51 132
51 133
51 134
51 135
51 136
51 137
51 138
51 140
51 141
51 142
51 146
51 147
51 148
51 149
51 150
51 151
51 152
51 153
51 154
51 155
51 156
51 157
51 158
51 159
52 53
52 54
52 59
52 65
52 66
52 67
52 68
52 70
52 73
52 74
52 75
52 78
52 84
52 85
52 86
52 89
52 91
52 92
52 93
52 94
52 96
52 97
52 100
52 101
52 102
52 103
52 107
52 108
52 113
52 114
52 116
52 117
52 120
52 122
52 129
52 131
52 134
52 135
52 136
52 137
52 138
52 139
52 140
52 142
52 150
52 151
52 152
52 154
52 156
52 157
52 158
52 159
53 54
53 56
53 58
53 59
53 63
53 65
53 66
53 67
53 68
53 69
53 70
53 72
53 79
53 84
53 86
53 87
53 89
53 95
53 97
53 99
53 101
53 105
53 106
53 108
53 109
53 110
53 113
53 115
53 117
53 118
53 119
53 122
53 125
53 126
53 129
53 133
53 134
53 140
53 141
53 142
53 143
53 145
53 146
53 147
53 150
53 151
53 152
53 153
53 154
53 157
53 159
53 160
54 55
54 56
54 58
54 59
54 61
54 62
54 63
54 64
54 65
54 66
54 67
54 68
54 69
54 71
54 72
54 74
54 76
54 77
54 79
54 80
54 83
54 84
54 85
54 87
54 89
54 91
54 92
54 93
54 94
54 97
54 98
54 99
54 101
54 102
54 103
54 106
54 107
54 108
54 109
54 110
54 111
54 112
54 113
54 114
54 115
54 116
54 117
54 118
54 120
54 123
54 125
54 128
54 129
54 133
54 134
54 137
54 138
54 139
54 140
54 141
54 142
54 143
54 145
54 146
54 147
54 149
54 150
54 152
54 153
54 154
54 156
54 157
54 158
54 159
54 160
54 161
55 56
55 57
55 58
55 61
55 62
55 63
55 64
55 65
55 67
55 68
55 69
55 70
55 71
55 72
55 74
55 75
55 76
55 77
55 80
55 84
55 85
55 87
55 89
55 92
55 93
55 94
55 95
55 97
55 101
55 102
55 103
55 104
55 105
55 108
55 109
55 112
55 113
55 115
55 117
55 118
55 119
55 120
55 121
55 124
55 125
55 126
55 128
55 129
55 131
55 133
55 134
55 135
55 136
55 137
55 138
55 142
55 143
55 147
55 149
55 151
55 153
55 154
55 155
55 156
55 157
55 158
55 159
55 160
56 58
56 59
56 61
56 62
56 64
56 65
56 66
56 67
56 68
56 69
56 71
56 73
56 75
56 77
56 79
56 80
56 82
56 83
56 84
56 86
56 88
56 89
56 90
56 91
56 96
56 97
56 99
56 100
56 101
56 102
56 103
56 106
56 107
56 108
56 109
56 111
56 112
56 113
56 114
56 115
56 116
56 117
56 118
56 121
56 122
56 125
56 126
56 127
56 128
56 129
56 130
56 131
56 133
56 134
56 138
56 139
56 142
56 143
56 146
56 147
56 150
56 151
56 152
56 153
56 154
56 157
56 159
56 160
56 161
57 62
57 63
57 64
57 65
57 68
57 70
57 71
57 74
57 75
57 76
57 77
57 78
57 79
57 89
57 91
57 94
57 96
57 106
57 110
57 112
57 116
57 117
57 118
57 126
57 128
57 129
57 131
57 132
57 133
57 134
57 136
57 137
57 141
57 142
57 144
57 146
57 148
57 149
57 152
57 154
57 157
57 158
57 161
58 59
58 61
58 63
58 64
58 65
58 66
58 67
58 68
58 69
58 70
58 72
58 73
58 74
58 75
58 79
58 80
58 82
58 83
58 84
58 86
58 89
58 91
58 93
58 94
58 97
58 99
58 102
58 103
58 105
58 108
58 109
58 110
58 112
58 113
58 114
58 115
58 117
58 118
58 123
58 125
58 127
58 128
58 129
58 131
58 133
58 134
58 137
58 138
58 142
58 143
58 147
58 151
58 152
58 153
58 154
58 155
58 157
58 158
58 159
59 61
59 63
59 64
59 65
59 67
59 68
59 69
59 70
59 71
59 72
59 73
59 75
59 76
59 79
59 80
59 82
59 84
59 87
59 89
59 90
59 92
59 93
59 94
59 95
59 101
59 104
59 105
59 106
59 108
59 109
59 111
59 112
59 113
59 114
59 115
59 117
59 118
59 119
59 122
59 125
59 126
59 129
59 130
59 131
59 133
59 134
59 137
59 138
59 139
59 141
59 142
59 145
59 150
59 154
59 155
59 158
60 63
60 67
60 68
60 69
60 70
60 72
60 77
60 79
60 81
60 83
60 85
60 90
60 91
60 92
60 97
60 106
60 108
60 113
60 116
60 124
60 126
60 128
60 132
60 134
60 140
60 141
60 143
60 145
60 150
60 151
60 152
60 153
60 157
61 64
61 65
61 68
61 69
61 70
61 71
61 72
61 73
61 76
61 81
61 83
61 84
61 86
61 89
61 90
61 92
61 94
61 95
61 97
61 100
61 101
61 104
61 106
61 108
61 111
61 112
61 113
61 115
61 117
61 120
61 126
61 130
61 131
61 133
61 135
61 141
61 143
61 151
61 153
61 154
61 155
61 158
61 160
62 64
62 65
62 66
62 67
62 70
62 71
62 73
62 75
62 78
62 81
62 85
62 89
62 92
62 97
62 101
62 103
62 105
62 106
62 108
62 109
62 113
62 115
62 116
62 117
62 118
62 123
62 125
62 129
62 130
62 131
62 133
62 137
62 146
62 149
62 152
62 153
62 154
62 158
62 161
63 64
63 66
63 68
63 69
63 70
63 71
63 72
63 73
63 74
63 75
63 76
63 77
63 78
63 79
63 83
63 84
63 86
63 88
63 89
63 92
63 95
63 97
63 98
63 101
63 102
63 103
63 104
63 106
63 107
63 108
63 110
63 112
63 113
63 114
63 115
63 117
63 118
63 119
63 124
63 125
63 129
63 131
63 133
63 134
63 135
63 136
63 137
63 138
63 141
63 145
63 146
63 151
63 152
63 153
63 154
63 157
63 158
63 160
63 161
64 65
64 66
64 67
64 68
64 69
64 70
64 71
64 72
64 73
64 74
64 75
64 76
64 77
64 78
64 79
64 80
64 81
64 82
64 83
64 84
64 85
64 86
64 88
64 91
64 92
64 93
64 94
64 95
64 96
64 97
64 98
64 99
64 101
64 102
64 105
64 106
64 107
64 108
64 109
64 110
64 111
64 112
64 114
64 116
64 117
64 118
64 119
64 120
64 121
64 127
64 128
64 129
64 131
64 133
64 134
64 135
64 136
64 137
64 138
64 139
64 141
64 142
64 143
64 147
64 148
64 150
64 151
64 152
64 153
64 154
64 156
64 157
64 158
64 160
65 67
65 68
65 69
65 70
65 71
65 72
65 73
65 74
65 75
65 76
65 79
65 82
65 83
65 84
65 85
65 88
65 89
65 91
65 92
65 93
65 94
65 95
65 97
65 98
65 99
65 100
65 101
65 102
65 105
65 106
65 107
65 108
65 109
65 110
65 111
65 112
65 113
65 114
65 115
65 116
65 117
65 118
65 125
65 128
65 131
65 133
65 134
65 135
65 137
65 138
65 142
65 143
65 144
65 146
65 147
65 148
65 149
65 150
65 152
65 154
65 158
65 160
66 67
66 68
66 69
66 70
66 71
66 72
66 73
66 74
66 75
66 77
66 79
66 80
66 84
66 86
66 89
66 90
66 92
66 94
66 95
66 96
66 97
66 98
66 99
66 100
66 101
66 102
66 104
66 105
66 106
66 107
66 109
66 110
66 111
66 112
66 113
66 114
66 115
66 118
66 120
66 122
66 126
66 129
66 130
66 131
66 132
66 133
66 134
66 136
66 137
66 138
66 142
66 143
66 144
66 146
66 147
66 149
66 150
66 151
66 152
66 153
66 158
66 159
66 161
67 68
67 70
67 71
67 72
67 74
67 75
67 77
67 79
67 80
67 82
67 83
67 84
67 85
67 86
67 87
67 88
67 89
67 90
67 91
67 93
67 94
67 95
67 96
67 97
67 98
67 99
67 100
67 101
67 102
67 103
67 105
67 106
67 108
67 109
67 110
67 112
67 113
67 114
67 115
67 116
67 117
67 118
67 119
67 120
67 123
67 125
67 126
67 128
67 129
67 130
67 131
67 133
67 134
67 135
67 136
67 137
67 139
67 140
67 141
67 142
67 146
67 150
67 151
67 152
67 154
67 156
67 157
67 159
68 69
68 70
68 71
68 72
68 73
68 74
68 76
68 77
68 79
68 80
68 81
68 82
68 83
68 86
68 87
68 88
68 89
68 90
68 91
68 92
68 93
68 94
68 96
68 97
68 99
68 101
68 102
68 103
68 104
68 105
68 106
68 107
68 108
68 109
68 110
68 111
68 112
68 114
68 115
68 116
68 117
68 118
68 121
68 124
68 126
68 127
68 129
68 131
68 133
68 134
68 135
68 136
68 138
68 140
68 141
68 142
68 143
68 145
68 146
68 147
68 148
68 149
68 150
68 151
68 152
68 154
68 156
68 157
68 158
68 159
68 160
68 161
69 70
69 72
69 74
69 75
69 76
69 77
69 79
69 80
69 84
69 85
69 86
69 88
69 89
69 91
69 92
69 94
69 96
69 97
69 98
69 99
69 101
69 102
69 103
69 104
69 106
69 107
69 108
69 109
69 110
69 111
69 112
69 113
69 114
69 116
69 117
69 118
69 121
69 122
69 125
69 127
69 129
69 131
69 135
69 136
69 137
69 138
69 139
69 142
69 143
69 145
69 146
69 147
69 148
69 150
69 151
69 152
69 153
69 154
69 155
69 156
69 157
69 158
69 159
69 160
69 161
70 71
70 72
70 73
70 74
70 75
70 77
70 78
70 79
70 80
70 82
70 83
70 84
70 85
70 86
70 87
70 89
70 91
70 93
70 94
70 95
70 96
70 98
70 99
70 101
70 102
70 105
70 106
70 108
70 109
70 111
70 113
70 114
70 115
70 116
70 117
70 118
70 120
70 121
70 122
70 123
70 124
70 125
70 126
70 127
70 129
70 130
70 131
70 133
70 134
70 137
70 138
70 139
70 140
70 141
70 143
70 144
70 145
70 146
70 147
70 148
70 150
70 151
70 152
70 153
70 154
70 155
70 157
70 158
70 159
70 160
70 161
71 72
71 73
71 74
71 75
71 76
71 78
71 79
71 81
71 83
71 84
71 85
71 91
71 92
71 94
71 95
71 97
71 98
71 99
71 101
71 102
71 103
71 105
71 106
71 108
71 111
71 114
71 115
71 117
71 118
71 119
71 122
71 123
71 125
71 128
71 129
71 130
71 131
71 133
71 134
71 137
71 138
71 139
71 140
71 145
71 146
71 147
71 149
71 150
71 152
71 154
71 155
71 157
71 158
71 159
71 161
72 74
72 75
72 76
72 77
72 79
72 82
72 83
72 84
72 85
72 86
72 87
72 88
72 89
72 92
72 93
72 94
72 96
72 97
72 99
72 100
72 101
72 104
72 105
72 106
72 107
72 108
72 109
72 110
72 112
72 113
72 114
72 115
72 116
72 117
72 118
72 119
72 120
72 122
72 123
72 124
72 125
72 126
72 127
72 129
72 130
72 131
72 133
72 134
72 135
72 137
72 139
72 140
72 141
72 142
72 143
72 144
72 145
72 146
72 147
72 148
72 149
72 150
72 151
72 152
72 154
72 155
72 157
72 158
72 159
72 160
72 161
73 74
73 75
73 77
73 79
73 80
73 83
73 84
73 85
73 87
73 88
73 89
73 91
73 92
73 94
73 95
73 97
73 98
73 99
73 101
73 105
73 106
73 107
73 108
73 109
73 111
73 112
73 113
73 114
73 115
73 116
73 117
73 118
73 122
73 126
73 127
73 129
73 130
73 131
73 133
73 134
73 137
73 138
73 142
73 144
73 145
73 147
73 149
73 151
73 154
73 155
73 157
73 158
73 161
74 75
74 76
74 77
74 79
74 80
74 81
74 82
74 83
74 84
74 85
74 86
74 87
74 88
74 89
74 91
74 92
74 93
74 94
74 100
74 101
74 102
74 105
74 106
74 107
74 108
74 110
74 111
74 112
74 113
74 114
74 115
74 116
74 117
74 118
74 120
74 122
74 125
74 126
74 127
74 128
74 129
74 130
74 131
74 133
74 134
74 135
74 136
74 137
74 138
74 142
74 143
74 146
74 147
74 149
74 150
74 152
74 153
74 155
74 156
74 157
74 158
74 159
74 160
74 161
75 76
75 80
75 84
75 90
75 91
75 93
75 94
75 96
75 97
75 99
75 101
75 102
75 103
75 106
75 108
75 111
75 114
75 116
75 118
75 122
75 126
75 128
75 129
75 131
75 135
75 136
75 137
75 138
75 139
75 141
75 142
75 146
75 150
75 151
75 152
75 153
75 154
75 156
75 157
75 158
75 160
75 161
76 78
76 79
76 82
76 87
76 90
76 93
76 101
76 102
76 113
76 115
76 121
76 125
76 127
76 128
76 131
76 133
76 134
76 137
76 138
76 141
76 142
76 143
76 145
76 146
76 148
76 152
76 153
76 154
76 155
76 157
76 158
76 161
77 79
77 80
77 81
77 83
77 84
77 86
77 87
77 88
77 89
77 92
77 93
77 94
77 96
77 98
77 102
77 103
77 104
77 105
77 107
77 108
77 109
77 111
77 112
77 113
77 114
77 115
77 116
77 117
77 118
77 120
77 121
77 125
77 129
77 133
77 134
77 135
77 137
77 141
77 142
77 143
77 145
77 147
77 149
77 150
77 151
77 152
77 155
77 156
77 158
78 83
78 94
78 97
78 108
78 118
78 129
78 131
78 137
78 138
78 142
78 151
78 152
79 80
79 81
79 84
79 85
79 86
79 87
79 88
79 89
79 91
79 93
79 94
79 95
79 97
79 98
79 99
79 101
79 105
79 106
79 107
79 108
79 109
79 110
79 111
79 112
79 114
79 115
79 116
79 117
79 118
79 125
79 126
79 127
79 129
79 130
79 131
79 133
79 135
79 137
79 138
79 139
79 141
79 142
79 143
79 144
79 145
79 146
79 148
79 149
79 150
79 151
79 152
79 153
79 154
79 155
79 157
79 158
79 159
79 160
79 161
80 84
80 85
80 87
80 88
80 89
80 92
80 93
80 94
80 97
80 98
80 99
80 100
80 101
80 105
80 106
80 107
80 108
80 109
80 113
80 114
80 115
80 116
80 117
80 118
80 120
80 125
80 130
80 133
80 134
80 135
80 137
80 138
80 139
80 141
80 142
80 143
80 147
80 150
80 151
80 152
80 154
80 155
80 157
80 158
80 159
80 161
81 83
81 84
81 87
81 91
81 97
81 100
81 101
81 102
81 112
81 116
81 117
81 118
81 129
81 134
81 137
81 138
81 142
81 146
81 148
81 151
81 152
81 157
81 158
81 161
82 84
82 89
82 91
82 94
82 97
82 101
82 102
82 110
82 113
82 117
82 118
82 129
82 131
82 133
82 137
82 138
82 142
82 145
82 147
82 152
82 153
82 154
82 158
82 159
83 85
83 87
83 97
83 101
83 106
83 108
83 109
83 113
83 114
83 115
83 118
83 124
83 125
83 126
83 129
83 131
83 134
83 137
83 139
83 142
83 146
83 147
83 149
83 150
83 153
83 154
83 157
83 161
84 86
84 89
84 92
84 94
84 99
84 100
84 102
84 103
84 105
84 110
84 112
84 114
84 117
84 118
84 125
84 128
84 129
84 130
84 131
84 133
84 136
84 137
84 138
84 139
84 142
84 144
84 145
84 146
84 147
84 148
84 149
84 150
84 151
84 152
84 153
84 154
84 157
84 158
85 86
85 87
85 89
85 90
85 93
85 94
85 101
85 104
85 106
85 108
85 112
85 114
85 115
85 117
85 118
85 125
85 126
85 127
85 129
85 130
85 134
85 135
85 136
85 137
85 138
85 140
85 142
85 147
85 151
85 152
85 154
85 158
86 87
86 89
86 90
86 91
86 94
86 97
86 99
86 100
86 101
86 103
86 104
86 105
86 106
86 108
86 111
86 112
86 114
86 115
86 116
86 117
86 118
86 119
86 123
86 126
86 128
86 131
86 133
86 134
86 138
86 142
86 146
86 150
86 151
86 152
86 153
86 154
86 158
86 160
86 161
87 88
87 89
87 93
87 94
87 96
87 97
87 98
87 101
87 102
87 106
87 110
87 111
87 112
87 115
87 116
87 117
87 118
87 119
87 122
87 125
87 126
87 128
87 129
87 130
87 131
87 133
87 134
87 138
87 141
87 143
87 147
87 149
87 150
87 151
87 152
87 153
87 154
87 158
87 159
87 160
88 89
88 92
88 93
88 94
88 97
88 101
88 102
88 105
88 106
88 110
88 112
88 115
88 117
88 118
88 119
88 125
88 126
88 128
88 129
88 130
88 131
88 133
88 137
88 138
88 143
88 146
88 147
88 150
88 152
88 154
88 157
89 90
89 91
89 92
89 93
89 94
89 96
89 97
89 100
89 101
89 102
89 104
89 105
89 106
89 107
89 108
89 111
89 112
89 113
89 114
89 115
89 116
89 117
89 118
89 120
89 121
89 124
89 125
89 126
89 127
89 128
89 129
89 130
89 131
89 132
89 133
89 134
89 135
89 136
89 137
89 138
89 141
89 142
89 143
89 147
89 148
89 150
89 151
89 152
89 153
89 154
89 155
89 157
89 158
89 160
90 94
90 99
90 102
90 106
90 108
90 109
90 114
90 117
90 125
90 127
90 131
90 137
90 138
90 146
90 150
90 152
90 154
90 157
90 158
91 93
91 97
91 98
91 100
91 101
91 102
91 105
91 106
91 107
91 108
91 109
91 115
91 117
91 118
91 119
91 125
91 130
91 131
91 133
91 134
91 141
91 142
91 145
91 147
91 150
91 152
91 154
91 155
91 157
91 158
91 159
91 160
91 161
92 93
92 94
92 95
92 97
92 99
92 100
92 101
92 103
92 104
92 106
92 108
92 109
92 110
92 112
92 114
92 115
92 116
92 117
92 119
92 126
92 129
92 130
92 131
92 135
92 136
92 137
92 138
92 139
92 140
92 142
92 146
92 147
92 150
92 151
92 152
92 153
92 157
93 94
93 96
93 99
93 100
93 101
93 102
93 105
93 107
93 108
93 110
93 111
93 112
93 113
93 115
93 117
93 118
93 119
93 120
93 126
93 127
93 133
93 134
93 135
93 136
93 137
93 138
93 142
93 144
93 145
93 146
93 147
93 148
93 149
93 150
93 151
93 152
93 153
93 154
93 157
93 158
93 159
93 160
94 96
94 97
94 98
94 99
94 100
94 101
94 102
94 104
94 105
94 106
94 107
94 108
94 110
94 111
94 112
94 113
94 114
94 115
94 116
94 117
94 118
94 120
94 121
94 124
94 125
94 126
94 127
94 128
94 129
94 130
94 131
94 133
94 134
94 136
94 137
94 138
94 139
94 140
94 141
94 142
94 145
94 146
94 147
94 148
94 149
94 150
94 151
94 152
94 153
94 154
94 157
94 158
94 160
94 161
95 101
95 102
95 104
95 106
95 109
95 111
95 112
95 114
95 117
95 118
95 121
95 122
95 126
95 129
95 131
95 133
95 137
95 138
95 141
95 142
95 145
95 150
95 151
95 154
95 158
95 160
96 98
96 101
96 102
96 105
96 106
96 108
96 112
96 113
96 117
96 118
96 128
96 130
96 133
96 135
96 136
96 137
96 147
96 149
96 151
96 155
96 157
97 98
97 99
97 101
97 103
97 104
97 105
97 107
97 108
97 109
97 111
97 112
97 113
97 114
97 115
97 116
97 117
97 118
97 121
97 124
97 126
97 127
97 128
97 131
97 133
97 134
97 136
97 137
97 141
97 142
97 143
97 145
97 146
97 148
97 152
97 153
97 154
97 155
97 157
97 158
97 159
97 161
98 100
98 103
98 106
98 108
98 109
98 112
98 114
98 115
98 116
98 118
98 126
98 131
98 133
98 137
98 138
98 139
98 143
98 145
98 147
98 150
98 152
98 157
98 158
98 159
99 101
99 102
99 105
99 106
99 108
99 109
99 115
99 118
99 123
99 126
99 129
99 130
99 131
99 132
99 133
99 134
99 135
99 137
99 139
99 142
99 143
99 146
99 148
99 152
99 154
99 157
99 158
100 101
100 102
100 103
100 106
100 109
100 114
100 116
100 117
100 121
100 125
100 126
100 129
100 131
100 133
100 134
100 138
100 139
100 141
100 142
100 143
100 144
100 145
100 146
100 147
100 150
100 153
100 154
100 158
100 159
101 102
101 103
101 105
101 106
101 108
101 109
101 111
101 112
101 113
101 114
101 115
101 117
101 118
101 119
101 122
101 125
101 126
101 127
101 128
101 131
101 133
101 134
101 135
101 136
101 137
101 139
101 140
101 141
101 142
101 143
101 145
101 146
101 148
101 149
101 150
101 151
101 152
101 154
101 155
101 157
101 158
101 159
101 160
101 161
102 104
102 105
102 106
102 108
102 109
102 111
102 112
102 113
102 114
102 115
102 116
102 117
102 118
102 120
102 121
102 124
102 125
102 126
102 129
102 131
102 133
102 134
102 135
102 136
102 137
102 138
102 140
102 142
102 145
102 147
102 149
102 150
102 152
102 153
102 154
102 156
102 157
102 158
102 160
102 161
103 105
103 108
103 109
103 110
103 111
103 112
103 114
103 115
103 116
103 117
103 118
103 120
103 125
103 126
103 129
103 131
103 135
103 138
103 141
103 142
103 143
103 147
103 148
103 149
103 150
103 151
103 152
103 153
103 158
103 161
104 106
104 107
104 108
104 112
104 114
104 115
104 125
104 134
104 140
104 142
104 145
104 149
104 150
104 151
105 106
105 109
105 112
105 113
105 114
105 115
105 117
105 118
105 120
105 125
105 128
105 129
105 133
105 134
105 137
105 139
105 141
105 142
105 143
105 145
105 149
105 150
105 151
105 152
105 153
105 154
105 155
105 157
105 158
105 159
105 161
106 108
106 109
106 111
106 112
106 113
106 114
106 115
106 116
106 117
106 118
106 120
106 124
106 125
106 126
106 128
106 129
106 131
106 133
106 134
106 135
106 137
106 138
106 139
106 140
106 141
106 142
106 143
106 144
106 145
106 146
106 147
106 149
106 150
106 151
106 152
106 153
106 154
106 155
106 156
106 157
106 158
106 159
106 160
106 161
107 108
107 109
107 110
107 111
107 112
107 113
107 114
107 115
107 116
107 118
107 119
107 120
107 126
107 129
107 131
107 133
107 135
107 138
107 141
107 142
107 143
107 146
107 147
107 150
107 151
107 152
107 157
107 158
108 109
108 110
108 111
108 112
108 113
108 114
108 115
108 118
108 119
108 121
108 125
108 126
108 127
108 128
108 129
108 130
108 131
108 132
108 133
108 134
108 135
108 137
108 138
108 139
108 141
108 142
108 143
108 145
108 146
108 147
108 149
108 150
108 151
108 152
108 153
108 154
108 157
108 158
108 159
108 160
108 161
109 112
109 113
109 114
109 115
109 116
109 117
109 118
109 119
109 122
109 123
109 125
109 126
109 128
109 129
109 133
109 134
109 135
109 137
109 138
109 140
109 141
109 142
109 144
109 146
109 147
109 149
109 150
109 151
109 152
109 153
109 155
109 157
109 159
109 161
110 113
110 114
110 118
110 127
110 129
110 131
110 134
110 135
110 137
110 138
110 139
110 142
110 147
110 150
110 151
110 152
110 153
110 160
111 112
111 113
111 114
111 117
111 118
111 125
111 126
111 127
111 128
111 129
111 130
111 131
111 133
111 134
111 136
111 137
111 138
111 139
111 143
111 147
111 150
111 151
111 152
111 153
111 157
111 160
112 113
112 114
112 115
112 116
112 118
112 122
112 125
112 127
112 128
112 129
112 130
112 131
112 132
112 135
112 136
112 137
112 138
112 141
112 142
112 143
112 145
112 146
112 148
112 150
112 151
112 152
112 154
112 155
112 157
112 158
112 159
112 160
112 161
113 114
113 115
113 116
113 117
113 118
113 119
113 120
113 121
113 122
113 124
113 126
113 129
113 130
113 132
113 133
113 134
113 135
113 137
113 138
113 139
113 140
113 141
113 142
113 143
113 144
113 145
113 146
113 147
113 149
113 150
113 151
113 152
113 153
113 154
113 155
113 158
113 159
114 115
114 116
114 117
114 118
114 119
114 120
114 124
114 125
114 126
114 128
114 129
114 130
114 131
114 133
114 134
114 136
114 137
114 138
114 139
114 141
114 142
114 143
114 145
114 148
114 149
114 150
114 151
114 152
114 153
114 154
114 156
114 157
114 158
114 161
115 116
115 117
115 118
115 120
115 125
115 127
115 128
115 129
115 130
115 131
115 132
115 134
115 136
115 137
115 138
115 139
115 140
115 141
115 142
115 144
115 145
115 147
115 151
115 152
115 154
115 158
115 159
115 160
116 117
116 124
116 125
116 131
116 133
116 134
116 135
116 142
116 143
116 145
116 146
116 151
116 152
116 153
116 154
116 155
116 157
116 158
116 159
117 118
117 119
117 120
117 121
117 124
117 125
117 126
117 127
117 128
117 129
117 130
117 134
117 135
117 137
117 138
117 141
117 142
117 146
117 147
117 150
117 151
117 152
117 153
117 154
117 155
117 157
117 158
117 160
118 124
118 126
118 127
118 129
118 131
118 133
118 134
118 135
118 136
118 137
118 138
118 139
118 140
118 141
118 142
118 143
118 145
118 146
118 147
118 148
118 150
118 151
118 152
118 154
118 156
118 157
118 158
118 159
118 160
118 161
119 126
119 130
119 133
119 134
119 137
119 138
119 142
119 150
119 152
119 154
119 156
119 157
119 160
120 125
120 131
120 138
120 145
120 146
120 147
120 150
120 153
120 159
121 129
121 133
121 134
121 138
121 147
121 149
121 153
121 157
122 125
122 129
122 133
122 134
122 137
122 139
122 142
122 144
122 147
122 152
122 154
122 156
122 157
123 128
123 133
123 145
123 146
123 154
124 125
124 126
124 129
124 133
124 134
124 137
124 143
124 152
124 154
124 161
125 126
125 128
125 129
125 130
125 131
125 133
125 134
125 135
125 137
125 139
125 142
125 145
125 146
125 148
125 149
125 151
125 152
125 153
125 154
125 155
125 158
125 159
125 161
126 127
126 128
126 129
126 130
126 131
126 134
126 135
126 137
126 141
126 142
126 143
126 145
126 147
126 148
126 150
126 151
126 152
126 153
126 154
126 155
126 156
126 157
126 160
126 161
127 130
127 138
127 139
127 142
127 147
127 150
127 151
127 152
127 153
127 154
127 157
127 158
127 159
128 131
128 133
128 134
128 137
128 138
128 139
128 141
128 146
128 151
128 152
128 153
128 154
128 157
128 158
129 131
129 132
129 133
129 134
129 135
129 138
129 139
129 140
129 141
129 142
129 143
129 144
129 145
129 146
129 147
129 150
129 151
129 152
129 153
129 154
129 157
129 158
129 159
129 160
130 132
130 133
130 134
130 135
130 137
130 138
130 139
130 142
130 143
130 145
130 147
130 148
130 149
130 150
130 151
130 152
130 153
130 154
130 155
130 157
130 158
130 160
131 133
131 134
131 135
131 136
131 137
131 138
131 139
131 140
131 142
131 143
131 144
131 145
131 146
131 147
131 148
131 149
131 150
131 151
131 152
131 153
131 154
131 157
131 158
131 161
132 133
132 134
132 137
132 138
132 151
132 157
133 134
133 135
133 136
133 137
133 138
133 139
133 140
133 141
133 142
133 143
133 147
133 148
133 149
133 150
133 151
133 152
133 153
133 154
133 156
133 157
133 158
133 159
133 161
134 135
134 136
134 137
134 138
134 140
134 141
134 142
134 145
134 146
134 147
134 148
134 149
134 150
134 151
134 152
134 154
134 157
134 158
134 159
134 161
135 138
135 139
135 141
135 147
135 148
135 150
135 151
135 152
135 154
135 157
135 158
135 159
135 160
136 137
136 138
136 139
136 140
136 142
136 146
136 150
136 151
136 153
136 155
136 157
136 161
137 138
137 139
137 141
137 142
137 143
137 145
137 146
137 147
137 149
137 150
137 151
137 152
137 153
137 154
137 157
137 158
137 159
137 160
137 161
138 139
138 140
138 141
138 142
138 143
138 144
138 145
138 146
138 147
138 148
138 149
138 150
138 151
138 152
138 153
138 154
138 155
138 157
138 158
138 159
138 160
138 161
139 140
139 141
139 144
139 148
139 149
139 150
139 151
139 152
139 153
139 154
139 158
139 160
140 142
140 147
140 149
140 151
140 153
140 154
140 155
140 156
140 158
140 159
141 145
141 146
141 147
141 148
141 149
141 152
141 153
141 154
141 155
141 156
141 157
141 158
141 160
142 145
142 146
142 147
142 148
142 149
142 150
142 151
142 152
142 153
142 154
142 155
142 157
142 158
142 159
142 160
142 161
143 144
143 147
143 149
143 150
143 151
143 152
143 154
143 158
143 160
143 161
144 147
144 152
144 158
145 146
145 147
145 150
145 151
145 154
145 158
145 161
146 147
146 153
146 154
146 155
146 157
146 158
146 159
146 160
146 161
147 148
147 149
147 150
147 151
147 152
147 153
147 154
147 155
147 157
147 158
147 160
148 152
148 154
148 155
149 150
149 151
149 152
149 154
149 157
149 158
149 160
150 151
150 152
150 153
150 154
150 155
150 157
150 158
150 159
150 160
150 161
151 152
151 153
151 154
151 155
151 156
151 157
151 158
152 153
152 155
152 157
152 158
152 159
152 160
152 161
153 154
153 157
153 158
153 160
153 161
154 155
154 158
154 159
154 160
155 156
155 158
156 157
156 158
156 161
157 158
157 160
157 161
158 160
158 161
