0 7
0 9
0 10
0 11
0 12
0 13
0 14
0 19
0 22
0 25
0 28
0 29
0 31
0 32
0 34
0 35
0 36
0 39
0 40
0 44
0 46
0 49
0 51
0 54
0 55
0 57
0 66
0 67
0 69
0 70
0 71
0 72
0 73
0 74
0 76
0 79
0 81
0 83
0 84
0 86
0 88
0 89
0 91
0 93
0 95
0 97
0 101
0 102
0 105
0 106
0 108
0 112
0 113
0 115
0 117
0 118
0 125
0 127
0 129
0 131
0 132
0 133
0 135
0 137
0 138
0 142
0 143
0 145
0 146
0 147
0 149
0 150
0 151
0 152
0 154
0 155
0 157
0 159
1 4
1 6
1 7
1 12
1 13
1 14
1 18
1 19
1 20
1 22
1 24
1 25
1 29
1 30
1 31
1 32
1 33
1 37
1 38
1 43
1 44
1 46
1 48
1 49
1 51
1 53
1 54
1 56
1 57
1 58
1 61
1 62
1 63
1 64
1 65
1 66
1 68
1 70
1 71
1 73
1 75
1 78
1 80
1 81
1 82
1 85
1 87
1 88
1 89
1 91
1 93
1 94
1 99
1 101
1 105
1 106
1 107
1 108
1 109
1 110
1 111
1 112
1 113
1 114
1 116
1 117
1 118
1 120
1 125
1 127
1 128
1 129
1 132
1 133
1 139
1 141
1 142
1 143
1 145
1 147
1 150
1 151
1 152
1 154
1 157
1 158
2 4
2 7
2 10
2 14
2 16
2 21
2 30
2 31
2 32
2 35
2 36
2 38
2 45
2 51
2 54
2 55
2 56
2 59
2 61
2 63
2 65
2 67
2 68
2 70
2 72
2 74
2 75
2 76
2 77
2 79
2 86
2 89
2 94
2 97
2 102
2 108
2 113
2 115
2 117
2 118
2 125
2 126
2 129
2 131
2 133
2 134
2 137
2 138
2 142
2 143
2 147
2 151
2 152
2 154
2 155
2 157
2 160
3 5
3 6
3 8
3 11
3 16
3 18
3 21
3 26
3 27
3 29
3 31
3 35
3 38
3 40
3 41
3 55
3 56
3 59
3 61
3 63
3 64
3 65
3 67
3 71
3 72
3 74
3 80
3 90
3 99
3 101
3 102
3 108
3 109
3 113
3 118
3 122
3 125
3 126
3 129
3 130
3 131
3 133
3 139
3 147
3 149
3 150
3 151
3 152
3 158
4 5
4 6
4 7
4 9
4 10
4 12
4 14
4 16
4 18
4 19
4 20
4 21
4 24
4 25
4 26
4 30
4 31
4 32
4 35
4 36
4 37
4 38
4 40
4 42
4 43
4 44
4 45
4 46
4 48
4 49
4 51
4 52
4 54
4 55
4 56
4 57
4 58
4 59
4 60
4 61
4 63
4 64
4 65
4 66
4 67
4 68
4 69
4 70
4 71
4 72
4 73
4 74
4 75
4 77
4 79
4 80
4 81
4 83
4 84
4 85
4 86
4 87
4 88
4 89
4 91
4 92
4 93
4 94
4 95
4 97
4 98
4 99
4 101
4 102
4 103
4 105
4 106
4 107
4 108
4 109
4 110
4 111
4 112
4 113
4 114
4 116
4 117
4 118
4 120
4 121
4 123
4 125
4 126
4 127
4 129
4 130
4 131
4 132
4 133
4 134
4 135
4 136
4 137
4 138
4 139
4 142
4 143
4 145
4 146
4 147
4 149
4 151
4 152
4 153
4 154
4 156
4 157
4 158
4 159
4 160
5 7
5 11
5 12
5 14
5 18
5 25
5 26
5 31
5 34
5 35
5 38
5 40
5 45
5 52
5 59
5 60
5 61
5 64
5 65
5 68
5 69
5 70
5 76
5 86
5 88
5 91
5 93
5 95
5 97
5 101
5 103
5 105
5 106
5 107
5 109
5 110
5 113
5 115
5 116
5 117
5 118
5 125
5 126
5 127
5 131
5 133
5 134
5 141
5 145
5 147
5 150
5 151
5 152
5 157
5 158
6 7
6 8
6 9
6 10
6 11
6 12
6 13
6 14
6 18
6 19
6 21
6 26
6 30
6 31
6 32
6 34
6 35
6 36
6 37
6 39
6 40
6 41
6 42
6 43
6 44
6 46
6 49
6 51
6 52
6 54
6 55
6 56
6 57
6 58
6 59
6 61
6 63
6 64
6 65
6 66
6 67
6 68
6 69
6 70
6 71
6 72
6 73
6 74
6 75
6 77
6 78
6 79
6 80
6 82
6 83
6 84
6 86
6 87
6 88
6 89
6 90
6 91
6 95
6 96
6 97
6 98
6 99
6 100
6 101
6 102
6 103
6 104
6 105
6 106
6 107
6 108
6 109
6 110
6 112
6 114
6 115
6 116
6 118
6 119
6 120
6 121
6 122
6 123
6 125
6 126
6 129
6 130
6 131
6 133
6 134
6 135
6 136
6 137
6 139
6 140
6 141
6 142
6 143
6 145
6 146
6 149
6 150
6 151
6 152
6 154
6 155
6 157
6 158
6 160
6 161
7 8
7 9
7 11
7 12
7 14
7 15
7 16
7 17
7 18
7 19
7 20
7 21
7 23
7 24
7 25
7 26
7 27
7 28
7 29
7 30
7 31
7 32
7 33
7 34
7 35
7 36
7 37
7 38
7 40
7 41
7 42
7 43
7 44
7 45
7 46
7 48
7 49
7 50
7 51
7 54
7 55
7 56
7 57
7 58
7 59
7 61
7 62
7 63
7 64
7 65
7 66
7 67
7 69
7 70
7 71
7 72
7 74
7 75
7 77
7 79
7 80
7 81
7 82
7 83
7 84
7 85
7 86
7 87
7 89
7 90
7 91
7 93
7 94
7 96
7 97
7 98
7 100
7 101
7 102
7 104
7 105
7 106
7 107
7 108
7 111
7 112
7 113
7 114
7 115
7 116
7 117
7 118
7 119
7 125
7 126
7 127
7 128
7 129
7 130
7 131
7 132
7 134
7 135
7 136
7 137
7 139
7 141
7 142
7 143
7 146
7 147
7 148
7 149
7 150
7 151
7 152
7 153
7 154
7 155
7 156
7 157
7 158
7 160
7 161
8 9
8 15
8 25
8 32
8 35
8 40
8 45
8 49
8 50
8 51
8 54
8 56
8 58
8 59
8 66
8 67
8 70
8 72
8 73
8 74
8 82
8 83
8 86
8 88
8 89
8 91
8 99
8 100
8 101
8 102
8 106
8 109
8 114
8 115
8 116
8 118
8 121
8 127
8 129
8 131
8 133
8 134
8 137
8 138
8 140
8 141
8 142
8 143
8 148
8 150
8 154
8 158
8 161
9 10
9 14
9 15
9 19
9 24
9 25
9 26
9 28
9 29
9 31
9 32
9 36
9 37
9 40
9 42
9 43
9 45
9 46
9 49
9 51
9 52
9 53
9 55
9 56
9 57
9 61
9 64
9 65
9 66
9 67
9 68
9 69
9 70
9 71
9 72
9 73
9 74
9 75
9 76
9 79
9 80
9 81
9 83
9 85
9 86
9 89
9 90
9 91
9 93
9 94
9 97
9 99
9 101
9 102
9 103
9 105
9 107
9 108
9 112
9 113
9 114
9 115
9 118
9 119
9 122
9 123
9 125
9 126
9 127
9 129
9 130
9 133
9 134
9 135
9 137
9 138
9 139
9 143
9 145
9 146
9 147
9 150
9 151
9 152
9 153
9 154
9 155
9 158
10 14
10 15
10 16
10 18
10 20
10 24
10 27
10 29
10 31
10 35
10 36
10 37
10 38
10 39
10 40
10 41
10 44
10 45
10 49
10 51
10 53
10 54
10 55
10 56
10 58
10 60
10 61
10 63
10 65
10 66
10 67
10 69
10 70
10 71
10 72
10 74
10 75
10 76
10 77
10 79
10 86
10 87
10 88
10 89
10 90
10 91
10 92
10 94
10 95
10 97
10 99
10 101
10 102
10 103
10 105
10 106
10 107
10 109
10 110
10 111
10 112
10 115
10 117
10 119
10 122
10 125
10 126
10 127
10 129
10 131
10 133
10 134
10 135
10 136
10 137
10 138
10 142
10 145
10 146
10 147
10 148
10 149
10 151
10 153
10 154
10 155
10 157
10 158
10 159
10 160
10 161
11 13
11 14
11 15
11 16
11 19
11 21
11 23
11 25
11 26
11 28
11 30
11 31
11 32
11 33
11 34
11 35
11 37
11 38
11 40
11 41
11 42
11 43
11 44
11 45
11 46
11 49
11 50
11 51
11 52
11 53
11 55
11 56
11 57
11 59
11 60
11 62
11 65
11 66
11 67
11 68
11 69
11 70
11 71
11 72
11 73
11 74
11 75
11 79
11 80
11 81
11 83
11 84
11 85
11 86
11 87
11 88
11 89
11 92
11 93
11 94
11 95
11 96
11 97
11 98
11 100
11 101
11 105
11 106
11 107
11 108
11 112
11 113
11 115
11 117
11 118
11 120
11 123
11 125
11 126
11 127
11 128
11 129
11 130
11 131
11 133
11 134
11 135
11 136
11 137
11 138
11 140
11 141
11 142
11 147
11 148
11 149
11 150
11 151
11 152
11 154
11 157
11 158
11 159
11 160
12 14
12 19
12 25
12 26
12 31
12 32
12 34
12 38
12 39
12 40
12 41
12 43
12 49
12 53
12 54
12 55
12 59
12 61
12 62
12 64
12 65
12 68
12 72
12 74
12 79
12 80
12 84
12 87
12 89
12 93
12 94
12 101
12 102
12 105
12 106
12 108
12 109
12 111
12 114
12 118
12 125
12 129
12 130
12 133
12 134
12 135
12 142
12 145
12 147
12 149
12 150
12 151
12 152
12 153
12 157
12 160
13 14
13 17
13 18
13 19
13 20
13 21
13 30
13 31
13 32
13 34
13 36
13 40
13 43
13 45
13 46
13 49
13 50
13 51
13 54
13 55
13 56
13 60
13 66
13 68
13 69
13 70
13 71
13 72
13 74
13 77
13 78
13 79
13 83
13 84
13 87
13 93
13 95
13 99
13 100
13 101
13 102
13 103
13 105
13 106
13 108
13 109
13 111
13 112
13 114
13 116
13 117
13 121
13 124
13 125
13 127
13 128
13 129
13 130
13 131
13 133
13 137
13 138
13 139
13 143
13 146
13 147
13 151
13 152
13 158
13 160
14 17
14 19
14 21
14 22
14 24
14 25
14 26
14 30
14 32
14 33
14 34
14 35
14 36
14 37
14 38
14 40
14 41
14 42
14 43
14 45
14 46
14 48
14 49
14 50
14 51
14 52
14 53
14 54
14 55
14 56
14 57
14 58
14 59
14 61
14 62
14 64
14 65
14 66
14 67
14 68
14 69
14 70
14 71
14 72
14 73
14 74
14 76
14 77
14 78
14 79
14 80
14 82
14 83
14 84
14 85
14 86
14 87
14 89
14 91
14 92
14 93
14 94
14 97
14 98
14 101
14 102
14 103
14 104
14 105
14 106
14 107
14 108
14 109
14 111
14 112
14 114
14 115
14 116
14 117
14 118
14 125
14 126
14 127
14 128
14 129
14 130
14 131
14 134
14 135
14 136
14 137
14 138
14 139
14 140
14 141
14 142
14 144
14 145
14 146
14 147
14 149
14 150
14 151
14 152
14 153
14 154
14 157
14 158
14 159
14 161
15 18
15 19
15 21
15 26
15 30
15 31
15 32
15 35
15 40
15 43
15 44
15 46
15 50
15 51
15 54
15 55
15 56
15 59
15 61
15 64
15 65
15 69
15 72
15 74
15 79
15 84
15 85
15 88
15 91
15 93
15 94
15 96
15 97
15 98
15 99
15 100
15 103
15 112
15 113
15 114
15 115
15 118
15 127
15 128
15 130
15 134
15 135
15 136
15 137
15 138
15 139
15 142
15 144
15 145
15 146
15 153
15 154
15 155
16 19
16 25
16 26
16 30
16 32
16 35
16 36
16 38
16 39
16 40
16 43
16 45
16 47
16 49
16 51
16 56
16 61
16 64
16 65
16 68
16 69
16 70
16 73
16 75
16 77
16 79
16 80
16 85
16 86
16 87
16 89
16 90
16 92
16 93
16 94
16 97
16 100
16 101
16 102
16 105
16 107
16 108
16 110
16 113
16 117
16 119
16 125
16 126
16 127
16 131
16 132
16 133
16 137
16 138
16 141
16 143
16 146
16 148
16 149
16 150
16 152
16 153
16 154
16 155
16 159
17 21
17 22
17 31
17 49
17 50
17 51
17 54
17 55
17 65
17 69
17 70
17 72
17 77
17 80
17 101
17 112
17 115
17 116
17 117
17 118
17 124
17 133
17 151
17 157
17 158
18 19
18 21
18 24
18 30
18 31
18 32
18 34
18 36
18 38
18 42
18 44
18 51
18 54
18 56
18 58
18 65
18 67
18 69
18 71
18 72
18 75
18 77
18 80
18 86
18 93
18 94
18 99
18 101
18 103
18 106
18 107
18 108
18 109
18 112
18 113
18 116
18 119
18 122
18 129
18 130
18 131
18 133
18 138
18 143
18 147
18 148
18 151
18 152
18 153
18 154
18 157
18 159
18 161
19 20
19 21
19 22
19 23
19 24
19 25
19 26
19 27
19 28
19 29
19 30
19 31
19 33
19 34
19 36
19 37
19 38
19 40
19 42
19 43
19 44
19 45
19 46
19 49
19 50
19 51
19 52
19 53
19 54
19 55
19 56
19 58
19 61
19 63
19 64
19 65
19 66
19 67
19 68
19 70
19 71
19 72
19 73
19 74
19 75
19 77
19 79
19 81
19 84
19 86
19 87
19 88
19 89
19 91
19 92
19 93
19 94
19 96
19 97
19 98
19 100
19 101
19 102
19 103
19 104
19 105
19 106
19 107
19 108
19 109
19 111
19 112
19 113
19 114
19 115
19 116
19 118
19 121
19 123
19 124
19 125
19 126
19 127
19 129
19 130
19 131
19 132
19 134
19 135
19 136
19 137
19 139
19 142
19 143
19 144
19 145
19 146
19 147
19 148
19 149
19 150
19 151
19 152
19 153
19 157
19 159
19 160
19 161
20 26
20 30
20 31
20 40
20 45
20 49
20 50
20 51
20 52
20 58
20 59
20 63
20 65
20 66
20 67
20 68
20 70
20 71
20 72
20 79
20 80
20 84
20 89
20 97
20 101
20 105
20 114
20 118
20 125
20 126
20 131
20 133
20 142
20 147
20 151
20 152
20 158
21 24
21 25
21 26
21 27
21 30
21 31
21 32
21 33
21 34
21 38
21 39
21 40
21 41
21 43
21 44
21 45
21 49
21 50
21 51
21 52
21 53
21 54
21 55
21 56
21 57
21 58
21 59
21 61
21 62
21 63
21 64
21 65
21 66
21 67
21 68
21 69
21 70
21 71
21 72
21 73
21 74
21 75
21 79
21 80
21 81
21 82
21 83
21 85
21 86
21 87
21 89
21 90
21 91
21 92
21 93
21 94
21 97
21 99
21 101
21 102
21 104
21 106
21 107
21 109
21 110
21 112
21 114
21 116
21 117
21 118
21 119
21 121
21 123
21 127
21 128
21 129
21 130
21 133
21 134
21 137
21 143
21 144
21 145
21 146
21 147
21 148
21 149
21 150
21 152
21 153
21 155
21 157
21 158
21 159
21 160
21 161
22 26
22 31
22 35
22 36
22 40
22 41
22 42
22 52
22 61
22 64
22 66
22 67
22 68
22 70
22 72
22 73
22 74
22 75
22 76
22 77
22 79
22 84
22 89
22 91
22 97
22 101
22 106
22 112
22 114
22 117
22 125
22 129
22 130
22 131
22 137
22 138
22 141
22 145
22 146
22 150
22 152
22 153
22 155
22 158
22 161
23 24
23 30
23 31
23 32
23 34
23 38
23 40
23 41
23 43
23 51
23 53
23 64
23 65
23 68
23 71
23 79
23 88
23 89
23 91
23 94
23 102
23 111
23 113
23 115
23 116
23 125
23 129
23 131
23 134
23 137
23 141
23 150
23 154
23 158
23 160
24 30
24 31
24 32
24 33
24 35
24 36
24 38
24 39
24 40
24 43
24 44
24 45
24 49
24 54
24 56
24 61
24 62
24 63
24 65
24 67
24 68
24 69
24 70
24 71
24 74
24 86
24 89
24 93
24 94
24 96
24 99
24 101
24 105
24 106
24 108
24 109
24 110
24 112
24 115
24 117
24 129
24 133
24 137
24 138
24 141
24 142
24 145
24 147
24 150
24 151
24 153
24 158
25 26
25 29
25 30
25 31
25 32
25 35
25 36
25 37
25 38
25 40
25 43
25 44
25 46
25 49
25 51
25 53
25 54
25 55
25 61
25 64
25 66
25 67
25 69
25 70
25 74
25 75
25 79
25 80
25 86
25 89
25 90
25 91
25 94
25 97
25 101
25 102
25 104
25 105
25 106
25 107
25 108
25 112
25 113
25 114
25 115
25 116
25 117
25 125
25 126
25 128
25 129
25 131
25 134
25 137
25 138
25 139
25 141
25 143
25 146
25 147
25 148
25 149
25 150
25 151
25 152
25 153
25 154
25 158
25 159
25 161
26 31
26 32
26 33
26 36
26 37
26 38
26 39
26 40
26 41
26 42
26 43
26 44
26 45
26 46
26 47
26 48
26 49
26 50
26 51
26 52
26 53
26 54
26 55
26 56
26 57
26 58
26 59
26 60
26 61
26 63
26 64
26 66
26 67
26 68
26 70
26 71
26 72
26 73
26 74
26 75
26 79
26 80
26 81
26 83
26 84
26 86
26 87
26 88
26 89
26 90
26 91
26 92
26 93
26 94
26 95
26 96
26 98
26 101
26 102
26 103
26 104
26 105
26 106
26 107
26 108
26 109
26 110
26 111
26 112
26 113
26 114
26 115
26 118
26 119
26 120
26 121
26 125
26 126
26 127
26 129
26 130
26 131
26 132
26 133
26 134
26 135
26 136
26 137
26 138
26 139
26 140
26 142
26 143
26 144
26 145
26 147
26 149
26 150
26 151
26 152
26 153
26 154
26 155
26 157
26 158
26 159
26 160
26 161
27 28
27 30
27 31
27 32
27 34
27 35
27 36
27 40
27 54
27 56
27 64
27 68
27 70
27 99
27 100
27 108
27 113
27 115
27 118
27 125
27 137
27 143
27 158
28 32
28 37
28 45
28 48
28 49
28 52
28 54
28 55
28 58
28 63
28 64
28 65
28 67
28 68
28 69
28 70
28 75
28 77
28 79
28 81
28 85
28 89
28 91
28 97
28 101
28 102
28 105
28 106
28 107
28 110
28 112
28 113
28 114
28 115
28 118
28 125
28 130
28 131
28 132
28 134
28 135
28 137
28 138
28 139
28 142
28 151
28 152
28 154
28 157
28 158
29 30
29 31
29 32
29 36
29 38
29 39
29 45
29 53
29 56
29 60
29 61
29 64
29 66
29 68
29 70
29 73
29 75
29 80
29 91
29 102
29 114
29 115
29 125
29 126
29 133
29 134
29 138
29 140
29 143
29 144
29 150
29 151
29 154
29 155
29 158
29 161
30 31
30 32
30 35
30 36
30 38
30 40
30 41
30 42
30 44
30 45
30 46
30 49
30 50
30 51
30 52
30 53
30 56
30 57
30 58
30 62
30 63
30 64
30 67
30 68
30 69
30 70
30 71
30 72
30 73
30 74
30 75
30 76
30 79
30 80
30 82
30 86
30 87
30 88
30 89
30 91
30 92
30 93
30 94
30 95
30 97
30 99
30 100
30 101
30 102
30 103
30 106
30 107
30 108
30 109
30 111
30 112
30 113
30 114
30 115
30 116
30 117
30 118
30 119
30 120
30 121
30 122
30 123
30 124
30 125
30 130
30 131
30 133
30 134
30 135
30 136
30 137
30 138
30 141
30 142
30 145
30 146
30 147
30 149
30 151
30 152
30 153
30 154
30 155
30 156
30 158
30 159
30 161
31 32
31 33
31 34
31 35
31 36
31 37
31 38
31 39
31 40
31 43
31 44
31 45
31 46
31 49
31 50
31 51
31 53
31 54
31 55
31 56
31 57
31 58
31 59
31 61
31 64
31 65
31 66
31 67
31 68
31 69
31 70
31 71
31 72
31 73
31 74
31 76
31 77
31 78
31 79
31 80
31 81
31 82
31 83
31 84
31 86
31 87
31 88
31 89
31 91
31 92
31 93
31 94
31 96
31 97
31 98
31 99
31 100
31 101
31 102
31 103
31 104
31 106
31 107
31 108
31 110
31 112
31 113
31 114
31 117
31 118
31 119
31 120
31 121
31 122
31 123
31 124
31 127
31 129
31 130
31 133
31 135
31 136
31 137
31 138
31 141
31 143
31 144
31 145
31 146
31 147
31 149
31 150
31 151
31 152
31 153
31 154
31 155
31 157
31 158
31 160
31 161
32 33
32 34
32 36
32 37
32 38
32 40
32 42
32 44
32 45
32 47
32 49
32 50
32 51
32 53
32 54
32 56
32 57
32 58
32 60
32 61
32 63
32 64
32 65
32 66
32 67
32 68
32 69
32 70
32 72
32 73
32 74
32 75
32 76
32 77
32 79
32 80
32 83
32 84
32 86
32 87
32 89
32 90
32 92
32 93
32 95
32 96
32 97
32 98
32 99
32 100
32 102
32 103
32 106
32 107
32 108
32 109
32 111
32 112
32 113
32 114
32 115
32 116
32 117
32 118
32 120
32 121
32 125
32 126
32 128
32 129
32 131
32 133
32 134
32 135
32 136
32 137
32 138
32 139
32 140
32 141
32 142
32 143
32 146
32 147
32 148
32 149
32 150
32 151
32 152
32 153
32 154
32 155
32 157
32 158
32 160
32 161
33 35
33 38
33 45
33 49
33 51
33 58
33 59
33 65
33 72
33 74
33 75
33 77
33 89
33 92
33 97
33 108
33 109
33 113
33 114
33 118
33 119
33 129
33 134
33 138
33 142
33 143
33 147
33 150
33 151
33 153
33 154
33 155
33 158
34 35
34 37
34 45
34 46
34 50
34 52
34 55
34 56
34 57
34 58
34 63
34 64
34 65
34 67
34 68
34 71
34 72
34 74
34 76
34 79
34 82
34 83
34 84
34 85
34 86
34 88
34 89
34 92
34 93
34 94
34 96
34 97
34 99
34 101
34 102
34 105
34 106
34 107
34 108
34 109
34 114
34 115
34 117
34 118
34 124
34 125
34 130
34 131
34 133
34 137
34 139
34 142
34 143
34 147
34 150
34 151
34 152
34 153
34 154
34 156
34 157
34 158
35 36
35 37
35 38
35 39
35 40
35 41
35 43
35 45
35 46
35 49
35 51
35 52
35 53
35 55
35 56
35 57
35 59
35 60
35 62
35 63
35 64
35 66
35 67
35 68
35 69
35 70
35 71
35 72
35 73
35 74
35 76
35 77
35 78
35 79
35 80
35 83
35 87
35 89
35 94
35 97
35 100
35 101
35 102
35 106
35 107
35 108
35 109
35 110
35 111
35 112
35 113
35 115
35 116
35 118
35 120
35 122
35 123
35 125
35 126
35 130
35 131
35 133
35 134
35 135
35 136
35 138
35 139
35 140
35 141
35 142
35 144
35 145
35 146
35 147
35 150
35 151
35 152
35 153
35 154
35 155
35 156
35 157
35 158
35 161
36 37
36 38
36 39
36 40
36 44
36 45
36 46
36 49
36 50
36 52
36 56
36 57
36 61
36 63
36 64
36 66
36 67
36 68
36 69
36 70
36 71
36 72
36 75
36 76
36 77
36 79
36 81
36 82
36 83
36 84
36 85
36 86
36 87
36 88
36 89
36 91
36 92
36 93
36 94
36 97
36 100
36 102
36 103
36 104
36 107
36 108
36 109
36 111
36 112
36 113
36 114
36 115
36 117
36 118
36 121
36 124
36 126
36 129
36 130
36 131
36 133
36 137
36 138
36 139
36 142
36 143
36 145
36 146
36 147
36 149
36 151
36 152
36 153
36 157
36 159
36 160
37 38
37 39
37 40
37 41
37 43
37 44
37 45
37 49
37 51
37 52
37 54
37 58
37 63
37 64
37 65
37 66
37 68
37 69
37 70
37 72
37 73
37 77
37 79
37 81
37 88
37 89
37 91
37 94
37 96
37 98
37 101
37 102
37 103
37 104
37 108
37 111
37 112
37 114
37 117
37 125
37 126
37 127
37 128
37 129
37 131
37 133
37 134
37 135
37 136
37 137
37 138
37 139
37 141
37 142
37 143
37 145
37 146
37 147
37 148
37 149
37 150
37 152
37 154
37 157
37 158
37 159
37 161
38 40
38 42
38 43
38 45
38 46
38 48
38 49
38 51
38 53
38 54
38 55
38 56
38 57
38 58
38 59
38 60
38 61
38 62
38 63
38 64
38 65
38 66
38 67
38 68
38 69
38 70
38 71
38 72
38 74
38 75
38 77
38 79
38 81
38 82
38 84
38 86
38 87
38 88
38 89
38 91
38 92
38 93
38 94
38 95
38 97
38 98
38 99
38 101
38 102
38 103
38 106
38 107
38 109
38 112
38 113
38 114
38 115
38 116
38 117
38 118
38 119
38 120
38 125
38 126
38 128
38 129
38 130
38 133
38 134
38 137
38 138
38 139
38 141
38 142
38 143
38 144
38 146
38 147
38 150
38 152
38 153
38 154
38 155
38 158
38 159
38 160
38 161
39 40
39 44
39 46
39 49
39 50
39 52
39 54
39 56
39 59
39 63
39 66
39 69
39 70
39 71
39 72
39 74
39 76
39 79
39 81
39 84
39 85
39 86
39 87
39 88
39 89
39 95
39 99
39 100
39 102
39 105
39 106
39 108
39 109
39 112
39 113
39 114
39 115
39 118
39 126
39 127
39 129
39 131
39 133
39 134
39 135
39 136
39 142
39 143
39 146
39 147
39 148
39 149
39 151
39 152
39 157
40 41
40 44
40 46
40 48
40 49
40 50
40 51
40 53
40 54
40 55
40 56
40 57
40 58
40 59
40 61
40 62
40 64
40 66
40 68
40 69
40 70
40 71
40 72
40 73
40 74
40 76
40 79
40 80
40 81
40 83
40 84
40 86
40 87
40 88
40 89
40 93
40 94
40 96
40 98
40 99
40 100
40 101
40 102
40 103
40 104
40 106
40 108
40 110
40 111
40 112
40 113
40 114
40 115
40 116
40 118
40 119
40 121
40 122
40 125
40 127
40 128
40 129
40 131
40 132
40 133
40 134
40 135
40 137
40 138
40 140
40 141
40 142
40 143
40 147
40 150
40 151
40 152
40 153
40 154
40 156
40 157
40 158
40 159
40 160
40 161
41 44
41 45
41 49
41 51
41 56
41 69
41 72
41 89
41 94
41 97
41 106
41 107
41 108
41 109
41 114
41 115
41 117
41 118
41 122
41 125
41 131
41 133
41 143
41 147
41 150
41 152
41 153
41 154
41 158
41 161
42 43
42 46
42 47
42 49
42 53
42 54
42 56
42 59
42 61
42 64
42 65
42 68
42 70
42 71
42 72
42 73
42 74
42 75
42 79
42 80
42 81
42 82
42 84
42 85
42 89
42 90
42 93
42 94
42 97
42 98
42 99
42 101
42 106
42 113
42 114
42 115
42 116
42 117
42 118
42 119
42 123
42 125
42 126
42 129
42 134
42 137
42 138
42 140
42 141
42 142
42 145
42 147
42 148
42 153
42 154
42 157
42 159
42 160
42 161
43 44
43 45
43 52
43 54
43 55
43 56
43 58
43 59
43 61
43 63
43 64
43 65
43 66
43 67
43 68
43 70
43 71
43 72
43 74
43 75
43 77
43 79
43 80
43 83
43 84
43 86
43 91
43 92
43 94
43 97
43 99
43 101
43 103
43 104
43 106
43 108
43 109
43 111
43 114
43 115
43 116
43 117
43 119
43 120
43 122
43 125
43 126
43 129
43 131
43 132
43 133
43 134
43 135
43 136
43 137
43 138
43 142
43 143
43 146
43 149
43 150
43 151
43 152
43 153
43 154
43 155
43 157
43 158
43 161
44 45
44 46
44 47
44 48
44 49
44 50
44 52
44 54
44 56
44 58
44 60
44 61
44 62
44 63
44 65
44 66
44 67
44 68
44 69
44 70
44 72
44 73
44 74
44 75
44 78
44 79
44 80
44 82
44 85
44 86
44 87
44 88
44 89
44 91
44 92
44 93
44 94
44 95
44 96
44 97
44 98
44 101
44 102
44 105
44 106
44 108
44 109
44 111
44 112
44 113
44 114
44 115
44 116
44 118
44 121
44 124
44 125
44 126
44 128
44 129
44 130
44 131
44 133
44 134
44 135
44 137
44 138
44 139
44 141
44 142
44 145
44 147
44 149
44 151
44 152
44 153
44 154
44 158
44 160
44 161
45 48
45 49
45 50
45 52
45 54
45 61
45 63
45 64
45 65
45 66
45 67
45 68
45 69
45 71
45 72
45 74
45 75
45 76
45 79
45 80
45 83
45 84
45 87
45 88
45 89
45 90
45 91
45 92
45 94
45 95
45 97
45 100
45 101
45 102
45 103
45 107
45 108
45 109
45 110
45 111
45 112
45 113
45 115
45 116
45 117
45 118
45 120
45 125
45 127
45 129
45 130
45 131
45 133
45 134
45 135
45 136
45 137
45 140
45 141
45 145
45 147
45 149
45 150
45 151
45 154
45 155
45 157
45 159
45 160
45 161
46 48
46 51
46 54
46 55
46 57
46 61
46 62
46 63
46 64
46 65
46 67
46 68
46 69
46 70
46 71
46 72
46 73
46 74
46 75
46 76
46 79
46 82
46 84
46 86
46 87
46 88
46 89
46 90
46 94
46 97
46 99
46 100
46 101
46 102
46 103
46 107
46 108
46 109
46 110
46 112
46 115
46 122
46 124
46 125
46 126
46 129
46 130
46 131
46 133
46 134
46 136
46 137
46 138
46 139
46 140
46 142
46 143
46 145
46 146
46 147
46 149
46 150
46 151
46 152
46 153
46 154
46 155
46 156
46 157
46 158
47 55
47 56
47 58
47 67
47 77
47 81
47 84
47 91
47 96
47 106
47 115
47 118
47 129
47 131
47 134
47 136
47 139
47 148
47 150
47 151
47 154
48 51
48 54
48 58
48 59
48 65
48 66
48 69
48 75
48 77
48 96
48 97
48 101
48 102
48 108
48 114
48 117
48 120
48 125
48 128
48 129
48 131
48 133
48 134
48 135
48 137
48 142
48 149
48 150
48 151
48 154
48 158
49 50
49 51
49 52
49 53
49 54
49 55
49 56
49 57
49 58
49 59
49 60
49 62
49 63
49 64
49 65
49 66
49 67
49 68
49 69
49 70
49 71
49 72
49 74
49 75
49 78
49 79
49 81
49 82
49 83
49 85
49 86
49 87
49 89
49 90
49 91
49 92
49 93
49 94
49 97
49 98
49 99
49 100
49 101
49 102
49 103
49 104
49 105
49 106
49 107
49 108
49 109
49 110
49 112
49 113
49 114
49 115
49 116
49 117
49 118
49 126
49 128
49 129
49 130
49 131
49 134
49 135
49 136
49 137
49 139
49 140
49 141
49 142
49 143
49 145
49 146
49 147
49 149
49 150
49 152
49 153
49 154
49 157
49 158
49 161
50 51
50 52
50 55
50 64
50 65
50 68
50 69
50 70
50 72
50 74
50 75
50 79
50 80
50 84
50 85
50 91
50 94
50 96
50 98
50 99
50 100
50 102
50 104
50 105
50 106
50 107
50 108
50 109
50 111
50 112
50 113
50 115
50 117
50 118
50 123
50 124
50 126
50 129
50 133
50 134
50 137
50 143
50 146
50 147
50 150
50 151
50 153
50 154
50 155
50 157
50 159
50 160
50 161
51 53
51 54
51 55
51 57
51 58
51 59
51 61
51 62
51 64
51 65
51 66
51 67
51 68
51 69
51 70
51 71
51 72
51 73
51 74
51 75
51 76
51 77
51 79
51 81
51 82
51 83
51 84
51 86
51 88
51 89
51 91
51 92
51 93
51 94
51 98
51 100
51 101
51 102
51 103
51 104
51 105
51 106
51 107
51 108
51 109
51 110
51 112
51 113
51 114
51 115
51 116
51 117
51 118
51 120
51 121
51 122
51 124
51 125
51 127
51 128
51 129
51 130
51 131
51 133
51 134
51 135
51 137
51 138
51 139
51 142
51 145
51 146
51 147
51 148
51 150
51 151
51 152
51 153
51 154
51 157
51 158
51 159
51 160
51 161
52 54
52 55
52 56
52 59
52 63
52 64
52 66
52 70
52 72
52 74
52 75
52 80
52 82
52 88
52 89
52 93
52 94
52 97
52 101
52 102
52 106
52 107
52 108
52 112
52 113
52 114
52 118
52 125
52 126
52 129
52 133
52 134
52 136
52 138
52 139
52 141
52 142
52 145
52 147
52 150
52 152
52 153
52 154
52 157
53 54
53 56
53 58
53 61
53 62
53 64
53 67
53 68
53 69
53 72
53 77
53 80
53 84
53 86
53 90
53 92
53 93
53 101
53 106
53 108
53 109
53 113
53 114
53 118
53 121
53 123
53 125
53 126
53 129
53 134
53 135
53 137
53 138
53 142
53 143
53 146
53 147
53 149
53 150
53 151
53 152
53 154
53 157
54 55
54 56
54 57
54 58
54 59
54 61
54 62
54 63
54 64
54 65
54 67
54 68
54 69
54 70
54 71
54 72
54 73
54 74
54 75
54 76
54 77
54 79
54 80
54 84
54 85
54 88
54 89
54 90
54 91
54 92
54 93
54 94
54 95
54 97
54 98
54 101
54 102
54 103
54 105
54 106
54 107
54 108
54 109
54 111
54 112
54 113
54 114
54 115
54 116
54 117
54 118
54 119
54 121
54 122
54 124
54 125
54 127
54 128
54 129
54 131
54 133
54 134
54 136
54 137
54 138
54 139
54 140
54 141
54 142
54 143
54 146
54 147
54 148
54 149
54 150
54 151
54 152
54 153
54 154
54 158
54 159
54 160
54 161
55 56
55 58
55 61
55 63
55 64
55 65
55 66
55 67
55 69
55 70
55 71
55 72
55 73
55 74
55 75
55 76
55 77
55 79
55 82
55 83
55 84
55 85
55 88
55 89
55 91
55 93
55 94
55 96
55 97
55 98
55 99
55 101
55 102
55 103
55 106
55 108
55 113
55 114
55 125
55 127
55 129
55 131
55 133
55 134
55 138
55 141
55 142
55 145
55 146
55 147
55 150
55 152
55 153
55 154
55 156
55 157
55 158
56 58
56 59
56 60
56 64
56 65
56 66
56 68
56 69
56 70
56 71
56 72
56 73
56 74
56 75
56 79
56 80
56 83
56 84
56 86
56 87
56 88
56 89
56 90
56 91
56 92
56 93
56 96
56 97
56 98
56 101
56 102
56 104
56 106
56 107
56 108
56 109
56 110
56 112
56 113
56 114
56 115
56 116
56 117
56 123
56 125
56 128
56 129
56 131
56 133
56 134
56 136
56 137
56 138
56 139
56 141
56 142
56 145
56 146
56 147
56 150
56 151
56 152
56 153
56 154
56 155
56 157
56 158
56 159
56 161
57 65
57 66
57 68
57 69
57 70
57 71
57 72
57 74
57 75
57 77
57 79
57 80
57 82
57 83
57 88
57 91
57 96
57 97
57 101
57 102
57 106
57 107
57 109
57 114
57 115
57 116
57 117
57 118
57 119
57 129
57 131
57 141
57 142
57 147
57 150
57 151
57 152
57 153
57 154
57 157
57 158
58 59
58 60
58 63
58 67
58 69
58 70
58 71
58 72
58 73
58 75
58 76
58 77
58 79
58 83
58 84
58 86
58 87
58 89
58 92
58 93
58 94
58 95
58 97
58 98
58 99
58 101
58 102
58 103
58 104
58 105
58 106
58 107
58 109
58 111
58 112
58 113
58 114
58 115
58 117
58 120
58 122
58 125
58 126
58 127
58 129
58 130
58 133
58 134
58 135
58 136
58 137
58 138
58 139
58 140
58 141
58 142
58 143
58 144
58 147
58 150
58 151
58 152
58 153
58 157
58 159
58 161
59 61
59 64
59 65
59 67
59 68
59 70
59 73
59 74
59 84
59 89
59 93
59 97
59 100
59 102
59 103
59 104
59 105
59 108
59 112
59 113
59 114
59 115
59 117
59 118
59 119
59 120
59 121
59 125
59 129
59 131
59 134
59 137
59 138
59 141
59 142
59 147
59 149
59 150
59 156
59 157
59 158
59 160
60 65
60 67
60 69
60 70
60 71
60 72
60 77
60 82
60 89
60 94
60 100
60 106
60 113
60 117
60 121
60 125
60 128
60 129
60 138
60 139
60 147
61 64
61 66
61 67
61 69
61 70
61 75
61 78
61 79
61 85
61 88
61 89
61 91
61 94
61 99
61 106
61 107
61 112
61 113
61 114
61 117
61 118
61 122
61 129
61 130
61 131
61 133
61 134
61 138
61 139
61 142
61 143
61 146
61 147
61 148
61 152
61 153
61 154
61 157
61 158
62 64
62 65
62 67
62 68
62 69
62 71
62 72
62 73
62 74
62 75
62 77
62 79
62 89
62 92
62 94
62 97
62 101
62 106
62 109
62 115
62 117
62 118
62 125
62 126
62 129
62 131
62 132
62 136
62 137
62 142
62 145
62 149
62 150
62 152
62 153
63 64
63 66
63 67
63 71
63 72
63 73
63 74
63 75
63 76
63 77
63 78
63 79
63 80
63 81
63 84
63 85
63 87
63 89
63 93
63 97
63 99
63 101
63 102
63 103
63 105
63 107
63 108
63 109
63 112
63 113
63 116
63 117
63 118
63 119
63 123
63 125
63 127
63 129
63 130
63 131
63 132
63 133
63 135
63 137
63 138
63 139
63 141
63 142
63 145
63 146
63 147
63 148
63 149
63 151
63 154
63 156
63 157
63 158
63 159
63 160
63 161
64 65
64 67
64 68
64 69
64 70
64 71
64 72
64 73
64 74
64 75
64 76
64 77
64 79
64 80
64 83
64 84
64 85
64 87
64 89
64 91
64 92
64 93
64 94
64 95
64 96
64 97
64 98
64 99
64 101
64 102
64 103
64 104
64 105
64 106
64 108
64 109
64 110
64 111
64 112
64 113
64 114
64 115
64 116
64 117
64 118
64 120
64 121
64 122
64 125
64 126
64 127
64 129
64 130
64 131
64 133
64 134
64 135
64 136
64 137
64 138
64 139
64 140
64 141
64 142
64 143
64 145
64 146
64 147
64 150
64 151
64 152
64 153
64 154
64 155
64 157
64 158
64 159
64 160
64 161
65 66
65 67
65 68
65 69
65 70
65 72
65 73
65 74
65 75
65 76
65 77
65 79
65 80
65 81
65 82
65 84
65 85
65 86
65 92
65 93
65 94
65 95
65 96
65 97
65 98
65 99
65 100
65 101
65 102
65 103
65 104
65 105
65 106
65 107
65 108
65 109
65 112
65 113
65 115
65 116
65 117
65 118
65 120
65 122
65 123
65 124
65 125
65 126
65 127
65 128
65 129
65 131
65 133
65 136
65 137
65 138
65 139
65 141
65 142
65 143
65 145
65 146
65 147
65 150
65 151
65 152
65 153
65 154
65 155
65 156
65 157
65 158
65 159
65 160
65 161
66 67
66 68
66 69
66 70
66 71
66 72
66 73
66 74
66 75
66 76
66 77
66 79
66 80
66 81
66 84
66 86
66 87
66 88
66 89
66 94
66 97
66 98
66 99
66 101
66 103
66 104
66 105
66 106
66 107
66 108
66 111
66 112
66 114
66 115
66 116
66 118
66 119
66 120
66 125
66 129
66 130
66 131
66 133
66 134
66 138
66 139
66 140
66 142
66 145
66 146
66 147
66 148
66 150
66 151
66 152
66 153
66 154
66 155
66 160
66 161
67 68
67 69
67 70
67 71
67 72
67 73
67 74
67 75
67 77
67 79
67 80
67 81
67 84
67 85
67 86
67 87
67 88
67 89
67 90
67 91
67 94
67 97
67 98
67 99
67 100
67 102
67 103
67 104
67 105
67 106
67 107
67 108
67 109
67 112
67 113
67 114
67 115
67 116
67 117
67 118
67 119
67 120
67 121
67 122
67 125
67 126
67 127
67 129
67 130
67 131
67 132
67 133
67 134
67 135
67 136
67 137
67 138
67 139
67 141
67 142
67 143
67 144
67 145
67 146
67 147
67 151
67 152
67 155
67 156
67 157
67 158
67 159
67 161
68 69
68 70
68 71
68 72
68 73
68 74
68 75
68 77
68 78
68 79
68 80
68 81
68 84
68 85
68 86
68 89
68 90
68 91
68 92
68 93
68 94
68 95
68 97
68 98
68 101
68 102
68 103
68 105
68 106
68 107
68 108
68 109
68 110
68 111
68 113
68 114
68 115
68 116
68 118
68 122
68 125
68 126
68 127
68 128
68 129
68 130
68 131
68 132
68 133
68 134
68 135
68 136
68 137
68 138
68 139
68 140
68 141
68 143
68 144
68 145
68 147
68 148
68 149
68 151
68 152
68 153
68 154
68 158
68 160
68 161
69 70
69 71
69 72
69 73
69 75
69 76
69 77
69 79
69 80
69 83
69 86
69 87
69 88
69 89
69 90
69 91
69 92
69 94
69 99
69 101
69 105
69 106
69 107
69 108
69 109
69 112
69 113
69 114
69 115
69 116
69 117
69 118
69 121
69 122
69 125
69 126
69 128
69 129
69 130
69 131
69 133
69 134
69 135
69 136
69 137
69 138
69 139
69 141
69 142
69 145
69 146
69 147
69 149
69 150
69 153
69 154
69 155
69 156
69 157
69 158
69 159
69 160
70 71
70 72
70 73
70 74
70 76
70 77
70 79
70 81
70 82
70 83
70 84
70 85
70 88
70 91
70 93
70 94
70 96
70 97
70 99
70 100
70 101
70 102
70 103
70 104
70 106
70 107
70 109
70 110
70 111
70 112
70 113
70 114
70 115
70 116
70 117
70 118
70 119
70 120
70 121
70 123
70 125
70 126
70 127
70 129
70 130
70 131
70 133
70 134
70 135
70 136
70 138
70 141
70 142
70 143
70 146
70 147
70 149
70 150
70 151
70 152
70 153
70 155
70 156
70 157
70 158
70 160
70 161
71 72
71 73
71 74
71 75
71 76
71 77
71 79
71 81
71 82
71 84
71 85
71 86
71 87
71 88
71 89
71 91
71 93
71 97
71 98
71 100
71 101
71 102
71 103
71 104
71 106
71 107
71 108
71 109
71 111
71 112
71 113
71 114
71 115
71 116
71 118
71 121
71 122
71 126
71 127
71 128
71 129
71 131
71 132
71 133
71 134
71 135
71 138
71 139
71 141
71 142
71 143
71 145
71 146
71 147
71 149
71 150
71 151
71 152
71 153
71 154
71 155
71 157
71 158
71 160
71 161
72 73
72 74
72 75
72 76
72 77
72 79
72 80
72 82
72 83
72 84
72 86
72 87
72 89
72 90
72 92
72 93
72 97
72 98
72 100
72 101
72 102
72 105
72 106
72 107
72 108
72 109
72 110
72 111
72 112
72 113
72 114
72 115
72 117
72 118
72 119
72 120
72 121
72 122
72 125
72 127
72 130
72 131
72 133
72 134
72 135
72 136
72 137
72 138
72 139
72 141
72 142
72 143
72 144
72 145
72 146
72 147
72 150
72 151
72 152
72 154
72 155
72 156
72 157
72 158
72 160
73 74
73 76
73 77
73 79
73 80
73 82
73 84
73 85
73 86
73 87
73 88
73 89
73 91
73 92
73 93
73 94
73 97
73 98
73 99
73 101
73 102
73 104
73 106
73 108
73 109
73 110
73 111
73 112
73 113
73 114
73 115
73 116
73 117
73 118
73 122
73 125
73 126
73 129
73 130
73 131
73 133
73 135
73 138
73 139
73 141
73 142
73 144
73 145
73 147
73 148
73 149
73 150
73 151
73 152
73 153
73 154
73 155
73 157
73 161
74 75
74 76
74 77
74 82
74 83
74 84
74 86
74 87
74 88
74 89
74 91
74 92
74 93
74 94
74 96
74 97
74 98
74 99
74 101
74 102
74 103
74 104
74 106
74 107
74 108
74 109
74 110
74 112
74 113
74 114
74 115
74 116
74 117
74 118
74 120
74 124
74 125
74 126
74 127
74 129
74 130
74 131
74 133
74 134
74 135
74 136
74 137
74 138
74 139
74 140
74 141
74 143
74 144
74 146
74 147
74 148
74 149
74 151
74 152
74 153
74 154
74 155
74 156
74 157
74 158
74 159
74 160
74 161
75 77
75 79
75 80
75 81
75 82
75 84
75 85
75 86
75 88
75 89
75 90
75 91
75 93
75 94
75 95
75 97
75 99
75 102
75 105
75 106
75 107
75 108
75 110
75 113
75 115
75 117
75 118
75 123
75 125
75 126
75 129
75 130
75 132
75 133
75 134
75 135
75 136
75 137
75 138
75 139
75 141
75 142
75 143
75 145
75 146
75 150
75 151
75 152
75 153
75 157
75 158
75 159
76 79
76 82
76 86
76 88
76 90
76 92
76 93
76 94
76 101
76 102
76 105
76 106
76 108
76 109
76 112
76 115
76 118
76 125
76 131
76 134
76 140
76 143
76 146
76 147
76 149
76 151
76 152
76 153
76 154
76 157
76 158
76 160
77 80
77 81
77 83
77 84
77 85
77 86
77 87
77 88
77 89
77 90
77 91
77 92
77 93
77 94
77 95
77 97
77 98
77 100
77 101
77 102
77 103
77 105
77 106
77 107
77 108
77 111
77 112
77 114
77 115
77 116
77 117
77 121
77 126
77 127
77 128
77 129
77 130
77 131
77 133
77 134
77 135
77 136
77 137
77 138
77 139
77 141
77 142
77 145
77 146
77 150
77 151
77 153
77 154
77 155
77 157
77 158
77 159
78 83
78 95
78 97
78 102
78 105
78 108
78 129
78 130
78 131
78 134
78 136
78 142
78 145
78 149
78 151
78 161
79 80
79 82
79 84
79 86
79 87
79 88
79 89
79 91
79 92
79 93
79 94
79 97
79 101
79 102
79 103
79 104
79 105
79 106
79 107
79 108
79 109
79 110
79 111
79 112
79 114
79 115
79 116
79 118
79 119
79 125
79 126
79 127
79 128
79 130
79 131
79 132
79 133
79 134
79 135
79 136
79 137
79 138
79 139
79 140
79 141
79 142
79 143
79 145
79 146
79 147
79 148
79 151
79 152
79 153
79 154
79 156
79 158
80 91
80 98
80 101
80 102
80 104
80 105
80 106
80 107
80 108
80 109
80 110
80 112
80 114
80 115
80 117
80 118
80 129
80 130
80 131
80 134
80 136
80 138
80 139
80 141
80 142
80 146
80 151
80 152
80 154
80 155
80 158
80 159
80 161
81 87
81 88
81 89
81 90
81 93
81 94
81 97
81 99
81 100
81 101
81 102
81 103
81 108
81 111
81 113
81 115
81 116
81 117
81 118
81 125
81 128
81 131
81 133
81 134
81 136
81 137
81 138
81 140
81 147
81 149
81 151
81 155
81 157
81 158
81 160
82 84
82 87
82 88
82 89
82 90
82 94
82 99
82 101
82 106
82 108
82 109
82 111
82 112
82 114
82 115
82 117
82 118
82 125
82 126
82 129
82 131
82 133
82 136
82 137
82 139
82 141
82 143
82 146
82 147
82 149
82 150
82 151
82 152
82 153
82 154
82 157
82 158
82 160
83 84
83 86
83 87
83 89
83 91
83 93
83 94
83 97
83 102
83 103
83 104
83 107
83 113
83 114
83 119
83 123
83 124
83 126
83 127
83 129
83 132
83 134
83 137
83 139
83 146
83 147
83 150
83 157
84 85
84 86
84 87
84 88
84 89
84 93
84 94
84 95
84 97
84 100
84 101
84 102
84 103
84 104
84 106
84 109
84 110
84 111
84 113
84 114
84 115
84 117
84 118
84 119
84 124
84 125
84 127
84 129
84 130
84 131
84 133
84 135
84 138
84 139
84 141
84 146
84 147
84 149
84 150
84 151
84 152
84 153
84 154
84 156
84 157
84 158
84 161
85 86
85 88
85 89
85 90
85 92
85 93
85 99
85 101
85 102
85 107
85 108
85 109
85 110
85 111
85 115
85 118
85 123
85 125
85 126
85 128
85 129
85 131
85 136
85 140
85 150
85 151
85 152
85 153
85 154
85 157
85 158
85 159
85 160
86 87
86 88
86 89
86 90
86 93
86 94
86 98
86 101
86 102
86 103
86 105
86 107
86 108
86 109
86 110
86 111
86 115
86 118
86 122
86 134
86 136
86 138
86 141
86 142
86 143
86 151
86 152
86 154
86 160
87 88
87 89
87 90
87 92
87 93
87 95
87 97
87 99
87 100
87 101
87 102
87 103
87 106
87 107
87 108
87 109
87 111
87 112
87 114
87 115
87 117
87 118
87 119
87 127
87 128
87 130
87 133
87 138
87 139
87 142
87 143
87 145
87 146
87 150
87 151
87 152
87 153
87 154
87 155
87 157
87 158
87 161
88 89
88 96
88 101
88 105
88 106
88 107
88 108
88 112
88 113
88 114
88 115
88 117
88 119
88 120
88 125
88 126
88 129
88 131
88 133
88 136
88 137
88 138
88 142
88 143
88 144
88 147
88 148
88 152
88 153
88 154
88 158
88 159
88 160
88 161
89 90
89 91
89 92
89 93
89 95
89 97
89 98
89 99
89 100
89 101
89 102
89 106
89 107
89 108
89 109
89 110
89 111
89 112
89 113
89 114
89 115
89 116
89 117
89 118
89 121
89 122
89 125
89 127
89 128
89 129
89 130
89 131
89 133
89 134
89 135
89 136
89 137
89 138
89 139
89 140
89 141
89 142
89 145
89 147
89 148
89 149
89 150
89 151
89 152
89 153
89 154
89 155
89 157
89 158
89 161
90 93
90 99
90 100
90 101
90 105
90 106
90 107
90 109
90 112
90 114
90 115
90 118
90 125
90 133
90 134
90 136
90 138
90 142
90 145
90 152
90 153
90 154
90 157
91 92
91 96
91 98
91 101
91 102
91 103
91 110
91 112
91 115
91 118
91 120
91 125
91 129
91 134
91 137
91 139
91 142
91 143
91 144
91 146
91 147
91 152
91 153
91 154
91 156
91 157
91 158
91 159
91 160
91 161
92 93
92 94
92 95
92 97
92 98
92 99
92 101
92 102
92 103
92 104
92 105
92 106
92 107
92 108
92 109
92 112
92 113
92 115
92 117
92 121
92 125
92 126
92 128
92 129
92 130
92 131
92 133
92 134
92 137
92 138
92 140
92 142
92 145
92 149
92 150
92 151
92 152
92 153
92 154
92 155
92 157
92 158
92 161
93 94
93 96
93 101
93 102
93 104
93 105
93 106
93 108
93 109
93 111
93 112
93 113
93 114
93 115
93 118
93 119
93 125
93 126
93 128
93 129
93 130
93 131
93 133
93 134
93 135
93 136
93 137
93 139
93 140
93 141
93 145
93 147
93 149
93 150
93 151
93 152
93 153
93 154
93 155
93 157
93 158
93 161
94 95
94 97
94 98
94 99
94 100
94 101
94 102
94 103
94 104
94 105
94 106
94 107
94 108
94 109
94 112
94 113
94 114
94 115
94 116
94 117
94 118
94 120
94 122
94 125
94 126
94 127
94 128
94 130
94 131
94 133
94 134
94 135
94 138
94 139
94 141
94 142
94 143
94 145
94 146
94 147
94 148
94 149
94 151
94 152
94 153
94 154
94 158
94 159
94 160
94 161
95 97
95 105
95 109
95 123
95 125
95 126
95 129
95 130
95 131
95 133
95 134
95 135
95 136
95 138
95 142
95 143
95 144
95 145
95 147
95 150
95 151
95 153
95 154
95 155
95 157
95 158
95 161
96 97
96 99
96 110
96 117
96 118
96 121
96 125
96 129
96 131
96 137
96 142
96 143
96 151
96 154
97 98
97 99
97 100
97 104
97 106
97 107
97 108
97 110
97 112
97 113
97 114
97 115
97 116
97 118
97 120
97 127
97 128
97 129
97 130
97 131
97 133
97 134
97 135
97 136
97 137
97 141
97 142
97 143
97 144
97 147
97 149
97 151
97 152
97 154
97 155
97 156
97 157
97 158
97 159
97 160
98 99
98 101
98 102
98 105
98 106
98 109
98 112
98 114
98 115
98 116
98 117
98 118
98 121
98 123
98 125
98 126
98 127
98 129
98 131
98 133
98 135
98 137
98 138
98 141
98 142
98 143
98 144
98 150
98 151
98 152
98 158
98 159
99 101
99 102
99 103
99 105
99 106
99 108
99 109
99 111
99 113
99 114
99 115
99 116
99 117
99 122
99 127
99 128
99 131
99 134
99 137
99 138
99 139
99 140
99 141
99 143
99 144
99 147
99 149
99 150
99 151
99 152
99 156
99 157
99 159
99 160
99 161
100 101
100 105
100 106
100 112
100 113
100 114
100 116
100 117
100 118
100 119
100 125
100 126
100 127
100 129
100 133
100 134
100 137
100 140
100 141
100 142
100 146
100 148
100 149
100 151
100 152
100 153
100 154
100 158
100 159
100 160
101 102
101 103
101 105
101 106
101 107
101 108
101 109
101 110
101 111
101 112
101 114
101 115
101 117
101 118
101 119
101 120
101 121
101 122
101 124
101 125
101 126
101 128
101 129
101 130
101 131
101 133
101 134
101 135
101 137
101 139
101 141
101 142
101 143
101 144
101 146
101 147
101 149
101 150
101 151
101 152
101 153
101 154
101 157
101 158
101 159
101 160
101 161
102 103
102 104
102 105
102 106
102 107
102 108
102 109
102 111
102 112
102 113
102 114
102 115
102 116
102 117
102 118
102 119
102 120
102 121
102 125
102 126
102 127
102 128
102 129
102 130
102 131
102 133
102 134
102 135
102 137
102 138
102 139
102 142
102 143
102 145
102 146
102 147
102 148
102 151
102 152
102 154
102 155
102 157
102 158
102 159
102 160
102 161
103 105
103 106
103 108
103 109
103 112
103 115
103 118
103 122
103 129
103 130
103 131
103 132
103 133
103 137
103 138
103 139
103 142
103 143
103 145
103 147
103 149
103 152
103 153
103 158
103 161
104 108
104 110
104 114
104 116
104 125
104 130
104 137
104 138
104 141
104 142
104 143
104 150
104 151
104 153
104 154
104 158
104 161
105 106
105 109
105 110
105 111
105 112
105 115
105 116
105 118
105 124
105 125
105 126
105 129
105 130
105 131
105 134
105 135
105 136
105 137
105 138
105 139
105 140
105 141
105 142
105 143
105 147
105 149
105 150
105 152
105 153
105 154
105 155
105 158
105 159
105 160
105 161
106 107
106 108
106 109
106 112
106 114
106 115
106 116
106 117
106 120
106 121
106 122
106 123
106 124
106 125
106 127
106 129
106 130
106 131
106 133
106 134
106 135
106 136
106 137
106 138
106 139
106 140
106 142
106 143
106 146
106 147
106 148
106 152
106 153
106 154
106 158
106 160
107 108
107 111
107 113
107 114
107 116
107 117
107 125
107 127
107 131
107 133
107 134
107 135
107 137
107 138
107 139
107 141
107 146
107 147
107 148
107 150
107 151
107 152
107 153
107 154
107 157
107 158
107 159
107 161
108 112
108 113
108 114
108 115
108 116
108 117
108 118
108 119
108 120
108 122
108 123
108 124
108 125
108 127
108 129
108 130
108 133
108 134
108 135
108 136
108 137
108 138
108 139
108 141
108 142
108 144
108 146
108 147
108 148
108 149
108 150
108 151
108 152
108 153
108 155
108 156
108 157
108 158
108 161
109 111
109 113
109 114
109 115
109 117
109 118
109 120
109 121
109 123
109 125
109 126
109 127
109 129
109 131
109 132
109 133
109 137
109 138
109 140
109 141
109 142
109 143
109 144
109 145
109 146
109 147
109 148
109 149
109 150
109 151
109 152
109 153
109 154
109 155
109 157
109 158
109 160
109 161
110 113
110 114
110 117
110 118
110 122
110 130
110 133
110 135
110 138
110 142
110 146
110 147
110 149
110 151
110 154
110 157
110 161
111 113
111 115
111 118
111 125
111 127
111 130
111 131
111 133
111 134
111 137
111 138
111 143
111 147
111 150
111 151
111 155
111 158
112 113
112 114
112 115
112 116
112 117
112 118
112 124
112 125
112 126
112 127
112 128
112 129
112 130
112 134
112 135
112 137
112 138
112 140
112 141
112 142
112 143
112 144
112 146
112 147
112 148
112 149
112 150
112 151
112 152
112 154
112 157
112 158
112 159
112 161
113 114
113 115
113 116
113 117
113 118
113 119
113 120
113 122
113 123
113 125
113 126
113 129
113 130
113 131
113 133
113 134
113 135
113 137
113 139
113 142
113 144
113 145
113 146
113 147
113 149
113 150
113 151
113 152
113 154
113 155
113 158
114 115
114 117
114 118
114 119
114 120
114 121
114 125
114 127
114 128
114 129
114 130
114 131
114 133
114 134
114 135
114 136
114 137
114 138
114 139
114 140
114 141
114 142
114 143
114 145
114 146
114 147
114 149
114 150
114 151
114 152
114 154
114 157
114 158
114 159
114 160
114 161
115 117
115 118
115 119
115 120
115 123
115 124
115 125
115 129
115 130
115 131
115 133
115 134
115 135
115 136
115 137
115 138
115 139
115 140
115 141
115 142
115 143
115 145
115 146
115 147
115 149
115 150
115 151
115 152
115 153
115 154
115 155
115 158
115 159
115 160
115 161
116 120
116 122
116 125
116 126
116 127
116 128
116 129
116 131
116 133
116 136
116 138
116 139
116 141
116 142
116 145
116 146
116 147
116 149
116 150
116 151
116 152
116 153
116 154
116 157
116 158
117 118
117 119
117 122
117 124
117 125
117 127
117 128
117 129
117 130
117 131
117 134
117 135
117 137
117 138
117 139
117 140
117 142
117 145
117 146
117 147
117 149
117 150
117 151
117 152
117 153
117 154
117 157
117 158
117 160
117 161
118 121
118 123
118 125
118 126
118 127
118 128
118 129
118 130
118 131
118 133
118 134
118 135
118 136
118 137
118 138
118 139
118 142
118 143
118 145
118 146
118 147
118 148
118 149
118 151
118 152
118 153
118 154
118 157
118 160
118 161
119 125
119 128
119 133
119 134
119 137
119 138
119 141
119 149
119 151
119 157
119 158
119 161
120 124
120 130
120 131
120 133
120 134
120 147
120 150
120 151
120 153
120 157
121 126
121 127
121 129
121 131
121 142
121 145
121 146
121 147
121 150
121 151
121 158
122 129
122 131
122 133
122 135
122 140
122 142
122 145
122 150
122 152
122 154
122 155
122 158
123 125
123 137
123 138
123 142
123 148
123 150
124 138
124 142
124 152
124 153
124 157
124 161
125 126
125 127
125 129
125 130
125 131
125 133
125 134
125 136
125 137
125 138
125 139
125 142
125 143
125 144
125 146
125 147
125 150
125 151
125 152
125 153
125 154
125 155
125 157
125 158
125 159
125 160
125 161
126 131
126 133
126 134
126 135
126 136
126 137
126 138
126 141
126 142
126 143
126 145
126 146
126 147
126 148
126 150
126 151
126 153
126 154
126 156
126 158
126 161
127 129
127 131
127 133
127 137
127 138
127 139
127 140
127 142
127 146
127 147
127 151
127 152
127 158
128 129
128 130
128 134
128 138
128 139
128 147
128 148
128 152
128 154
128 157
128 158
128 160
128 161
129 130
129 131
129 133
129 134
129 135
129 136
129 137
129 138
129 139
129 140
129 141
129 142
129 146
129 147
129 148
129 149
129 150
129 151
129 152
129 154
129 156
129 157
129 158
129 159
130 131
130 132
130 133
130 134
130 135
130 136
130 137
130 138
130 142
130 145
130 146
130 147
130 148
130 152
130 153
130 154
130 157
130 158
130 160
131 133
131 134
131 135
131 137
131 138
131 139
131 140
131 141
131 142
131 143
131 145
131 147
131 148
131 150
131 151
131 152
131 154
131 155
131 157
131 158
131 159
131 160
132 134
132 138
132 141
132 144
132 149
133 134
133 137
133 138
133 139
133 140
133 141
133 142
133 143
133 145
133 146
133 148
133 150
133 151
133 152
133 153
133 154
133 155
133 157
133 158
133 159
133 160
133 161
134 135
134 136
134 137
134 138
134 139
134 141
134 142
134 143
134 144
134 146
134 149
134 150
134 151
134 152
134 153
134 154
134 155
134 156
134 157
134 158
134 159
134 160
135 136
135 137
135 139
135 140
135 143
135 145
135 147
135 151
135 152
135 153
135 154
135 156
135 157
135 158
135 160
136 137
136 138
136 139
136 141
136 142
136 151
136 152
136 153
136 154
136 159
136 161
137 139
137 140
137 141
137 142
137 143
137 145
137 146
137 147
137 149
137 151
137 152
137 153
137 154
137 157
137 158
137 161
138 139
138 140
138 141
138 142
138 145
138 146
138 147
138 148
138 149
138 151
138 152
138 153
138 155
138 157
138 158
138 159
138 160
138 161
139 142
139 143
139 145
139 146
139 147
139 149
139 150
139 151
139 152
139 153
139 154
139 157
139 158
139 159
139 160
140 142
140 147
140 158
140 159
141 142
141 143
141 145
141 146
141 147
141 151
141 152
141 154
141 155
141 157
141 158
142 143
142 145
142 149
142 150
142 151
142 152
142 153
142 154
142 157
142 158
142 161
143 150
143 151
143 152
143 153
143 154
143 157
144 146
144 149
144 152
145 146
145 151
145 152
145 153
145 154
145 155
145 158
145 159
146 147
146 148
146 150
146 151
146 152
146 153
146 157
146 159
146 160
146 161
147 148
147 149
147 150
147 152
147 154
147 155
147 156
147 157
147 158
147 159
147 160
147 161
148 149
148 150
148 151
148 152
148 153
148 154
148 157
148 159
149 151
149 152
149 153
149 154
149 155
149 157
149 161
150 151
150 152
150 153
150 154
150 156
150 158
150 159
150 160
151 152
151 153
151 154
151 157
151 158
151 159
151 161
152 153
152 154
152 155
152 156
152 157
152 158
152 159
152 160
153 154
153 157
153 158
153 160
153 161
154 155
154 157
154 158
154 159
154 160
154 161
155 158
156 158
156 160
157 158
157 159
157 161
158 159
158 160
158 161
