0 6
0 7
0 11
0 12
0 14
0 18
0 25
0 26
0 30
0 31
0 32
0 35
0 36
0 38
0 40
0 44
0 46
0 48
0 50
0 54
0 55
0 56
0 62
0 63
0 67
0 68
0 70
0 71
0 72
0 74
0 75
0 77
0 80
0 83
0 84
0 86
0 87
0 93
0 94
0 97
0 98
0 101
0 105
0 108
0 111
0 112
0 113
0 114
0 115
0 116
0 118
0 120
0 124
0 125
0 126
0 128
0 131
0 133
0 135
0 137
0 138
0 139
0 142
0 143
0 147
0 149
0 150
0 151
0 152
0 154
0 155
0 157
0 158
0 160
0 161
1 2
1 4
1 6
1 7
1 10
1 11
1 14
1 21
1 25
1 26
1 30
1 31
1 32
1 36
1 37
1 38
1 45
1 47
1 51
1 54
1 55
1 57
1 62
1 65
1 66
1 67
1 69
1 70
1 72
1 74
1 76
1 79
1 82
1 83
1 89
1 91
1 92
1 93
1 94
1 97
1 98
1 99
1 101
1 102
1 106
1 108
1 109
1 112
1 113
1 114
1 117
1 118
1 125
1 126
1 127
1 128
1 130
1 131
1 135
1 137
1 138
1 141
1 142
1 143
1 147
1 148
1 150
1 154
1 157
1 158
1 161
2 4
2 6
2 7
2 9
2 10
2 11
2 12
2 13
2 18
2 19
2 20
2 21
2 24
2 31
2 32
2 37
2 38
2 48
2 49
2 51
2 54
2 56
2 57
2 58
2 60
2 61
2 64
2 68
2 70
2 72
2 74
2 76
2 77
2 79
2 80
2 81
2 82
2 85
2 86
2 94
2 97
2 98
2 101
2 105
2 106
2 107
2 108
2 109
2 113
2 115
2 118
2 121
2 123
2 126
2 129
2 131
2 134
2 137
2 139
2 140
2 142
2 145
2 147
2 150
2 151
2 152
2 154
2 158
2 160
3 4
3 7
3 9
3 14
3 17
3 20
3 21
3 23
3 32
3 33
3 38
3 39
3 45
3 46
3 48
3 49
3 51
3 56
3 59
3 62
3 63
3 64
3 65
3 66
3 67
3 68
3 70
3 72
3 74
3 77
3 84
3 88
3 97
3 99
3 101
3 102
3 114
3 117
3 118
3 130
3 133
3 134
3 137
3 138
3 142
3 146
3 147
3 153
3 154
3 155
3 158
4 6
4 9
4 10
4 11
4 13
4 14
4 18
4 19
4 21
4 22
4 23
4 25
4 26
4 28
4 30
4 31
4 32
4 33
4 34
4 35
4 36
4 37
4 38
4 39
4 40
4 42
4 43
4 44
4 45
4 46
4 49
4 50
4 53
4 54
4 56
4 58
4 59
4 60
4 61
4 63
4 65
4 66
4 67
4 69
4 70
4 71
4 72
4 76
4 77
4 78
4 79
4 80
4 82
4 83
4 84
4 85
4 86
4 87
4 88
4 89
4 91
4 93
4 94
4 95
4 96
4 97
4 99
4 101
4 102
4 103
4 105
4 106
4 110
4 111
4 112
4 113
4 114
4 115
4 116
4 117
4 119
4 123
4 124
4 125
4 127
4 129
4 130
4 131
4 133
4 135
4 136
4 137
4 138
4 139
4 140
4 143
4 144
4 145
4 146
4 147
4 148
4 149
4 150
4 151
4 152
4 153
4 154
5 6
5 8
5 14
5 21
5 26
5 29
5 31
5 32
5 35
5 37
5 38
5 40
5 42
5 49
5 50
5 51
5 52
5 54
5 55
5 62
5 63
5 64
5 65
5 66
5 68
5 69
5 72
5 74
5 80
5 82
5 83
5 89
5 93
5 94
5 102
5 106
5 107
5 108
5 109
5 111
5 113
5 129
5 130
5 131
5 136
5 142
5 145
5 152
5 153
5 156
5 157
6 7
6 8
6 10
6 11
6 12
6 13
6 14
6 15
6 16
6 17
6 18
6 19
6 21
6 22
6 25
6 26
6 27
6 28
6 29
6 30
6 31
6 32
6 34
6 35
6 36
6 37
6 38
6 39
6 40
6 41
6 42
6 43
6 44
6 45
6 46
6 48
6 49
6 50
6 51
6 53
6 54
6 55
6 56
6 58
6 59
6 60
6 62
6 63
6 64
6 65
6 66
6 67
6 68
6 69
6 70
6 71
6 72
6 73
6 75
6 76
6 77
6 79
6 80
6 81
6 83
6 84
6 85
6 86
6 87
6 88
6 89
6 91
6 92
6 93
6 94
6 95
6 96
6 98
6 99
6 100
6 101
6 102
6 105
6 106
6 107
6 108
6 109
6 111
6 112
6 114
6 115
6 117
6 118
6 124
6 125
6 126
6 127
6 129
6 130
6 131
6 132
6 133
6 134
6 135
6 136
6 137
6 138
6 139
6 141
6 142
6 143
6 145
6 146
6 147
6 149
6 151
6 152
6 153
6 154
6 155
6 156
6 157
6 158
6 160
6 161
7 8
7 9
7 10
7 11
7 12
7 13
7 14
7 15
7 16
7 17
7 19
7 20
7 21
7 22
7 23
7 24
7 26
7 27
7 28
7 29
7 30
7 31
7 32
7 33
7 36
7 37
7 39
7 40
7 42
7 45
7 46
7 47
7 49
7 50
7 52
7 53
7 54
7 55
7 56
7 57
7 58
7 59
7 60
7 63
7 64
7 65
7 67
7 68
7 70
7 71
7 72
7 74
7 76
7 77
7 79
7 82
7 83
7 84
7 85
7 86
7 87
7 89
7 91
7 92
7 93
7 94
7 95
7 96
7 97
7 98
7 100
7 101
7 102
7 104
7 105
7 106
7 108
7 109
7 112
7 113
7 115
7 116
7 117
7 118
7 119
7 120
7 122
7 124
7 125
7 126
7 127
7 128
7 129
7 130
7 131
7 133
7 134
7 135
7 137
7 138
7 139
7 141
7 142
7 144
7 145
7 146
7 147
7 148
7 149
7 150
7 151
7 153
7 154
7 155
7 157
7 158
7 159
7 161
8 10
8 11
8 12
8 14
8 21
8 22
8 23
8 26
8 32
8 35
8 36
8 40
8 44
8 46
8 48
8 51
8 53
8 56
8 61
8 63
8 64
8 65
8 66
8 67
8 70
8 71
8 73
8 74
8 75
8 79
8 81
8 86
8 87
8 94
8 102
8 106
8 112
8 115
8 118
8 120
8 124
8 127
8 130
8 143
8 150
8 152
8 153
8 157
8 158
9 11
9 14
9 15
9 16
9 21
9 22
9 25
9 26
9 30
9 31
9 34
9 35
9 36
9 37
9 38
9 40
9 41
9 42
9 44
9 45
9 46
9 49
9 50
9 51
9 53
9 55
9 56
9 58
9 59
9 60
9 61
9 62
9 63
9 64
9 65
9 66
9 67
9 68
9 69
9 70
9 71
9 72
9 74
9 77
9 79
9 80
9 81
9 84
9 86
9 87
9 88
9 89
9 91
9 92
9 94
9 95
9 96
9 97
9 98
9 99
9 100
9 101
9 102
9 106
9 108
9 110
9 111
9 112
9 114
9 115
9 116
9 117
9 118
9 125
9 133
9 134
9 137
9 138
9 139
9 142
9 145
9 147
9 148
9 149
9 150
9 151
9 152
9 153
9 154
9 155
9 157
9 159
9 161
10 12
10 13
10 14
10 15
10 18
10 20
10 24
10 25
10 30
10 31
10 32
10 34
10 35
10 37
10 38
10 40
10 42
10 44
10 45
10 47
10 48
10 49
10 51
10 52
10 54
10 55
10 58
10 61
10 62
10 64
10 65
10 66
10 67
10 70
10 72
10 73
10 77
10 78
10 79
10 80
10 84
10 86
10 87
10 90
10 91
10 94
10 95
10 96
10 97
10 98
10 99
10 103
10 108
10 113
10 114
10 115
10 116
10 118
10 119
10 120
10 125
10 126
10 127
10 128
10 129
10 131
10 132
10 133
10 134
10 135
10 136
10 137
10 138
10 139
10 142
10 145
10 147
10 149
10 151
10 152
10 153
10 154
10 155
10 156
10 157
10 159
10 161
11 12
11 13
11 14
11 15
11 18
11 19
11 20
11 21
11 22
11 25
11 26
11 29
11 30
11 31
11 34
11 35
11 38
11 39
11 40
11 41
11 42
11 43
11 45
11 52
11 53
11 54
11 56
11 58
11 63
11 64
11 65
11 67
11 68
11 69
11 70
11 71
11 73
11 74
11 75
11 76
11 77
11 79
11 81
11 83
11 86
11 87
11 88
11 89
11 91
11 92
11 93
11 94
11 97
11 98
11 101
11 102
11 103
11 104
11 105
11 107
11 108
11 109
11 112
11 114
11 115
11 116
11 118
11 120
11 122
11 125
11 126
11 127
11 129
11 130
11 131
11 133
11 134
11 136
11 137
11 138
11 139
11 142
11 143
11 145
11 146
11 147
11 149
11 150
11 151
11 153
11 157
11 158
11 161
12 14
12 18
12 19
12 21
12 22
12 26
12 31
12 33
12 36
12 37
12 38
12 40
12 43
12 45
12 50
12 51
12 52
12 54
12 58
12 60
12 63
12 65
12 66
12 67
12 68
12 69
12 70
12 76
12 79
12 82
12 84
12 87
12 89
12 92
12 97
12 102
12 103
12 105
12 108
12 109
12 112
12 113
12 114
12 115
12 116
12 117
12 118
12 120
12 124
12 128
12 129
12 130
12 131
12 133
12 137
12 141
12 142
12 147
12 150
12 154
12 155
12 157
12 158
12 159
12 161
13 14
13 15
13 19
13 21
13 23
13 24
13 25
13 26
13 30
13 31
13 32
13 35
13 36
13 38
13 42
13 44
13 45
13 49
13 50
13 51
13 61
13 63
13 64
13 66
13 67
13 68
13 69
13 70
13 72
13 74
13 75
13 76
13 79
13 81
13 83
13 86
13 89
13 92
13 102
13 105
13 108
13 109
13 113
13 114
13 115
13 116
13 117
13 118
13 125
13 129
13 133
13 134
13 137
13 138
13 139
13 142
13 147
13 149
13 151
13 152
13 158
13 161
14 15
14 16
14 18
14 20
14 21
14 24
14 26
14 28
14 29
14 30
14 32
14 34
14 35
14 36
14 37
14 38
14 39
14 40
14 42
14 43
14 44
14 45
14 46
14 49
14 50
14 51
14 52
14 53
14 54
14 56
14 57
14 58
14 59
14 61
14 62
14 63
14 64
14 65
14 66
14 67
14 68
14 69
14 70
14 72
14 73
14 74
14 75
14 76
14 79
14 81
14 82
14 83
14 85
14 86
14 87
14 88
14 89
14 90
14 91
14 93
14 94
14 95
14 97
14 99
14 100
14 101
14 102
14 103
14 104
14 105
14 106
14 108
14 109
14 111
14 112
14 113
14 114
14 115
14 116
14 117
14 118
14 119
14 120
14 125
14 127
14 129
14 130
14 131
14 133
14 136
14 137
14 138
14 139
14 141
14 142
14 145
14 146
14 147
14 149
14 150
14 152
14 153
14 154
14 155
14 158
14 159
14 160
14 161
15 16
15 18
15 19
15 21
15 24
15 26
15 27
15 28
15 31
15 32
15 34
15 36
15 40
15 41
15 43
15 44
15 45
15 46
15 49
15 51
15 52
15 53
15 54
15 56
15 61
15 62
15 64
15 67
15 68
15 69
15 71
15 73
15 76
15 79
15 80
15 84
15 85
15 87
15 92
15 94
15 96
15 97
15 102
15 105
15 106
15 107
15 108
15 109
15 112
15 114
15 115
15 117
15 122
15 125
15 126
15 128
15 131
15 133
15 136
15 137
15 143
15 145
15 147
15 148
15 154
15 156
15 158
16 21
16 26
16 30
16 35
16 36
16 37
16 38
16 40
16 44
16 45
16 49
16 54
16 57
16 59
16 63
16 64
16 66
16 67
16 68
16 72
16 73
16 77
16 80
16 81
16 88
16 94
16 95
16 97
16 99
16 101
16 103
16 105
16 106
16 108
16 112
16 113
16 114
16 117
16 118
16 125
16 126
16 129
16 137
16 138
16 144
16 145
16 146
16 147
16 150
16 152
16 153
16 159
17 53
17 60
17 62
17 64
17 72
17 74
17 77
17 79
17 89
17 92
17 95
17 97
17 106
17 108
17 113
17 117
17 119
17 131
17 148
17 149
17 151
17 153
17 157
17 158
18 19
18 21
18 25
18 29
18 30
18 32
18 34
18 37
18 41
18 44
18 45
18 49
18 51
18 53
18 54
18 55
18 56
18 58
18 61
18 63
18 64
18 65
18 67
18 68
18 71
18 74
18 77
18 79
18 85
18 86
18 87
18 98
18 100
18 101
18 102
18 106
18 108
18 114
18 115
18 116
18 118
18 128
18 130
18 131
18 133
18 134
18 135
18 137
18 138
18 140
18 141
18 142
18 145
18 146
18 147
18 150
18 151
18 152
18 154
18 159
19 20
19 21
19 22
19 25
19 30
19 31
19 32
19 34
19 35
19 36
19 37
19 38
19 39
19 40
19 41
19 42
19 44
19 45
19 46
19 47
19 48
19 49
19 50
19 51
19 52
19 53
19 54
19 55
19 56
19 58
19 60
19 61
19 62
19 63
19 64
19 66
19 67
19 69
19 70
19 71
19 72
19 73
19 74
19 76
19 77
19 78
19 79
19 83
19 84
19 85
19 86
19 87
19 88
19 89
19 91
19 93
19 94
19 95
19 97
19 98
19 101
19 102
19 103
19 104
19 105
19 106
19 107
19 108
19 109
19 111
19 112
19 113
19 114
19 115
19 116
19 117
19 118
19 119
19 123
19 124
19 125
19 127
19 128
19 129
19 130
19 131
19 133
19 134
19 136
19 137
19 138
19 139
19 140
19 141
19 142
19 143
19 145
19 146
19 147
19 148
19 149
19 151
19 152
19 153
19 154
19 155
19 156
19 157
19 158
19 160
19 161
20 21
20 25
20 26
20 31
20 32
20 35
20 37
20 38
20 40
20 43
20 45
20 46
20 49
20 52
20 53
20 58
20 61
20 65
20 67
20 70
20 73
20 74
20 80
20 87
20 88
20 89
20 90
20 92
20 93
20 101
20 105
20 108
20 109
20 114
20 115
20 118
20 129
20 130
20 131
20 133
20 134
20 136
20 138
20 139
20 141
20 142
20 143
20 146
20 150
20 151
20 153
20 159
20 161
21 22
21 25
21 26
21 28
21 29
21 30
21 31
21 32
21 34
21 35
21 37
21 38
21 40
21 42
21 43
21 44
21 45
21 46
21 49
21 50
21 51
21 52
21 55
21 56
21 57
21 58
21 60
21 61
21 62
21 64
21 65
21 66
21 67
21 68
21 70
21 72
21 73
21 74
21 75
21 77
21 79
21 80
21 81
21 83
21 84
21 85
21 86
21 87
21 88
21 89
21 90
21 91
21 92
21 93
21 94
21 95
21 96
21 97
21 99
21 100
21 101
21 102
21 103
21 104
21 105
21 106
21 107
21 109
21 111
21 112
21 113
21 114
21 115
21 117
21 118
21 119
21 124
21 127
21 129
21 130
21 131
21 132
21 133
21 134
21 135
21 137
21 138
21 139
21 140
21 142
21 145
21 147
21 148
21 151
21 152
21 153
21 154
21 155
21 157
21 158
21 159
21 161
22 26
22 30
22 31
22 36
22 40
22 43
22 45
22 46
22 48
22 49
22 51
22 53
22 55
22 56
22 58
22 60
22 62
22 63
22 64
22 65
22 66
22 67
22 72
22 73
22 79
22 84
22 89
22 91
22 93
22 97
22 99
22 104
22 105
22 108
22 112
22 114
22 115
22 117
22 118
22 119
22 125
22 129
22 130
22 131
22 132
22 133
22 134
22 135
22 137
22 139
22 142
22 145
22 147
22 150
22 151
22 152
22 154
22 155
22 158
22 159
23 30
23 31
23 34
23 35
23 36
23 42
23 43
23 47
23 49
23 63
23 64
23 65
23 70
23 74
23 89
23 99
23 102
23 106
23 108
23 118
23 126
23 134
23 138
23 141
23 142
23 147
23 151
23 152
23 154
24 25
24 26
24 31
24 37
24 38
24 39
24 40
24 42
24 44
24 45
24 46
24 49
24 50
24 51
24 54
24 55
24 56
24 63
24 64
24 65
24 66
24 68
24 71
24 73
24 75
24 79
24 81
24 87
24 91
24 92
24 94
24 97
24 103
24 105
24 106
24 107
24 108
24 109
24 110
24 111
24 112
24 113
24 114
24 117
24 119
24 124
24 125
24 129
24 133
24 135
24 136
24 137
24 138
24 139
24 142
24 144
24 145
24 147
24 150
24 151
24 152
24 153
24 157
24 158
24 161
25 26
25 28
25 29
25 32
25 34
25 36
25 37
25 38
25 39
25 40
25 42
25 44
25 45
25 50
25 51
25 54
25 55
25 56
25 57
25 59
25 60
25 61
25 63
25 64
25 66
25 67
25 68
25 69
25 70
25 71
25 72
25 73
25 75
25 76
25 77
25 81
25 87
25 88
25 89
25 90
25 92
25 93
25 94
25 95
25 96
25 97
25 98
25 99
25 100
25 101
25 102
25 103
25 104
25 105
25 106
25 108
25 109
25 110
25 112
25 113
25 114
25 115
25 117
25 118
25 120
25 122
25 125
25 126
25 128
25 129
25 130
25 131
25 132
25 133
25 134
25 138
25 142
25 146
25 147
25 151
25 152
25 154
25 157
25 158
25 161
26 27
26 29
26 31
26 32
26 35
26 36
26 37
26 38
26 42
26 43
26 44
26 45
26 46
26 48
26 49
26 50
26 51
26 54
26 55
26 56
26 57
26 59
26 60
26 62
26 63
26 64
26 65
26 66
26 67
26 68
26 69
26 70
26 72
26 73
26 74
26 75
26 76
26 77
26 79
26 80
26 82
26 83
26 84
26 85
26 86
26 87
26 88
26 89
26 91
26 94
26 95
26 96
26 97
26 98
26 99
26 101
26 102
26 104
26 105
26 106
26 107
26 108
26 109
26 111
26 112
26 113
26 114
26 115
26 116
26 117
26 118
26 122
26 124
26 125
26 128
26 129
26 130
26 131
26 132
26 133
26 134
26 135
26 137
26 138
26 139
26 142
26 146
26 147
26 149
26 150
26 151
26 152
26 153
26 154
26 155
26 157
26 158
26 161
27 31
27 32
27 34
27 37
27 40
27 42
27 43
27 49
27 52
27 54
27 56
27 67
27 70
27 74
27 118
27 134
27 138
27 139
27 143
27 150
27 152
27 154
28 30
28 32
28 34
28 35
28 43
28 44
28 45
28 46
28 49
28 50
28 53
28 54
28 55
28 60
28 61
28 63
28 65
28 68
28 69
28 70
28 72
28 74
28 75
28 78
28 79
28 80
28 83
28 84
28 86
28 89
28 90
28 94
28 97
28 99
28 101
28 102
28 103
28 105
28 107
28 108
28 115
28 116
28 117
28 125
28 127
28 129
28 133
28 135
28 137
28 142
28 146
28 148
28 152
28 153
28 154
28 155
28 158
29 35
29 36
29 40
29 41
29 44
29 51
29 52
29 54
29 68
29 69
29 70
29 71
29 74
29 79
29 80
29 84
29 86
29 87
29 89
29 91
29 93
29 94
29 97
29 101
29 106
29 112
29 113
29 115
29 117
29 118
29 127
29 131
29 134
29 136
29 137
29 138
29 140
29 141
29 145
29 146
29 151
29 152
29 154
29 157
30 31
30 32
30 36
30 37
30 38
30 39
30 40
30 41
30 44
30 45
30 49
30 50
30 51
30 52
30 53
30 59
30 61
30 64
30 65
30 66
30 67
30 68
30 69
30 70
30 71
30 72
30 73
30 74
30 75
30 76
30 79
30 81
30 83
30 84
30 85
30 87
30 92
30 94
30 95
30 97
30 99
30 100
30 101
30 102
30 103
30 104
30 105
30 106
30 107
30 108
30 109
30 112
30 113
30 114
30 115
30 116
30 117
30 118
30 119
30 120
30 125
30 126
30 127
30 129
30 130
30 133
30 134
30 135
30 138
30 139
30 141
30 142
30 144
30 145
30 146
30 148
30 149
30 150
30 151
30 153
30 154
30 155
30 158
30 159
30 161
31 32
31 34
31 35
31 36
31 37
31 38
31 39
31 40
31 41
31 42
31 43
31 44
31 45
31 46
31 49
31 50
31 51
31 52
31 53
31 54
31 55
31 56
31 58
31 59
31 63
31 64
31 65
31 66
31 67
31 68
31 69
31 72
31 73
31 74
31 76
31 77
31 79
31 80
31 81
31 83
31 84
31 85
31 87
31 88
31 89
31 90
31 91
31 92
31 94
31 96
31 98
31 99
31 100
31 101
31 102
31 103
31 105
31 107
31 108
31 109
31 111
31 112
31 113
31 114
31 115
31 116
31 117
31 118
31 122
31 124
31 125
31 126
31 127
31 128
31 129
31 131
31 133
31 134
31 135
31 136
31 137
31 138
31 139
31 141
31 144
31 146
31 147
31 148
31 149
31 151
31 152
31 153
31 154
31 155
31 157
31 158
31 159
31 160
31 161
32 34
32 35
32 38
32 39
32 40
32 41
32 42
32 43
32 44
32 45
32 49
32 51
32 52
32 53
32 54
32 55
32 56
32 58
32 59
32 60
32 61
32 64
32 65
32 66
32 67
32 68
32 69
32 71
32 72
32 73
32 74
32 75
32 76
32 77
32 79
32 80
32 82
32 83
32 84
32 85
32 86
32 87
32 88
32 89
32 90
32 91
32 92
32 94
32 95
32 97
32 98
32 99
32 100
32 102
32 103
32 105
32 106
32 107
32 108
32 109
32 110
32 111
32 112
32 113
32 114
32 117
32 118
32 120
32 121
32 125
32 128
32 129
32 130
32 131
32 133
32 134
32 135
32 136
32 137
32 138
32 140
32 141
32 142
32 143
32 145
32 146
32 147
32 150
32 151
32 152
32 153
32 154
32 156
32 157
32 158
32 160
32 161
33 35
33 47
33 56
33 61
33 63
33 64
33 65
33 67
33 68
33 70
33 71
33 74
33 83
33 84
33 89
33 92
33 94
33 97
33 99
33 102
33 108
33 109
33 114
33 117
33 118
33 129
33 138
33 143
33 147
33 151
33 152
33 153
34 35
34 38
34 39
34 40
34 43
34 44
34 47
34 51
34 52
34 53
34 54
34 55
34 58
34 64
34 67
34 68
34 69
34 70
34 74
34 75
34 76
34 77
34 79
34 81
34 84
34 86
34 87
34 89
34 90
34 92
34 93
34 94
34 97
34 98
34 101
34 106
34 108
34 109
34 110
34 111
34 113
34 115
34 117
34 118
34 125
34 127
34 129
34 130
34 131
34 134
34 137
34 138
34 139
34 141
34 142
34 146
34 149
34 151
34 153
34 161
35 36
35 39
35 40
35 41
35 42
35 44
35 45
35 49
35 50
35 51
35 53
35 54
35 56
35 59
35 61
35 62
35 64
35 66
35 67
35 68
35 71
35 72
35 73
35 74
35 75
35 77
35 79
35 80
35 81
35 83
35 84
35 86
35 89
35 93
35 94
35 95
35 97
35 98
35 99
35 101
35 102
35 106
35 107
35 108
35 109
35 112
35 114
35 115
35 116
35 118
35 119
35 122
35 126
35 129
35 130
35 131
35 133
35 134
35 135
35 136
35 137
35 138
35 142
35 143
35 147
35 149
35 150
35 152
35 153
35 154
35 158
36 37
36 38
36 39
36 40
36 43
36 44
36 45
36 49
36 50
36 52
36 54
36 56
36 58
36 60
36 63
36 64
36 65
36 66
36 67
36 68
36 69
36 70
36 71
36 72
36 73
36 74
36 76
36 79
36 80
36 82
36 83
36 85
36 86
36 87
36 89
36 92
36 97
36 98
36 102
36 108
36 111
36 113
36 114
36 115
36 117
36 118
36 122
36 125
36 126
36 127
36 129
36 130
36 131
36 132
36 133
36 134
36 138
36 140
36 141
36 142
36 143
36 145
36 146
36 147
36 148
36 150
36 151
36 152
36 153
36 154
36 158
36 160
36 161
37 39
37 42
37 45
37 49
37 50
37 52
37 53
37 54
37 55
37 56
37 58
37 59
37 60
37 64
37 65
37 66
37 68
37 69
37 70
37 72
37 74
37 75
37 77
37 79
37 80
37 82
37 89
37 93
37 94
37 97
37 100
37 101
37 106
37 112
37 114
37 116
37 118
37 120
37 122
37 125
37 128
37 129
37 131
37 133
37 134
37 135
37 137
37 138
37 139
37 141
37 142
37 143
37 145
37 149
37 150
37 152
37 153
37 154
37 157
37 158
37 160
38 39
38 40
38 44
38 45
38 46
38 48
38 54
38 56
38 57
38 58
38 59
38 60
38 62
38 64
38 65
38 66
38 67
38 68
38 69
38 70
38 72
38 73
38 75
38 76
38 77
38 79
38 80
38 87
38 88
38 89
38 91
38 92
38 93
38 94
38 96
38 97
38 99
38 100
38 101
38 102
38 103
38 105
38 106
38 108
38 110
38 111
38 112
38 113
38 114
38 115
38 116
38 117
38 119
38 120
38 126
38 127
38 129
38 130
38 131
38 133
38 136
38 137
38 138
38 142
38 143
38 150
38 151
38 154
38 158
38 160
38 161
39 43
39 44
39 45
39 51
39 52
39 54
39 58
39 66
39 68
39 70
39 71
39 72
39 73
39 74
39 76
39 79
39 80
39 81
39 82
39 84
39 86
39 87
39 92
39 94
39 97
39 101
39 105
39 106
39 107
39 108
39 109
39 112
39 113
39 114
39 115
39 117
39 125
39 129
39 133
39 134
39 137
39 138
39 139
39 142
39 144
39 146
39 147
39 151
39 152
39 155
39 157
39 158
39 159
39 160
40 41
40 43
40 44
40 45
40 46
40 47
40 49
40 52
40 55
40 56
40 58
40 61
40 63
40 64
40 65
40 67
40 68
40 69
40 71
40 72
40 73
40 74
40 75
40 77
40 79
40 80
40 81
40 83
40 84
40 86
40 87
40 89
40 90
40 91
40 92
40 94
40 96
40 97
40 99
40 100
40 101
40 102
40 104
40 105
40 106
40 108
40 109
40 110
40 111
40 114
40 115
40 117
40 118
40 119
40 125
40 126
40 128
40 129
40 130
40 131
40 133
40 134
40 135
40 137
40 138
40 140
40 141
40 142
40 143
40 145
40 146
40 147
40 148
40 149
40 150
40 151
40 152
40 153
40 154
40 155
40 156
40 158
40 159
40 160
40 161
41 43
41 44
41 45
41 46
41 51
41 54
41 55
41 63
41 64
41 65
41 66
41 68
41 70
41 74
41 79
41 81
41 82
41 84
41 89
41 97
41 99
41 103
41 108
41 109
41 112
41 115
41 118
41 125
41 128
41 129
41 133
41 135
41 142
41 147
41 151
41 152
41 158
41 159
42 44
42 45
42 48
42 51
42 53
42 54
42 57
42 58
42 63
42 71
42 72
42 74
42 75
42 76
42 77
42 79
42 82
42 83
42 85
42 86
42 87
42 92
42 95
42 96
42 97
42 100
42 105
42 106
42 108
42 109
42 112
42 115
42 117
42 129
42 133
42 134
42 137
42 142
42 143
42 144
42 146
42 149
42 150
42 152
42 153
42 154
42 158
42 161
43 44
43 45
43 46
43 49
43 50
43 51
43 53
43 56
43 58
43 62
43 64
43 68
43 69
43 70
43 71
43 72
43 74
43 75
43 76
43 79
43 80
43 82
43 84
43 87
43 92
43 97
43 98
43 99
43 100
43 101
43 102
43 105
43 108
43 109
43 112
43 113
43 114
43 115
43 116
43 117
43 118
43 119
43 124
43 125
43 126
43 127
43 130
43 131
43 133
43 134
43 137
43 138
43 142
43 147
43 149
43 150
43 151
43 152
43 154
43 158
43 159
43 160
43 161
44 45
44 46
44 48
44 49
44 50
44 51
44 53
44 56
44 58
44 59
44 61
44 63
44 64
44 65
44 66
44 67
44 68
44 69
44 70
44 71
44 72
44 73
44 74
44 75
44 77
44 83
44 84
44 87
44 88
44 89
44 93
44 94
44 98
44 100
44 101
44 102
44 103
44 106
44 107
44 108
44 109
44 113
44 115
44 117
44 118
44 122
44 125
44 127
44 129
44 130
44 131
44 133
44 136
44 137
44 138
44 141
44 142
44 143
44 145
44 146
44 147
44 150
44 151
44 152
44 153
44 154
44 157
44 158
44 161
45 46
45 49
45 50
45 51
45 52
45 53
45 54
45 55
45 56
45 58
45 59
45 60
45 61
45 62
45 63
45 64
45 67
45 68
45 69
45 72
45 73
45 74
45 77
45 79
45 80
45 81
45 83
45 84
45 86
45 87
45 88
45 89
45 90
45 92
45 93
45 94
45 97
45 99
45 100
45 101
45 102
45 103
45 105
45 106
45 107
45 108
45 109
45 110
45 111
45 113
45 114
45 115
45 116
45 117
45 119
45 120
45 122
45 123
45 124
45 126
45 128
45 129
45 130
45 131
45 132
45 133
45 134
45 135
45 136
45 137
45 138
45 139
45 141
45 142
45 144
45 145
45 146
45 147
45 149
45 151
45 152
45 154
45 155
45 156
45 157
45 158
46 48
46 49
46 50
46 51
46 52
46 53
46 54
46 55
46 56
46 58
46 63
46 64
46 65
46 66
46 67
46 68
46 69
46 71
46 72
46 74
46 79
46 80
46 82
46 83
46 86
46 88
46 89
46 94
46 96
46 101
46 107
46 108
46 109
46 110
46 112
46 113
46 115
46 118
46 125
46 129
46 130
46 132
46 133
46 136
46 137
46 139
46 143
46 146
46 147
46 150
46 151
46 152
46 154
46 155
46 157
46 158
46 160
46 161
47 51
47 55
47 56
47 65
47 71
47 72
47 74
47 87
47 92
47 94
47 99
47 101
47 108
47 109
47 112
47 116
47 117
47 118
47 129
47 130
47 137
47 138
47 150
47 157
47 158
47 159
48 51
48 59
48 64
48 66
48 67
48 68
48 70
48 74
48 75
48 79
48 86
48 91
48 93
48 94
48 98
48 99
48 100
48 101
48 104
48 105
48 108
48 113
48 114
48 115
48 118
48 119
48 127
48 129
48 131
48 133
48 134
48 142
48 148
48 153
48 154
48 158
49 50
49 51
49 52
49 53
49 54
49 55
49 56
49 57
49 58
49 63
49 64
49 65
49 66
49 68
49 69
49 70
49 71
49 72
49 73
49 74
49 75
49 76
49 77
49 79
49 81
49 83
49 84
49 86
49 87
49 88
49 89
49 90
49 91
49 92
49 94
49 96
49 97
49 98
49 100
49 102
49 104
49 105
49 106
49 107
49 108
49 109
49 110
49 112
49 113
49 114
49 115
49 117
49 118
49 119
49 120
49 125
49 126
49 129
49 131
49 133
49 134
49 136
49 137
49 138
49 139
49 140
49 142
49 143
49 145
49 147
49 149
49 150
49 151
49 153
49 154
49 157
49 158
49 161
50 53
50 54
50 55
50 56
50 57
50 59
50 65
50 67
50 68
50 70
50 71
50 72
50 75
50 80
50 82
50 83
50 87
50 88
50 91
50 93
50 94
50 96
50 97
50 99
50 100
50 101
50 102
50 103
50 106
50 107
50 108
50 109
50 110
50 111
50 112
50 113
50 114
50 115
50 117
50 119
50 120
50 125
50 129
50 131
50 133
50 134
50 135
50 136
50 142
50 145
50 150
50 153
50 154
50 155
50 157
50 159
50 160
50 161
51 52
51 53
51 54
51 55
51 56
51 57
51 58
51 60
51 61
51 63
51 64
51 65
51 66
51 67
51 68
51 70
51 71
51 72
51 73
51 74
51 75
51 76
51 77
51 79
51 80
51 81
51 82
51 84
51 85
51 86
51 89
51 91
51 92
51 93
51 94
51 95
51 96
51 98
51 99
51 102
51 103
51 104
51 106
51 107
51 108
51 109
51 110
51 111
51 112
51 113
51 114
51 116
51 117
51 118
51 120
51 125
51 126
51 127
51 128
51 129
51 130
51 131
51 132
51 133
51 134
51 135
51 136
51 137
51 138
51 139
51 140
51 141
51 143
51 144
51 145
51 146
51 147
51 149
51 150
51 151
51 152
51 153
51 154
51 155
51 157
51 158
51 159
51 160
51 161
52 54
52 55
52 58
52 59
52 63
52 64
52 65
52 66
52 68
52 69
52 70
52 71
52 72
52 73
52 74
52 76
52 79
52 80
52 82
52 85
52 86
52 88
52 90
52 94
52 95
52 97
52 102
52 105
52 106
52 107
52 108
52 109
52 112
52 113
52 115
52 117
52 118
52 126
52 131
52 133
52 134
52 136
52 137
52 138
52 139
52 148
52 152
52 154
52 157
53 54
53 55
53 56
53 58
53 59
53 61
53 64
53 65
53 69
53 71
53 72
53 73
53 74
53 79
53 80
53 82
53 84
53 86
53 87
53 88
53 91
53 94
53 104
53 106
53 108
53 109
53 111
53 112
53 115
53 117
53 122
53 125
53 129
53 130
53 131
53 135
53 138
53 139
53 142
53 143
53 146
53 147
53 149
53 151
53 153
53 154
53 158
53 160
54 55
54 56
54 57
54 58
54 59
54 60
54 61
54 63
54 64
54 65
54 66
54 67
54 68
54 69
54 70
54 71
54 72
54 73
54 74
54 75
54 77
54 78
54 79
54 80
54 81
54 83
54 84
54 85
54 86
54 87
54 89
54 91
54 93
54 97
54 99
54 101
54 102
54 104
54 105
54 106
54 108
54 109
54 110
54 112
54 113
54 114
54 115
54 116
54 117
54 119
54 120
54 121
54 122
54 123
54 125
54 126
54 129
54 130
54 131
54 133
54 134
54 137
54 138
54 139
54 140
54 141
54 142
54 143
54 145
54 146
54 147
54 148
54 149
54 150
54 151
54 152
54 153
54 154
54 155
54 156
54 157
54 158
54 161
55 56
55 57
55 58
55 65
55 66
55 68
55 69
55 70
55 72
55 73
55 74
55 75
55 76
55 79
55 81
55 83
55 84
55 86
55 87
55 89
55 91
55 93
55 94
55 95
55 98
55 99
55 101
55 102
55 104
55 106
55 107
55 108
55 109
55 110
55 113
55 115
55 117
55 118
55 119
55 120
55 125
55 126
55 128
55 129
55 131
55 133
55 134
55 135
55 137
55 138
55 139
55 140
55 141
55 142
55 143
55 144
55 146
55 147
55 151
55 153
55 154
55 158
55 161
56 58
56 59
56 61
56 63
56 64
56 65
56 66
56 67
56 68
56 69
56 70
56 71
56 73
56 75
56 77
56 79
56 80
56 81
56 83
56 84
56 86
56 87
56 88
56 89
56 94
56 95
56 96
56 97
56 100
56 102
56 104
56 105
56 106
56 107
56 108
56 109
56 110
56 111
56 112
56 113
56 114
56 115
56 116
56 117
56 118
56 119
56 121
56 123
56 125
56 126
56 128
56 129
56 130
56 131
56 132
56 133
56 135
56 136
56 137
56 138
56 139
56 141
56 142
56 143
56 145
56 146
56 147
56 148
56 149
56 150
56 151
56 152
56 154
56 155
56 158
56 159
56 161
57 58
57 61
57 64
57 65
57 67
57 68
57 69
57 70
57 72
57 73
57 79
57 81
57 83
57 88
57 89
57 90
57 94
57 101
57 104
57 106
57 113
57 114
57 115
57 117
57 118
57 121
57 125
57 127
57 128
57 129
57 131
57 133
57 148
57 151
57 152
57 154
57 158
57 160
58 62
58 63
58 64
58 65
58 66
58 67
58 68
58 69
58 70
58 71
58 72
58 76
58 77
58 79
58 80
58 84
58 85
58 89
58 90
58 93
58 97
58 98
58 99
58 102
58 104
58 105
58 106
58 108
58 109
58 110
58 113
58 114
58 115
58 117
58 118
58 121
58 125
58 129
58 130
58 131
58 134
58 137
58 138
58 141
58 142
58 145
58 147
58 150
58 154
58 157
58 158
58 159
58 160
59 62
59 64
59 65
59 66
59 68
59 69
59 70
59 71
59 72
59 74
59 80
59 84
59 87
59 89
59 90
59 101
59 102
59 103
59 105
59 106
59 108
59 109
59 110
59 113
59 114
59 116
59 117
59 123
59 127
59 129
59 130
59 131
59 133
59 134
59 136
59 137
59 138
59 147
59 149
59 151
59 152
59 154
59 159
59 161
60 63
60 64
60 67
60 68
60 72
60 73
60 74
60 75
60 79
60 84
60 87
60 89
60 97
60 106
60 108
60 109
60 114
60 115
60 117
60 125
60 127
60 129
60 141
60 142
60 143
60 146
60 148
60 150
60 152
60 153
60 157
60 159
61 62
61 63
61 64
61 65
61 67
61 69
61 71
61 72
61 73
61 74
61 79
61 80
61 82
61 85
61 88
61 89
61 90
61 91
61 94
61 95
61 97
61 100
61 101
61 102
61 106
61 108
61 109
61 112
61 113
61 114
61 115
61 117
61 118
61 125
61 126
61 129
61 131
61 133
61 134
61 136
61 137
61 138
61 139
61 140
61 142
61 145
61 150
61 152
61 153
61 154
61 157
61 158
62 64
62 68
62 69
62 73
62 77
62 79
62 83
62 87
62 92
62 99
62 100
62 101
62 102
62 103
62 105
62 106
62 107
62 108
62 113
62 115
62 120
62 126
62 130
62 133
62 135
62 138
62 141
62 142
62 145
62 146
62 147
62 149
62 154
62 157
62 158
63 64
63 67
63 70
63 71
63 72
63 73
63 74
63 75
63 76
63 79
63 82
63 83
63 87
63 88
63 89
63 92
63 94
63 95
63 97
63 98
63 99
63 101
63 102
63 106
63 107
63 108
63 109
63 112
63 113
63 114
63 115
63 117
63 118
63 120
63 122
63 125
63 126
63 127
63 128
63 131
63 134
63 137
63 139
63 140
63 142
63 143
63 147
63 148
63 151
63 152
63 153
63 154
63 155
63 157
63 159
63 160
63 161
64 65
64 66
64 67
64 68
64 69
64 70
64 71
64 72
64 73
64 74
64 75
64 77
64 79
64 83
64 85
64 88
64 89
64 91
64 92
64 93
64 95
64 97
64 98
64 99
64 101
64 102
64 103
64 104
64 105
64 106
64 108
64 109
64 111
64 112
64 113
64 114
64 115
64 116
64 117
64 118
64 121
64 126
64 128
64 129
64 130
64 131
64 133
64 134
64 135
64 138
64 140
64 141
64 142
64 143
64 144
64 145
64 146
64 148
64 149
64 150
64 151
64 152
64 153
64 154
64 157
64 158
65 67
65 68
65 69
65 70
65 71
65 72
65 73
65 74
65 76
65 77
65 79
65 80
65 81
65 82
65 83
65 84
65 86
65 87
65 88
65 89
65 91
65 92
65 93
65 94
65 97
65 98
65 99
65 100
65 101
65 102
65 103
65 105
65 106
65 108
65 109
65 110
65 112
65 113
65 114
65 115
65 116
65 117
65 118
65 119
65 121
65 123
65 124
65 125
65 126
65 128
65 129
65 130
65 133
65 137
65 138
65 145
65 147
65 148
65 149
65 150
65 151
65 152
65 153
65 154
65 155
65 157
65 158
65 159
65 161
66 67
66 68
66 69
66 72
66 73
66 74
66 76
66 77
66 78
66 79
66 80
66 83
66 84
66 86
66 87
66 88
66 89
66 91
66 93
66 94
66 97
66 98
66 101
66 102
66 103
66 104
66 105
66 106
66 107
66 108
66 109
66 112
66 114
66 115
66 116
66 117
66 120
66 121
66 125
66 126
66 128
66 129
66 131
66 132
66 133
66 134
66 136
66 137
66 138
66 139
66 140
66 141
66 142
66 143
66 145
66 147
66 148
66 149
66 150
66 152
66 153
66 154
66 158
66 159
66 160
66 161
67 68
67 69
67 70
67 71
67 72
67 73
67 74
67 75
67 76
67 77
67 79
67 80
67 82
67 83
67 84
67 86
67 87
67 88
67 89
67 90
67 91
67 92
67 93
67 94
67 96
67 97
67 101
67 102
67 103
67 105
67 106
67 108
67 109
67 110
67 112
67 113
67 115
67 116
67 117
67 118
67 119
67 121
67 122
67 124
67 125
67 126
67 127
67 128
67 131
67 132
67 133
67 136
67 137
67 138
67 139
67 140
67 142
67 143
67 145
67 146
67 147
67 148
67 149
67 150
67 151
67 152
67 153
67 154
67 155
67 157
67 158
67 161
68 69
68 70
68 71
68 72
68 73
68 74
68 76
68 77
68 80
68 82
68 83
68 84
68 86
68 87
68 88
68 89
68 90
68 91
68 92
68 93
68 94
68 95
68 98
68 99
68 101
68 102
68 103
68 104
68 105
68 106
68 107
68 108
68 110
68 112
68 114
68 115
68 117
68 118
68 119
68 120
68 121
68 125
68 126
68 127
68 128
68 129
68 130
68 131
68 133
68 134
68 135
68 136
68 137
68 138
68 140
68 142
68 144
68 146
68 147
68 148
68 150
68 151
68 152
68 153
68 154
68 155
68 157
68 158
68 159
68 160
68 161
69 70
69 71
69 73
69 74
69 76
69 77
69 80
69 81
69 82
69 83
69 84
69 86
69 87
69 89
69 90
69 91
69 93
69 94
69 95
69 97
69 100
69 101
69 102
69 103
69 104
69 106
69 107
69 108
69 109
69 112
69 113
69 115
69 117
69 121
69 123
69 126
69 127
69 128
69 129
69 132
69 133
69 134
69 135
69 136
69 139
69 141
69 142
69 145
69 146
69 147
69 149
69 150
69 151
69 152
69 153
69 154
69 157
69 158
69 159
69 160
69 161
70 72
70 73
70 74
70 75
70 79
70 80
70 82
70 83
70 84
70 85
70 86
70 87
70 89
70 90
70 91
70 92
70 93
70 94
70 97
70 99
70 101
70 102
70 103
70 105
70 106
70 107
70 108
70 110
70 111
70 112
70 114
70 115
70 116
70 117
70 118
70 119
70 121
70 125
70 126
70 128
70 129
70 130
70 131
70 132
70 133
70 134
70 135
70 136
70 137
70 138
70 139
70 141
70 142
70 144
70 145
70 146
70 147
70 150
70 151
70 152
70 154
70 155
70 156
70 157
70 158
70 159
70 160
70 161
71 72
71 73
71 74
71 77
71 79
71 80
71 82
71 83
71 88
71 89
71 90
71 92
71 93
71 94
71 96
71 97
71 98
71 100
71 101
71 102
71 106
71 107
71 108
71 110
71 113
71 114
71 115
71 117
71 118
71 119
71 120
71 124
71 125
71 126
71 127
71 128
71 129
71 130
71 131
71 132
71 133
71 134
71 135
71 136
71 137
71 138
71 139
71 141
71 142
71 143
71 144
71 145
71 146
71 147
71 150
71 151
71 152
71 153
71 158
71 159
71 160
71 161
72 73
72 74
72 75
72 77
72 78
72 79
72 80
72 81
72 83
72 85
72 86
72 87
72 88
72 89
72 92
72 93
72 94
72 95
72 96
72 97
72 98
72 99
72 100
72 102
72 104
72 105
72 107
72 108
72 109
72 110
72 111
72 112
72 113
72 114
72 115
72 117
72 118
72 119
72 123
72 124
72 125
72 126
72 128
72 129
72 130
72 131
72 133
72 134
72 135
72 136
72 137
72 138
72 139
72 140
72 141
72 143
72 148
72 150
72 151
72 152
72 154
72 155
72 157
72 158
72 159
72 160
72 161
73 75
73 76
73 77
73 79
73 80
73 83
73 84
73 86
73 87
73 88
73 89
73 90
73 91
73 93
73 97
73 99
73 101
73 102
73 103
73 105
73 109
73 110
73 112
73 116
73 117
73 118
73 125
73 126
73 128
73 129
73 130
73 131
73 133
73 134
73 135
73 136
73 137
73 138
73 140
73 141
73 142
73 145
73 147
73 149
73 150
73 151
73 153
73 154
73 157
73 158
73 160
73 161
74 75
74 76
74 77
74 78
74 79
74 80
74 82
74 84
74 86
74 87
74 88
74 89
74 90
74 93
74 94
74 95
74 96
74 97
74 100
74 101
74 102
74 104
74 106
74 107
74 108
74 109
74 110
74 111
74 112
74 113
74 114
74 115
74 116
74 117
74 118
74 119
74 122
74 124
74 125
74 128
74 129
74 130
74 131
74 134
74 137
74 138
74 139
74 140
74 141
74 142
74 143
74 144
74 146
74 147
74 148
74 149
74 150
74 151
74 152
74 153
74 155
74 156
74 157
74 158
74 160
74 161
75 77
75 79
75 84
75 85
75 86
75 87
75 88
75 89
75 98
75 99
75 100
75 101
75 102
75 106
75 108
75 109
75 112
75 113
75 114
75 115
75 116
75 117
75 122
75 124
75 129
75 130
75 131
75 133
75 134
75 135
75 136
75 138
75 139
75 141
75 142
75 143
75 144
75 146
75 150
75 151
75 154
75 157
75 158
75 160
76 77
76 79
76 80
76 82
76 86
76 90
76 93
76 97
76 98
76 108
76 109
76 112
76 114
76 117
76 118
76 131
76 133
76 134
76 138
76 142
76 143
76 146
76 151
76 152
76 154
76 157
76 159
76 160
77 79
77 84
77 91
77 93
77 94
77 98
77 99
77 100
77 101
77 102
77 106
77 107
77 108
77 109
77 111
77 113
77 114
77 116
77 119
77 125
77 126
77 127
77 129
77 131
77 134
77 137
77 138
77 141
77 142
77 143
77 144
77 145
77 146
77 148
77 149
77 150
77 152
77 153
77 154
77 157
77 158
77 160
78 89
78 101
78 109
78 111
78 118
78 124
78 128
78 142
78 153
79 81
79 82
79 83
79 84
79 85
79 89
79 90
79 91
79 92
79 93
79 94
79 95
79 96
79 98
79 99
79 100
79 101
79 102
79 104
79 105
79 106
79 107
79 109
79 110
79 111
79 112
79 113
79 114
79 116
79 117
79 118
79 121
79 125
79 127
79 128
79 129
79 130
79 131
79 133
79 134
79 136
79 139
79 140
79 141
79 142
79 143
79 145
79 146
79 147
79 149
79 150
79 151
79 152
79 153
79 154
79 155
79 157
79 158
79 160
80 83
80 84
80 87
80 88
80 89
80 91
80 93
80 94
80 96
80 98
80 101
80 106
80 109
80 111
80 113
80 114
80 115
80 117
80 118
80 120
80 121
80 125
80 126
80 128
80 129
80 131
80 133
80 134
80 135
80 138
80 140
80 141
80 142
80 143
80 144
80 146
80 147
80 148
80 149
80 150
80 151
80 152
80 154
80 157
80 158
80 160
80 161
81 82
81 89
81 93
81 94
81 106
81 107
81 113
81 114
81 119
81 124
81 125
81 129
81 133
81 134
81 135
81 136
81 137
81 142
81 152
81 153
81 154
81 157
82 86
82 91
82 92
82 99
82 101
82 103
82 105
82 107
82 109
82 113
82 115
82 117
82 119
82 120
82 125
82 129
82 131
82 137
82 138
82 141
82 142
82 147
82 152
82 153
82 155
82 159
82 161
83 84
83 85
83 87
83 89
83 92
83 94
83 96
83 98
83 101
83 102
83 105
83 107
83 109
83 111
83 113
83 114
83 115
83 117
83 126
83 129
83 130
83 133
83 134
83 137
83 139
83 141
83 142
83 146
83 147
83 152
83 153
83 154
83 157
83 158
83 161
84 85
84 91
84 92
84 94
84 95
84 96
84 97
84 99
84 100
84 101
84 102
84 106
84 108
84 110
84 111
84 112
84 113
84 115
84 116
84 117
84 118
84 119
84 125
84 126
84 127
84 128
84 129
84 131
84 133
84 137
84 138
84 139
84 142
84 145
84 148
84 149
84 150
84 151
84 152
84 154
84 156
84 157
84 159
84 161
85 86
85 90
85 91
85 99
85 102
85 106
85 107
85 109
85 111
85 112
85 113
85 114
85 118
85 125
85 130
85 134
85 138
85 145
85 146
85 149
85 152
85 154
85 157
86 87
86 89
86 91
86 92
86 94
86 96
86 97
86 98
86 101
86 102
86 104
86 106
86 112
86 114
86 115
86 116
86 123
86 128
86 129
86 130
86 131
86 133
86 135
86 137
86 139
86 145
86 146
86 148
86 151
86 154
86 157
86 158
86 159
86 161
87 92
87 94
87 97
87 100
87 101
87 102
87 103
87 105
87 106
87 109
87 113
87 115
87 117
87 118
87 125
87 129
87 131
87 133
87 134
87 136
87 138
87 140
87 145
87 147
87 148
87 149
87 151
87 152
87 157
87 158
87 159
87 161
88 89
88 93
88 94
88 98
88 99
88 101
88 103
88 105
88 106
88 108
88 109
88 111
88 113
88 114
88 115
88 116
88 118
88 120
88 122
88 125
88 128
88 129
88 130
88 133
88 134
88 137
88 139
88 140
88 141
88 142
88 146
88 149
88 151
88 152
88 153
88 158
88 160
89 91
89 92
89 93
89 94
89 96
89 97
89 98
89 99
89 100
89 102
89 103
89 104
89 105
89 106
89 107
89 108
89 109
89 110
89 112
89 113
89 114
89 115
89 116
89 117
89 118
89 119
89 122
89 124
89 125
89 127
89 128
89 129
89 130
89 131
89 132
89 133
89 134
89 135
89 136
89 137
89 138
89 139
89 140
89 141
89 142
89 144
89 145
89 146
89 147
89 149
89 150
89 151
89 152
89 153
89 154
89 155
89 157
89 158
89 159
89 160
89 161
90 97
90 102
90 108
90 114
90 118
90 120
90 123
90 126
90 129
90 130
90 137
90 138
90 142
90 150
90 152
90 154
90 158
91 92
91 93
91 94
91 95
91 96
91 98
91 100
91 101
91 102
91 106
91 108
91 109
91 112
91 113
91 115
91 117
91 118
91 125
91 127
91 128
91 129
91 130
91 131
91 133
91 137
91 138
91 139
91 141
91 142
91 143
91 145
91 146
91 148
91 150
91 151
91 155
91 160
91 161
92 97
92 101
92 102
92 103
92 109
92 113
92 114
92 115
92 118
92 129
92 130
92 131
92 137
92 138
92 139
92 141
92 142
92 147
92 149
92 154
92 157
92 160
92 161
93 94
93 95
93 97
93 99
93 101
93 104
93 105
93 106
93 107
93 112
93 113
93 114
93 115
93 117
93 118
93 120
93 126
93 128
93 130
93 131
93 134
93 135
93 137
93 138
93 142
93 143
93 146
93 147
93 149
93 150
93 151
93 152
93 153
93 155
93 157
93 158
94 95
94 97
94 100
94 101
94 102
94 103
94 105
94 106
94 107
94 108
94 109
94 110
94 111
94 112
94 113
94 114
94 115
94 116
94 117
94 119
94 120
94 121
94 122
94 124
94 125
94 128
94 129
94 130
94 131
94 132
94 133
94 134
94 136
94 137
94 138
94 141
94 142
94 143
94 145
94 146
94 148
94 149
94 150
94 151
94 152
94 154
94 155
94 157
94 158
94 159
94 161
95 97
95 103
95 104
95 108
95 113
95 114
95 115
95 117
95 118
95 129
95 130
95 132
95 133
95 134
95 138
95 146
95 151
95 154
95 158
96 97
96 101
96 102
96 105
96 110
96 112
96 113
96 114
96 118
96 126
96 129
96 130
96 131
96 140
96 146
96 147
96 151
96 152
96 154
96 157
97 101
97 102
97 106
97 107
97 108
97 109
97 112
97 113
97 114
97 116
97 117
97 118
97 119
97 120
97 121
97 125
97 128
97 129
97 130
97 131
97 133
97 135
97 136
97 138
97 139
97 142
97 143
97 147
97 148
97 149
97 151
97 154
97 155
97 156
97 157
97 159
97 161
98 99
98 101
98 102
98 103
98 106
98 108
98 112
98 113
98 115
98 116
98 117
98 118
98 120
98 127
98 129
98 131
98 133
98 134
98 137
98 138
98 140
98 141
98 142
98 143
98 145
98 146
98 147
98 149
98 150
98 151
98 152
98 154
98 158
98 161
99 102
99 105
99 106
99 108
99 109
99 113
99 114
99 115
99 118
99 119
99 123
99 125
99 128
99 131
99 133
99 134
99 136
99 137
99 138
99 141
99 142
99 145
99 146
99 147
99 149
99 151
99 154
99 157
99 161
100 101
100 102
100 103
100 108
100 109
100 110
100 111
100 112
100 117
100 118
100 125
100 126
100 129
100 131
100 133
100 134
100 135
100 137
100 138
100 139
100 142
100 147
100 149
100 150
100 151
100 152
100 153
100 154
100 157
100 158
101 102
101 104
101 105
101 106
101 107
101 108
101 111
101 112
101 113
101 114
101 115
101 116
101 118
101 119
101 120
101 121
101 122
101 124
101 125
101 126
101 128
101 130
101 131
101 132
101 133
101 134
101 135
101 136
101 137
101 138
101 139
101 142
101 143
101 144
101 145
101 146
101 147
101 149
101 150
101 151
101 152
101 153
101 154
101 155
101 156
101 157
101 158
101 159
101 161
102 103
102 106
102 107
102 109
102 112
102 113
102 114
102 115
102 117
102 118
102 125
102 126
102 127
102 129
102 130
102 131
102 132
102 133
102 134
102 135
102 136
102 137
102 138
102 142
102 143
102 145
102 146
102 147
102 148
102 149
102 150
102 151
102 152
102 153
102 154
102 155
102 157
102 158
102 161
103 105
103 106
103 108
103 112
103 113
103 115
103 118
103 124
103 125
103 126
103 134
103 136
103 138
103 141
103 145
103 146
103 147
103 154
103 157
103 158
104 106
104 107
104 108
104 112
104 113
104 114
104 115
104 117
104 125
104 127
104 129
104 131
104 133
104 135
104 137
104 141
104 149
104 150
104 152
104 153
104 154
104 155
104 156
104 157
105 107
105 108
105 109
105 110
105 111
105 112
105 113
105 114
105 116
105 117
105 118
105 119
105 126
105 129
105 130
105 131
105 133
105 134
105 135
105 136
105 138
105 141
105 145
105 147
105 150
105 151
105 153
105 154
105 155
105 156
105 157
106 108
106 109
106 110
106 111
106 112
106 113
106 114
106 115
106 116
106 117
106 118
106 119
106 120
106 124
106 125
106 126
106 127
106 128
106 129
106 130
106 131
106 133
106 134
106 135
106 136
106 137
106 138
106 141
106 142
106 143
106 144
106 145
106 147
106 148
106 149
106 150
106 151
106 152
106 153
106 155
106 157
106 158
106 159
106 160
106 161
107 108
107 111
107 112
107 113
107 114
107 115
107 116
107 117
107 118
107 122
107 125
107 126
107 129
107 130
107 131
107 135
107 136
107 137
107 139
107 141
107 142
107 147
107 150
107 152
107 153
107 154
107 157
107 158
107 161
108 110
108 111
108 113
108 114
108 115
108 117
108 118
108 120
108 121
108 122
108 125
108 126
108 127
108 128
108 129
108 130
108 131
108 133
108 134
108 136
108 137
108 138
108 139
108 141
108 142
108 143
108 145
108 146
108 150
108 151
108 152
108 153
108 154
108 157
108 158
108 160
108 161
109 111
109 113
109 114
109 115
109 116
109 118
109 120
109 122
109 123
109 124
109 125
109 126
109 127
109 129
109 130
109 131
109 133
109 134
109 135
109 136
109 137
109 138
109 141
109 142
109 145
109 146
109 147
109 149
109 151
109 152
109 153
109 154
109 155
109 157
109 158
109 159
109 160
110 115
110 118
110 125
110 127
110 129
110 131
110 133
110 134
110 136
110 140
110 142
110 147
110 149
110 152
110 154
110 157
110 158
110 159
110 160
110 161
111 112
111 113
111 114
111 115
111 116
111 118
111 121
111 124
111 126
111 129
111 131
111 133
111 134
111 135
111 137
111 138
111 139
111 140
111 141
111 142
111 146
111 147
111 149
111 150
111 151
111 152
111 153
111 154
111 158
112 113
112 114
112 115
112 117
112 118
112 124
112 127
112 129
112 130
112 131
112 133
112 134
112 135
112 137
112 138
112 139
112 140
112 141
112 142
112 143
112 144
112 146
112 147
112 149
112 150
112 151
112 152
112 153
112 154
112 157
112 158
112 160
112 161
113 114
113 115
113 117
113 118
113 125
113 129
113 130
113 131
113 133
113 134
113 136
113 137
113 138
113 140
113 141
113 142
113 143
113 145
113 146
113 147
113 150
113 151
113 152
113 153
113 154
113 155
113 156
113 158
113 161
114 115
114 116
114 117
114 125
114 128
114 129
114 130
114 131
114 133
114 134
114 136
114 137
114 138
114 139
114 140
114 141
114 142
114 143
114 146
114 148
114 149
114 150
114 151
114 152
114 153
114 154
114 155
114 157
114 158
114 159
115 116
115 117
115 118
115 119
115 122
115 124
115 125
115 126
115 128
115 129
115 130
115 131
115 132
115 133
115 134
115 135
115 136
115 137
115 138
115 139
115 142
115 143
115 144
115 145
115 146
115 147
115 148
115 149
115 150
115 151
115 153
115 154
115 155
115 157
115 158
115 159
115 161
116 117
116 121
116 122
116 124
116 125
116 128
116 129
116 134
116 135
116 137
116 138
116 146
116 147
116 149
116 150
116 152
116 153
116 154
116 155
116 159
117 118
117 120
117 121
117 122
117 125
117 129
117 130
117 131
117 133
117 134
117 135
117 136
117 137
117 138
117 139
117 142
117 143
117 145
117 146
117 147
117 149
117 151
117 152
117 153
117 154
117 155
117 157
117 159
117 160
117 161
118 119
118 120
118 123
118 125
118 126
118 128
118 130
118 132
118 133
118 134
118 135
118 137
118 138
118 140
118 142
118 143
118 144
118 145
118 146
118 147
118 148
118 149
118 150
118 151
118 152
118 154
118 157
118 158
118 159
118 160
118 161
119 125
119 129
119 133
119 134
119 137
119 138
119 142
119 145
119 152
119 154
119 155
119 157
119 161
120 121
120 122
120 131
120 133
120 137
120 138
120 139
120 142
120 146
120 158
121 128
121 129
121 130
121 134
121 135
121 142
121 150
121 152
121 157
122 125
122 131
122 133
122 134
122 142
122 146
122 147
122 150
122 152
122 157
122 161
123 125
123 133
123 137
123 138
123 139
123 147
123 150
124 125
124 133
124 135
124 137
124 150
124 152
124 159
124 160
125 126
125 127
125 131
125 133
125 134
125 136
125 137
125 138
125 139
125 140
125 141
125 142
125 143
125 146
125 147
125 148
125 150
125 151
125 152
125 153
125 154
125 155
125 156
125 158
125 161
126 127
126 129
126 130
126 131
126 132
126 134
126 138
126 139
126 142
126 143
126 145
126 148
126 150
126 151
126 153
126 155
126 157
126 158
126 161
127 129
127 130
127 131
127 133
127 137
127 142
127 143
127 146
127 149
127 150
127 151
127 152
127 157
127 158
127 159
128 130
128 131
128 133
128 134
128 135
128 136
128 137
128 139
128 143
128 146
128 150
128 154
128 155
128 157
128 158
128 160
128 161
129 131
129 133
129 135
129 137
129 138
129 139
129 140
129 141
129 142
129 145
129 146
129 147
129 149
129 151
129 152
129 154
129 155
129 157
129 158
129 161
130 131
130 133
130 134
130 136
130 138
130 140
130 142
130 145
130 147
130 151
130 152
130 154
130 155
130 157
130 158
131 132
131 133
131 135
131 136
131 137
131 138
131 139
131 140
131 142
131 143
131 145
131 146
131 147
131 148
131 151
131 153
131 154
131 155
131 156
131 157
131 158
131 160
131 161
132 133
132 139
132 142
132 147
133 134
133 135
133 136
133 138
133 139
133 140
133 142
133 143
133 145
133 146
133 147
133 148
133 149
133 150
133 151
133 153
133 154
133 156
133 157
133 158
133 159
133 160
133 161
134 135
134 136
134 137
134 138
134 139
134 140
134 141
134 142
134 145
134 146
134 147
134 148
134 149
134 151
134 152
134 154
134 155
134 156
134 157
134 158
134 159
134 160
134 161
135 136
135 137
135 138
135 139
135 141
135 145
135 146
135 147
135 148
135 152
135 153
135 154
135 155
135 158
135 161
136 137
136 138
136 140
136 142
136 143
136 145
136 147
136 150
136 151
136 152
136 154
136 155
136 157
136 158
136 161
137 138
137 139
137 141
137 142
137 145
137 146
137 147
137 149
137 150
137 151
137 152
137 153
137 155
137 158
137 159
137 160
137 161
138 139
138 140
138 142
138 145
138 146
138 147
138 150
138 151
138 152
138 153
138 154
138 155
138 157
138 158
138 159
138 160
138 161
139 142
139 146
139 147
139 149
139 150
139 151
139 153
139 154
139 157
139 159
139 160
139 161
140 141
140 142
140 143
140 150
140 151
140 157
140 161
141 142
141 146
141 147
141 148
141 150
141 151
141 152
141 153
141 158
141 159
141 160
141 161
142 144
142 145
142 146
142 147
142 148
142 149
142 150
142 151
142 153
142 154
142 156
142 158
142 159
142 161
143 146
143 147
143 148
143 149
143 150
143 151
143 153
143 154
143 157
143 158
144 146
144 154
144 158
144 161
145 146
145 147
145 149
145 150
145 151
145 152
145 158
145 160
145 161
146 147
146 149
146 150
146 151
146 152
146 153
146 154
146 157
147 149
147 150
147 152
147 153
147 154
147 155
147 156
147 160
147 161
148 149
148 150
148 152
148 154
148 161
149 152
149 154
149 155
149 157
149 158
149 159
149 160
150 151
150 152
150 154
150 158
150 161
151 152
151 154
151 155
151 157
151 158
151 159
151 160
151 161
152 153
152 154
152 155
152 157
152 158
152 159
152 160
152 161
153 154
153 157
153 158
153 160
153 161
154 155
154 156
154 157
154 158
154 160
154 161
155 158
155 159
156 158
157 158
157 159
157 161
158 159
158 160
158 161
159 161
