0 1
0 2
0 4
0 5
0 6
0 9
0 11
0 12
0 14
0 16
0 19
0 22
0 25
0 26
0 30
0 32
0 35
0 37
0 38
0 39
0 40
0 44
0 45
0 48
0 49
0 50
0 52
0 53
0 54
0 60
0 61
0 62
0 63
0 65
0 67
0 68
0 69
0 70
0 72
0 74
0 75
0 76
0 77
0 79
0 80
0 84
0 85
0 90
0 92
0 98
0 101
0 104
0 105
0 106
0 107
0 108
0 112
0 113
0 114
0 121
0 125
0 128
0 129
0 131
0 133
0 134
0 135
0 138
0 141
0 142
0 143
0 144
0 145
0 146
0 147
0 150
0 152
0 154
0 155
0 157
0 158
0 160
1 5
1 7
1 9
1 10
1 11
1 14
1 18
1 19
1 21
1 29
1 30
1 31
1 32
1 37
1 38
1 39
1 40
1 45
1 47
1 51
1 52
1 56
1 57
1 64
1 65
1 66
1 67
1 68
1 69
1 70
1 71
1 72
1 73
1 74
1 75
1 76
1 77
1 80
1 84
1 86
1 87
1 88
1 94
1 98
1 100
1 102
1 106
1 108
1 113
1 116
1 117
1 118
1 125
1 129
1 131
1 133
1 134
1 136
1 138
1 139
1 140
1 141
1 142
1 145
1 151
1 152
1 153
1 157
1 158
1 160
2 6
2 7
2 8
2 9
2 12
2 16
2 19
2 20
2 25
2 26
2 31
2 32
2 35
2 36
2 39
2 44
2 45
2 51
2 54
2 56
2 59
2 62
2 64
2 68
2 72
2 73
2 75
2 76
2 79
2 83
2 84
2 89
2 93
2 94
2 97
2 101
2 102
2 103
2 108
2 109
2 110
2 112
2 113
2 114
2 115
2 117
2 118
2 125
2 130
2 131
2 134
2 135
2 137
2 138
2 139
2 142
2 145
2 147
2 151
2 152
2 154
2 157
3 4
3 5
3 6
3 10
3 14
3 21
3 26
3 28
3 32
3 33
3 38
3 45
3 49
3 51
3 53
3 54
3 55
3 56
3 59
3 63
3 68
3 70
3 72
3 73
3 75
3 79
3 84
3 89
3 94
3 98
3 99
3 101
3 105
3 106
3 107
3 108
3 109
3 112
3 114
3 115
3 117
3 123
3 125
3 126
3 131
3 133
3 135
3 137
3 138
3 141
3 142
3 143
3 146
3 147
3 149
3 150
3 153
3 154
3 157
3 158
3 159
4 6
4 7
4 8
4 9
4 10
4 12
4 13
4 14
4 15
4 16
4 19
4 20
4 21
4 23
4 24
4 25
4 26
4 30
4 31
4 32
4 34
4 35
4 36
4 37
4 38
4 39
4 42
4 43
4 45
4 46
4 47
4 48
4 49
4 50
4 51
4 52
4 53
4 54
4 55
4 58
4 59
4 61
4 62
4 63
4 64
4 65
4 66
4 67
4 68
4 69
4 70
4 71
4 72
4 73
4 74
4 75
4 76
4 77
4 79
4 80
4 81
4 84
4 85
4 88
4 89
4 90
4 91
4 92
4 93
4 94
4 96
4 98
4 100
4 101
4 102
4 103
4 104
4 105
4 106
4 108
4 109
4 111
4 112
4 113
4 114
4 115
4 117
4 118
4 120
4 122
4 123
4 125
4 127
4 128
4 129
4 130
4 131
4 132
4 133
4 134
4 135
4 136
4 137
4 138
4 139
4 141
4 142
4 143
4 145
4 147
4 148
4 149
4 150
4 151
4 152
4 153
4 154
4 157
4 158
4 159
4 160
4 161
5 6
5 7
5 14
5 16
5 18
5 22
5 26
5 31
5 35
5 36
5 37
5 41
5 45
5 49
5 51
5 53
5 56
5 63
5 66
5 67
5 68
5 69
5 71
5 74
5 79
5 83
5 84
5 86
5 87
5 89
5 92
5 94
5 99
5 101
5 104
5 105
5 106
5 108
5 118
5 131
5 139
5 141
5 142
5 146
5 147
5 150
5 151
5 152
5 154
5 155
5 156
5 159
6 7
6 8
6 9
6 10
6 11
6 13
6 14
6 15
6 16
6 17
6 19
6 20
6 21
6 22
6 24
6 25
6 26
6 28
6 29
6 30
6 31
6 33
6 35
6 36
6 37
6 38
6 40
6 42
6 44
6 45
6 46
6 47
6 49
6 50
6 51
6 52
6 53
6 54
6 55
6 56
6 58
6 59
6 60
6 61
6 62
6 63
6 64
6 65
6 67
6 68
6 69
6 70
6 71
6 72
6 74
6 75
6 77
6 79
6 81
6 82
6 83
6 84
6 85
6 88
6 89
6 92
6 93
6 94
6 96
6 98
6 99
6 101
6 102
6 104
6 105
6 106
6 107
6 108
6 109
6 110
6 112
6 113
6 114
6 115
6 116
6 117
6 118
6 119
6 121
6 122
6 123
6 124
6 125
6 126
6 127
6 128
6 129
6 130
6 133
6 134
6 135
6 136
6 137
6 138
6 139
6 140
6 141
6 142
6 144
6 146
6 147
6 149
6 150
6 152
6 153
6 154
6 155
6 157
6 158
6 161
7 10
7 11
7 13
7 14
7 16
7 19
7 20
7 24
7 26
7 28
7 29
7 30
7 31
7 32
7 33
7 34
7 36
7 37
7 38
7 39
7 40
7 41
7 42
7 43
7 44
7 45
7 46
7 49
7 51
7 52
7 53
7 54
7 55
7 57
7 58
7 59
7 60
7 61
7 63
7 66
7 67
7 68
7 69
7 70
7 71
7 72
7 74
7 76
7 79
7 80
7 81
7 84
7 86
7 87
7 89
7 91
7 92
7 93
7 95
7 97
7 98
7 99
7 100
7 101
7 102
7 103
7 104
7 105
7 106
7 107
7 108
7 109
7 111
7 113
7 114
7 115
7 116
7 117
7 118
7 121
7 122
7 123
7 126
7 128
7 129
7 130
7 131
7 133
7 134
7 135
7 136
7 137
7 139
7 140
7 141
7 142
7 143
7 145
7 146
7 148
7 149
7 151
7 152
7 154
7 156
7 157
7 160
7 161
8 10
8 11
8 24
8 30
8 32
8 33
8 34
8 39
8 45
8 48
8 52
8 53
8 56
8 57
8 61
8 63
8 64
8 65
8 66
8 67
8 68
8 69
8 72
8 75
8 79
8 80
8 84
8 89
8 95
8 97
8 101
8 105
8 106
8 107
8 109
8 110
8 113
8 114
8 115
8 119
8 125
8 129
8 131
8 137
8 142
8 147
8 153
8 157
8 158
9 10
9 11
9 14
9 15
9 18
9 19
9 21
9 24
9 25
9 26
9 30
9 31
9 32
9 34
9 35
9 36
9 37
9 38
9 40
9 41
9 42
9 43
9 49
9 50
9 51
9 52
9 53
9 54
9 55
9 57
9 58
9 59
9 63
9 64
9 65
9 68
9 69
9 70
9 71
9 72
9 74
9 75
9 76
9 77
9 80
9 81
9 84
9 86
9 87
9 88
9 89
9 92
9 93
9 94
9 102
9 105
9 106
9 108
9 109
9 110
9 111
9 112
9 113
9 115
9 117
9 120
9 126
9 128
9 129
9 133
9 135
9 136
9 137
9 138
9 139
9 140
9 142
9 143
9 144
9 145
9 146
9 147
9 148
9 151
9 152
9 153
9 154
9 158
9 160
9 161
10 14
10 16
10 19
10 21
10 24
10 25
10 26
10 30
10 31
10 32
10 35
10 36
10 38
10 39
10 40
10 44
10 45
10 49
10 50
10 51
10 52
10 54
10 58
10 61
10 63
10 64
10 67
10 68
10 71
10 74
10 76
10 77
10 80
10 82
10 86
10 87
10 91
10 93
10 94
10 95
10 96
10 97
10 98
10 101
10 102
10 105
10 106
10 108
10 110
10 112
10 113
10 114
10 116
10 118
10 127
10 128
10 129
10 131
10 134
10 136
10 137
10 139
10 140
10 143
10 144
10 145
10 146
10 147
10 149
10 150
10 151
10 154
10 156
10 157
10 158
11 12
11 13
11 14
11 15
11 20
11 25
11 26
11 28
11 30
11 31
11 33
11 34
11 35
11 36
11 37
11 38
11 40
11 44
11 45
11 49
11 50
11 51
11 52
11 54
11 55
11 56
11 59
11 61
11 64
11 65
11 66
11 67
11 68
11 71
11 73
11 79
11 82
11 84
11 85
11 87
11 88
11 89
11 90
11 92
11 93
11 94
11 95
11 96
11 97
11 99
11 101
11 102
11 105
11 106
11 107
11 108
11 111
11 112
11 113
11 114
11 115
11 116
11 117
11 118
11 120
11 125
11 126
11 127
11 128
11 129
11 130
11 131
11 132
11 133
11 134
11 135
11 137
11 138
11 139
11 141
11 142
11 143
11 146
11 147
11 151
11 152
11 153
11 155
11 156
11 157
11 160
11 161
12 14
12 16
12 20
12 21
12 24
12 25
12 26
12 28
12 30
12 31
12 32
12 35
12 36
12 37
12 40
12 42
12 44
12 45
12 50
12 51
12 54
12 55
12 56
12 57
12 66
12 67
12 71
12 72
12 74
12 79
12 84
12 85
12 86
12 87
12 89
12 94
12 99
12 106
12 107
12 109
12 111
12 112
12 114
12 115
12 118
12 125
12 129
12 130
12 133
12 134
12 137
12 138
12 139
12 143
12 145
12 146
12 151
12 153
12 154
12 157
12 158
13 21
13 22
13 25
13 26
13 29
13 32
13 34
13 36
13 38
13 40
13 44
13 45
13 49
13 51
13 53
13 54
13 55
13 63
13 65
13 66
13 67
13 68
13 69
13 72
13 73
13 74
13 79
13 80
13 82
13 87
13 88
13 89
13 91
13 93
13 94
13 96
13 101
13 103
13 104
13 105
13 111
13 117
13 118
13 122
13 125
13 126
13 129
13 130
13 133
13 136
13 137
13 138
13 146
13 147
13 149
13 154
13 158
13 159
13 160
14 15
14 17
14 18
14 19
14 21
14 23
14 24
14 26
14 27
14 30
14 31
14 32
14 35
14 36
14 37
14 38
14 39
14 40
14 42
14 43
14 45
14 46
14 48
14 49
14 50
14 51
14 52
14 53
14 54
14 56
14 57
14 58
14 59
14 61
14 63
14 64
14 65
14 66
14 67
14 68
14 69
14 70
14 71
14 72
14 73
14 74
14 75
14 76
14 77
14 79
14 80
14 81
14 82
14 83
14 84
14 89
14 91
14 92
14 93
14 94
14 96
14 97
14 99
14 101
14 102
14 104
14 105
14 106
14 107
14 108
14 109
14 110
14 111
14 112
14 114
14 115
14 116
14 117
14 118
14 120
14 122
14 123
14 125
14 126
14 128
14 129
14 131
14 132
14 133
14 134
14 135
14 136
14 137
14 138
14 139
14 140
14 144
14 145
14 146
14 147
14 149
14 151
14 152
14 153
14 154
14 156
14 157
14 158
14 160
14 161
15 16
15 18
15 19
15 21
15 22
15 26
15 30
15 31
15 32
15 35
15 37
15 38
15 40
15 43
15 44
15 45
15 49
15 51
15 53
15 54
15 55
15 62
15 65
15 68
15 70
15 71
15 72
15 74
15 75
15 79
15 82
15 83
15 86
15 88
15 89
15 90
15 91
15 93
15 98
15 101
15 102
15 103
15 105
15 106
15 107
15 108
15 109
15 114
15 118
15 126
15 128
15 129
15 131
15 135
15 136
15 137
15 138
15 139
15 140
15 143
15 144
15 146
15 148
15 150
15 151
15 152
15 153
15 154
15 157
15 158
16 18
16 19
16 20
16 26
16 28
16 29
16 31
16 32
16 35
16 36
16 38
16 39
16 40
16 45
16 49
16 51
16 55
16 56
16 60
16 63
16 66
16 68
16 72
16 75
16 77
16 88
16 89
16 93
16 94
16 97
16 105
16 106
16 108
16 109
16 110
16 112
16 113
16 114
16 115
16 125
16 128
16 129
16 130
16 133
16 134
16 135
16 138
16 141
16 142
16 144
16 149
16 150
16 151
16 152
16 153
16 154
16 155
16 157
16 158
17 18
17 21
17 26
17 35
17 46
17 51
17 54
17 63
17 64
17 65
17 66
17 72
17 73
17 76
17 78
17 79
17 83
17 89
17 93
17 101
17 115
17 129
17 133
17 136
17 137
17 138
17 154
17 157
17 161
18 21
18 26
18 30
18 31
18 39
18 40
18 45
18 49
18 50
18 51
18 52
18 54
18 56
18 58
18 61
18 64
18 67
18 68
18 70
18 75
18 77
18 79
18 80
18 81
18 82
18 83
18 84
18 86
18 88
18 92
18 94
18 97
18 101
18 102
18 105
18 106
18 107
18 108
18 109
18 113
18 114
18 115
18 117
18 118
18 125
18 129
18 130
18 131
18 133
18 135
18 137
18 138
18 141
18 143
18 146
18 151
18 153
18 154
18 155
18 157
18 158
19 21
19 22
19 25
19 26
19 29
19 30
19 31
19 32
19 33
19 34
19 36
19 37
19 38
19 39
19 40
19 43
19 44
19 46
19 49
19 51
19 52
19 54
19 55
19 56
19 57
19 58
19 59
19 60
19 61
19 62
19 63
19 64
19 65
19 66
19 67
19 68
19 70
19 71
19 72
19 73
19 74
19 75
19 76
19 77
19 80
19 82
19 83
19 84
19 86
19 87
19 88
19 89
19 90
19 91
19 92
19 93
19 94
19 95
19 96
19 97
19 99
19 100
19 102
19 103
19 105
19 106
19 107
19 108
19 109
19 110
19 112
19 113
19 114
19 115
19 116
19 117
19 118
19 119
19 122
19 124
19 125
19 126
19 127
19 128
19 129
19 130
19 131
19 133
19 134
19 135
19 137
19 138
19 139
19 141
19 142
19 143
19 145
19 146
19 149
19 150
19 151
19 152
19 153
19 154
19 155
19 157
19 158
19 159
19 160
19 161
20 21
20 26
20 30
20 32
20 38
20 40
20 42
20 43
20 45
20 54
20 58
20 64
20 65
20 66
20 72
20 79
20 84
20 89
20 94
20 101
20 112
20 114
20 118
20 129
20 133
20 134
20 136
20 137
20 139
20 147
20 150
20 151
20 152
21 22
21 24
21 25
21 26
21 27
21 30
21 31
21 32
21 33
21 34
21 35
21 36
21 37
21 38
21 39
21 40
21 41
21 42
21 43
21 46
21 48
21 49
21 50
21 54
21 55
21 56
21 61
21 62
21 63
21 64
21 65
21 66
21 67
21 68
21 69
21 70
21 71
21 72
21 73
21 74
21 75
21 78
21 79
21 80
21 81
21 82
21 84
21 86
21 88
21 89
21 91
21 93
21 94
21 96
21 97
21 98
21 99
21 100
21 101
21 102
21 103
21 104
21 105
21 106
21 107
21 108
21 109
21 110
21 111
21 112
21 114
21 115
21 116
21 117
21 118
21 120
21 123
21 124
21 125
21 128
21 129
21 130
21 131
21 133
21 134
21 135
21 136
21 137
21 138
21 140
21 142
21 145
21 147
21 149
21 150
21 151
21 152
21 155
21 156
21 157
21 158
21 160
21 161
22 24
22 25
22 31
22 32
22 34
22 39
22 42
22 43
22 44
22 45
22 46
22 48
22 49
22 51
22 52
22 56
22 60
22 61
22 62
22 64
22 65
22 66
22 69
22 70
22 71
22 72
22 74
22 86
22 89
22 91
22 97
22 99
22 103
22 105
22 106
22 108
22 109
22 112
22 114
22 115
22 117
22 118
22 122
22 125
22 126
22 128
22 129
22 131
22 133
22 137
22 139
22 145
22 146
22 147
22 151
22 152
22 153
22 154
22 158
23 36
23 38
23 43
23 44
23 45
23 51
23 52
23 54
23 55
23 63
23 64
23 69
23 70
23 72
23 77
23 79
23 101
23 102
23 112
23 115
23 116
23 125
23 129
23 131
23 134
23 135
23 139
23 142
23 146
23 147
23 150
23 153
23 154
23 156
24 26
24 30
24 32
24 35
24 36
24 38
24 43
24 44
24 46
24 48
24 49
24 52
24 56
24 58
24 63
24 67
24 68
24 69
24 70
24 71
24 74
24 75
24 77
24 80
24 83
24 87
24 88
24 89
24 90
24 94
24 97
24 101
24 102
24 106
24 108
24 109
24 111
24 112
24 114
24 115
24 116
24 117
24 118
24 126
24 129
24 133
24 134
24 137
24 138
24 139
24 140
24 142
24 145
24 147
24 150
24 151
24 152
24 153
24 158
24 159
24 160
25 30
25 31
25 32
25 36
25 38
25 43
25 44
25 48
25 49
25 50
25 51
25 52
25 54
25 56
25 57
25 58
25 59
25 61
25 62
25 63
25 64
25 66
25 67
25 69
25 70
25 71
25 72
25 73
25 74
25 75
25 76
25 79
25 80
25 81
25 83
25 84
25 88
25 89
25 92
25 93
25 94
25 96
25 97
25 98
25 100
25 101
25 102
25 103
25 104
25 105
25 107
25 108
25 110
25 112
25 113
25 114
25 115
25 117
25 118
25 122
25 124
25 125
25 127
25 128
25 129
25 130
25 133
25 134
25 137
25 138
25 139
25 141
25 143
25 145
25 146
25 147
25 148
25 150
25 153
25 154
25 157
25 159
25 161
26 28
26 30
26 31
26 32
26 34
26 35
26 38
26 39
26 40
26 42
26 44
26 45
26 46
26 47
26 49
26 50
26 51
26 52
26 54
26 55
26 56
26 58
26 61
26 62
26 63
26 64
26 65
26 66
26 67
26 68
26 69
26 70
26 71
26 72
26 73
26 74
26 75
26 77
26 79
26 80
26 81
26 82
26 83
26 84
26 85
26 86
26 87
26 88
26 89
26 91
26 92
26 93
26 94
26 97
26 98
26 99
26 101
26 102
26 103
26 105
26 106
26 107
26 108
26 111
26 112
26 113
26 114
26 115
26 116
26 117
26 118
26 119
26 120
26 121
26 125
26 126
26 128
26 129
26 131
26 132
26 133
26 134
26 135
26 136
26 138
26 139
26 141
26 142
26 146
26 147
26 148
26 149
26 150
26 151
26 152
26 153
26 154
26 156
26 157
26 158
26 160
26 161
27 38
27 40
27 55
27 70
27 71
27 72
27 74
27 79
27 84
27 94
27 95
27 97
27 101
27 106
27 127
27 129
27 138
27 139
27 143
27 146
27 150
27 151
27 154
27 155
27 157
28 29
28 30
28 31
28 32
28 38
28 39
28 40
28 43
28 49
28 50
28 51
28 54
28 56
28 58
28 65
28 67
28 70
28 71
28 72
28 74
28 76
28 86
28 88
28 90
28 92
28 94
28 100
28 103
28 112
28 113
28 114
28 115
28 117
28 118
28 120
28 125
28 130
28 131
28 135
28 137
28 138
28 145
28 146
28 147
28 150
28 151
28 152
28 157
29 37
29 38
29 42
29 44
29 50
29 53
29 54
29 66
29 67
29 68
29 69
29 70
29 72
29 74
29 75
29 77
29 79
29 84
29 86
29 87
29 91
29 94
29 99
29 107
29 112
29 115
29 116
29 118
29 121
29 124
29 125
29 130
29 131
29 134
29 138
29 140
29 142
29 146
29 148
29 152
29 154
29 155
29 157
29 158
29 159
29 161
30 32
30 34
30 37
30 38
30 40
30 41
30 44
30 47
30 49
30 50
30 51
30 52
30 53
30 54
30 55
30 56
30 57
30 61
30 62
30 64
30 65
30 66
30 67
30 68
30 69
30 71
30 72
30 73
30 74
30 75
30 79
30 80
30 83
30 84
30 85
30 88
30 89
30 90
30 91
30 93
30 95
30 96
30 98
30 99
30 101
30 102
30 105
30 107
30 108
30 109
30 111
30 113
30 114
30 115
30 116
30 118
30 122
30 123
30 125
30 126
30 129
30 131
30 133
30 135
30 136
30 137
30 138
30 139
30 141
30 142
30 143
30 144
30 145
30 147
30 148
30 150
30 151
30 152
30 154
30 156
30 157
30 158
30 159
30 161
31 32
31 34
31 35
31 36
31 37
31 38
31 40
31 41
31 44
31 45
31 46
31 47
31 48
31 49
31 50
31 51
31 52
31 54
31 55
31 56
31 58
31 59
31 61
31 62
31 63
31 64
31 65
31 66
31 69
31 70
31 71
31 72
31 73
31 74
31 75
31 76
31 77
31 79
31 81
31 82
31 84
31 85
31 87
31 88
31 89
31 91
31 92
31 93
31 94
31 95
31 96
31 97
31 100
31 101
31 102
31 103
31 105
31 106
31 107
31 108
31 109
31 110
31 111
31 112
31 113
31 114
31 115
31 116
31 117
31 118
31 120
31 121
31 122
31 123
31 124
31 125
31 126
31 127
31 131
31 134
31 135
31 136
31 139
31 140
31 141
31 142
31 144
31 145
31 146
31 147
31 148
31 149
31 150
31 151
31 152
31 154
31 155
31 156
31 157
31 158
31 161
32 33
32 35
32 36
32 37
32 38
32 40
32 43
32 44
32 45
32 46
32 49
32 50
32 51
32 52
32 53
32 54
32 55
32 56
32 57
32 58
32 59
32 60
32 61
32 62
32 63
32 64
32 65
32 67
32 69
32 70
32 71
32 72
32 73
32 74
32 75
32 77
32 79
32 82
32 84
32 85
32 86
32 87
32 88
32 89
32 90
32 91
32 93
32 94
32 96
32 97
32 99
32 100
32 101
32 102
32 103
32 105
32 106
32 107
32 109
32 110
32 112
32 113
32 114
32 115
32 116
32 117
32 118
32 119
32 120
32 122
32 125
32 126
32 128
32 129
32 130
32 131
32 132
32 133
32 136
32 137
32 138
32 140
32 141
32 143
32 144
32 145
32 146
32 147
32 151
32 152
32 153
32 154
32 155
32 157
32 158
32 159
32 161
33 38
33 39
33 50
33 51
33 54
33 56
33 61
33 70
33 72
33 74
33 79
33 86
33 114
33 120
33 125
33 126
33 130
33 134
33 138
33 147
33 150
33 153
33 154
34 37
34 39
34 40
34 42
34 43
34 44
34 45
34 46
34 49
34 51
34 54
34 55
34 56
34 59
34 60
34 62
34 63
34 64
34 65
34 66
34 67
34 68
34 70
34 71
34 74
34 75
34 79
34 81
34 82
34 84
34 87
34 88
34 89
34 91
34 94
34 96
34 97
34 99
34 100
34 101
34 102
34 106
34 114
34 115
34 117
34 118
34 122
34 126
34 129
34 130
34 131
34 133
34 134
34 135
34 140
34 141
34 142
34 147
34 150
34 152
34 154
34 155
34 160
35 37
35 39
35 40
35 41
35 43
35 44
35 45
35 47
35 48
35 49
35 50
35 51
35 52
35 53
35 54
35 59
35 60
35 61
35 63
35 64
35 65
35 66
35 68
35 70
35 71
35 72
35 73
35 74
35 75
35 77
35 82
35 83
35 84
35 85
35 88
35 90
35 93
35 94
35 95
35 96
35 97
35 100
35 101
35 102
35 103
35 104
35 105
35 106
35 108
35 109
35 112
35 113
35 115
35 116
35 118
35 119
35 120
35 125
35 126
35 130
35 131
35 133
35 134
35 136
35 137
35 138
35 139
35 141
35 142
35 143
35 145
35 147
35 149
35 150
35 151
35 152
35 153
35 154
35 155
35 158
35 159
35 160
36 37
36 38
36 40
36 42
36 43
36 44
36 46
36 49
36 51
36 52
36 54
36 55
36 56
36 58
36 59
36 60
36 62
36 64
36 67
36 68
36 69
36 70
36 73
36 74
36 75
36 77
36 79
36 82
36 83
36 84
36 86
36 88
36 90
36 91
36 92
36 93
36 94
36 95
36 97
36 99
36 100
36 101
36 104
36 105
36 106
36 108
36 109
36 110
36 113
36 114
36 117
36 118
36 119
36 120
36 125
36 128
36 129
36 131
36 133
36 134
36 135
36 137
36 138
36 139
36 142
36 143
36 148
36 149
36 151
36 154
36 158
36 160
37 40
37 41
37 45
37 46
37 49
37 50
37 52
37 53
37 54
37 56
37 58
37 59
37 61
37 64
37 65
37 67
37 68
37 69
37 71
37 72
37 73
37 74
37 76
37 77
37 79
37 81
37 83
37 84
37 87
37 89
37 91
37 92
37 93
37 94
37 101
37 102
37 106
37 107
37 108
37 109
37 110
37 111
37 113
37 114
37 115
37 117
37 118
37 120
37 121
37 125
37 128
37 129
37 130
37 131
37 133
37 134
37 137
37 138
37 139
37 140
37 141
37 146
37 147
37 148
37 149
37 150
37 152
37 157
37 158
37 160
38 39
38 40
38 41
38 42
38 43
38 45
38 46
38 49
38 50
38 51
38 52
38 53
38 54
38 56
38 58
38 59
38 60
38 63
38 64
38 65
38 67
38 68
38 69
38 70
38 71
38 73
38 74
38 75
38 76
38 77
38 80
38 82
38 84
38 88
38 89
38 90
38 96
38 99
38 100
38 101
38 102
38 103
38 105
38 106
38 107
38 108
38 111
38 112
38 113
38 114
38 115
38 116
38 118
38 119
38 120
38 125
38 126
38 127
38 129
38 132
38 133
38 134
38 135
38 137
38 138
38 142
38 143
38 145
38 146
38 147
38 149
38 150
38 151
38 152
38 153
38 154
38 156
38 157
38 158
39 40
39 42
39 44
39 45
39 46
39 48
39 51
39 54
39 55
39 59
39 61
39 63
39 64
39 65
39 68
39 70
39 72
39 74
39 75
39 76
39 80
39 81
39 84
39 86
39 88
39 89
39 91
39 92
39 93
39 98
39 99
39 102
39 105
39 106
39 107
39 108
39 113
39 115
39 117
39 118
39 125
39 127
39 129
39 131
39 133
39 134
39 136
39 137
39 138
39 139
39 143
39 149
39 151
39 152
39 153
39 154
39 155
39 158
39 160
39 161
40 42
40 43
40 45
40 46
40 47
40 49
40 50
40 52
40 54
40 55
40 56
40 58
40 59
40 60
40 61
40 62
40 63
40 64
40 65
40 66
40 67
40 68
40 70
40 71
40 72
40 73
40 74
40 75
40 76
40 77
40 78
40 79
40 80
40 82
40 84
40 85
40 86
40 87
40 88
40 89
40 90
40 92
40 93
40 94
40 97
40 98
40 100
40 101
40 102
40 103
40 104
40 105
40 106
40 107
40 108
40 109
40 110
40 111
40 112
40 113
40 114
40 115
40 117
40 118
40 123
40 125
40 126
40 127
40 129
40 130
40 131
40 132
40 133
40 134
40 135
40 137
40 138
40 139
40 141
40 142
40 143
40 144
40 145
40 146
40 147
40 148
40 149
40 150
40 151
40 152
40 153
40 155
40 157
40 158
40 161
41 44
41 49
41 53
41 59
41 63
41 64
41 67
41 68
41 70
41 72
41 74
41 79
41 92
41 98
41 101
41 103
41 106
41 107
41 109
41 112
41 114
41 115
41 116
41 117
41 125
41 131
41 133
41 137
41 139
41 142
41 151
41 153
41 154
41 161
42 44
42 47
42 49
42 51
42 52
42 54
42 57
42 61
42 64
42 65
42 67
42 68
42 69
42 70
42 71
42 72
42 73
42 74
42 75
42 77
42 83
42 84
42 91
42 92
42 93
42 94
42 97
42 102
42 108
42 110
42 112
42 113
42 115
42 117
42 119
42 126
42 127
42 130
42 131
42 134
42 135
42 137
42 138
42 142
42 146
42 147
42 149
42 150
42 152
42 154
42 157
42 158
42 160
42 161
43 46
43 48
43 49
43 50
43 51
43 55
43 56
43 59
43 63
43 64
43 65
43 66
43 67
43 68
43 70
43 71
43 72
43 73
43 74
43 81
43 83
43 84
43 85
43 86
43 87
43 91
43 94
43 95
43 97
43 98
43 99
43 100
43 101
43 102
43 106
43 107
43 108
43 109
43 111
43 112
43 113
43 114
43 115
43 116
43 118
43 119
43 125
43 126
43 129
43 133
43 134
43 135
43 136
43 137
43 138
43 139
43 141
43 142
43 145
43 146
43 149
43 151
43 152
43 153
43 157
43 158
44 45
44 46
44 48
44 49
44 51
44 54
44 55
44 56
44 58
44 61
44 63
44 64
44 65
44 66
44 67
44 68
44 70
44 71
44 72
44 73
44 74
44 75
44 76
44 79
44 83
44 84
44 86
44 89
44 90
44 91
44 95
44 96
44 97
44 101
44 103
44 105
44 106
44 109
44 110
44 113
44 115
44 116
44 117
44 118
44 119
44 120
44 124
44 125
44 126
44 129
44 131
44 133
44 134
44 137
44 138
44 139
44 141
44 142
44 143
44 145
44 147
44 150
44 151
44 152
44 153
44 154
44 155
44 156
44 157
44 158
44 160
45 46
45 47
45 48
45 49
45 51
45 52
45 53
45 54
45 55
45 57
45 58
45 60
45 61
45 62
45 63
45 64
45 65
45 67
45 68
45 69
45 70
45 71
45 72
45 73
45 74
45 75
45 76
45 77
45 79
45 82
45 83
45 84
45 85
45 87
45 88
45 91
45 92
45 93
45 94
45 95
45 96
45 97
45 98
45 99
45 100
45 101
45 103
45 104
45 106
45 108
45 109
45 111
45 112
45 114
45 115
45 117
45 127
45 130
45 131
45 132
45 133
45 134
45 136
45 137
45 138
45 139
45 141
45 142
45 143
45 145
45 146
45 147
45 148
45 149
45 150
45 151
45 152
45 153
45 154
45 155
45 156
45 157
45 158
45 160
45 161
46 48
46 49
46 50
46 51
46 57
46 58
46 59
46 60
46 62
46 63
46 66
46 67
46 69
46 70
46 72
46 73
46 74
46 75
46 76
46 84
46 85
46 87
46 88
46 89
46 94
46 95
46 96
46 97
46 107
46 108
46 109
46 112
46 114
46 115
46 117
46 119
46 122
46 125
46 129
46 130
46 131
46 133
46 134
46 135
46 136
46 137
46 138
46 141
46 143
46 145
46 149
46 151
46 153
46 154
46 155
46 157
46 158
46 159
47 49
47 51
47 55
47 71
47 72
47 73
47 80
47 93
47 100
47 102
47 103
47 108
47 113
47 115
47 125
47 137
47 142
47 145
47 151
47 152
47 154
48 49
48 50
48 55
48 65
48 66
48 68
48 70
48 71
48 72
48 74
48 76
48 90
48 91
48 93
48 94
48 95
48 97
48 99
48 103
48 106
48 114
48 116
48 119
48 129
48 134
48 138
48 140
48 145
48 147
48 149
48 151
48 154
48 157
48 160
49 52
49 53
49 54
49 55
49 56
49 57
49 58
49 61
49 62
49 63
49 64
49 65
49 66
49 67
49 68
49 69
49 70
49 71
49 72
49 73
49 74
49 75
49 76
49 79
49 83
49 85
49 86
49 88
49 90
49 91
49 92
49 93
49 95
49 96
49 97
49 98
49 99
49 100
49 101
49 102
49 103
49 105
49 106
49 107
49 108
49 109
49 111
49 112
49 113
49 114
49 115
49 116
49 117
49 118
49 119
49 122
49 123
49 125
49 126
49 128
49 129
49 131
49 133
49 134
49 136
49 137
49 138
49 139
49 142
49 143
49 145
49 146
49 147
49 149
49 150
49 151
49 152
49 154
49 157
49 158
49 160
49 161
50 51
50 53
50 54
50 59
50 60
50 63
50 64
50 65
50 66
50 67
50 68
50 69
50 70
50 71
50 72
50 73
50 74
50 75
50 86
50 89
50 91
50 95
50 97
50 98
50 99
50 101
50 104
50 106
50 108
50 109
50 111
50 112
50 114
50 115
50 117
50 118
50 125
50 128
50 131
50 137
50 141
50 142
50 143
50 146
50 148
50 149
50 150
50 151
50 152
50 153
50 154
50 158
50 159
50 161
51 52
51 53
51 54
51 55
51 56
51 61
51 62
51 64
51 65
51 66
51 67
51 68
51 69
51 70
51 71
51 72
51 73
51 74
51 75
51 79
51 80
51 84
51 85
51 87
51 89
51 90
51 91
51 93
51 94
51 96
51 97
51 99
51 101
51 102
51 104
51 105
51 106
51 108
51 109
51 110
51 111
51 112
51 114
51 115
51 118
51 120
51 123
51 125
51 129
51 131
51 132
51 133
51 134
51 135
51 136
51 137
51 138
51 139
51 140
51 141
51 142
51 143
51 144
51 146
51 147
51 148
51 149
51 150
51 151
51 152
51 153
51 154
51 155
51 157
51 158
51 159
51 160
51 161
52 53
52 56
52 58
52 62
52 63
52 64
52 65
52 66
52 68
52 69
52 70
52 71
52 74
52 75
52 77
52 79
52 81
52 83
52 84
52 87
52 89
52 101
52 102
52 103
52 106
52 107
52 109
52 112
52 113
52 115
52 118
52 121
52 124
52 125
52 126
52 129
52 132
52 134
52 137
52 138
52 139
52 141
52 142
52 145
52 147
52 149
52 151
52 154
52 155
52 157
52 161
53 55
53 56
53 58
53 68
53 69
53 70
53 71
53 72
53 73
53 75
53 77
53 79
53 82
53 84
53 87
53 89
53 92
53 93
53 100
53 101
53 102
53 105
53 107
53 112
53 113
53 117
53 126
53 128
53 129
53 130
53 131
53 134
53 135
53 138
53 143
53 145
53 146
53 147
53 151
53 152
53 153
53 154
53 158
53 159
54 55
54 57
54 58
54 59
54 61
54 62
54 63
54 64
54 65
54 66
54 67
54 68
54 69
54 70
54 71
54 72
54 73
54 74
54 75
54 79
54 80
54 82
54 83
54 84
54 85
54 86
54 87
54 88
54 89
54 91
54 93
54 94
54 96
54 97
54 98
54 99
54 100
54 101
54 102
54 103
54 105
54 106
54 108
54 109
54 112
54 114
54 115
54 117
54 118
54 120
54 121
54 125
54 126
54 127
54 128
54 129
54 130
54 131
54 132
54 134
54 137
54 138
54 139
54 141
54 142
54 144
54 145
54 146
54 147
54 148
54 149
54 150
54 151
54 152
54 153
54 155
54 158
54 159
54 160
54 161
55 56
55 58
55 61
55 63
55 64
55 65
55 67
55 68
55 70
55 71
55 74
55 75
55 76
55 77
55 79
55 80
55 82
55 85
55 86
55 88
55 89
55 91
55 94
55 95
55 97
55 98
55 101
55 102
55 103
55 105
55 106
55 107
55 109
55 111
55 113
55 114
55 116
55 118
55 125
55 126
55 127
55 128
55 129
55 130
55 131
55 133
55 135
55 136
55 138
55 139
55 140
55 141
55 142
55 143
55 144
55 145
55 146
55 147
55 148
55 149
55 150
55 151
55 152
55 153
55 155
55 156
55 157
55 158
55 159
55 160
55 161
56 57
56 58
56 59
56 60
56 61
56 62
56 63
56 64
56 65
56 66
56 67
56 69
56 70
56 71
56 72
56 73
56 77
56 79
56 82
56 83
56 84
56 86
56 88
56 89
56 92
56 93
56 94
56 95
56 97
56 99
56 101
56 102
56 103
56 104
56 106
56 108
56 109
56 110
56 111
56 112
56 114
56 115
56 116
56 117
56 118
56 124
56 125
56 126
56 128
56 129
56 132
56 133
56 134
56 135
56 136
56 138
56 139
56 141
56 142
56 145
56 146
56 147
56 149
56 150
56 151
56 152
56 153
56 154
56 155
56 156
56 157
56 158
56 159
56 161
57 61
57 64
57 65
57 67
57 68
57 69
57 70
57 72
57 79
57 82
57 84
57 86
57 87
57 93
57 100
57 101
57 107
57 108
57 112
57 115
57 126
57 129
57 130
57 131
57 134
57 137
57 138
57 139
57 142
57 144
57 145
57 147
57 150
57 151
57 152
57 153
57 154
57 159
58 63
58 64
58 66
58 67
58 69
58 70
58 71
58 73
58 74
58 76
58 77
58 79
58 81
58 84
58 85
58 87
58 88
58 89
58 90
58 91
58 95
58 96
58 97
58 100
58 101
58 102
58 103
58 105
58 106
58 108
58 112
58 113
58 114
58 115
58 117
58 119
58 125
58 126
58 129
58 130
58 131
58 133
58 134
58 135
58 136
58 137
58 138
58 139
58 141
58 142
58 143
58 145
58 147
58 149
58 150
58 151
58 153
58 154
58 155
58 157
58 158
58 160
59 64
59 65
59 67
59 68
59 69
59 70
59 71
59 72
59 74
59 75
59 76
59 79
59 84
59 88
59 89
59 90
59 91
59 93
59 94
59 95
59 97
59 98
59 99
59 101
59 106
59 110
59 113
59 114
59 115
59 118
59 125
59 126
59 128
59 129
59 130
59 131
59 133
59 137
59 142
59 143
59 145
59 146
59 147
59 149
59 152
59 153
59 154
59 155
59 160
59 161
60 64
60 65
60 69
60 72
60 74
60 75
60 84
60 86
60 90
60 91
60 95
60 105
60 108
60 109
60 113
60 114
60 115
60 116
60 130
60 133
60 138
60 150
60 151
60 158
60 159
60 160
61 64
61 65
61 67
61 68
61 70
61 73
61 74
61 75
61 86
61 88
61 89
61 91
61 92
61 93
61 94
61 99
61 102
61 103
61 104
61 106
61 107
61 108
61 109
61 112
61 115
61 117
61 118
61 121
61 122
61 126
61 129
61 130
61 131
61 133
61 135
61 137
61 138
61 141
61 142
61 145
61 146
61 147
61 148
61 149
61 150
61 155
61 157
61 158
62 63
62 64
62 67
62 68
62 69
62 70
62 71
62 72
62 74
62 84
62 86
62 87
62 89
62 91
62 93
62 94
62 97
62 99
62 100
62 101
62 102
62 105
62 106
62 107
62 109
62 111
62 113
62 115
62 117
62 126
62 129
62 133
62 134
62 137
62 138
62 141
62 143
62 146
62 147
62 149
62 150
62 151
62 152
62 153
62 154
62 160
63 67
63 68
63 69
63 70
63 71
63 72
63 73
63 74
63 76
63 77
63 78
63 79
63 80
63 82
63 84
63 87
63 88
63 90
63 91
63 92
63 94
63 96
63 97
63 98
63 99
63 101
63 102
63 103
63 106
63 108
63 109
63 111
63 112
63 113
63 114
63 115
63 116
63 117
63 118
63 120
63 127
63 129
63 131
63 133
63 134
63 135
63 136
63 137
63 138
63 139
63 141
63 142
63 147
63 149
63 150
63 151
63 152
63 154
63 155
63 157
63 158
63 161
64 65
64 66
64 67
64 68
64 69
64 71
64 72
64 73
64 74
64 75
64 78
64 79
64 82
64 83
64 84
64 85
64 87
64 89
64 90
64 91
64 92
64 94
64 95
64 97
64 98
64 99
64 102
64 103
64 104
64 105
64 106
64 107
64 108
64 109
64 110
64 112
64 114
64 115
64 116
64 117
64 118
64 120
64 125
64 126
64 129
64 131
64 132
64 133
64 134
64 136
64 137
64 138
64 139
64 140
64 141
64 142
64 144
64 146
64 147
64 148
64 149
64 150
64 151
64 152
64 153
64 154
64 155
64 157
64 158
64 159
64 161
65 66
65 68
65 69
65 70
65 71
65 72
65 73
65 74
65 77
65 79
65 80
65 82
65 83
65 85
65 88
65 89
65 90
65 92
65 94
65 97
65 98
65 101
65 102
65 103
65 105
65 106
65 107
65 108
65 109
65 110
65 112
65 114
65 115
65 116
65 120
65 122
65 125
65 127
65 128
65 129
65 130
65 131
65 133
65 136
65 137
65 138
65 139
65 140
65 141
65 142
65 145
65 146
65 147
65 148
65 149
65 150
65 152
65 154
65 155
65 156
65 157
65 158
65 159
65 160
65 161
66 67
66 68
66 70
66 71
66 72
66 73
66 76
66 79
66 80
66 81
66 82
66 84
66 86
66 87
66 89
66 90
66 91
66 92
66 94
66 96
66 97
66 99
66 100
66 102
66 103
66 104
66 105
66 106
66 108
66 111
66 112
66 113
66 115
66 116
66 117
66 118
66 125
66 127
66 128
66 129
66 130
66 131
66 133
66 134
66 135
66 136
66 137
66 138
66 139
66 142
66 143
66 144
66 145
66 146
66 147
66 148
66 149
66 150
66 152
66 154
66 157
66 158
66 160
66 161
67 69
67 70
67 71
67 72
67 73
67 74
67 75
67 77
67 79
67 80
67 81
67 82
67 83
67 84
67 85
67 86
67 87
67 89
67 90
67 91
67 92
67 94
67 95
67 96
67 97
67 98
67 99
67 100
67 101
67 102
67 105
67 106
67 107
67 109
67 110
67 111
67 112
67 113
67 114
67 115
67 116
67 117
67 118
67 120
67 121
67 122
67 123
67 125
67 126
67 127
67 128
67 129
67 130
67 131
67 133
67 135
67 136
67 138
67 139
67 140
67 141
67 142
67 145
67 146
67 147
67 148
67 149
67 150
67 151
67 152
67 153
67 154
67 155
67 156
67 157
67 161
68 69
68 70
68 71
68 73
68 74
68 75
68 76
68 77
68 78
68 79
68 80
68 81
68 83
68 84
68 85
68 86
68 87
68 89
68 90
68 91
68 92
68 93
68 95
68 97
68 99
68 100
68 101
68 102
68 103
68 104
68 105
68 106
68 107
68 108
68 109
68 110
68 111
68 112
68 113
68 114
68 115
68 116
68 117
68 118
68 119
68 120
68 121
68 124
68 125
68 126
68 127
68 129
68 130
68 131
68 132
68 133
68 134
68 136
68 137
68 138
68 139
68 144
68 145
68 146
68 147
68 149
68 150
68 151
68 152
68 154
68 156
68 158
68 160
69 70
69 71
69 72
69 73
69 74
69 75
69 77
69 80
69 83
69 84
69 86
69 87
69 88
69 89
69 90
69 92
69 93
69 94
69 97
69 99
69 100
69 101
69 102
69 103
69 104
69 105
69 106
69 107
69 108
69 109
69 112
69 113
69 114
69 115
69 116
69 118
69 119
69 121
69 122
69 123
69 125
69 126
69 127
69 129
69 131
69 133
69 134
69 135
69 137
69 138
69 141
69 142
69 143
69 145
69 147
69 150
69 151
69 152
69 153
69 154
69 156
69 157
69 158
69 160
70 71
70 72
70 73
70 74
70 75
70 76
70 77
70 79
70 80
70 83
70 84
70 85
70 88
70 89
70 90
70 92
70 93
70 94
70 96
70 97
70 98
70 99
70 101
70 102
70 103
70 104
70 105
70 106
70 107
70 108
70 109
70 111
70 112
70 113
70 114
70 115
70 116
70 117
70 118
70 120
70 121
70 125
70 128
70 129
70 130
70 131
70 133
70 134
70 135
70 136
70 137
70 138
70 141
70 142
70 143
70 144
70 145
70 147
70 149
70 151
70 153
70 154
70 155
70 157
70 161
71 74
71 75
71 77
71 78
71 79
71 83
71 84
71 85
71 87
71 89
71 90
71 91
71 93
71 94
71 95
71 96
71 97
71 98
71 101
71 102
71 103
71 105
71 106
71 108
71 109
71 113
71 114
71 115
71 117
71 119
71 120
71 122
71 125
71 126
71 129
71 130
71 131
71 134
71 136
71 137
71 138
71 139
71 140
71 141
71 142
71 143
71 145
71 146
71 149
71 150
71 151
71 152
71 153
71 154
71 155
71 157
71 158
71 159
71 160
72 73
72 75
72 76
72 78
72 79
72 80
72 81
72 83
72 84
72 85
72 86
72 87
72 88
72 89
72 92
72 93
72 94
72 95
72 97
72 99
72 100
72 101
72 102
72 103
72 105
72 106
72 107
72 108
72 109
72 111
72 112
72 113
72 114
72 115
72 116
72 117
72 118
72 120
72 122
72 123
72 125
72 126
72 127
72 128
72 129
72 130
72 131
72 133
72 134
72 135
72 136
72 137
72 138
72 139
72 142
72 143
72 145
72 146
72 147
72 149
72 150
72 151
72 152
72 153
72 154
72 155
72 156
72 157
72 158
72 160
72 161
73 74
73 77
73 80
73 81
73 82
73 84
73 85
73 86
73 87
73 88
73 89
73 90
73 91
73 93
73 94
73 95
73 97
73 98
73 100
73 102
73 106
73 108
73 109
73 112
73 113
73 115
73 116
73 117
73 118
73 126
73 128
73 129
73 130
73 132
73 133
73 134
73 135
73 136
73 137
73 138
73 139
73 142
73 143
73 148
73 149
73 150
73 152
73 153
73 154
73 161
74 75
74 77
74 79
74 81
74 82
74 83
74 84
74 85
74 87
74 88
74 89
74 90
74 91
74 93
74 94
74 97
74 98
74 99
74 100
74 101
74 102
74 103
74 104
74 105
74 106
74 107
74 108
74 109
74 110
74 111
74 113
74 114
74 115
74 116
74 117
74 118
74 121
74 122
74 124
74 125
74 126
74 128
74 129
74 130
74 131
74 133
74 134
74 136
74 137
74 138
74 141
74 142
74 143
74 145
74 146
74 147
74 149
74 150
74 151
74 152
74 155
74 157
74 158
74 159
74 160
74 161
75 76
75 77
75 79
75 82
75 84
75 87
75 89
75 90
75 93
75 96
75 98
75 99
75 100
75 101
75 102
75 103
75 106
75 107
75 108
75 109
75 110
75 111
75 112
75 113
75 114
75 116
75 118
75 125
75 126
75 129
75 130
75 131
75 133
75 134
75 135
75 136
75 137
75 138
75 140
75 147
75 148
75 150
75 151
75 152
75 153
75 154
75 155
75 157
75 158
75 160
75 161
76 77
76 79
76 80
76 81
76 82
76 83
76 85
76 87
76 92
76 93
76 94
76 95
76 96
76 98
76 99
76 101
76 102
76 105
76 108
76 109
76 110
76 112
76 113
76 114
76 116
76 117
76 118
76 119
76 121
76 125
76 129
76 130
76 131
76 133
76 134
76 137
76 138
76 140
76 142
76 144
76 145
76 149
76 153
76 154
76 157
76 158
76 161
77 79
77 84
77 85
77 86
77 88
77 89
77 90
77 91
77 92
77 93
77 97
77 99
77 101
77 102
77 103
77 105
77 106
77 107
77 108
77 109
77 110
77 111
77 115
77 116
77 117
77 118
77 119
77 124
77 125
77 126
77 129
77 131
77 133
77 134
77 135
77 136
77 139
77 140
77 141
77 142
77 147
77 148
77 150
77 151
77 152
77 153
77 154
77 157
77 158
77 160
77 161
78 87
78 94
78 102
78 129
78 138
78 154
79 80
79 81
79 82
79 83
79 84
79 86
79 87
79 88
79 89
79 90
79 91
79 92
79 93
79 94
79 96
79 97
79 98
79 99
79 104
79 105
79 106
79 107
79 108
79 109
79 110
79 112
79 114
79 115
79 116
79 117
79 118
79 120
79 125
79 126
79 128
79 129
79 130
79 131
79 132
79 133
79 134
79 135
79 136
79 137
79 138
79 139
79 141
79 142
79 146
79 147
79 150
79 151
79 152
79 153
79 154
79 155
79 157
79 158
79 159
80 83
80 89
80 91
80 92
80 94
80 95
80 99
80 101
80 102
80 103
80 105
80 106
80 107
80 108
80 114
80 117
80 118
80 120
80 121
80 122
80 125
80 128
80 129
80 131
80 134
80 138
80 139
80 142
80 145
80 146
80 147
80 149
80 151
80 152
80 153
80 154
80 157
80 158
81 87
81 94
81 97
81 99
81 101
81 104
81 110
81 113
81 115
81 117
81 119
81 125
81 127
81 131
81 133
81 134
81 138
81 139
81 143
81 145
81 146
81 147
81 150
81 154
81 158
82 85
82 92
82 94
82 95
82 97
82 101
82 106
82 107
82 109
82 114
82 115
82 118
82 129
82 132
82 133
82 137
82 138
82 139
82 140
82 143
82 145
82 146
82 150
82 151
82 152
82 153
82 154
82 155
82 157
82 158
82 161
83 85
83 87
83 89
83 92
83 93
83 98
83 101
83 102
83 104
83 106
83 107
83 108
83 109
83 111
83 113
83 114
83 116
83 117
83 125
83 126
83 127
83 131
83 134
83 136
83 137
83 139
83 140
83 142
83 143
83 145
83 149
83 152
83 153
83 154
83 155
83 157
83 158
83 159
83 160
83 161
84 85
84 87
84 88
84 89
84 90
84 91
84 93
84 94
84 97
84 98
84 99
84 100
84 101
84 102
84 103
84 105
84 106
84 107
84 109
84 111
84 112
84 113
84 114
84 115
84 117
84 120
84 125
84 126
84 129
84 131
84 133
84 134
84 135
84 138
84 139
84 142
84 143
84 145
84 146
84 147
84 150
84 151
84 152
84 154
84 155
84 157
84 158
84 161
85 89
85 92
85 93
85 94
85 101
85 103
85 105
85 106
85 107
85 109
85 111
85 112
85 113
85 114
85 116
85 117
85 118
85 125
85 126
85 129
85 131
85 133
85 138
85 141
85 142
85 143
85 145
85 147
85 150
85 151
85 152
85 154
86 87
86 89
86 94
86 97
86 100
86 101
86 102
86 106
86 112
86 115
86 116
86 121
86 123
86 128
86 130
86 133
86 134
86 135
86 138
86 144
86 146
86 147
86 152
86 153
86 154
86 156
86 157
86 158
86 159
87 89
87 92
87 93
87 95
87 97
87 98
87 99
87 100
87 101
87 102
87 105
87 106
87 109
87 110
87 111
87 112
87 113
87 115
87 117
87 119
87 126
87 127
87 128
87 129
87 131
87 134
87 137
87 139
87 143
87 145
87 146
87 147
87 149
87 152
87 153
87 154
87 156
87 157
87 158
87 159
87 161
88 92
88 93
88 95
88 99
88 100
88 101
88 102
88 105
88 106
88 107
88 108
88 109
88 112
88 114
88 115
88 117
88 119
88 123
88 129
88 133
88 134
88 135
88 137
88 139
88 142
88 146
88 147
88 148
88 149
88 150
88 151
88 152
88 154
88 156
88 158
88 159
89 91
89 92
89 93
89 94
89 95
89 96
89 97
89 98
89 101
89 102
89 103
89 104
89 105
89 106
89 107
89 108
89 109
89 112
89 113
89 114
89 115
89 116
89 117
89 118
89 120
89 122
89 123
89 125
89 128
89 129
89 130
89 131
89 133
89 134
89 135
89 137
89 138
89 139
89 140
89 141
89 142
89 143
89 144
89 145
89 146
89 147
89 148
89 149
89 150
89 151
89 152
89 153
89 154
89 155
89 157
89 158
89 159
89 160
89 161
90 92
90 93
90 99
90 102
90 103
90 105
90 106
90 108
90 109
90 112
90 114
90 115
90 117
90 118
90 131
90 134
90 141
90 143
90 147
90 151
90 152
90 153
90 158
91 92
91 93
91 94
91 95
91 96
91 97
91 99
91 100
91 105
91 108
91 110
91 111
91 113
91 115
91 116
91 117
91 118
91 119
91 121
91 125
91 126
91 130
91 131
91 133
91 134
91 135
91 137
91 138
91 142
91 151
91 152
91 153
91 154
91 157
91 158
91 161
92 93
92 94
92 97
92 98
92 99
92 101
92 102
92 108
92 112
92 114
92 116
92 117
92 118
92 126
92 128
92 129
92 131
92 133
92 134
92 135
92 136
92 138
92 139
92 142
92 145
92 146
92 147
92 149
92 150
92 154
92 157
92 158
92 159
93 94
93 95
93 97
93 100
93 101
93 102
93 106
93 107
93 108
93 110
93 111
93 112
93 113
93 114
93 115
93 116
93 118
93 119
93 125
93 126
93 129
93 130
93 131
93 134
93 136
93 139
93 148
93 150
93 151
93 152
93 153
93 154
93 157
93 158
93 160
94 95
94 97
94 98
94 99
94 102
94 103
94 104
94 105
94 106
94 107
94 108
94 109
94 112
94 113
94 114
94 116
94 117
94 118
94 120
94 121
94 122
94 125
94 127
94 128
94 129
94 130
94 131
94 133
94 134
94 135
94 137
94 138
94 139
94 141
94 146
94 147
94 148
94 150
94 151
94 152
94 153
94 154
94 155
94 158
94 159
94 160
94 161
95 101
95 103
95 106
95 108
95 114
95 116
95 118
95 128
95 129
95 130
95 132
95 135
95 137
95 138
95 139
95 147
95 148
95 151
95 152
95 157
95 158
96 99
96 107
96 108
96 114
96 115
96 117
96 120
96 125
96 131
96 134
96 137
96 138
96 141
96 149
96 151
96 152
96 154
96 158
97 99
97 100
97 101
97 102
97 103
97 105
97 106
97 108
97 109
97 112
97 113
97 114
97 115
97 117
97 118
97 119
97 128
97 129
97 130
97 133
97 134
97 137
97 138
97 139
97 142
97 143
97 146
97 147
97 148
97 150
97 151
97 152
97 153
97 154
97 155
97 157
97 158
97 159
97 161
98 100
98 101
98 102
98 103
98 104
98 105
98 108
98 112
98 114
98 118
98 125
98 129
98 130
98 131
98 133
98 134
98 135
98 137
98 138
98 142
98 143
98 147
98 150
98 151
98 152
98 154
98 157
98 158
98 160
98 161
99 101
99 102
99 103
99 105
99 106
99 109
99 111
99 112
99 114
99 115
99 116
99 117
99 118
99 120
99 121
99 125
99 126
99 128
99 129
99 130
99 131
99 133
99 134
99 139
99 142
99 147
99 148
99 151
99 152
99 153
99 154
99 160
100 102
100 106
100 108
100 110
100 111
100 113
100 114
100 115
100 117
100 119
100 125
100 129
100 130
100 131
100 133
100 137
100 138
100 139
100 140
100 146
100 147
100 151
100 152
100 157
100 158
100 159
100 161
101 102
101 105
101 106
101 107
101 108
101 109
101 110
101 112
101 113
101 114
101 115
101 116
101 117
101 118
101 119
101 122
101 123
101 125
101 127
101 129
101 130
101 131
101 132
101 133
101 134
101 135
101 137
101 138
101 139
101 140
101 141
101 142
101 143
101 144
101 145
101 146
101 147
101 148
101 151
101 152
101 153
101 154
101 155
101 156
101 157
101 158
101 159
101 160
101 161
102 104
102 105
102 107
102 108
102 109
102 111
102 112
102 113
102 114
102 115
102 117
102 118
102 119
102 121
102 125
102 126
102 127
102 128
102 129
102 130
102 131
102 133
102 134
102 137
102 138
102 139
102 141
102 142
102 143
102 146
102 147
102 151
102 152
102 157
102 158
102 159
102 161
103 105
103 106
103 107
103 108
103 111
103 112
103 114
103 117
103 118
103 125
103 128
103 129
103 130
103 131
103 133
103 137
103 138
103 139
103 141
103 142
103 146
103 147
103 148
103 149
103 150
103 151
103 152
103 153
103 154
103 157
103 158
103 159
103 161
104 106
104 107
104 108
104 114
104 115
104 117
104 119
104 125
104 127
104 129
104 134
104 135
104 138
104 139
104 141
104 142
104 145
104 147
104 154
104 156
104 158
104 159
104 161
105 106
105 107
105 108
105 110
105 112
105 113
105 114
105 115
105 117
105 118
105 119
105 123
105 126
105 129
105 130
105 131
105 133
105 134
105 137
105 138
105 139
105 141
105 142
105 143
105 146
105 148
105 150
105 152
105 153
105 154
105 156
105 158
105 159
105 161
106 107
106 108
106 109
106 111
106 112
106 113
106 114
106 115
106 116
106 117
106 118
106 121
106 122
106 125
106 126
106 128
106 131
106 132
106 133
106 134
106 137
106 138
106 139
106 141
106 142
106 143
106 144
106 145
106 146
106 147
106 148
106 149
106 150
106 151
106 152
106 153
106 154
106 157
106 158
106 159
106 160
106 161
107 109
107 111
107 112
107 114
107 115
107 118
107 125
107 126
107 129
107 130
107 131
107 133
107 134
107 135
107 137
107 138
107 142
107 143
107 145
107 147
107 150
107 151
107 152
107 154
107 158
107 159
107 160
107 161
108 109
108 111
108 112
108 113
108 114
108 116
108 117
108 118
108 119
108 121
108 125
108 126
108 129
108 131
108 133
108 134
108 135
108 137
108 138
108 139
108 140
108 141
108 142
108 143
108 144
108 145
108 146
108 147
108 149
108 150
108 151
108 152
108 153
108 154
108 155
108 156
108 157
108 158
108 159
108 160
108 161
109 110
109 111
109 112
109 113
109 114
109 115
109 117
109 118
109 120
109 126
109 128
109 130
109 131
109 133
109 134
109 135
109 136
109 137
109 138
109 139
109 142
109 144
109 145
109 147
109 148
109 149
109 150
109 151
109 152
109 154
109 156
109 157
109 158
109 160
109 161
110 111
110 115
110 117
110 118
110 120
110 121
110 124
110 125
110 130
110 131
110 133
110 134
110 137
110 138
110 139
110 141
110 150
110 151
110 152
110 159
111 113
111 115
111 116
111 118
111 126
111 129
111 131
111 133
111 134
111 136
111 137
111 138
111 140
111 141
111 142
111 145
111 149
111 151
111 152
111 153
111 154
112 114
112 116
112 117
112 118
112 123
112 125
112 126
112 128
112 129
112 130
112 131
112 133
112 134
112 135
112 137
112 138
112 140
112 142
112 145
112 146
112 147
112 149
112 151
112 152
112 153
112 154
112 157
112 158
112 159
112 160
112 161
113 114
113 115
113 117
113 118
113 120
113 121
113 123
113 124
113 125
113 126
113 128
113 129
113 131
113 132
113 133
113 135
113 137
113 138
113 139
113 141
113 142
113 143
113 146
113 147
113 148
113 150
113 152
113 154
113 155
113 157
113 158
113 159
113 160
113 161
114 115
114 116
114 117
114 118
114 125
114 126
114 129
114 131
114 133
114 134
114 135
114 137
114 138
114 139
114 142
114 143
114 145
114 146
114 147
114 148
114 150
114 151
114 152
114 153
114 154
114 155
114 156
114 157
114 158
114 159
114 160
114 161
115 116
115 118
115 121
115 125
115 127
115 128
115 129
115 131
115 133
115 134
115 135
115 137
115 138
115 139
115 141
115 142
115 143
115 144
115 145
115 146
115 147
115 149
115 150
115 151
115 152
115 153
115 154
115 156
115 157
115 158
115 160
115 161
116 117
116 120
116 124
116 125
116 126
116 131
116 133
116 134
116 136
116 137
116 138
116 139
116 140
116 142
116 143
116 146
116 150
116 151
116 152
116 153
116 157
116 158
116 159
117 118
117 124
117 125
117 129
117 130
117 131
117 132
117 133
117 134
117 135
117 137
117 138
117 139
117 140
117 141
117 142
117 143
117 144
117 145
117 146
117 147
117 149
117 150
117 151
117 152
117 153
117 154
117 155
117 157
117 158
117 159
117 161
118 121
118 123
118 124
118 125
118 126
118 127
118 128
118 129
118 130
118 133
118 134
118 135
118 136
118 137
118 138
118 139
118 141
118 145
118 146
118 147
118 148
118 150
118 151
118 153
118 154
118 155
118 156
118 158
118 160
118 161
119 125
119 126
119 127
119 137
119 138
119 142
119 143
119 145
119 147
119 149
119 150
119 152
119 157
120 130
120 131
120 133
120 138
120 141
120 142
120 147
120 154
121 122
121 123
121 125
121 131
121 136
121 137
121 138
121 147
121 150
121 152
121 153
121 158
121 161
122 131
122 133
122 134
122 135
122 137
122 138
122 142
122 147
122 150
122 151
122 153
122 154
122 157
122 158
122 160
123 129
123 131
123 138
123 141
123 152
123 154
123 158
123 161
124 130
124 131
124 133
124 134
124 139
124 143
124 158
124 159
124 161
125 126
125 127
125 129
125 130
125 131
125 133
125 134
125 135
125 139
125 142
125 143
125 144
125 145
125 146
125 148
125 150
125 151
125 152
125 154
125 157
125 158
125 159
125 160
126 129
126 130
126 131
126 133
126 134
126 135
126 136
126 138
126 139
126 140
126 142
126 143
126 146
126 148
126 149
126 150
126 152
126 154
126 157
126 158
126 161
127 129
127 130
127 131
127 133
127 137
127 138
127 142
127 147
127 149
127 150
127 151
127 152
127 153
127 156
127 158
128 129
128 133
128 134
128 135
128 137
128 138
128 139
128 141
128 142
128 148
128 152
128 154
128 157
128 158
129 130
129 131
129 133
129 134
129 136
129 137
129 138
129 139
129 140
129 142
129 145
129 146
129 147
129 149
129 150
129 151
129 152
129 153
129 154
129 155
129 157
129 158
129 160
129 161
130 131
130 133
130 134
130 136
130 137
130 138
130 140
130 142
130 145
130 147
130 149
130 150
130 151
130 152
130 153
130 155
130 157
130 160
131 133
131 134
131 137
131 138
131 139
131 141
131 142
131 143
131 144
131 145
131 146
131 147
131 149
131 150
131 151
131 152
131 153
131 154
131 157
131 158
131 159
131 160
131 161
132 133
132 134
132 137
132 138
132 142
132 145
132 146
132 147
132 152
133 134
133 135
133 136
133 137
133 138
133 139
133 141
133 142
133 143
133 145
133 146
133 147
133 148
133 149
133 151
133 152
133 153
133 154
133 155
133 157
133 158
133 159
133 160
134 136
134 137
134 138
134 139
134 140
134 141
134 142
134 143
134 145
134 146
134 147
134 148
134 149
134 151
134 152
134 153
134 154
134 155
134 157
134 160
134 161
135 136
135 138
135 139
135 145
135 146
135 150
135 152
135 154
135 158
135 161
136 137
136 142
136 148
136 150
136 151
136 152
136 153
136 154
136 157
136 158
136 160
136 161
137 138
137 139
137 140
137 141
137 142
137 146
137 147
137 149
137 150
137 151
137 152
137 153
137 154
137 155
137 157
137 158
137 159
138 139
138 141
138 142
138 143
138 144
138 146
138 147
138 148
138 150
138 151
138 152
138 153
138 154
138 155
138 157
138 158
138 160
138 161
139 142
139 143
139 144
139 146
139 147
139 148
139 149
139 150
139 151
139 152
139 153
139 154
139 155
139 157
139 158
139 160
139 161
140 147
140 152
140 153
141 142
141 145
141 150
141 151
141 152
141 153
141 154
141 155
141 158
141 160
142 143
142 146
142 147
142 149
142 150
142 151
142 152
142 153
142 154
142 155
142 157
142 158
142 159
142 160
142 161
143 145
143 150
143 151
143 152
143 154
143 157
143 158
143 160
144 150
144 151
144 157
144 161
145 146
145 147
145 149
145 150
145 151
145 154
145 157
145 158
146 147
146 149
146 150
146 151
146 152
146 153
146 154
146 155
146 157
146 158
146 159
146 160
146 161
147 150
147 151
147 152
147 153
147 154
147 157
147 158
147 159
147 160
147 161
148 149
148 150
148 152
148 157
149 150
149 152
149 154
150 151
150 152
150 154
150 156
150 157
150 158
150 160
150 161
151 152
151 153
151 154
151 155
151 158
151 159
152 153
152 154
152 155
152 156
152 157
152 158
152 159
152 160
152 161
153 158
153 159
154 155
154 158
154 159
154 160
154 161
155 156
156 160
157 161
158 159
159 161
160 161
