0 4
0 5
0 6
0 8
0 10
0 13
0 14
0 15
0 19
0 25
0 27
0 32
0 35
0 38
0 41
0 43
0 44
0 45
0 46
0 49
0 50
0 53
0 54
0 55
0 56
0 58
0 61
0 62
0 64
0 65
0 66
0 67
0 68
0 72
0 74
0 75
0 79
0 80
0 84
0 86
0 89
0 93
0 94
0 95
0 96
0 97
0 98
0 101
0 102
0 103
0 108
0 109
0 115
0 117
0 125
0 126
0 128
0 129
0 135
0 137
0 138
0 139
0 141
0 143
0 145
0 146
0 147
0 148
0 149
0 151
0 152
0 154
0 157
0 158
0 160
0 161
1 4
1 5
1 7
1 8
1 9
1 10
1 11
1 14
1 18
1 20
1 21
1 22
1 26
1 29
1 31
1 32
1 34
1 35
1 36
1 38
1 40
1 43
1 45
1 51
1 54
1 55
1 56
1 63
1 64
1 66
1 67
1 68
1 69
1 70
1 71
1 72
1 73
1 74
1 77
1 79
1 80
1 81
1 84
1 90
1 94
1 95
1 96
1 97
1 102
1 104
1 105
1 106
1 109
1 112
1 113
1 115
1 116
1 118
1 125
1 126
1 127
1 128
1 130
1 133
1 135
1 137
1 138
1 139
1 141
1 142
1 143
1 149
1 150
1 151
1 154
1 155
1 156
1 158
1 160
2 4
2 7
2 9
2 11
2 14
2 19
2 25
2 26
2 38
2 44
2 50
2 51
2 52
2 53
2 54
2 58
2 66
2 67
2 68
2 69
2 70
2 71
2 72
2 74
2 76
2 77
2 79
2 86
2 87
2 94
2 96
2 97
2 101
2 102
2 105
2 106
2 108
2 113
2 114
2 117
2 118
2 119
2 125
2 126
2 127
2 129
2 132
2 133
2 134
2 136
2 137
2 138
2 139
2 142
2 145
2 146
2 147
2 148
2 149
2 150
2 152
2 153
2 158
2 159
2 161
3 4
3 5
3 6
3 7
3 11
3 13
3 14
3 25
3 26
3 29
3 31
3 32
3 40
3 43
3 49
3 50
3 52
3 54
3 58
3 62
3 63
3 69
3 70
3 72
3 74
3 80
3 86
3 87
3 89
3 91
3 92
3 94
3 96
3 101
3 102
3 103
3 105
3 106
3 108
3 109
3 112
3 117
3 122
3 124
3 126
3 129
3 131
3 137
3 146
3 147
3 158
4 5
4 6
4 7
4 9
4 10
4 11
4 13
4 15
4 16
4 19
4 21
4 22
4 24
4 25
4 26
4 28
4 29
4 30
4 31
4 32
4 34
4 36
4 40
4 43
4 44
4 45
4 46
4 48
4 49
4 50
4 51
4 52
4 54
4 55
4 56
4 57
4 58
4 61
4 62
4 64
4 65
4 66
4 67
4 68
4 69
4 70
4 71
4 72
4 73
4 74
4 75
4 76
4 77
4 79
4 80
4 82
4 83
4 84
4 85
4 87
4 88
4 89
4 92
4 93
4 94
4 97
4 99
4 100
4 102
4 105
4 106
4 107
4 108
4 110
4 112
4 113
4 114
4 115
4 116
4 118
4 120
4 125
4 126
4 127
4 128
4 129
4 133
4 134
4 135
4 136
4 137
4 138
4 140
4 141
4 142
4 143
4 147
4 149
4 150
4 152
4 153
4 154
4 155
4 157
4 158
4 161
5 7
5 9
5 13
5 19
5 20
5 21
5 23
5 24
5 25
5 35
5 40
5 43
5 45
5 49
5 51
5 53
5 56
5 58
5 65
5 67
5 69
5 70
5 76
5 79
5 92
5 93
5 106
5 109
5 114
5 115
5 121
5 125
5 127
5 133
5 134
5 138
5 141
5 142
5 143
5 145
5 146
5 150
5 151
5 152
5 153
5 154
5 161
6 7
6 9
6 11
6 12
6 13
6 14
6 15
6 18
6 19
6 21
6 22
6 25
6 26
6 27
6 28
6 29
6 31
6 32
6 33
6 35
6 37
6 38
6 40
6 42
6 43
6 44
6 45
6 46
6 47
6 48
6 49
6 50
6 51
6 52
6 53
6 54
6 55
6 56
6 57
6 58
6 59
6 61
6 64
6 65
6 66
6 67
6 68
6 69
6 70
6 72
6 73
6 74
6 75
6 77
6 79
6 80
6 81
6 84
6 85
6 87
6 89
6 90
6 92
6 93
6 94
6 95
6 96
6 97
6 98
6 99
6 100
6 103
6 104
6 105
6 106
6 107
6 108
6 109
6 112
6 113
6 114
6 115
6 116
6 118
6 121
6 122
6 125
6 126
6 128
6 129
6 131
6 132
6 133
6 135
6 136
6 137
6 138
6 139
6 141
6 142
6 143
6 145
6 146
6 147
6 149
6 150
6 151
6 152
6 153
6 154
6 157
6 158
6 159
6 160
6 161
7 8
7 9
7 10
7 11
7 13
7 14
7 15
7 16
7 17
7 19
7 21
7 25
7 26
7 27
7 30
7 31
7 32
7 35
7 38
7 40
7 41
7 43
7 45
7 48
7 49
7 50
7 51
7 52
7 53
7 54
7 55
7 56
7 57
7 59
7 60
7 62
7 63
7 64
7 65
7 68
7 69
7 70
7 71
7 72
7 73
7 74
7 75
7 76
7 77
7 78
7 79
7 80
7 81
7 83
7 84
7 85
7 86
7 88
7 89
7 91
7 92
7 93
7 94
7 95
7 97
7 98
7 100
7 101
7 102
7 103
7 104
7 105
7 106
7 108
7 109
7 111
7 112
7 113
7 114
7 115
7 116
7 117
7 118
7 121
7 123
7 125
7 126
7 127
7 129
7 130
7 131
7 133
7 134
7 135
7 137
7 138
7 139
7 140
7 141
7 142
7 143
7 144
7 145
7 146
7 147
7 149
7 150
7 151
7 152
7 153
7 154
7 156
7 157
7 158
7 159
7 160
7 161
8 13
8 14
8 16
8 19
8 30
8 31
8 36
8 37
8 40
8 43
8 45
8 51
8 54
8 64
8 65
8 67
8 68
8 69
8 71
8 72
8 73
8 74
8 75
8 79
8 80
8 88
8 89
8 97
8 98
8 99
8 101
8 102
8 103
8 105
8 106
8 107
8 108
8 111
8 114
8 116
8 119
8 120
8 125
8 128
8 133
8 138
8 140
8 141
8 142
8 149
8 152
8 157
8 158
8 159
8 161
9 10
9 11
9 12
9 13
9 14
9 18
9 19
9 21
9 22
9 24
9 25
9 26
9 27
9 30
9 31
9 32
9 35
9 36
9 38
9 39
9 40
9 41
9 42
9 43
9 45
9 46
9 47
9 50
9 51
9 54
9 56
9 57
9 58
9 61
9 62
9 63
9 64
9 65
9 68
9 69
9 70
9 72
9 75
9 76
9 79
9 80
9 81
9 82
9 84
9 85
9 86
9 87
9 88
9 89
9 91
9 92
9 94
9 99
9 100
9 101
9 102
9 103
9 104
9 105
9 106
9 107
9 109
9 110
9 111
9 112
9 113
9 114
9 116
9 117
9 118
9 119
9 120
9 124
9 125
9 126
9 129
9 130
9 131
9 134
9 137
9 138
9 140
9 142
9 143
9 145
9 146
9 147
9 149
9 150
9 151
9 152
9 153
9 154
9 155
9 157
9 158
10 11
10 13
10 14
10 19
10 21
10 24
10 26
10 28
10 30
10 31
10 32
10 34
10 35
10 36
10 38
10 39
10 41
10 44
10 45
10 46
10 48
10 50
10 52
10 56
10 57
10 58
10 59
10 63
10 64
10 65
10 66
10 67
10 68
10 70
10 71
10 72
10 73
10 75
10 76
10 78
10 79
10 80
10 81
10 82
10 88
10 89
10 92
10 93
10 94
10 99
10 100
10 101
10 102
10 103
10 105
10 106
10 107
10 108
10 112
10 114
10 117
10 121
10 126
10 127
10 129
10 131
10 134
10 135
10 137
10 139
10 140
10 141
10 142
10 143
10 145
10 146
10 147
10 149
10 150
10 151
10 152
10 154
10 155
10 157
10 158
10 159
10 160
11 13
11 14
11 15
11 18
11 19
11 21
11 22
11 24
11 31
11 32
11 34
11 35
11 36
11 37
11 38
11 39
11 40
11 41
11 44
11 45
11 46
11 48
11 49
11 50
11 51
11 52
11 53
11 54
11 55
11 56
11 57
11 58
11 59
11 63
11 64
11 65
11 66
11 67
11 68
11 69
11 70
11 71
11 72
11 73
11 76
11 79
11 80
11 83
11 84
11 85
11 89
11 91
11 92
11 93
11 94
11 95
11 96
11 97
11 98
11 99
11 100
11 102
11 106
11 108
11 110
11 111
11 113
11 115
11 116
11 117
11 118
11 122
11 123
11 125
11 128
11 129
11 130
11 131
11 133
11 134
11 135
11 136
11 137
11 139
11 140
11 141
11 142
11 143
11 145
11 146
11 147
11 148
11 150
11 151
11 152
11 153
11 154
11 156
11 157
11 159
11 160
11 161
12 14
12 15
12 19
12 21
12 24
12 25
12 30
12 31
12 32
12 36
12 37
12 39
12 40
12 43
12 50
12 51
12 52
12 53
12 54
12 56
12 59
12 61
12 62
12 63
12 64
12 67
12 68
12 70
12 72
12 73
12 74
12 77
12 82
12 86
12 89
12 93
12 99
12 101
12 106
12 107
12 109
12 110
12 112
12 115
12 116
12 117
12 118
12 122
12 127
12 129
12 130
12 137
12 138
12 145
12 146
12 149
12 151
12 152
12 154
12 157
13 14
13 15
13 19
13 21
13 23
13 26
13 30
13 31
13 35
13 37
13 38
13 39
13 40
13 45
13 46
13 49
13 51
13 53
13 64
13 67
13 69
13 70
13 71
13 74
13 75
13 80
13 82
13 88
13 89
13 93
13 94
13 100
13 102
13 103
13 104
13 105
13 106
13 107
13 108
13 110
13 114
13 116
13 117
13 118
13 122
13 124
13 125
13 129
13 132
13 133
13 135
13 141
13 145
13 146
13 147
13 149
13 150
13 152
13 154
13 155
13 157
13 158
13 159
13 160
13 161
14 15
14 17
14 21
14 22
14 23
14 25
14 26
14 27
14 28
14 29
14 30
14 31
14 32
14 34
14 35
14 36
14 37
14 38
14 39
14 40
14 41
14 42
14 43
14 44
14 45
14 46
14 47
14 48
14 49
14 50
14 51
14 52
14 53
14 54
14 56
14 58
14 59
14 60
14 63
14 64
14 65
14 66
14 67
14 68
14 69
14 70
14 71
14 72
14 74
14 75
14 76
14 77
14 79
14 80
14 81
14 84
14 85
14 86
14 88
14 89
14 90
14 91
14 93
14 95
14 96
14 97
14 98
14 101
14 102
14 104
14 106
14 107
14 108
14 109
14 110
14 112
14 113
14 114
14 115
14 117
14 118
14 119
14 120
14 122
14 125
14 126
14 127
14 129
14 130
14 131
14 132
14 133
14 134
14 135
14 136
14 138
14 139
14 141
14 142
14 143
14 144
14 146
14 147
14 148
14 150
14 151
14 152
14 153
14 154
14 156
14 157
14 158
14 159
14 160
14 161
15 19
15 21
15 25
15 26
15 31
15 32
15 33
15 34
15 44
15 45
15 49
15 51
15 55
15 56
15 58
15 61
15 66
15 67
15 69
15 72
15 74
15 77
15 79
15 80
15 81
15 82
15 83
15 84
15 88
15 89
15 91
15 94
15 99
15 100
15 101
15 102
15 103
15 105
15 106
15 108
15 113
15 114
15 115
15 117
15 118
15 119
15 125
15 131
15 133
15 134
15 137
15 138
15 140
15 141
15 142
15 145
15 150
15 152
15 154
15 157
15 158
15 159
15 161
16 23
16 24
16 25
16 26
16 30
16 31
16 32
16 36
16 37
16 40
16 43
16 44
16 46
16 51
16 52
16 55
16 57
16 58
16 60
16 65
16 70
16 72
16 75
16 77
16 79
16 81
16 82
16 84
16 89
16 94
16 96
16 97
16 99
16 101
16 102
16 108
16 109
16 111
16 113
16 114
16 115
16 118
16 119
16 125
16 126
16 130
16 133
16 141
16 142
16 144
16 147
16 151
16 153
16 154
16 158
16 160
17 31
17 43
17 49
17 56
17 62
17 68
17 70
17 71
17 75
17 80
17 89
17 97
17 100
17 102
17 105
17 112
17 115
17 125
17 127
17 129
17 133
17 134
17 137
17 139
17 145
17 152
18 19
18 20
18 21
18 23
18 30
18 31
18 34
18 37
18 44
18 45
18 49
18 50
18 51
18 56
18 58
18 59
18 60
18 63
18 64
18 67
18 68
18 70
18 72
18 74
18 75
18 76
18 79
18 80
18 85
18 86
18 87
18 89
18 101
18 102
18 103
18 106
18 108
18 111
18 112
18 113
18 117
18 118
18 125
18 126
18 131
18 134
18 137
18 141
18 142
18 146
18 148
18 149
18 150
18 151
18 152
18 153
18 154
18 157
18 158
18 161
19 20
19 21
19 23
19 24
19 25
19 26
19 27
19 28
19 29
19 30
19 31
19 32
19 33
19 34
19 35
19 36
19 37
19 38
19 39
19 40
19 41
19 42
19 43
19 44
19 45
19 46
19 47
19 48
19 49
19 50
19 51
19 52
19 53
19 54
19 55
19 56
19 58
19 59
19 61
19 62
19 63
19 64
19 65
19 66
19 67
19 68
19 69
19 70
19 71
19 72
19 73
19 74
19 75
19 76
19 77
19 79
19 80
19 82
19 83
19 85
19 86
19 87
19 89
19 92
19 93
19 94
19 95
19 97
19 98
19 99
19 100
19 101
19 102
19 104
19 105
19 106
19 107
19 108
19 109
19 110
19 111
19 112
19 113
19 114
19 115
19 117
19 118
19 119
19 124
19 125
19 126
19 127
19 128
19 129
19 130
19 131
19 133
19 134
19 136
19 137
19 138
19 139
19 140
19 141
19 142
19 143
19 147
19 148
19 150
19 151
19 152
19 153
19 154
19 157
19 158
19 159
19 160
20 21
20 22
20 25
20 26
20 30
20 35
20 38
20 43
20 45
20 49
20 51
20 53
20 54
20 62
20 65
20 67
20 68
20 72
20 73
20 74
20 77
20 79
20 89
20 101
20 105
20 109
20 112
20 117
20 118
20 123
20 125
20 129
20 130
20 133
20 134
20 137
20 138
20 141
20 152
20 154
20 157
20 158
20 161
21 22
21 24
21 25
21 26
21 27
21 28
21 29
21 30
21 31
21 32
21 33
21 34
21 35
21 36
21 37
21 38
21 39
21 40
21 42
21 44
21 45
21 46
21 47
21 49
21 50
21 51
21 52
21 54
21 56
21 59
21 60
21 63
21 64
21 67
21 68
21 69
21 70
21 71
21 72
21 73
21 74
21 75
21 76
21 77
21 79
21 80
21 82
21 83
21 84
21 85
21 86
21 87
21 88
21 89
21 90
21 91
21 92
21 93
21 94
21 97
21 99
21 100
21 102
21 103
21 104
21 106
21 107
21 108
21 109
21 112
21 113
21 114
21 115
21 116
21 117
21 118
21 119
21 121
21 123
21 125
21 126
21 129
21 130
21 131
21 132
21 133
21 134
21 135
21 136
21 137
21 138
21 139
21 142
21 144
21 145
21 146
21 148
21 149
21 151
21 152
21 153
21 154
21 155
21 157
21 158
21 159
21 160
21 161
22 25
22 26
22 31
22 34
22 39
22 44
22 46
22 49
22 52
22 54
22 56
22 58
22 59
22 64
22 65
22 67
22 68
22 72
22 80
22 83
22 84
22 88
22 89
22 91
22 93
22 97
22 101
22 102
22 104
22 108
22 112
22 114
22 116
22 118
22 125
22 127
22 128
22 131
22 133
22 134
22 138
22 139
22 142
22 143
22 147
22 151
22 152
22 158
23 30
23 34
23 35
23 36
23 38
23 40
23 51
23 53
23 55
23 58
23 64
23 67
23 68
23 69
23 70
23 71
23 73
23 74
23 76
23 77
23 79
23 80
23 89
23 102
23 104
23 108
23 113
23 114
23 115
23 125
23 126
23 128
23 129
23 131
23 133
23 134
23 136
23 142
23 145
23 149
23 150
23 151
23 152
23 153
23 154
24 25
24 30
24 31
24 34
24 40
24 42
24 44
24 46
24 49
24 54
24 58
24 62
24 63
24 67
24 69
24 70
24 72
24 74
24 76
24 77
24 79
24 83
24 91
24 92
24 94
24 97
24 102
24 103
24 105
24 106
24 107
24 108
24 109
24 112
24 114
24 117
24 125
24 129
24 130
24 131
24 133
24 134
24 135
24 137
24 146
24 147
24 150
24 151
24 152
24 153
24 154
24 158
24 161
25 26
25 28
25 30
25 32
25 33
25 34
25 35
25 36
25 37
25 38
25 40
25 41
25 45
25 46
25 49
25 51
25 52
25 53
25 55
25 56
25 57
25 58
25 61
25 63
25 64
25 65
25 66
25 67
25 68
25 69
25 70
25 71
25 73
25 74
25 77
25 79
25 80
25 83
25 84
25 86
25 87
25 89
25 91
25 92
25 93
25 94
25 97
25 98
25 100
25 101
25 102
25 103
25 105
25 106
25 109
25 110
25 111
25 112
25 113
25 114
25 115
25 116
25 117
25 120
25 125
25 126
25 128
25 129
25 131
25 133
25 134
25 135
25 137
25 138
25 142
25 145
25 146
25 147
25 150
25 151
25 152
25 153
25 154
25 160
25 161
26 30
26 31
26 35
26 36
26 37
26 38
26 39
26 40
26 42
26 43
26 44
26 46
26 47
26 49
26 50
26 51
26 52
26 54
26 55
26 56
26 58
26 59
26 61
26 62
26 63
26 64
26 65
26 66
26 67
26 68
26 69
26 70
26 71
26 72
26 73
26 74
26 75
26 76
26 77
26 79
26 82
26 83
26 84
26 86
26 87
26 88
26 89
26 92
26 94
26 96
26 97
26 98
26 100
26 101
26 102
26 103
26 104
26 105
26 106
26 107
26 109
26 110
26 111
26 112
26 113
26 115
26 116
26 117
26 118
26 120
26 122
26 124
26 125
26 126
26 127
26 129
26 130
26 131
26 133
26 134
26 136
26 137
26 138
26 139
26 141
26 142
26 143
26 145
26 147
26 148
26 149
26 150
26 151
26 152
26 154
26 155
26 157
26 159
26 161
27 31
27 34
27 35
27 36
27 47
27 49
27 51
27 52
27 64
27 70
27 77
27 79
27 89
27 104
27 106
27 108
27 113
27 118
27 129
27 133
27 149
27 152
27 153
27 154
27 157
27 158
28 31
28 32
28 35
28 38
28 40
28 46
28 50
28 58
28 61
28 64
28 66
28 67
28 68
28 71
28 73
28 74
28 75
28 82
28 88
28 89
28 91
28 92
28 94
28 97
28 105
28 107
28 108
28 109
28 114
28 117
28 129
28 133
28 134
28 137
28 138
28 139
28 140
28 141
28 147
28 150
28 152
28 153
28 154
28 155
28 157
28 158
29 46
29 51
29 53
29 54
29 56
29 58
29 59
29 61
29 64
29 66
29 67
29 70
29 72
29 73
29 74
29 75
29 76
29 79
29 82
29 86
29 88
29 89
29 91
29 94
29 97
29 102
29 103
29 106
29 108
29 110
29 112
29 114
29 120
29 125
29 126
29 129
29 130
29 131
29 133
29 136
29 137
29 141
29 142
29 147
29 151
29 152
29 154
29 157
30 31
30 32
30 34
30 36
30 37
30 38
30 39
30 40
30 41
30 42
30 44
30 45
30 47
30 48
30 49
30 50
30 54
30 55
30 56
30 59
30 61
30 63
30 65
30 67
30 68
30 69
30 70
30 71
30 72
30 73
30 74
30 75
30 76
30 77
30 79
30 81
30 84
30 86
30 87
30 88
30 89
30 90
30 91
30 92
30 93
30 94
30 97
30 101
30 105
30 106
30 108
30 109
30 111
30 113
30 114
30 115
30 116
30 117
30 118
30 119
30 121
30 123
30 126
30 128
30 129
30 130
30 131
30 132
30 133
30 134
30 136
30 137
30 138
30 146
30 149
30 150
30 151
30 152
30 155
30 157
30 159
30 161
31 32
31 34
31 35
31 37
31 38
31 39
31 40
31 41
31 42
31 43
31 45
31 46
31 48
31 49
31 50
31 51
31 53
31 54
31 55
31 56
31 57
31 58
31 59
31 60
31 61
31 63
31 64
31 65
31 66
31 67
31 68
31 69
31 70
31 71
31 72
31 73
31 74
31 76
31 77
31 78
31 79
31 80
31 81
31 82
31 83
31 86
31 87
31 88
31 89
31 90
31 91
31 92
31 93
31 94
31 95
31 96
31 97
31 99
31 100
31 101
31 102
31 103
31 105
31 106
31 107
31 108
31 110
31 112
31 114
31 115
31 117
31 118
31 121
31 123
31 125
31 126
31 127
31 129
31 130
31 132
31 133
31 134
31 135
31 136
31 137
31 138
31 139
31 140
31 141
31 142
31 143
31 145
31 146
31 148
31 149
31 150
31 152
31 154
31 155
31 156
31 157
31 158
31 159
31 161
32 35
32 36
32 37
32 38
32 39
32 40
32 42
32 43
32 44
32 45
32 49
32 50
32 51
32 52
32 53
32 54
32 55
32 56
32 58
32 59
32 65
32 66
32 67
32 68
32 69
32 70
32 71
32 73
32 74
32 75
32 77
32 79
32 80
32 82
32 83
32 84
32 85
32 86
32 87
32 88
32 91
32 94
32 95
32 96
32 98
32 100
32 101
32 102
32 103
32 105
32 106
32 108
32 109
32 110
32 111
32 112
32 114
32 115
32 117
32 118
32 125
32 126
32 127
32 129
32 131
32 133
32 134
32 136
32 137
32 138
32 139
32 141
32 142
32 145
32 146
32 147
32 148
32 150
32 151
32 152
32 154
32 155
32 157
32 158
32 159
32 160
32 161
33 34
33 38
33 43
33 48
33 49
33 52
33 55
33 68
33 69
33 72
33 79
33 89
33 94
33 102
33 103
33 105
33 106
33 109
33 118
33 119
33 128
33 129
33 131
33 133
33 134
33 135
33 137
33 145
33 150
33 154
34 35
34 36
34 37
34 38
34 40
34 42
34 44
34 45
34 51
34 53
34 54
34 56
34 58
34 59
34 62
34 64
34 66
34 67
34 68
34 69
34 71
34 72
34 73
34 74
34 75
34 76
34 79
34 81
34 83
34 84
34 89
34 93
34 94
34 97
34 100
34 102
34 104
34 106
34 108
34 109
34 113
34 114
34 116
34 117
34 118
34 120
34 121
34 128
34 129
34 130
34 131
34 132
34 135
34 142
34 145
34 146
34 147
34 148
34 149
34 150
34 152
34 153
34 154
34 155
34 157
34 158
34 160
35 36
35 38
35 40
35 42
35 43
35 45
35 46
35 47
35 49
35 50
35 51
35 52
35 53
35 54
35 55
35 56
35 59
35 61
35 62
35 63
35 64
35 66
35 67
35 68
35 70
35 71
35 72
35 75
35 77
35 79
35 80
35 82
35 85
35 86
35 87
35 88
35 89
35 90
35 92
35 93
35 94
35 95
35 97
35 98
35 100
35 101
35 102
35 104
35 105
35 106
35 109
35 110
35 112
35 113
35 115
35 116
35 118
35 119
35 121
35 125
35 129
35 130
35 131
35 133
35 135
35 137
35 138
35 141
35 142
35 143
35 144
35 145
35 147
35 150
35 151
35 152
35 153
35 154
35 157
35 158
35 159
35 160
36 38
36 39
36 40
36 45
36 48
36 49
36 50
36 51
36 53
36 54
36 59
36 61
36 63
36 64
36 68
36 69
36 70
36 71
36 74
36 76
36 77
36 80
36 83
36 84
36 86
36 89
36 96
36 100
36 101
36 102
36 105
36 106
36 107
36 109
36 114
36 115
36 117
36 118
36 124
36 128
36 129
36 130
36 131
36 133
36 134
36 135
36 138
36 141
36 142
36 149
36 150
36 155
36 158
36 159
36 161
37 38
37 46
37 51
37 52
37 54
37 55
37 57
37 63
37 64
37 65
37 67
37 69
37 70
37 71
37 74
37 75
37 79
37 80
37 82
37 83
37 84
37 85
37 88
37 90
37 91
37 93
37 94
37 97
37 98
37 99
37 100
37 101
37 102
37 105
37 106
37 108
37 109
37 111
37 112
37 114
37 115
37 117
37 118
37 125
37 126
37 128
37 129
37 131
37 133
37 136
37 137
37 138
37 139
37 141
37 142
37 145
37 146
37 147
37 150
37 151
37 152
37 154
37 155
37 158
37 161
38 40
38 41
38 42
38 43
38 45
38 46
38 47
38 48
38 49
38 50
38 51
38 54
38 56
38 57
38 58
38 59
38 60
38 62
38 64
38 67
38 68
38 69
38 71
38 72
38 73
38 74
38 75
38 76
38 79
38 80
38 81
38 82
38 83
38 84
38 85
38 86
38 87
38 89
38 90
38 91
38 93
38 94
38 95
38 96
38 100
38 101
38 102
38 103
38 104
38 106
38 107
38 108
38 109
38 111
38 112
38 113
38 114
38 115
38 116
38 117
38 118
38 124
38 125
38 126
38 128
38 129
38 130
38 131
38 133
38 134
38 136
38 138
38 139
38 140
38 142
38 143
38 144
38 145
38 146
38 147
38 148
38 150
38 151
38 152
38 153
38 155
38 157
38 158
38 160
38 161
39 40
39 41
39 43
39 44
39 46
39 47
39 48
39 50
39 54
39 56
39 58
39 60
39 61
39 65
39 66
39 67
39 69
39 70
39 72
39 73
39 78
39 82
39 84
39 86
39 88
39 89
39 95
39 97
39 98
39 102
39 105
39 106
39 108
39 113
39 114
39 115
39 117
39 118
39 122
39 125
39 129
39 131
39 133
39 136
39 137
39 138
39 141
39 142
39 146
39 148
39 152
39 157
39 158
39 161
40 41
40 43
40 44
40 47
40 49
40 50
40 51
40 52
40 53
40 54
40 56
40 58
40 59
40 60
40 61
40 62
40 63
40 64
40 65
40 66
40 67
40 68
40 69
40 70
40 71
40 72
40 73
40 74
40 75
40 76
40 78
40 79
40 80
40 81
40 82
40 83
40 84
40 85
40 86
40 87
40 88
40 89
40 91
40 92
40 93
40 94
40 95
40 96
40 97
40 98
40 99
40 100
40 101
40 105
40 106
40 108
40 109
40 110
40 111
40 113
40 114
40 115
40 116
40 117
40 118
40 119
40 122
40 125
40 128
40 129
40 130
40 133
40 134
40 135
40 136
40 137
40 138
40 139
40 141
40 142
40 145
40 146
40 147
40 148
40 149
40 150
40 151
40 152
40 153
40 154
40 155
40 156
40 157
40 158
40 160
40 161
41 43
41 51
41 53
41 54
41 68
41 71
41 72
41 80
41 87
41 88
41 101
41 106
41 111
41 112
41 113
41 117
41 118
41 131
41 137
41 138
41 141
41 142
41 146
41 154
41 155
41 158
42 44
42 47
42 48
42 49
42 51
42 52
42 53
42 56
42 63
42 65
42 68
42 72
42 74
42 75
42 77
42 79
42 80
42 82
42 83
42 86
42 91
42 93
42 95
42 97
42 98
42 102
42 105
42 106
42 110
42 112
42 114
42 116
42 118
42 119
42 124
42 125
42 126
42 129
42 131
42 134
42 135
42 137
42 139
42 140
42 141
42 142
42 144
42 146
42 147
42 149
42 150
42 154
42 157
42 159
42 160
43 44
43 46
43 49
43 52
43 54
43 55
43 56
43 57
43 58
43 61
43 63
43 65
43 66
43 67
43 70
43 71
43 73
43 74
43 75
43 76
43 77
43 79
43 80
43 82
43 83
43 85
43 86
43 88
43 89
43 97
43 102
43 105
43 106
43 107
43 108
43 110
43 111
43 112
43 114
43 115
43 117
43 118
43 119
43 122
43 128
43 129
43 131
43 133
43 134
43 135
43 137
43 138
43 140
43 142
43 145
43 150
43 151
43 152
43 153
43 154
43 155
43 161
44 45
44 46
44 47
44 51
44 54
44 56
44 58
44 60
44 61
44 63
44 64
44 65
44 66
44 67
44 68
44 69
44 70
44 71
44 72
44 73
44 74
44 75
44 76
44 77
44 78
44 79
44 81
44 83
44 84
44 85
44 86
44 87
44 89
44 91
44 92
44 93
44 94
44 96
44 101
44 102
44 106
44 108
44 109
44 112
44 114
44 117
44 118
44 119
44 121
44 122
44 124
44 125
44 127
44 129
44 130
44 131
44 133
44 134
44 136
44 137
44 138
44 139
44 142
44 145
44 146
44 147
44 148
44 149
44 150
44 151
44 152
44 153
44 154
44 157
45 48
45 49
45 51
45 52
45 53
45 54
45 55
45 56
45 57
45 58
45 59
45 60
45 61
45 63
45 64
45 65
45 67
45 68
45 69
45 70
45 71
45 72
45 73
45 75
45 76
45 77
45 79
45 80
45 85
45 86
45 87
45 88
45 90
45 92
45 93
45 94
45 96
45 97
45 98
45 99
45 100
45 101
45 103
45 104
45 105
45 106
45 107
45 109
45 111
45 112
45 113
45 114
45 115
45 116
45 119
45 122
45 125
45 126
45 127
45 128
45 129
45 130
45 131
45 132
45 133
45 134
45 136
45 137
45 138
45 139
45 140
45 141
45 142
45 144
45 146
45 147
45 148
45 149
45 151
45 152
45 153
45 157
45 158
45 161
46 49
46 50
46 51
46 54
46 56
46 57
46 60
46 63
46 64
46 65
46 66
46 67
46 72
46 74
46 76
46 77
46 84
46 85
46 87
46 88
46 89
46 94
46 96
46 97
46 98
46 100
46 101
46 102
46 105
46 106
46 107
46 108
46 113
46 114
46 115
46 116
46 117
46 125
46 128
46 129
46 130
46 131
46 134
46 135
46 136
46 137
46 138
46 139
46 141
46 142
46 143
46 147
46 149
46 150
46 151
46 152
46 153
46 157
47 50
47 51
47 54
47 59
47 65
47 67
47 70
47 71
47 72
47 74
47 85
47 86
47 94
47 102
47 105
47 107
47 117
47 118
47 142
47 150
47 160
48 49
48 51
48 56
48 57
48 68
48 71
48 72
48 73
48 74
48 79
48 80
48 84
48 88
48 89
48 94
48 101
48 102
48 106
48 114
48 117
48 123
48 125
48 128
48 132
48 133
48 134
48 135
48 137
48 138
48 142
48 143
48 147
48 150
48 152
48 154
48 158
48 159
49 50
49 52
49 53
49 56
49 57
49 58
49 60
49 61
49 62
49 63
49 64
49 65
49 66
49 67
49 68
49 69
49 70
49 71
49 72
49 73
49 74
49 75
49 77
49 79
49 80
49 83
49 84
49 85
49 86
49 87
49 88
49 90
49 91
49 92
49 93
49 94
49 97
49 98
49 99
49 100
49 101
49 102
49 104
49 105
49 106
49 108
49 109
49 111
49 112
49 113
49 114
49 115
49 117
49 118
49 119
49 120
49 122
49 125
49 126
49 127
49 128
49 129
49 130
49 131
49 133
49 134
49 135
49 137
49 138
49 139
49 141
49 142
49 144
49 146
49 147
49 148
49 149
49 150
49 151
49 152
49 153
49 154
49 155
49 157
49 158
49 159
49 160
50 51
50 52
50 56
50 57
50 59
50 63
50 64
50 65
50 66
50 67
50 68
50 69
50 70
50 71
50 74
50 76
50 77
50 79
50 84
50 85
50 87
50 89
50 92
50 95
50 97
50 102
50 107
50 108
50 109
50 110
50 111
50 112
50 113
50 114
50 117
50 125
50 126
50 129
50 131
50 134
50 137
50 138
50 139
50 142
50 148
50 149
50 151
50 152
50 154
50 155
50 156
50 158
50 160
50 161
51 52
51 53
51 54
51 55
51 56
51 57
51 59
51 63
51 64
51 65
51 66
51 67
51 68
51 70
51 71
51 72
51 73
51 74
51 75
51 76
51 77
51 79
51 80
51 82
51 83
51 86
51 87
51 88
51 89
51 91
51 92
51 93
51 94
51 95
51 96
51 97
51 98
51 99
51 100
51 101
51 102
51 103
51 105
51 106
51 107
51 108
51 109
51 111
51 112
51 113
51 114
51 115
51 116
51 117
51 118
51 122
51 123
51 125
51 126
51 127
51 128
51 129
51 131
51 132
51 133
51 134
51 135
51 136
51 137
51 138
51 139
51 140
51 142
51 143
51 146
51 147
51 149
51 150
51 151
51 152
51 153
51 154
51 157
51 158
51 159
51 160
51 161
52 54
52 56
52 58
52 65
52 66
52 67
52 68
52 69
52 70
52 71
52 75
52 77
52 79
52 82
52 84
52 85
52 88
52 89
52 91
52 92
52 93
52 97
52 100
52 101
52 102
52 106
52 108
52 109
52 113
52 114
52 116
52 117
52 118
52 119
52 122
52 124
52 125
52 126
52 129
52 130
52 133
52 134
52 135
52 136
52 137
52 138
52 139
52 140
52 146
52 147
52 148
52 150
52 151
52 153
52 154
52 155
52 157
52 158
52 160
52 161
53 55
53 57
53 58
53 61
53 63
53 64
53 65
53 67
53 68
53 69
53 70
53 72
53 73
53 74
53 75
53 79
53 81
53 83
53 84
53 87
53 88
53 89
53 90
53 91
53 95
53 97
53 100
53 101
53 102
53 106
53 107
53 111
53 113
53 114
53 115
53 117
53 118
53 121
53 129
53 131
53 133
53 137
53 138
53 139
53 143
53 147
53 150
53 151
53 153
53 158
53 159
54 56
54 57
54 58
54 62
54 63
54 64
54 65
54 66
54 67
54 68
54 69
54 70
54 71
54 72
54 73
54 74
54 75
54 76
54 77
54 78
54 79
54 80
54 84
54 85
54 86
54 87
54 88
54 89
54 91
54 92
54 94
54 99
54 100
54 101
54 102
54 104
54 106
54 107
54 108
54 109
54 110
54 111
54 112
54 113
54 114
54 115
54 116
54 117
54 120
54 121
54 122
54 124
54 125
54 126
54 127
54 128
54 129
54 130
54 133
54 134
54 135
54 136
54 137
54 138
54 139
54 141
54 142
54 143
54 146
54 149
54 150
54 151
54 152
54 153
54 155
54 157
54 158
54 159
54 161
55 56
55 59
55 61
55 62
55 63
55 66
55 67
55 68
55 69
55 70
55 71
55 72
55 73
55 74
55 75
55 76
55 79
55 83
55 84
55 87
55 89
55 92
55 93
55 94
55 97
55 98
55 100
55 102
55 105
55 106
55 107
55 108
55 109
55 113
55 114
55 115
55 116
55 118
55 119
55 120
55 122
55 123
55 128
55 129
55 130
55 133
55 134
55 136
55 138
55 139
55 141
55 142
55 145
55 146
55 147
55 148
55 149
55 150
55 151
55 152
55 153
55 154
55 155
55 158
55 160
55 161
56 58
56 59
56 64
56 67
56 68
56 69
56 70
56 71
56 72
56 74
56 75
56 76
56 77
56 79
56 80
56 83
56 84
56 85
56 86
56 87
56 88
56 89
56 90
56 91
56 93
56 94
56 95
56 99
56 101
56 102
56 103
56 104
56 105
56 106
56 107
56 108
56 110
56 112
56 113
56 115
56 116
56 117
56 118
56 119
56 122
56 125
56 126
56 127
56 128
56 129
56 130
56 131
56 133
56 134
56 136
56 137
56 139
56 142
56 143
56 145
56 146
56 147
56 150
56 151
56 152
56 154
56 155
56 156
56 158
56 159
56 160
56 161
57 61
57 63
57 64
57 68
57 70
57 71
57 72
57 73
57 75
57 79
57 80
57 81
57 84
57 86
57 90
57 91
57 92
57 93
57 94
57 96
57 97
57 100
57 102
57 105
57 112
57 114
57 116
57 117
57 121
57 123
57 125
57 128
57 129
57 132
57 133
57 137
57 138
57 139
57 142
57 150
57 151
57 152
57 158
58 64
58 65
58 66
58 67
58 68
58 69
58 70
58 71
58 72
58 73
58 74
58 75
58 76
58 79
58 80
58 83
58 84
58 85
58 86
58 89
58 92
58 93
58 95
58 97
58 98
58 99
58 100
58 101
58 102
58 103
58 104
58 105
58 106
58 109
58 110
58 112
58 113
58 115
58 116
58 118
58 119
58 120
58 123
58 127
58 128
58 129
58 130
58 131
58 132
58 133
58 134
58 135
58 136
58 141
58 142
58 143
58 144
58 145
58 149
58 151
58 152
58 153
58 157
58 158
58 160
58 161
59 61
59 64
59 65
59 66
59 69
59 70
59 72
59 73
59 74
59 75
59 77
59 79
59 86
59 87
59 88
59 89
59 96
59 99
59 100
59 101
59 102
59 104
59 106
59 108
59 109
59 114
59 117
59 118
59 119
59 127
59 128
59 129
59 134
59 137
59 138
59 139
59 141
59 142
59 145
59 146
59 147
59 149
59 151
59 153
59 154
59 158
60 62
60 64
60 65
60 66
60 67
60 68
60 70
60 72
60 76
60 84
60 85
60 87
60 89
60 98
60 99
60 102
60 108
60 113
60 115
60 117
60 122
60 130
60 131
60 133
60 147
60 152
61 62
61 65
61 67
61 68
61 69
61 71
61 72
61 73
61 74
61 75
61 76
61 77
61 82
61 85
61 86
61 87
61 89
61 93
61 97
61 98
61 99
61 103
61 105
61 106
61 108
61 109
61 112
61 113
61 115
61 116
61 117
61 118
61 125
61 129
61 133
61 134
61 135
61 136
61 137
61 138
61 141
61 142
61 143
61 146
61 148
61 149
61 150
61 151
61 152
61 161
62 65
62 66
62 72
62 73
62 75
62 79
62 84
62 86
62 89
62 92
62 100
62 102
62 106
62 107
62 108
62 109
62 111
62 113
62 114
62 115
62 117
62 118
62 120
62 125
62 129
62 133
62 134
62 138
62 142
62 143
62 150
62 151
62 152
62 153
62 154
62 158
62 159
63 64
63 65
63 66
63 67
63 68
63 69
63 70
63 71
63 72
63 73
63 74
63 79
63 82
63 85
63 87
63 89
63 90
63 91
63 92
63 93
63 95
63 97
63 99
63 101
63 102
63 103
63 105
63 107
63 108
63 109
63 111
63 112
63 113
63 114
63 115
63 117
63 122
63 125
63 126
63 130
63 131
63 133
63 134
63 135
63 137
63 138
63 139
63 141
63 142
63 145
63 146
63 147
63 151
63 155
63 157
63 158
63 159
63 160
64 65
64 66
64 67
64 68
64 69
64 70
64 71
64 73
64 74
64 75
64 76
64 77
64 79
64 80
64 83
64 84
64 85
64 86
64 87
64 88
64 89
64 91
64 92
64 93
64 94
64 95
64 96
64 97
64 98
64 99
64 100
64 102
64 103
64 105
64 106
64 107
64 108
64 111
64 112
64 113
64 114
64 115
64 116
64 117
64 118
64 120
64 121
64 122
64 125
64 126
64 128
64 129
64 130
64 131
64 133
64 134
64 135
64 137
64 139
64 140
64 142
64 143
64 144
64 145
64 146
64 147
64 150
64 151
64 152
64 153
64 154
64 155
64 156
64 157
64 158
64 159
64 160
64 161
65 67
65 68
65 69
65 70
65 71
65 72
65 74
65 75
65 77
65 79
65 80
65 83
65 84
65 87
65 88
65 89
65 91
65 92
65 93
65 94
65 96
65 98
65 99
65 100
65 101
65 102
65 103
65 105
65 106
65 107
65 108
65 109
65 112
65 113
65 114
65 115
65 116
65 117
65 118
65 121
65 125
65 126
65 127
65 128
65 129
65 130
65 132
65 133
65 134
65 135
65 136
65 137
65 138
65 139
65 140
65 142
65 143
65 147
65 150
65 152
65 153
65 154
65 157
65 158
65 160
65 161
66 67
66 70
66 71
66 72
66 73
66 78
66 79
66 80
66 82
66 83
66 84
66 86
66 87
66 88
66 89
66 91
66 93
66 94
66 97
66 98
66 101
66 102
66 104
66 106
66 108
66 109
66 110
66 111
66 113
66 114
66 116
66 117
66 118
66 119
66 120
66 122
66 123
66 125
66 126
66 128
66 129
66 130
66 131
66 133
66 134
66 136
66 139
66 140
66 142
66 143
66 146
66 148
66 149
66 151
66 153
66 154
66 155
66 157
66 158
66 160
67 68
67 69
67 70
67 71
67 72
67 73
67 74
67 75
67 76
67 77
67 78
67 79
67 80
67 82
67 84
67 86
67 87
67 88
67 89
67 90
67 92
67 93
67 94
67 96
67 97
67 98
67 99
67 100
67 101
67 102
67 104
67 105
67 106
67 107
67 108
67 109
67 110
67 112
67 113
67 114
67 115
67 116
67 117
67 118
67 119
67 120
67 121
67 125
67 126
67 128
67 129
67 130
67 131
67 133
67 134
67 135
67 136
67 137
67 138
67 139
67 140
67 142
67 143
67 144
67 145
67 146
67 147
67 149
67 150
67 151
67 152
67 153
67 154
67 155
67 156
67 157
67 158
67 159
67 160
68 69
68 70
68 71
68 72
68 73
68 74
68 75
68 76
68 77
68 78
68 79
68 80
68 81
68 82
68 83
68 84
68 85
68 86
68 87
68 88
68 89
68 90
68 91
68 92
68 94
68 95
68 97
68 98
68 99
68 101
68 102
68 103
68 105
68 106
68 107
68 108
68 109
68 111
68 112
68 113
68 114
68 115
68 116
68 117
68 118
68 120
68 121
68 122
68 124
68 125
68 126
68 127
68 128
68 129
68 131
68 133
68 134
68 135
68 137
68 138
68 142
68 143
68 145
68 146
68 147
68 149
68 151
68 152
68 153
68 154
68 155
68 156
68 157
68 158
68 159
68 160
68 161
69 70
69 71
69 72
69 73
69 74
69 75
69 80
69 83
69 86
69 87
69 88
69 89
69 91
69 92
69 93
69 94
69 95
69 97
69 99
69 101
69 102
69 103
69 105
69 106
69 108
69 109
69 112
69 113
69 114
69 115
69 116
69 118
69 120
69 123
69 125
69 129
69 130
69 131
69 133
69 134
69 137
69 141
69 142
69 143
69 145
69 146
69 147
69 148
69 150
69 151
69 152
69 153
69 154
69 157
69 158
69 159
69 160
69 161
70 71
70 72
70 73
70 74
70 75
70 76
70 77
70 79
70 80
70 81
70 82
70 83
70 84
70 87
70 89
70 90
70 91
70 92
70 93
70 94
70 95
70 97
70 98
70 99
70 100
70 101
70 102
70 105
70 106
70 107
70 108
70 110
70 111
70 112
70 113
70 114
70 115
70 116
70 117
70 119
70 121
70 124
70 125
70 126
70 127
70 128
70 130
70 132
70 134
70 135
70 136
70 137
70 138
70 139
70 140
70 141
70 142
70 145
70 146
70 147
70 150
70 151
70 152
70 153
70 154
70 155
70 157
70 158
70 159
70 161
71 72
71 74
71 76
71 77
71 78
71 79
71 81
71 82
71 84
71 85
71 86
71 88
71 89
71 91
71 92
71 93
71 94
71 96
71 97
71 98
71 100
71 101
71 102
71 103
71 105
71 106
71 107
71 108
71 109
71 110
71 111
71 112
71 113
71 114
71 115
71 116
71 117
71 118
71 120
71 123
71 125
71 126
71 127
71 128
71 129
71 130
71 132
71 133
71 134
71 135
71 137
71 138
71 139
71 140
71 141
71 142
71 145
71 146
71 147
71 149
71 150
71 151
71 152
71 153
71 154
71 155
71 157
71 158
71 161
72 73
72 74
72 76
72 77
72 79
72 81
72 84
72 85
72 86
72 87
72 88
72 89
72 90
72 91
72 92
72 94
72 95
72 97
72 98
72 100
72 101
72 103
72 104
72 105
72 106
72 107
72 108
72 109
72 110
72 111
72 112
72 113
72 115
72 116
72 117
72 118
72 119
72 120
72 121
72 122
72 125
72 126
72 127
72 128
72 129
72 130
72 131
72 133
72 134
72 135
72 136
72 137
72 138
72 139
72 140
72 142
72 143
72 144
72 145
72 146
72 147
72 148
72 149
72 150
72 151
72 152
72 154
72 155
72 157
72 158
72 159
72 161
73 74
73 75
73 77
73 79
73 81
73 82
73 83
73 84
73 87
73 89
73 90
73 91
73 94
73 98
73 99
73 100
73 101
73 102
73 103
73 104
73 105
73 106
73 108
73 112
73 113
73 115
73 117
73 118
73 120
73 122
73 124
73 125
73 127
73 129
73 130
73 131
73 132
73 134
73 136
73 137
73 138
73 139
73 140
73 141
73 143
73 145
73 146
73 147
73 149
73 151
73 152
73 154
73 157
73 158
73 160
74 75
74 76
74 77
74 79
74 80
74 81
74 83
74 84
74 85
74 86
74 87
74 89
74 91
74 92
74 93
74 94
74 95
74 96
74 97
74 100
74 101
74 102
74 103
74 105
74 106
74 107
74 108
74 109
74 110
74 111
74 112
74 113
74 114
74 115
74 116
74 117
74 118
74 120
74 121
74 123
74 125
74 126
74 129
74 130
74 131
74 133
74 135
74 136
74 137
74 138
74 139
74 140
74 141
74 142
74 145
74 146
74 147
74 148
74 149
74 150
74 151
74 152
74 153
74 154
74 155
74 156
74 157
74 158
74 159
74 161
75 76
75 77
75 80
75 83
75 85
75 86
75 88
75 89
75 92
75 94
75 97
75 99
75 103
75 104
75 105
75 106
75 108
75 109
75 112
75 113
75 114
75 115
75 116
75 117
75 122
75 123
75 124
75 125
75 128
75 129
75 130
75 131
75 132
75 133
75 134
75 135
75 136
75 138
75 141
75 142
75 143
75 146
75 147
75 149
75 150
75 151
75 153
75 154
75 156
75 157
75 158
75 159
76 77
76 79
76 80
76 84
76 87
76 88
76 92
76 94
76 97
76 98
76 99
76 101
76 103
76 106
76 108
76 110
76 112
76 113
76 114
76 117
76 118
76 120
76 125
76 126
76 129
76 130
76 131
76 132
76 134
76 141
76 142
76 143
76 145
76 146
76 147
76 148
76 149
76 150
76 151
76 152
76 154
76 158
76 159
77 78
77 79
77 81
77 84
77 86
77 88
77 89
77 91
77 93
77 95
77 97
77 98
77 101
77 102
77 105
77 106
77 111
77 112
77 113
77 115
77 116
77 117
77 118
77 125
77 127
77 129
77 130
77 133
77 134
77 135
77 136
77 137
77 138
77 139
77 142
77 143
77 147
77 148
77 150
77 152
77 153
77 155
77 157
77 158
77 160
78 83
78 88
78 100
78 109
78 113
78 119
78 131
78 135
78 137
78 143
78 146
78 151
78 152
78 154
78 158
79 82
79 83
79 84
79 87
79 88
79 89
79 91
79 92
79 94
79 95
79 96
79 100
79 101
79 102
79 103
79 106
79 107
79 108
79 109
79 110
79 112
79 113
79 114
79 115
79 116
79 118
79 119
79 120
79 121
79 123
79 125
79 126
79 127
79 129
79 130
79 131
79 133
79 135
79 136
79 137
79 138
79 139
79 140
79 141
79 142
79 144
79 146
79 147
79 148
79 150
79 151
79 152
79 153
79 154
79 158
79 159
79 160
79 161
80 83
80 84
80 88
80 89
80 92
80 94
80 97
80 99
80 100
80 101
80 102
80 103
80 105
80 106
80 108
80 109
80 112
80 115
80 117
80 118
80 119
80 125
80 127
80 128
80 129
80 130
80 131
80 133
80 134
80 137
80 138
80 140
80 141
80 144
80 145
80 146
80 147
80 149
80 151
80 152
80 153
80 154
80 157
80 158
80 160
81 84
81 86
81 87
81 90
81 93
81 94
81 101
81 102
81 106
81 108
81 112
81 114
81 115
81 117
81 125
81 126
81 129
81 130
81 131
81 133
81 134
81 138
81 141
81 142
81 148
81 150
81 151
81 152
81 161
82 83
82 85
82 86
82 87
82 89
82 91
82 93
82 94
82 98
82 102
82 105
82 106
82 108
82 109
82 114
82 116
82 117
82 118
82 125
82 129
82 133
82 134
82 137
82 141
82 142
82 146
82 148
82 150
82 151
82 152
82 157
82 159
83 87
83 89
83 95
83 96
83 97
83 101
83 102
83 105
83 107
83 108
83 109
83 110
83 112
83 113
83 114
83 117
83 118
83 121
83 126
83 130
83 131
83 133
83 134
83 136
83 137
83 138
83 140
83 142
83 145
83 146
83 147
83 149
83 151
83 153
83 158
83 159
83 160
83 161
84 85
84 86
84 87
84 91
84 92
84 93
84 95
84 97
84 99
84 100
84 101
84 103
84 105
84 107
84 108
84 109
84 110
84 113
84 114
84 115
84 117
84 118
84 119
84 125
84 126
84 127
84 129
84 130
84 131
84 132
84 134
84 135
84 137
84 138
84 140
84 141
84 142
84 143
84 145
84 147
84 148
84 149
84 150
84 152
84 153
84 154
84 155
84 158
85 87
85 91
85 92
85 94
85 97
85 99
85 101
85 103
85 106
85 109
85 112
85 114
85 115
85 118
85 126
85 129
85 131
85 133
85 134
85 135
85 137
85 139
85 142
85 147
85 149
85 150
85 152
85 153
85 154
85 156
85 157
85 158
85 160
85 161
86 89
86 96
86 97
86 98
86 102
86 103
86 106
86 108
86 109
86 114
86 119
86 129
86 133
86 135
86 136
86 137
86 138
86 139
86 142
86 143
86 146
86 147
86 150
86 151
86 152
86 154
86 155
86 157
86 160
86 161
87 91
87 93
87 96
87 98
87 99
87 101
87 102
87 104
87 105
87 106
87 108
87 109
87 111
87 112
87 113
87 114
87 115
87 116
87 117
87 119
87 122
87 125
87 126
87 128
87 129
87 130
87 131
87 133
87 134
87 139
87 140
87 142
87 144
87 149
87 151
87 152
87 153
87 154
87 158
87 159
87 160
88 91
88 94
88 95
88 97
88 99
88 102
88 103
88 104
88 105
88 106
88 107
88 108
88 109
88 112
88 113
88 114
88 115
88 116
88 118
88 125
88 129
88 131
88 133
88 134
88 137
88 138
88 143
88 145
88 146
88 147
88 151
88 152
88 154
88 157
89 91
89 93
89 94
89 97
89 98
89 99
89 100
89 101
89 102
89 105
89 106
89 107
89 108
89 109
89 110
89 112
89 113
89 114
89 115
89 116
89 117
89 118
89 123
89 125
89 126
89 127
89 129
89 130
89 131
89 133
89 134
89 138
89 140
89 141
89 142
89 143
89 144
89 145
89 147
89 148
89 149
89 150
89 151
89 152
89 154
89 155
89 157
89 158
89 161
90 93
90 94
90 95
90 97
90 102
90 103
90 104
90 106
90 108
90 109
90 110
90 111
90 113
90 114
90 117
90 118
90 125
90 128
90 137
90 138
90 139
90 141
90 142
90 151
91 92
91 93
91 94
91 95
91 97
91 101
91 102
91 103
91 106
91 107
91 108
91 109
91 111
91 112
91 114
91 115
91 117
91 118
91 121
91 126
91 129
91 131
91 133
91 134
91 142
91 145
91 147
91 149
91 150
91 151
91 157
91 158
91 159
91 161
92 93
92 97
92 99
92 101
92 102
92 103
92 104
92 105
92 106
92 108
92 109
92 111
92 114
92 115
92 117
92 125
92 126
92 128
92 130
92 131
92 133
92 135
92 137
92 138
92 140
92 141
92 142
92 145
92 147
92 150
92 151
92 152
92 153
92 154
92 161
93 94
93 95
93 101
93 102
93 105
93 106
93 108
93 109
93 112
93 114
93 116
93 117
93 118
93 119
93 120
93 123
93 125
93 127
93 129
93 130
93 131
93 133
93 135
93 137
93 138
93 139
93 141
93 142
93 143
93 145
93 146
93 148
93 150
93 151
93 152
93 154
93 157
93 161
94 95
94 97
94 99
94 101
94 102
94 105
94 106
94 107
94 108
94 109
94 110
94 111
94 112
94 113
94 115
94 116
94 117
94 118
94 119
94 120
94 121
94 125
94 126
94 128
94 129
94 130
94 131
94 133
94 134
94 136
94 137
94 138
94 139
94 140
94 141
94 142
94 143
94 145
94 146
94 147
94 149
94 150
94 151
94 152
94 154
94 155
94 157
94 160
95 97
95 102
95 105
95 108
95 110
95 113
95 121
95 129
95 131
95 133
95 134
95 136
95 137
95 138
95 141
95 142
95 146
95 147
95 149
95 151
95 153
95 159
96 97
96 102
96 108
96 109
96 115
96 116
96 117
96 125
96 129
96 134
96 135
96 137
96 138
96 139
96 148
96 150
96 151
96 152
96 153
96 154
96 161
97 100
97 101
97 105
97 106
97 108
97 109
97 112
97 113
97 114
97 115
97 116
97 117
97 118
97 119
97 120
97 123
97 124
97 125
97 126
97 127
97 128
97 130
97 131
97 132
97 133
97 134
97 136
97 137
97 138
97 139
97 140
97 141
97 145
97 146
97 147
97 150
97 151
97 152
97 153
97 154
97 155
97 156
97 157
97 160
97 161
98 101
98 102
98 103
98 106
98 107
98 109
98 112
98 114
98 116
98 118
98 122
98 123
98 125
98 126
98 127
98 128
98 129
98 130
98 131
98 133
98 134
98 137
98 138
98 141
98 142
98 143
98 145
98 146
98 148
98 149
98 150
98 151
98 152
98 153
98 154
98 158
98 160
98 161
99 101
99 102
99 103
99 104
99 108
99 109
99 111
99 112
99 114
99 115
99 116
99 117
99 118
99 122
99 123
99 125
99 127
99 129
99 133
99 134
99 135
99 137
99 138
99 139
99 145
99 147
99 149
99 150
99 151
99 152
99 154
99 158
99 159
99 161
100 101
100 102
100 108
100 118
100 122
100 124
100 125
100 129
100 130
100 131
100 133
100 135
100 138
100 142
100 143
100 147
100 149
100 150
100 152
100 153
100 154
100 158
101 102
101 103
101 105
101 106
101 107
101 108
101 110
101 112
101 113
101 114
101 115
101 116
101 117
101 118
101 120
101 122
101 124
101 125
101 126
101 127
101 128
101 129
101 130
101 131
101 133
101 134
101 135
101 136
101 137
101 138
101 139
101 140
101 141
101 142
101 143
101 146
101 147
101 148
101 149
101 150
101 151
101 152
101 153
101 154
101 156
101 157
101 158
101 159
101 160
102 103
102 105
102 106
102 107
102 108
102 109
102 110
102 112
102 113
102 114
102 115
102 116
102 118
102 120
102 121
102 124
102 125
102 126
102 127
102 129
102 130
102 131
102 132
102 133
102 134
102 136
102 137
102 138
102 139
102 141
102 142
102 143
102 145
102 146
102 149
102 150
102 151
102 154
102 155
102 157
102 158
102 161
103 106
103 108
103 109
103 111
103 114
103 115
103 119
103 123
103 126
103 128
103 129
103 131
103 134
103 136
103 137
103 141
103 142
103 145
103 148
103 150
103 152
103 153
103 157
103 159
103 161
104 106
104 111
104 112
104 113
104 116
104 129
104 133
104 134
104 135
104 138
104 147
104 148
104 151
104 152
104 153
104 158
104 159
105 106
105 107
105 109
105 111
105 112
105 113
105 114
105 115
105 116
105 117
105 118
105 125
105 129
105 130
105 131
105 133
105 134
105 136
105 137
105 138
105 139
105 142
105 143
105 145
105 146
105 147
105 148
105 149
105 150
105 152
105 153
105 154
105 155
105 157
105 158
105 159
105 160
106 107
106 109
106 111
106 112
106 113
106 114
106 115
106 117
106 118
106 119
106 120
106 124
106 125
106 126
106 130
106 131
106 133
106 134
106 135
106 136
106 138
106 139
106 140
106 141
106 142
106 145
106 146
106 147
106 148
106 149
106 150
106 151
106 152
106 153
106 154
106 155
106 157
106 158
106 159
106 160
106 161
107 108
107 109
107 112
107 113
107 114
107 115
107 117
107 118
107 122
107 128
107 129
107 131
107 132
107 133
107 134
107 137
107 138
107 142
107 146
107 147
107 148
107 149
107 150
107 152
107 153
107 157
107 158
108 109
108 110
108 111
108 112
108 113
108 114
108 115
108 116
108 118
108 119
108 123
108 125
108 126
108 127
108 128
108 129
108 130
108 131
108 132
108 133
108 134
108 135
108 137
108 138
108 139
108 140
108 141
108 142
108 144
108 145
108 146
108 147
108 149
108 150
108 151
108 152
108 153
108 154
108 155
108 156
108 157
108 158
108 159
108 160
108 161
109 110
109 112
109 113
109 115
109 117
109 118
109 121
109 125
109 126
109 127
109 128
109 129
109 130
109 131
109 133
109 134
109 136
109 137
109 138
109 139
109 142
109 143
109 145
109 147
109 149
109 150
109 151
109 152
109 154
109 155
109 157
109 158
109 159
109 161
110 112
110 113
110 117
110 118
110 129
110 133
110 134
110 136
110 138
110 139
110 141
110 142
110 143
110 147
110 150
110 152
110 158
110 161
111 112
111 113
111 114
111 115
111 118
111 121
111 125
111 129
111 130
111 133
111 137
111 139
111 140
111 141
111 142
111 145
111 146
111 151
111 152
111 157
111 158
111 160
111 161
112 113
112 115
112 117
112 118
112 119
112 125
112 129
112 130
112 131
112 132
112 133
112 134
112 135
112 136
112 137
112 138
112 139
112 141
112 142
112 145
112 146
112 147
112 148
112 149
112 150
112 151
112 152
112 153
112 154
112 155
112 157
112 158
112 160
112 161
113 114
113 115
113 119
113 120
113 125
113 126
113 127
113 129
113 130
113 131
113 133
113 134
113 135
113 137
113 138
113 141
113 142
113 144
113 145
113 146
113 147
113 149
113 150
113 151
113 152
113 153
113 154
113 155
113 157
113 158
113 159
113 160
114 115
114 117
114 118
114 122
114 125
114 127
114 128
114 129
114 130
114 131
114 132
114 133
114 134
114 135
114 136
114 137
114 138
114 139
114 140
114 141
114 142
114 143
114 145
114 147
114 149
114 150
114 151
114 152
114 153
114 154
114 155
114 157
114 158
114 159
114 161
115 116
115 117
115 118
115 119
115 121
115 122
115 123
115 125
115 126
115 127
115 128
115 129
115 134
115 135
115 136
115 138
115 140
115 142
115 143
115 145
115 146
115 147
115 150
115 151
115 152
115 154
115 155
115 157
115 158
115 159
115 160
115 161
116 123
116 126
116 127
116 129
116 130
116 131
116 132
116 133
116 134
116 135
116 137
116 138
116 139
116 141
116 142
116 145
116 146
116 147
116 150
116 151
116 152
116 154
116 155
116 157
116 160
117 118
117 122
117 123
117 126
117 128
117 129
117 131
117 133
117 134
117 135
117 136
117 137
117 138
117 139
117 140
117 141
117 143
117 144
117 146
117 147
117 150
117 151
117 152
117 153
117 154
117 156
117 157
117 160
117 161
118 119
118 121
118 122
118 125
118 126
118 127
118 128
118 129
118 130
118 131
118 133
118 134
118 135
118 136
118 137
118 138
118 139
118 140
118 141
118 142
118 147
118 150
118 151
118 154
118 155
118 157
118 158
118 161
119 128
119 131
119 132
119 133
119 137
119 140
119 147
119 152
119 156
120 126
120 131
120 133
120 135
120 142
120 143
120 146
120 152
120 153
120 157
120 158
121 125
121 126
121 127
121 133
121 134
121 150
121 151
121 153
121 160
122 123
122 129
122 130
122 131
122 134
122 146
122 149
122 152
122 153
122 154
123 131
123 145
123 147
123 152
123 157
123 158
123 161
124 128
124 131
124 133
124 137
124 139
124 147
124 160
125 126
125 127
125 128
125 129
125 131
125 132
125 133
125 134
125 135
125 136
125 137
125 139
125 141
125 142
125 143
125 145
125 146
125 147
125 150
125 151
125 154
125 155
125 157
125 158
126 129
126 131
126 133
126 134
126 136
126 137
126 138
126 139
126 140
126 141
126 142
126 146
126 147
126 149
126 150
126 151
126 152
126 153
126 157
126 158
126 159
126 160
126 161
127 129
127 130
127 131
127 132
127 133
127 138
127 140
127 142
127 146
127 147
127 151
127 154
127 157
127 158
127 159
128 129
128 131
128 133
128 135
128 137
128 138
128 139
128 140
128 141
128 142
128 145
128 147
128 149
128 153
128 154
128 157
128 158
128 160
129 130
129 131
129 133
129 134
129 135
129 138
129 139
129 140
129 141
129 142
129 143
129 145
129 146
129 147
129 150
129 151
129 152
129 153
129 154
129 155
129 156
129 157
129 158
129 159
129 160
129 161
130 131
130 134
130 136
130 138
130 142
130 144
130 145
130 146
130 147
130 149
130 150
130 151
130 152
130 153
130 154
130 157
130 158
130 160
130 161
131 133
131 134
131 135
131 136
131 137
131 138
131 139
131 141
131 142
131 143
131 146
131 147
131 148
131 150
131 151
131 153
131 154
131 155
131 157
131 158
131 159
131 160
131 161
132 133
132 134
132 138
132 141
132 146
132 147
132 152
133 134
133 136
133 137
133 138
133 139
133 140
133 142
133 143
133 145
133 146
133 147
133 149
133 150
133 151
133 152
133 154
133 157
133 158
133 159
133 161
134 136
134 137
134 138
134 141
134 142
134 143
134 146
134 147
134 148
134 149
134 150
134 152
134 154
134 155
134 157
134 158
134 159
134 160
134 161
135 138
135 139
135 142
135 143
135 152
135 153
135 158
135 159
135 161
136 139
136 141
136 142
136 148
136 151
136 152
136 154
136 157
136 159
136 160
136 161
137 138
137 139
137 141
137 142
137 143
137 144
137 145
137 146
137 147
137 150
137 152
137 153
137 154
137 157
137 158
137 159
137 161
138 139
138 140
138 141
138 142
138 146
138 147
138 148
138 150
138 151
138 152
138 153
138 154
138 156
138 157
138 158
138 159
138 161
139 141
139 142
139 143
139 145
139 146
139 147
139 148
139 149
139 150
139 152
139 154
139 157
139 161
140 142
140 148
140 153
140 154
140 155
140 158
140 161
141 142
141 145
141 147
141 150
141 152
141 153
141 154
141 157
141 158
141 160
142 143
142 146
142 147
142 148
142 150
142 152
142 153
142 154
142 155
142 156
142 157
142 158
142 159
142 160
142 161
143 145
143 150
143 151
143 158
143 159
143 160
143 161
144 145
144 154
144 157
144 161
145 146
145 150
145 151
145 152
145 153
145 158
145 161
146 147
146 150
146 151
146 152
146 153
146 154
146 155
146 157
146 158
146 159
146 160
147 148
147 149
147 150
147 151
147 152
147 153
147 157
147 158
147 161
148 149
148 150
148 152
148 153
148 160
149 150
149 151
149 152
149 155
149 156
149 157
149 158
149 160
150 153
150 154
150 155
150 156
150 157
150 158
150 160
151 152
151 153
151 154
151 155
151 157
151 158
151 159
151 160
152 153
152 154
152 157
152 158
152 159
152 160
152 161
153 154
153 155
153 156
153 157
153 158
153 160
153 161
154 158
154 159
154 160
154 161
155 157
156 157
156 158
157 158
157 159
157 161
158 159
158 161
159 161
