0 4
0 6
0 7
0 9
0 10
0 11
0 14
0 16
0 19
0 20
0 21
0 25
0 26
0 29
0 31
0 34
0 35
0 36
0 37
0 38
0 45
0 54
0 56
0 58
0 59
0 64
0 66
0 67
0 68
0 70
0 71
0 72
0 73
0 77
0 79
0 80
0 83
0 85
0 86
0 88
0 89
0 92
0 97
0 99
0 101
0 102
0 106
0 109
0 111
0 112
0 113
0 114
0 115
0 116
0 118
0 123
0 125
0 126
0 127
0 129
0 131
0 134
0 138
0 140
0 141
0 142
0 143
0 146
0 148
0 150
0 152
0 154
0 155
0 156
0 161
1 3
1 5
1 6
1 7
1 11
1 16
1 18
1 19
1 20
1 21
1 22
1 24
1 25
1 26
1 30
1 31
1 34
1 35
1 36
1 37
1 38
1 42
1 43
1 44
1 45
1 48
1 51
1 53
1 54
1 56
1 61
1 63
1 64
1 65
1 66
1 71
1 72
1 73
1 75
1 76
1 79
1 84
1 86
1 91
1 94
1 97
1 99
1 100
1 101
1 102
1 104
1 107
1 108
1 109
1 112
1 113
1 114
1 115
1 117
1 118
1 127
1 129
1 131
1 133
1 137
1 138
1 141
1 143
1 145
1 147
1 149
1 150
1 151
1 152
1 157
1 158
1 159
1 160
2 4
2 5
2 6
2 7
2 8
2 10
2 13
2 14
2 15
2 21
2 23
2 30
2 31
2 32
2 34
2 40
2 46
2 49
2 51
2 55
2 56
2 62
2 66
2 67
2 68
2 73
2 76
2 79
2 81
2 84
2 87
2 89
2 90
2 99
2 101
2 103
2 109
2 111
2 115
2 116
2 120
2 129
2 130
2 131
2 133
2 135
2 136
2 138
2 139
2 142
2 143
2 147
2 148
2 151
2 157
2 159
2 160
3 5
3 6
3 7
3 11
3 14
3 19
3 23
3 28
3 30
3 34
3 35
3 39
3 40
3 43
3 44
3 48
3 49
3 50
3 51
3 53
3 55
3 59
3 61
3 62
3 64
3 65
3 66
3 67
3 68
3 69
3 70
3 71
3 73
3 74
3 75
3 77
3 80
3 81
3 94
3 97
3 103
3 105
3 109
3 111
3 114
3 115
3 116
3 117
3 118
3 119
3 125
3 126
3 129
3 139
3 143
3 146
3 147
3 149
3 150
3 151
3 152
3 153
3 154
3 158
4 5
4 6
4 7
4 8
4 10
4 11
4 13
4 14
4 16
4 18
4 19
4 20
4 21
4 24
4 25
4 26
4 30
4 31
4 32
4 34
4 37
4 38
4 40
4 42
4 44
4 45
4 46
4 48
4 49
4 50
4 53
4 54
4 55
4 56
4 57
4 58
4 59
4 60
4 61
4 62
4 63
4 64
4 68
4 70
4 71
4 74
4 75
4 76
4 77
4 78
4 80
4 81
4 82
4 83
4 84
4 85
4 86
4 88
4 89
4 90
4 92
4 93
4 94
4 97
4 98
4 100
4 101
4 102
4 103
4 104
4 105
4 106
4 107
4 108
4 109
4 111
4 112
4 113
4 114
4 115
4 116
4 117
4 118
4 120
4 122
4 125
4 126
4 129
4 130
4 131
4 134
4 135
4 137
4 138
4 139
4 140
4 141
4 142
4 145
4 146
4 147
4 149
4 151
4 152
4 153
4 154
4 157
4 158
4 161
5 6
5 7
5 9
5 11
5 12
5 31
5 35
5 40
5 42
5 44
5 49
5 52
5 54
5 56
5 58
5 61
5 63
5 64
5 65
5 67
5 68
5 72
5 74
5 78
5 82
5 88
5 94
5 98
5 101
5 102
5 103
5 104
5 108
5 109
5 111
5 114
5 116
5 118
5 120
5 121
5 125
5 133
5 134
5 136
5 137
5 139
5 141
5 142
5 145
5 146
5 150
5 151
5 154
5 158
5 159
5 161
6 7
6 8
6 9
6 11
6 13
6 14
6 15
6 16
6 18
6 19
6 21
6 22
6 23
6 24
6 25
6 26
6 27
6 28
6 30
6 31
6 32
6 34
6 35
6 36
6 37
6 38
6 40
6 42
6 43
6 44
6 45
6 46
6 51
6 52
6 53
6 54
6 55
6 56
6 58
6 59
6 60
6 61
6 62
6 63
6 64
6 65
6 67
6 68
6 70
6 71
6 72
6 73
6 74
6 75
6 76
6 77
6 80
6 82
6 83
6 85
6 86
6 87
6 88
6 89
6 91
6 92
6 93
6 94
6 97
6 99
6 100
6 101
6 102
6 104
6 105
6 106
6 107
6 108
6 109
6 110
6 111
6 112
6 113
6 114
6 115
6 116
6 117
6 118
6 119
6 121
6 124
6 125
6 126
6 127
6 128
6 129
6 130
6 131
6 132
6 133
6 134
6 135
6 136
6 138
6 139
6 140
6 141
6 142
6 143
6 144
6 145
6 146
6 147
6 150
6 151
6 152
6 153
6 154
6 155
6 158
6 160
6 161
7 8
7 9
7 10
7 11
7 12
7 13
7 14
7 15
7 16
7 18
7 19
7 21
7 22
7 25
7 26
7 27
7 29
7 30
7 31
7 32
7 33
7 36
7 37
7 38
7 43
7 45
7 46
7 47
7 49
7 51
7 53
7 55
7 56
7 58
7 61
7 62
7 63
7 64
7 65
7 67
7 68
7 70
7 71
7 72
7 73
7 74
7 77
7 79
7 80
7 81
7 83
7 84
7 86
7 87
7 88
7 89
7 91
7 92
7 93
7 94
7 95
7 96
7 98
7 101
7 102
7 103
7 104
7 105
7 106
7 108
7 109
7 111
7 112
7 114
7 115
7 116
7 117
7 118
7 120
7 121
7 125
7 126
7 127
7 129
7 130
7 131
7 133
7 134
7 135
7 136
7 137
7 138
7 139
7 140
7 141
7 143
7 145
7 146
7 147
7 149
7 150
7 151
7 152
7 153
7 154
7 155
7 156
7 157
7 158
7 160
7 161
8 13
8 19
8 25
8 31
8 32
8 35
8 36
8 40
8 42
8 44
8 46
8 49
8 54
8 56
8 62
8 64
8 67
8 68
8 70
8 71
8 77
8 79
8 84
8 86
8 87
8 92
8 99
8 100
8 106
8 107
8 108
8 109
8 111
8 114
8 115
8 117
8 118
8 126
8 128
8 129
8 130
8 131
8 133
8 136
8 137
8 138
8 142
8 143
8 144
8 146
8 150
8 151
8 154
8 158
8 161
9 10
9 11
9 13
9 14
9 15
9 16
9 18
9 19
9 21
9 22
9 24
9 25
9 26
9 27
9 29
9 30
9 31
9 32
9 33
9 36
9 37
9 38
9 40
9 43
9 44
9 49
9 50
9 51
9 53
9 54
9 55
9 56
9 58
9 59
9 60
9 61
9 62
9 63
9 65
9 67
9 68
9 69
9 70
9 72
9 75
9 77
9 83
9 84
9 86
9 88
9 89
9 90
9 92
9 94
9 97
9 99
9 100
9 101
9 102
9 106
9 107
9 108
9 109
9 112
9 113
9 114
9 116
9 120
9 123
9 125
9 126
9 127
9 129
9 132
9 133
9 135
9 137
9 138
9 139
9 141
9 142
9 145
9 146
9 147
9 149
9 150
9 151
9 152
9 153
9 154
9 155
9 157
9 158
9 161
10 11
10 13
10 14
10 15
10 17
10 18
10 19
10 21
10 25
10 26
10 28
10 31
10 32
10 34
10 35
10 36
10 37
10 38
10 40
10 43
10 45
10 46
10 47
10 49
10 51
10 52
10 53
10 54
10 55
10 58
10 59
10 60
10 62
10 63
10 64
10 65
10 66
10 67
10 68
10 69
10 70
10 71
10 72
10 73
10 74
10 75
10 79
10 86
10 87
10 88
10 89
10 90
10 92
10 93
10 94
10 95
10 99
10 101
10 102
10 104
10 105
10 106
10 108
10 109
10 112
10 115
10 116
10 118
10 119
10 120
10 125
10 127
10 128
10 129
10 130
10 134
10 135
10 136
10 137
10 138
10 139
10 141
10 142
10 143
10 144
10 145
10 146
10 150
10 151
10 152
10 153
10 154
10 155
10 159
10 160
10 161
11 12
11 14
11 16
11 18
11 19
11 20
11 21
11 25
11 26
11 29
11 31
11 32
11 35
11 36
11 37
11 38
11 40
11 42
11 43
11 45
11 47
11 49
11 51
11 52
11 53
11 55
11 56
11 58
11 59
11 62
11 64
11 65
11 67
11 68
11 70
11 71
11 72
11 73
11 74
11 75
11 77
11 79
11 82
11 86
11 87
11 88
11 89
11 91
11 94
11 95
11 97
11 101
11 102
11 104
11 105
11 106
11 107
11 108
11 109
11 112
11 113
11 114
11 115
11 116
11 117
11 118
11 119
11 124
11 125
11 126
11 127
11 129
11 130
11 131
11 133
11 134
11 136
11 137
11 138
11 139
11 141
11 142
11 144
11 146
11 147
11 148
11 149
11 151
11 152
11 153
11 154
11 156
11 157
11 158
11 159
12 14
12 15
12 19
12 25
12 26
12 31
12 32
12 33
12 35
12 36
12 38
12 45
12 49
12 51
12 52
12 53
12 56
12 58
12 63
12 64
12 65
12 66
12 67
12 68
12 69
12 70
12 71
12 72
12 79
12 80
12 82
12 84
12 85
12 87
12 89
12 93
12 99
12 100
12 101
12 102
12 104
12 108
12 109
12 112
12 113
12 114
12 117
12 118
12 122
12 126
12 128
12 130
12 131
12 133
12 134
12 135
12 137
12 138
12 141
12 142
12 144
12 147
12 148
12 151
12 152
12 153
12 154
12 159
12 160
13 14
13 15
13 16
13 19
13 29
13 30
13 32
13 35
13 36
13 38
13 40
13 43
13 45
13 49
13 51
13 53
13 54
13 64
13 65
13 66
13 67
13 68
13 69
13 70
13 73
13 74
13 76
13 79
13 83
13 85
13 86
13 88
13 89
13 91
13 95
13 96
13 97
13 99
13 101
13 104
13 105
13 106
13 107
13 109
13 112
13 113
13 114
13 115
13 116
13 118
13 129
13 130
13 131
13 133
13 137
13 141
13 143
13 150
13 151
13 153
13 154
13 156
13 158
14 16
14 19
14 21
14 23
14 24
14 25
14 26
14 27
14 29
14 30
14 31
14 32
14 33
14 34
14 35
14 36
14 37
14 40
14 42
14 43
14 44
14 45
14 49
14 50
14 51
14 52
14 54
14 57
14 58
14 59
14 60
14 61
14 64
14 65
14 66
14 67
14 69
14 70
14 71
14 72
14 73
14 74
14 75
14 77
14 79
14 82
14 84
14 85
14 86
14 87
14 88
14 89
14 90
14 91
14 92
14 93
14 94
14 95
14 96
14 97
14 98
14 99
14 101
14 102
14 104
14 105
14 106
14 108
14 109
14 111
14 114
14 115
14 116
14 117
14 118
14 119
14 120
14 122
14 126
14 127
14 129
14 130
14 131
14 133
14 134
14 135
14 137
14 138
14 139
14 140
14 142
14 143
14 144
14 145
14 146
14 147
14 148
14 149
14 150
14 151
14 152
14 153
14 154
14 155
14 158
14 159
14 160
14 161
15 19
15 21
15 22
15 26
15 28
15 30
15 31
15 32
15 38
15 39
15 40
15 43
15 44
15 45
15 48
15 49
15 51
15 54
15 57
15 58
15 62
15 64
15 65
15 66
15 68
15 69
15 70
15 71
15 72
15 74
15 75
15 77
15 81
15 83
15 84
15 86
15 90
15 94
15 97
15 98
15 99
15 101
15 102
15 109
15 112
15 115
15 116
15 117
15 131
15 133
15 137
15 138
15 141
15 147
15 149
15 150
15 151
15 152
15 153
15 157
15 158
16 18
16 19
16 21
16 25
16 26
16 30
16 31
16 36
16 37
16 39
16 40
16 42
16 43
16 46
16 49
16 51
16 57
16 58
16 62
16 63
16 64
16 65
16 67
16 72
16 73
16 74
16 75
16 76
16 77
16 81
16 83
16 84
16 85
16 88
16 89
16 93
16 96
16 99
16 100
16 101
16 102
16 106
16 107
16 108
16 112
16 113
16 115
16 117
16 125
16 128
16 131
16 137
16 138
16 141
16 146
16 147
16 151
16 152
16 154
16 157
16 158
16 161
17 21
17 35
17 40
17 53
17 54
17 69
17 70
17 71
17 72
17 75
17 79
17 98
17 109
17 118
17 142
17 147
17 152
17 156
18 19
18 20
18 25
18 26
18 31
18 32
18 34
18 42
18 49
18 50
18 51
18 53
18 55
18 58
18 61
18 64
18 65
18 67
18 68
18 70
18 71
18 72
18 74
18 76
18 77
18 79
18 86
18 89
18 91
18 92
18 93
18 94
18 99
18 101
18 102
18 103
18 105
18 108
18 109
18 112
18 114
18 116
18 117
18 118
18 122
18 126
18 127
18 129
18 131
18 133
18 136
18 141
18 144
18 147
18 150
18 151
18 152
18 153
18 154
19 21
19 24
19 25
19 26
19 28
19 30
19 31
19 32
19 33
19 34
19 35
19 36
19 37
19 38
19 39
19 40
19 43
19 44
19 45
19 48
19 49
19 50
19 51
19 53
19 54
19 55
19 56
19 57
19 58
19 59
19 61
19 64
19 65
19 66
19 68
19 69
19 70
19 71
19 72
19 73
19 77
19 79
19 80
19 82
19 83
19 84
19 86
19 87
19 88
19 89
19 90
19 91
19 92
19 93
19 94
19 98
19 99
19 100
19 101
19 102
19 103
19 104
19 106
19 107
19 108
19 109
19 110
19 111
19 112
19 113
19 114
19 115
19 116
19 117
19 118
19 119
19 121
19 122
19 125
19 126
19 127
19 129
19 131
19 133
19 134
19 136
19 137
19 138
19 140
19 141
19 142
19 143
19 145
19 146
19 147
19 149
19 150
19 151
19 153
19 154
19 156
19 157
19 158
19 159
19 160
19 161
20 25
20 26
20 36
20 38
20 39
20 40
20 44
20 51
20 54
20 55
20 58
20 63
20 65
20 68
20 75
20 76
20 79
20 80
20 97
20 103
20 105
20 108
20 109
20 112
20 115
20 117
20 122
20 125
20 132
20 137
20 138
20 139
20 142
20 145
20 146
20 150
20 151
20 152
20 154
20 157
20 158
21 25
21 26
21 30
21 31
21 32
21 33
21 34
21 35
21 36
21 38
21 39
21 40
21 41
21 42
21 43
21 44
21 45
21 46
21 47
21 49
21 50
21 51
21 52
21 53
21 54
21 55
21 56
21 57
21 59
21 61
21 62
21 63
21 64
21 65
21 66
21 67
21 68
21 69
21 70
21 71
21 72
21 73
21 74
21 75
21 77
21 79
21 80
21 81
21 83
21 84
21 85
21 87
21 89
21 90
21 91
21 93
21 94
21 96
21 97
21 98
21 100
21 101
21 102
21 103
21 104
21 105
21 106
21 107
21 108
21 109
21 110
21 111
21 112
21 113
21 114
21 116
21 117
21 118
21 120
21 122
21 124
21 125
21 126
21 127
21 128
21 129
21 130
21 131
21 132
21 133
21 134
21 137
21 138
21 139
21 140
21 141
21 142
21 143
21 144
21 145
21 146
21 147
21 148
21 149
21 151
21 154
21 156
21 157
21 158
21 159
21 160
21 161
22 26
22 28
22 30
22 31
22 34
22 35
22 36
22 37
22 38
22 39
22 40
22 45
22 50
22 53
22 61
22 65
22 66
22 67
22 69
22 71
22 74
22 80
22 89
22 94
22 101
22 102
22 104
22 105
22 106
22 108
22 111
22 112
22 113
22 116
22 117
22 118
22 126
22 130
22 135
22 137
22 138
22 141
22 143
22 145
22 147
22 150
22 151
22 152
22 157
22 159
22 161
23 25
23 30
23 31
23 34
23 36
23 38
23 46
23 51
23 54
23 58
23 65
23 66
23 67
23 68
23 74
23 77
23 79
23 92
23 93
23 98
23 101
23 109
23 117
23 125
23 126
23 133
23 134
23 138
23 142
23 147
23 150
23 152
23 158
23 160
24 25
24 30
24 31
24 37
24 40
24 43
24 44
24 45
24 49
24 54
24 56
24 63
24 65
24 67
24 71
24 74
24 75
24 79
24 82
24 88
24 91
24 94
24 97
24 98
24 100
24 101
24 102
24 106
24 111
24 113
24 114
24 115
24 117
24 118
24 120
24 125
24 126
24 130
24 131
24 133
24 134
24 136
24 137
24 138
24 145
24 147
24 149
24 151
24 152
24 153
24 154
24 157
24 158
24 159
24 160
25 26
25 29
25 30
25 31
25 32
25 35
25 36
25 39
25 40
25 43
25 44
25 45
25 48
25 49
25 50
25 51
25 54
25 55
25 57
25 59
25 60
25 61
25 62
25 63
25 65
25 66
25 67
25 68
25 69
25 70
25 71
25 72
25 73
25 74
25 75
25 79
25 81
25 85
25 86
25 87
25 90
25 91
25 93
25 94
25 95
25 97
25 99
25 100
25 101
25 102
25 103
25 107
25 108
25 110
25 112
25 113
25 115
25 118
25 120
25 121
25 125
25 127
25 129
25 130
25 131
25 133
25 134
25 135
25 137
25 142
25 143
25 147
25 149
25 150
25 151
25 152
25 155
25 157
25 158
25 159
25 161
26 29
26 30
26 31
26 33
26 34
26 35
26 36
26 38
26 40
26 43
26 44
26 45
26 46
26 47
26 49
26 50
26 51
26 53
26 55
26 56
26 58
26 59
26 60
26 61
26 62
26 63
26 64
26 65
26 66
26 67
26 68
26 69
26 70
26 71
26 72
26 73
26 74
26 75
26 76
26 77
26 79
26 85
26 87
26 88
26 89
26 91
26 92
26 93
26 94
26 95
26 96
26 97
26 99
26 101
26 103
26 104
26 105
26 106
26 108
26 109
26 111
26 112
26 113
26 115
26 116
26 118
26 121
26 122
26 123
26 125
26 126
26 127
26 128
26 129
26 130
26 131
26 133
26 134
26 135
26 136
26 137
26 138
26 139
26 140
26 141
26 142
26 145
26 146
26 147
26 148
26 150
26 152
26 153
26 154
26 155
26 157
26 158
26 161
27 30
27 35
27 40
27 43
27 44
27 49
27 53
27 55
27 56
27 68
27 72
27 74
27 75
27 76
27 83
27 87
27 89
27 93
27 94
27 98
27 102
27 105
27 106
27 108
27 110
27 115
27 117
27 125
27 128
27 133
27 134
27 137
27 138
27 142
27 148
27 151
27 152
27 154
27 157
27 158
27 160
28 31
28 35
28 37
28 41
28 42
28 45
28 48
28 50
28 51
28 56
28 61
28 65
28 66
28 67
28 68
28 69
28 70
28 71
28 75
28 76
28 77
28 80
28 82
28 89
28 95
28 97
28 99
28 101
28 102
28 103
28 106
28 108
28 109
28 112
28 114
28 117
28 127
28 132
28 133
28 134
28 137
28 138
28 139
28 141
28 142
28 145
28 146
28 150
28 151
28 152
28 153
28 161
29 31
29 32
29 38
29 39
29 40
29 43
29 45
29 51
29 53
29 61
29 62
29 64
29 65
29 69
29 70
29 71
29 72
29 73
29 79
29 88
29 94
29 95
29 97
29 101
29 102
29 106
29 112
29 113
29 114
29 115
29 126
29 131
29 134
29 136
29 138
29 141
29 142
29 146
29 147
29 151
29 152
29 153
29 154
30 32
30 34
30 35
30 36
30 37
30 38
30 39
30 40
30 43
30 44
30 45
30 49
30 50
30 54
30 55
30 56
30 58
30 59
30 61
30 62
30 65
30 66
30 67
30 68
30 70
30 71
30 73
30 74
30 76
30 77
30 79
30 80
30 84
30 85
30 86
30 87
30 89
30 91
30 92
30 94
30 95
30 96
30 97
30 98
30 99
30 101
30 102
30 105
30 106
30 108
30 110
30 113
30 114
30 115
30 117
30 118
30 123
30 125
30 126
30 127
30 128
30 129
30 130
30 131
30 133
30 136
30 138
30 140
30 141
30 142
30 146
30 147
30 149
30 150
30 151
30 152
30 153
30 154
30 156
30 157
30 158
30 159
30 160
30 161
31 33
31 35
31 36
31 38
31 40
31 43
31 45
31 46
31 49
31 50
31 51
31 53
31 54
31 55
31 56
31 57
31 58
31 61
31 63
31 64
31 65
31 66
31 67
31 68
31 69
31 70
31 71
31 72
31 73
31 74
31 75
31 76
31 77
31 78
31 79
31 80
31 82
31 83
31 84
31 85
31 86
31 87
31 89
31 90
31 91
31 93
31 94
31 95
31 97
31 99
31 100
31 101
31 102
31 103
31 105
31 106
31 107
31 108
31 109
31 111
31 112
31 113
31 114
31 115
31 116
31 117
31 118
31 119
31 120
31 121
31 122
31 126
31 133
31 134
31 136
31 137
31 138
31 139
31 140
31 142
31 143
31 145
31 146
31 147
31 148
31 149
31 150
31 151
31 152
31 153
31 154
31 155
31 157
31 158
31 160
31 161
32 35
32 36
32 37
32 38
32 40
32 42
32 43
32 44
32 45
32 46
32 49
32 51
32 52
32 54
32 55
32 56
32 57
32 58
32 59
32 61
32 63
32 65
32 66
32 67
32 68
32 69
32 70
32 71
32 72
32 73
32 74
32 79
32 80
32 81
32 82
32 85
32 86
32 89
32 92
32 93
32 94
32 95
32 96
32 97
32 98
32 101
32 102
32 103
32 104
32 106
32 107
32 108
32 113
32 114
32 115
32 116
32 120
32 121
32 123
32 129
32 130
32 131
32 133
32 134
32 136
32 137
32 138
32 140
32 142
32 143
32 146
32 147
32 148
32 149
32 150
32 151
32 153
32 154
32 155
32 157
32 158
32 159
33 37
33 54
33 55
33 61
33 63
33 66
33 72
33 75
33 77
33 84
33 85
33 91
33 94
33 97
33 107
33 129
33 130
33 134
33 145
33 146
33 147
33 149
33 150
33 151
33 156
33 157
33 158
33 160
34 36
34 37
34 38
34 39
34 40
34 45
34 50
34 51
34 52
34 53
34 54
34 55
34 59
34 63
34 64
34 65
34 66
34 68
34 70
34 71
34 73
34 74
34 79
34 84
34 85
34 86
34 87
34 89
34 91
34 95
34 96
34 97
34 99
34 100
34 101
34 102
34 106
34 108
34 109
34 110
34 112
34 113
34 115
34 116
34 117
34 121
34 125
34 127
34 128
34 130
34 134
34 135
34 136
34 137
34 139
34 140
34 141
34 142
34 144
34 145
34 146
34 150
34 151
34 152
34 153
34 154
34 155
34 156
34 158
34 160
34 161
35 39
35 40
35 42
35 44
35 47
35 48
35 49
35 50
35 51
35 54
35 55
35 56
35 57
35 58
35 59
35 63
35 64
35 65
35 66
35 67
35 68
35 69
35 70
35 71
35 72
35 73
35 74
35 77
35 79
35 80
35 81
35 83
35 84
35 86
35 88
35 89
35 90
35 92
35 93
35 94
35 95
35 98
35 99
35 100
35 101
35 102
35 105
35 106
35 107
35 108
35 109
35 110
35 112
35 113
35 114
35 115
35 116
35 117
35 119
35 125
35 126
35 127
35 129
35 130
35 131
35 133
35 134
35 136
35 137
35 138
35 139
35 141
35 143
35 146
35 147
35 149
35 150
35 152
35 153
35 154
35 155
35 158
35 159
35 161
36 37
36 38
36 39
36 40
36 43
36 45
36 46
36 48
36 51
36 53
36 54
36 55
36 56
36 58
36 59
36 61
36 62
36 63
36 64
36 65
36 66
36 67
36 68
36 69
36 70
36 72
36 74
36 75
36 76
36 79
36 84
36 85
36 86
36 88
36 92
36 93
36 94
36 95
36 97
36 98
36 101
36 102
36 103
36 105
36 106
36 108
36 109
36 112
36 113
36 114
36 116
36 117
36 118
36 121
36 129
36 130
36 131
36 133
36 134
36 137
36 138
36 139
36 147
36 149
36 150
36 151
36 152
36 153
36 155
36 158
36 159
36 160
36 161
37 38
37 39
37 40
37 41
37 43
37 50
37 51
37 54
37 55
37 58
37 59
37 62
37 63
37 64
37 65
37 69
37 70
37 71
37 72
37 73
37 75
37 76
37 79
37 80
37 84
37 89
37 95
37 97
37 98
37 101
37 102
37 106
37 107
37 108
37 109
37 110
37 111
37 112
37 113
37 114
37 115
37 116
37 117
37 121
37 123
37 125
37 126
37 127
37 128
37 129
37 130
37 133
37 134
37 135
37 136
37 137
37 138
37 139
37 146
37 147
37 148
37 149
37 151
37 152
37 154
37 157
37 158
37 159
37 161
38 39
38 41
38 42
38 45
38 46
38 48
38 50
38 51
38 52
38 53
38 54
38 55
38 56
38 58
38 62
38 63
38 64
38 65
38 66
38 67
38 68
38 69
38 70
38 71
38 72
38 73
38 74
38 75
38 76
38 77
38 79
38 82
38 83
38 84
38 85
38 87
38 88
38 89
38 91
38 92
38 93
38 94
38 95
38 96
38 97
38 98
38 99
38 100
38 101
38 104
38 105
38 106
38 107
38 108
38 112
38 113
38 114
38 115
38 117
38 118
38 120
38 125
38 126
38 127
38 129
38 130
38 131
38 132
38 133
38 134
38 135
38 137
38 138
38 139
38 140
38 141
38 143
38 145
38 146
38 147
38 148
38 150
38 151
38 152
38 153
38 154
38 155
38 157
38 158
38 159
39 46
39 53
39 54
39 56
39 65
39 68
39 69
39 70
39 71
39 72
39 74
39 75
39 77
39 78
39 79
39 81
39 82
39 88
39 90
39 91
39 97
39 101
39 102
39 104
39 105
39 106
39 107
39 109
39 114
39 115
39 117
39 118
39 121
39 129
39 130
39 133
39 134
39 135
39 137
39 138
39 143
39 145
39 147
39 149
39 150
39 152
39 154
39 155
39 156
39 157
39 158
39 161
40 42
40 43
40 44
40 45
40 48
40 49
40 50
40 51
40 52
40 54
40 55
40 56
40 58
40 59
40 60
40 61
40 62
40 63
40 64
40 65
40 66
40 67
40 68
40 69
40 71
40 72
40 73
40 74
40 75
40 76
40 77
40 79
40 81
40 83
40 84
40 86
40 88
40 89
40 90
40 91
40 92
40 94
40 97
40 100
40 101
40 102
40 103
40 105
40 106
40 107
40 108
40 109
40 111
40 112
40 114
40 115
40 116
40 117
40 119
40 120
40 121
40 124
40 125
40 126
40 128
40 130
40 131
40 132
40 133
40 134
40 135
40 136
40 137
40 138
40 139
40 141
40 142
40 143
40 145
40 146
40 147
40 148
40 150
40 151
40 152
40 153
40 154
40 155
40 157
40 158
40 159
40 161
41 45
41 46
41 49
41 51
41 54
41 56
41 60
41 64
41 70
41 75
41 84
41 92
41 94
41 101
41 102
41 107
41 112
41 113
41 114
41 115
41 117
41 118
41 126
41 128
41 131
41 134
41 136
41 138
41 145
41 150
41 151
41 152
41 153
41 154
41 155
41 161
42 43
42 44
42 48
42 49
42 51
42 54
42 59
42 61
42 63
42 65
42 66
42 67
42 68
42 69
42 70
42 73
42 74
42 75
42 79
42 80
42 84
42 85
42 86
42 87
42 91
42 93
42 97
42 101
42 102
42 104
42 108
42 109
42 112
42 116
42 118
42 121
42 123
42 125
42 126
42 128
42 132
42 133
42 134
42 137
42 138
42 139
42 142
42 144
42 147
42 149
42 150
42 152
42 154
42 160
42 161
43 44
43 45
43 46
43 49
43 50
43 51
43 54
43 55
43 57
43 58
43 59
43 62
43 64
43 67
43 68
43 69
43 70
43 71
43 72
43 73
43 74
43 75
43 76
43 77
43 79
43 80
43 84
43 85
43 86
43 87
43 88
43 89
43 91
43 94
43 97
43 100
43 101
43 102
43 104
43 105
43 106
43 107
43 108
43 109
43 110
43 111
43 112
43 113
43 114
43 115
43 117
43 118
43 121
43 123
43 125
43 126
43 127
43 128
43 129
43 130
43 133
43 134
43 136
43 137
43 138
43 139
43 140
43 141
43 143
43 145
43 146
43 148
43 149
43 150
43 151
43 153
43 154
43 159
43 161
44 45
44 46
44 48
44 49
44 50
44 51
44 54
44 55
44 56
44 58
44 61
44 62
44 64
44 65
44 66
44 67
44 68
44 69
44 70
44 72
44 73
44 74
44 75
44 76
44 80
44 81
44 82
44 83
44 84
44 86
44 87
44 88
44 91
44 92
44 93
44 101
44 102
44 104
44 107
44 108
44 109
44 110
44 111
44 114
44 117
44 118
44 121
44 125
44 127
44 131
44 133
44 134
44 135
44 136
44 137
44 138
44 139
44 141
44 142
44 143
44 146
44 147
44 149
44 150
44 151
44 152
44 154
44 156
44 157
44 158
44 160
44 161
45 46
45 47
45 48
45 49
45 50
45 51
45 52
45 54
45 55
45 56
45 59
45 60
45 61
45 62
45 63
45 64
45 65
45 66
45 67
45 68
45 70
45 72
45 73
45 74
45 75
45 76
45 77
45 79
45 83
45 84
45 85
45 86
45 88
45 89
45 90
45 92
45 93
45 94
45 96
45 97
45 100
45 101
45 102
45 103
45 105
45 106
45 107
45 108
45 109
45 111
45 112
45 113
45 115
45 116
45 117
45 123
45 125
45 127
45 128
45 130
45 131
45 133
45 134
45 138
45 139
45 142
45 145
45 147
45 148
45 149
45 150
45 151
45 152
45 153
45 154
45 158
45 159
45 160
45 161
46 51
46 54
46 55
46 56
46 58
46 62
46 64
46 65
46 68
46 69
46 70
46 72
46 73
46 74
46 75
46 76
46 77
46 79
46 80
46 81
46 85
46 89
46 91
46 92
46 93
46 94
46 95
46 96
46 97
46 101
46 102
46 103
46 106
46 108
46 109
46 110
46 111
46 113
46 115
46 116
46 118
46 121
46 124
46 126
46 127
46 130
46 131
46 134
46 135
46 137
46 138
46 141
46 142
46 146
46 147
46 150
46 151
46 153
46 154
46 161
47 53
47 55
47 65
47 66
47 72
47 84
47 87
47 88
47 92
47 93
47 109
47 115
47 117
47 122
47 129
47 130
47 133
47 142
47 152
47 153
47 154
47 157
48 51
48 53
48 59
48 63
48 64
48 68
48 72
48 74
48 76
48 78
48 79
48 82
48 84
48 86
48 87
48 89
48 102
48 106
48 107
48 112
48 113
48 115
48 118
48 133
48 134
48 152
48 158
49 50
49 51
49 52
49 54
49 56
49 58
49 64
49 65
49 66
49 68
49 69
49 70
49 71
49 73
49 74
49 75
49 79
49 80
49 82
49 83
49 84
49 85
49 87
49 88
49 89
49 90
49 91
49 93
49 94
49 96
49 97
49 99
49 100
49 101
49 102
49 103
49 104
49 105
49 106
49 107
49 108
49 109
49 112
49 113
49 114
49 115
49 116
49 117
49 118
49 119
49 122
49 124
49 125
49 129
49 131
49 133
49 134
49 136
49 137
49 138
49 139
49 141
49 142
49 143
49 144
49 145
49 146
49 147
49 148
49 149
49 150
49 151
49 152
49 153
49 154
49 155
49 156
49 158
49 159
49 160
50 51
50 54
50 55
50 56
50 58
50 63
50 64
50 67
50 68
50 69
50 70
50 71
50 72
50 73
50 74
50 79
50 81
50 82
50 83
50 85
50 86
50 87
50 88
50 89
50 93
50 95
50 97
50 100
50 101
50 102
50 103
50 104
50 105
50 108
50 112
50 113
50 114
50 115
50 117
50 118
50 119
50 125
50 130
50 131
50 133
50 134
50 136
50 138
50 139
50 142
50 144
50 145
50 146
50 148
50 150
50 153
50 154
50 157
50 158
50 160
50 161
51 54
51 55
51 56
51 58
51 59
51 63
51 64
51 65
51 66
51 67
51 68
51 69
51 70
51 71
51 72
51 74
51 75
51 76
51 77
51 78
51 79
51 80
51 82
51 83
51 84
51 85
51 86
51 89
51 92
51 93
51 94
51 97
51 99
51 100
51 101
51 102
51 103
51 104
51 105
51 106
51 108
51 109
51 111
51 112
51 113
51 114
51 115
51 116
51 117
51 118
51 119
51 120
51 122
51 123
51 124
51 125
51 126
51 127
51 128
51 129
51 130
51 131
51 132
51 133
51 134
51 137
51 138
51 139
51 140
51 141
51 142
51 143
51 144
51 145
51 146
51 147
51 148
51 149
51 151
51 152
51 153
51 154
51 155
51 157
51 158
51 159
51 161
52 53
52 54
52 56
52 62
52 63
52 64
52 65
52 66
52 67
52 69
52 70
52 71
52 73
52 74
52 75
52 77
52 79
52 80
52 84
52 89
52 91
52 92
52 94
52 96
52 97
52 99
52 100
52 101
52 102
52 103
52 105
52 106
52 109
52 113
52 115
52 117
52 124
52 126
52 129
52 131
52 134
52 135
52 136
52 137
52 138
52 139
52 140
52 141
52 142
52 146
52 147
52 153
52 154
52 155
52 157
53 54
53 56
53 58
53 61
53 64
53 67
53 68
53 70
53 71
53 73
53 74
53 79
53 80
53 88
53 89
53 91
53 92
53 93
53 94
53 101
53 102
53 105
53 106
53 108
53 109
53 111
53 113
53 115
53 116
53 117
53 125
53 129
53 130
53 133
53 134
53 135
53 136
53 137
53 138
53 142
53 144
53 146
53 147
53 151
53 152
53 153
53 154
53 158
53 160
54 55
54 56
54 57
54 58
54 63
54 64
54 65
54 67
54 68
54 69
54 70
54 71
54 72
54 73
54 74
54 75
54 77
54 79
54 80
54 81
54 85
54 86
54 87
54 88
54 89
54 90
54 91
54 92
54 93
54 94
54 96
54 97
54 98
54 99
54 100
54 101
54 102
54 103
54 104
54 105
54 106
54 107
54 108
54 109
54 110
54 112
54 113
54 114
54 115
54 116
54 117
54 118
54 120
54 121
54 125
54 126
54 128
54 129
54 130
54 133
54 134
54 135
54 136
54 137
54 138
54 139
54 142
54 143
54 145
54 146
54 147
54 149
54 150
54 151
54 152
54 154
54 155
54 157
54 158
54 159
54 160
54 161
55 56
55 57
55 59
55 62
55 63
55 64
55 66
55 67
55 68
55 69
55 70
55 72
55 74
55 75
55 80
55 81
55 83
55 84
55 86
55 87
55 89
55 91
55 92
55 97
55 98
55 100
55 101
55 102
55 103
55 105
55 106
55 107
55 108
55 109
55 110
55 112
55 113
55 114
55 115
55 116
55 117
55 118
55 122
55 126
55 127
55 129
55 130
55 131
55 133
55 134
55 135
55 138
55 139
55 141
55 142
55 143
55 145
55 146
55 147
55 149
55 150
55 151
55 152
55 154
55 156
55 158
56 59
56 61
56 62
56 63
56 64
56 65
56 66
56 67
56 68
56 69
56 70
56 71
56 72
56 73
56 74
56 75
56 76
56 77
56 78
56 79
56 80
56 83
56 84
56 85
56 86
56 87
56 89
56 91
56 92
56 93
56 94
56 95
56 97
56 99
56 100
56 101
56 102
56 105
56 106
56 108
56 109
56 110
56 112
56 113
56 114
56 115
56 117
56 120
56 121
56 122
56 125
56 126
56 127
56 128
56 129
56 130
56 131
56 132
56 133
56 134
56 137
56 138
56 140
56 141
56 142
56 143
56 144
56 145
56 146
56 147
56 150
56 151
56 152
56 153
56 154
56 155
56 157
56 158
56 161
57 64
57 65
57 67
57 68
57 73
57 74
57 80
57 81
57 84
57 85
57 89
57 91
57 101
57 102
57 106
57 108
57 109
57 112
57 116
57 118
57 129
57 131
57 133
57 134
57 138
57 141
57 142
57 145
57 150
57 151
57 152
57 153
57 154
57 157
57 158
57 160
57 161
58 59
58 61
58 63
58 65
58 67
58 68
58 69
58 70
58 71
58 72
58 73
58 74
58 77
58 79
58 80
58 83
58 84
58 85
58 86
58 87
58 89
58 90
58 91
58 92
58 93
58 94
58 95
58 97
58 98
58 99
58 100
58 101
58 102
58 104
58 105
58 106
58 107
58 108
58 109
58 110
58 112
58 114
58 115
58 118
58 119
58 124
58 125
58 126
58 127
58 128
58 130
58 131
58 133
58 137
58 138
58 139
58 141
58 142
58 145
58 146
58 147
58 148
58 149
58 150
58 151
58 152
58 153
58 154
58 155
58 157
58 158
58 161
59 65
59 66
59 67
59 68
59 70
59 71
59 73
59 77
59 79
59 80
59 83
59 85
59 89
59 91
59 92
59 101
59 103
59 107
59 108
59 112
59 113
59 116
59 117
59 118
59 127
59 128
59 129
59 133
59 134
59 137
59 138
59 141
59 142
59 146
59 147
59 149
59 151
59 152
59 158
59 160
60 65
60 68
60 70
60 72
60 74
60 92
60 97
60 101
60 102
60 108
60 111
60 113
60 115
60 125
60 129
60 133
60 134
60 136
60 137
60 138
60 139
60 142
60 145
60 146
60 151
60 158
60 161
61 64
61 65
61 66
61 67
61 75
61 77
61 78
61 79
61 85
61 87
61 92
61 93
61 95
61 97
61 99
61 105
61 106
61 107
61 108
61 109
61 113
61 115
61 117
61 118
61 121
61 126
61 127
61 128
61 129
61 130
61 131
61 133
61 137
61 138
61 139
61 142
61 145
61 150
61 154
61 158
61 160
61 161
62 63
62 64
62 65
62 66
62 71
62 72
62 73
62 74
62 77
62 78
62 82
62 83
62 85
62 87
62 89
62 94
62 97
62 101
62 103
62 108
62 110
62 114
62 116
62 117
62 123
62 134
62 135
62 137
62 138
62 142
62 145
62 151
62 152
62 160
62 161
63 66
63 67
63 68
63 69
63 70
63 71
63 72
63 73
63 74
63 75
63 79
63 81
63 84
63 85
63 87
63 89
63 91
63 95
63 97
63 98
63 99
63 100
63 102
63 103
63 105
63 106
63 107
63 108
63 109
63 112
63 115
63 116
63 118
63 120
63 123
63 125
63 128
63 129
63 131
63 133
63 134
63 137
63 138
63 141
63 146
63 147
63 149
63 151
63 153
63 154
63 157
63 158
63 159
63 160
63 161
64 65
64 66
64 67
64 69
64 70
64 71
64 72
64 74
64 75
64 76
64 77
64 78
64 79
64 80
64 83
64 85
64 86
64 87
64 88
64 89
64 90
64 92
64 93
64 95
64 97
64 98
64 99
64 101
64 102
64 103
64 104
64 105
64 106
64 107
64 108
64 110
64 111
64 112
64 113
64 114
64 115
64 116
64 117
64 125
64 126
64 128
64 129
64 130
64 131
64 133
64 134
64 135
64 136
64 137
64 138
64 139
64 140
64 141
64 142
64 143
64 144
64 145
64 146
64 147
64 148
64 149
64 150
64 152
64 153
64 154
64 155
64 157
64 158
64 159
64 160
64 161
65 67
65 68
65 69
65 70
65 71
65 72
65 74
65 75
65 76
65 78
65 79
65 80
65 81
65 82
65 83
65 84
65 85
65 86
65 87
65 88
65 89
65 90
65 91
65 93
65 94
65 95
65 96
65 97
65 99
65 100
65 101
65 102
65 103
65 105
65 106
65 107
65 108
65 109
65 111
65 112
65 113
65 115
65 117
65 120
65 123
65 124
65 125
65 127
65 128
65 129
65 131
65 132
65 133
65 134
65 135
65 136
65 137
65 138
65 139
65 140
65 142
65 146
65 147
65 149
65 150
65 151
65 153
65 154
65 155
65 156
65 157
65 158
65 159
65 161
66 67
66 68
66 69
66 70
66 72
66 73
66 74
66 75
66 77
66 78
66 79
66 80
66 84
66 85
66 86
66 88
66 89
66 92
66 94
66 95
66 97
66 99
66 101
66 102
66 103
66 105
66 106
66 107
66 108
66 109
66 111
66 114
66 115
66 117
66 119
66 125
66 128
66 129
66 130
66 131
66 132
66 133
66 134
66 136
66 137
66 138
66 139
66 140
66 141
66 142
66 143
66 145
66 146
66 147
66 149
66 151
66 152
66 153
66 154
66 157
66 158
66 161
67 69
67 70
67 71
67 72
67 73
67 74
67 76
67 77
67 79
67 80
67 81
67 84
67 85
67 86
67 87
67 88
67 91
67 93
67 94
67 95
67 96
67 97
67 98
67 99
67 100
67 101
67 102
67 103
67 105
67 106
67 108
67 109
67 110
67 112
67 113
67 114
67 115
67 117
67 118
67 119
67 120
67 123
67 125
67 127
67 128
67 129
67 130
67 131
67 133
67 134
67 136
67 137
67 138
67 139
67 141
67 142
67 143
67 145
67 147
67 148
67 149
67 150
67 151
67 152
67 153
67 154
67 157
67 158
67 159
67 160
67 161
68 69
68 70
68 71
68 72
68 73
68 74
68 75
68 76
68 79
68 80
68 81
68 82
68 83
68 84
68 85
68 86
68 87
68 89
68 91
68 92
68 93
68 94
68 95
68 96
68 97
68 98
68 99
68 100
68 101
68 102
68 103
68 104
68 105
68 106
68 107
68 108
68 109
68 111
68 112
68 113
68 114
68 115
68 116
68 117
68 118
68 122
68 123
68 125
68 126
68 127
68 128
68 129
68 130
68 131
68 133
68 134
68 135
68 136
68 137
68 138
68 140
68 141
68 142
68 143
68 146
68 147
68 150
68 151
68 152
68 153
68 154
68 155
68 157
68 158
68 159
68 161
69 72
69 73
69 74
69 75
69 76
69 77
69 78
69 79
69 80
69 81
69 84
69 86
69 87
69 89
69 90
69 91
69 93
69 94
69 96
69 98
69 100
69 101
69 102
69 103
69 104
69 105
69 106
69 107
69 108
69 109
69 111
69 112
69 113
69 114
69 115
69 116
69 117
69 118
69 123
69 131
69 133
69 134
69 135
69 136
69 137
69 138
69 139
69 140
69 141
69 142
69 143
69 147
69 150
69 151
69 152
69 153
69 154
69 157
69 158
69 160
69 161
70 71
70 72
70 73
70 74
70 75
70 76
70 77
70 79
70 83
70 84
70 85
70 86
70 87
70 88
70 89
70 90
70 91
70 92
70 93
70 94
70 95
70 96
70 97
70 98
70 100
70 101
70 102
70 103
70 104
70 105
70 106
70 107
70 108
70 109
70 110
70 111
70 112
70 113
70 114
70 115
70 116
70 118
70 119
70 124
70 125
70 126
70 127
70 128
70 129
70 130
70 131
70 133
70 134
70 135
70 136
70 137
70 138
70 139
70 140
70 141
70 142
70 144
70 147
70 148
70 151
70 152
70 153
70 154
70 155
70 157
70 158
70 159
70 160
70 161
71 72
71 73
71 74
71 75
71 76
71 80
71 82
71 83
71 85
71 87
71 89
71 92
71 93
71 94
71 97
71 99
71 100
71 101
71 102
71 103
71 106
71 107
71 108
71 109
71 110
71 112
71 113
71 114
71 115
71 116
71 117
71 118
71 120
71 126
71 127
71 129
71 132
71 133
71 134
71 136
71 137
71 138
71 139
71 142
71 143
71 144
71 145
71 147
71 150
71 151
71 152
71 153
71 154
71 155
71 158
71 159
71 161
72 73
72 74
72 75
72 77
72 78
72 79
72 80
72 81
72 82
72 83
72 84
72 85
72 87
72 88
72 89
72 90
72 91
72 92
72 94
72 95
72 96
72 97
72 98
72 99
72 100
72 101
72 103
72 104
72 105
72 106
72 107
72 109
72 113
72 114
72 115
72 116
72 117
72 118
72 119
72 121
72 125
72 126
72 127
72 128
72 129
72 130
72 131
72 133
72 134
72 136
72 137
72 138
72 139
72 140
72 141
72 142
72 143
72 144
72 145
72 146
72 147
72 149
72 150
72 151
72 152
72 153
72 154
72 155
72 156
72 157
72 158
72 159
72 160
72 161
73 74
73 75
73 79
73 82
73 83
73 84
73 85
73 86
73 87
73 88
73 89
73 90
73 91
73 92
73 95
73 97
73 101
73 103
73 104
73 105
73 106
73 107
73 108
73 109
73 110
73 112
73 113
73 114
73 115
73 117
73 118
73 119
73 123
73 125
73 126
73 128
73 130
73 131
73 134
73 136
73 137
73 138
73 140
73 143
73 148
73 149
73 150
73 151
73 154
73 158
73 159
73 160
74 75
74 79
74 81
74 82
74 83
74 84
74 85
74 86
74 87
74 89
74 90
74 91
74 92
74 93
74 94
74 95
74 98
74 100
74 101
74 102
74 103
74 105
74 106
74 108
74 109
74 111
74 112
74 113
74 114
74 115
74 116
74 117
74 118
74 119
74 122
74 124
74 126
74 129
74 131
74 132
74 133
74 134
74 135
74 136
74 137
74 138
74 139
74 140
74 141
74 142
74 143
74 145
74 146
74 147
74 149
74 150
74 151
74 152
74 153
74 154
74 155
74 158
74 159
74 161
75 79
75 80
75 81
75 84
75 85
75 87
75 88
75 91
75 94
75 95
75 97
75 98
75 99
75 102
75 103
75 106
75 108
75 111
75 112
75 113
75 114
75 115
75 116
75 117
75 118
75 122
75 124
75 125
75 128
75 129
75 130
75 133
75 134
75 135
75 136
75 137
75 138
75 139
75 141
75 143
75 145
75 147
75 148
75 149
75 150
75 151
75 152
75 153
75 154
75 157
75 158
75 160
75 161
76 77
76 79
76 86
76 87
76 89
76 94
76 97
76 101
76 106
76 108
76 113
76 114
76 115
76 116
76 117
76 118
76 126
76 130
76 136
76 137
76 138
76 139
76 145
76 146
76 150
76 151
76 154
76 155
76 157
76 158
76 161
77 78
77 79
77 81
77 82
77 84
77 86
77 89
77 92
77 93
77 95
77 96
77 97
77 98
77 99
77 101
77 102
77 103
77 104
77 105
77 107
77 109
77 110
77 111
77 112
77 113
77 114
77 115
77 118
77 121
77 125
77 126
77 127
77 131
77 133
77 134
77 137
77 138
77 139
77 142
77 143
77 145
77 146
77 147
77 148
77 150
77 151
77 152
77 153
77 154
77 157
77 158
77 159
77 160
78 79
78 90
78 114
78 117
78 125
78 126
78 129
78 134
78 137
78 138
78 146
78 152
78 157
78 161
79 80
79 84
79 85
79 86
79 87
79 89
79 91
79 92
79 93
79 94
79 97
79 98
79 100
79 101
79 102
79 103
79 104
79 105
79 106
79 110
79 111
79 113
79 114
79 116
79 118
79 126
79 127
79 128
79 129
79 130
79 131
79 133
79 134
79 135
79 136
79 137
79 138
79 139
79 140
79 141
79 142
79 145
79 146
79 147
79 148
79 149
79 150
79 152
79 153
79 154
79 156
79 157
79 158
79 159
79 160
79 161
80 84
80 86
80 87
80 89
80 92
80 94
80 97
80 98
80 99
80 101
80 102
80 104
80 105
80 107
80 109
80 112
80 113
80 116
80 117
80 118
80 125
80 127
80 129
80 134
80 136
80 137
80 138
80 141
80 143
80 147
80 149
80 150
80 152
80 154
80 155
80 157
80 158
80 161
81 82
81 84
81 89
81 91
81 92
81 95
81 97
81 101
81 102
81 106
81 107
81 108
81 109
81 110
81 114
81 116
81 117
81 118
81 129
81 130
81 131
81 134
81 135
81 139
81 142
81 143
81 146
81 147
81 148
81 150
81 151
81 152
81 154
81 157
81 160
81 161
82 84
82 85
82 87
82 88
82 89
82 101
82 102
82 106
82 107
82 109
82 113
82 114
82 115
82 118
82 125
82 126
82 129
82 130
82 134
82 142
82 146
82 152
82 154
82 157
82 159
83 88
83 89
83 94
83 96
83 98
83 99
83 102
83 103
83 105
83 106
83 109
83 112
83 114
83 115
83 117
83 118
83 121
83 125
83 126
83 128
83 130
83 135
83 137
83 138
83 142
83 143
83 144
83 145
83 147
83 152
83 153
83 154
83 156
83 157
83 158
83 159
83 161
84 85
84 87
84 89
84 92
84 93
84 94
84 95
84 97
84 99
84 103
84 105
84 107
84 108
84 110
84 111
84 112
84 113
84 115
84 117
84 118
84 120
84 125
84 127
84 128
84 129
84 130
84 131
84 133
84 134
84 135
84 137
84 142
84 147
84 150
84 151
84 152
84 156
84 157
84 158
84 159
84 161
85 86
85 88
85 89
85 96
85 97
85 100
85 101
85 106
85 108
85 113
85 115
85 116
85 117
85 125
85 128
85 131
85 133
85 134
85 141
85 142
85 145
85 146
85 147
85 150
85 151
85 152
85 153
85 155
85 157
85 161
86 87
86 89
86 90
86 92
86 97
86 99
86 101
86 102
86 103
86 106
86 107
86 108
86 113
86 114
86 117
86 118
86 129
86 130
86 131
86 133
86 134
86 137
86 138
86 141
86 142
86 143
86 146
86 152
86 154
86 157
86 158
86 159
87 92
87 93
87 94
87 97
87 99
87 101
87 105
87 106
87 108
87 109
87 110
87 112
87 113
87 115
87 116
87 117
87 119
87 125
87 127
87 128
87 129
87 130
87 131
87 133
87 137
87 138
87 139
87 140
87 142
87 143
87 147
87 149
87 152
87 153
87 154
87 156
87 157
87 158
87 160
88 89
88 92
88 93
88 94
88 97
88 101
88 105
88 106
88 108
88 109
88 112
88 113
88 115
88 117
88 120
88 125
88 128
88 129
88 133
88 134
88 136
88 137
88 138
88 139
88 140
88 142
88 145
88 147
88 150
88 151
88 152
88 153
88 154
88 158
88 161
89 91
89 92
89 93
89 94
89 96
89 97
89 98
89 99
89 101
89 102
89 103
89 104
89 105
89 106
89 107
89 108
89 109
89 110
89 112
89 113
89 114
89 115
89 116
89 117
89 118
89 119
89 120
89 124
89 125
89 126
89 127
89 128
89 129
89 130
89 131
89 133
89 134
89 135
89 136
89 137
89 138
89 139
89 141
89 142
89 143
89 144
89 145
89 151
89 152
89 154
89 156
89 157
89 158
89 159
89 160
90 100
90 101
90 106
90 108
90 109
90 114
90 115
90 116
90 117
90 125
90 126
90 129
90 130
90 137
90 138
90 140
90 146
90 147
90 151
90 152
90 154
90 158
91 92
91 93
91 97
91 98
91 99
91 101
91 102
91 103
91 105
91 106
91 107
91 108
91 109
91 112
91 113
91 114
91 117
91 118
91 122
91 125
91 126
91 127
91 128
91 129
91 133
91 134
91 135
91 136
91 138
91 142
91 145
91 150
91 153
91 155
91 157
91 159
91 160
92 94
92 96
92 97
92 101
92 102
92 103
92 106
92 108
92 109
92 111
92 112
92 114
92 115
92 117
92 118
92 125
92 128
92 129
92 130
92 131
92 133
92 137
92 138
92 139
92 141
92 142
92 144
92 145
92 147
92 149
92 152
92 153
92 154
92 156
92 161
93 95
93 97
93 101
93 103
93 104
93 106
93 107
93 109
93 112
93 113
93 114
93 115
93 116
93 117
93 125
93 126
93 128
93 129
93 130
93 131
93 132
93 133
93 134
93 136
93 137
93 138
93 142
93 143
93 145
93 146
93 147
93 149
93 150
93 151
93 153
93 154
93 157
93 158
93 161
94 95
94 97
94 98
94 99
94 100
94 101
94 102
94 103
94 105
94 106
94 107
94 108
94 109
94 111
94 112
94 115
94 116
94 117
94 118
94 123
94 125
94 126
94 127
94 129
94 131
94 133
94 134
94 136
94 137
94 138
94 141
94 142
94 143
94 145
94 146
94 147
94 149
94 150
94 151
94 152
94 153
94 154
94 159
94 160
94 161
95 97
95 100
95 101
95 102
95 103
95 106
95 107
95 110
95 112
95 113
95 115
95 117
95 118
95 125
95 126
95 133
95 134
95 137
95 138
95 141
95 142
95 147
95 149
95 150
95 153
95 154
95 158
95 159
95 160
96 97
96 102
96 106
96 107
96 113
96 114
96 115
96 117
96 125
96 126
96 129
96 130
96 131
96 132
96 133
96 135
96 136
96 137
96 142
96 143
96 147
96 149
96 150
96 151
96 154
96 161
97 99
97 101
97 102
97 105
97 106
97 108
97 109
97 111
97 112
97 113
97 114
97 115
97 117
97 118
97 120
97 122
97 125
97 128
97 130
97 131
97 133
97 138
97 139
97 140
97 141
97 142
97 146
97 147
97 150
97 151
97 152
97 154
97 155
97 156
97 157
97 159
97 160
98 99
98 100
98 101
98 102
98 105
98 107
98 108
98 111
98 112
98 113
98 114
98 116
98 117
98 118
98 119
98 124
98 125
98 126
98 128
98 129
98 131
98 133
98 135
98 136
98 138
98 147
98 148
98 151
98 153
98 157
98 158
98 161
99 102
99 105
99 106
99 109
99 113
99 114
99 115
99 116
99 117
99 118
99 126
99 128
99 129
99 130
99 131
99 133
99 134
99 136
99 137
99 138
99 140
99 142
99 146
99 147
99 149
99 150
99 152
99 154
99 155
99 158
100 102
100 103
100 105
100 106
100 109
100 112
100 114
100 115
100 118
100 125
100 129
100 130
100 131
100 133
100 136
100 137
100 138
100 142
100 143
100 154
100 157
100 158
100 161
101 102
101 104
101 105
101 106
101 107
101 108
101 109
101 110
101 111
101 112
101 113
101 114
101 115
101 116
101 117
101 118
101 119
101 120
101 124
101 125
101 126
101 127
101 129
101 131
101 134
101 136
101 137
101 138
101 139
101 142
101 143
101 144
101 145
101 146
101 147
101 149
101 150
101 151
101 152
101 153
101 154
101 155
101 156
101 157
101 158
101 159
101 160
101 161
102 105
102 106
102 107
102 108
102 109
102 110
102 114
102 115
102 117
102 118
102 120
102 122
102 126
102 128
102 129
102 130
102 131
102 133
102 134
102 137
102 138
102 140
102 141
102 142
102 144
102 145
102 147
102 150
102 151
102 152
102 153
102 154
102 155
102 157
102 158
102 159
102 160
102 161
103 104
103 106
103 108
103 109
103 110
103 112
103 113
103 114
103 117
103 127
103 131
103 135
103 136
103 137
103 138
103 141
103 142
103 146
103 147
103 148
103 151
103 152
103 153
103 154
103 155
103 157
103 158
103 159
103 161
104 106
104 107
104 108
104 111
104 113
104 118
104 125
104 128
104 129
104 131
104 134
104 137
104 138
104 142
104 145
104 147
104 148
104 150
104 152
104 154
104 157
104 158
105 106
105 108
105 109
105 112
105 113
105 114
105 115
105 116
105 117
105 118
105 119
105 120
105 121
105 125
105 126
105 129
105 131
105 133
105 134
105 136
105 139
105 141
105 142
105 143
105 145
105 147
105 149
105 150
105 152
105 153
105 154
105 156
105 158
105 161
106 107
106 108
106 109
106 110
106 112
106 113
106 114
106 116
106 118
106 122
106 125
106 126
106 127
106 129
106 131
106 133
106 134
106 135
106 137
106 138
106 139
106 140
106 141
106 142
106 143
106 144
106 145
106 146
106 148
106 149
106 150
106 151
106 152
106 153
106 154
106 157
106 160
106 161
107 108
107 109
107 110
107 112
107 113
107 114
107 117
107 118
107 119
107 126
107 129
107 130
107 131
107 134
107 135
107 136
107 137
107 138
107 140
107 142
107 145
107 146
107 148
107 149
107 150
107 151
107 153
107 154
107 157
107 158
107 161
108 109
108 111
108 112
108 113
108 114
108 115
108 116
108 117
108 120
108 121
108 122
108 123
108 124
108 125
108 126
108 127
108 128
108 129
108 130
108 131
108 132
108 133
108 134
108 135
108 136
108 137
108 138
108 139
108 141
108 142
108 143
108 145
108 146
108 147
108 148
108 149
108 150
108 151
108 152
108 153
108 154
108 157
108 158
108 159
108 160
108 161
109 110
109 112
109 113
109 115
109 116
109 117
109 118
109 121
109 123
109 125
109 126
109 129
109 131
109 134
109 135
109 136
109 137
109 138
109 139
109 140
109 142
109 143
109 145
109 147
109 148
109 150
109 151
109 154
109 155
109 157
109 158
109 161
110 113
110 114
110 115
110 118
110 125
110 127
110 128
110 129
110 130
110 134
110 137
110 138
110 141
110 146
110 152
110 154
111 113
111 115
111 117
111 125
111 127
111 130
111 131
111 138
111 140
111 145
111 146
111 147
111 150
111 151
111 152
111 154
111 157
111 161
112 113
112 115
112 116
112 117
112 118
112 123
112 125
112 127
112 128
112 129
112 130
112 131
112 132
112 133
112 134
112 137
112 138
112 139
112 142
112 144
112 145
112 146
112 147
112 149
112 151
112 153
112 154
112 157
112 158
112 159
112 160
112 161
113 114
113 115
113 116
113 117
113 118
113 119
113 121
113 125
113 126
113 128
113 129
113 131
113 133
113 134
113 135
113 136
113 137
113 139
113 140
113 142
113 143
113 145
113 146
113 147
113 148
113 150
113 151
113 152
113 153
113 154
113 157
113 158
113 159
114 115
114 116
114 117
114 118
114 121
114 122
114 126
114 127
114 128
114 131
114 132
114 133
114 134
114 135
114 136
114 139
114 140
114 141
114 142
114 145
114 146
114 147
114 149
114 151
114 152
114 153
114 155
114 158
114 159
114 160
114 161
115 116
115 117
115 118
115 119
115 122
115 125
115 126
115 127
115 129
115 130
115 131
115 133
115 134
115 135
115 137
115 138
115 139
115 140
115 141
115 142
115 144
115 145
115 146
115 147
115 148
115 149
115 150
115 151
115 152
115 153
115 154
115 155
115 156
115 157
115 158
115 161
116 117
116 118
116 124
116 125
116 129
116 131
116 133
116 134
116 135
116 137
116 138
116 139
116 143
116 146
116 147
116 155
116 158
116 159
116 160
117 121
117 124
117 125
117 126
117 127
117 129
117 130
117 131
117 132
117 133
117 134
117 135
117 136
117 137
117 138
117 139
117 144
117 145
117 146
117 147
117 148
117 150
117 151
117 152
117 154
117 155
117 157
117 158
117 159
117 160
118 120
118 123
118 125
118 126
118 128
118 130
118 131
118 132
118 133
118 134
118 135
118 138
118 139
118 141
118 142
118 143
118 144
118 145
118 146
118 147
118 148
118 149
118 150
118 151
118 152
118 153
118 154
118 157
118 158
118 160
118 161
119 131
119 133
119 134
119 138
119 142
119 145
119 147
119 148
119 150
119 152
119 153
119 158
120 128
120 138
120 139
120 141
120 146
120 158
121 128
121 131
121 134
121 135
121 137
121 138
121 141
121 145
121 149
121 152
121 158
122 124
122 125
122 126
122 129
122 131
122 138
122 142
122 145
122 147
122 150
122 151
122 155
122 156
122 160
122 161
123 131
123 133
123 145
123 146
123 147
123 154
124 125
124 133
124 137
124 138
124 147
124 150
124 151
124 152
124 153
124 154
124 158
124 159
125 126
125 127
125 129
125 130
125 131
125 132
125 133
125 134
125 138
125 140
125 142
125 143
125 145
125 147
125 148
125 151
125 152
125 153
125 154
125 157
125 158
125 159
125 161
126 127
126 129
126 130
126 135
126 137
126 139
126 141
126 142
126 143
126 146
126 150
126 151
126 152
126 154
126 155
126 158
126 161
127 129
127 130
127 131
127 133
127 134
127 137
127 142
127 148
127 149
127 151
127 158
127 159
128 129
128 135
128 137
128 138
128 141
128 142
128 150
128 151
128 152
128 154
128 158
128 161
129 130
129 131
129 133
129 134
129 135
129 136
129 137
129 138
129 139
129 140
129 141
129 143
129 144
129 145
129 146
129 147
129 151
129 152
129 153
129 154
129 155
129 157
129 158
129 159
129 160
129 161
130 131
130 133
130 137
130 138
130 140
130 141
130 142
130 146
130 150
130 151
130 152
130 154
130 155
130 160
130 161
131 133
131 134
131 135
131 137
131 138
131 139
131 140
131 141
131 142
131 143
131 144
131 146
131 147
131 148
131 151
131 152
131 153
131 154
131 157
131 158
131 159
131 161
132 137
132 138
132 149
132 150
132 158
133 134
133 135
133 137
133 138
133 139
133 140
133 142
133 143
133 145
133 146
133 147
133 148
133 149
133 150
133 152
133 154
133 155
133 157
133 158
133 159
133 161
134 135
134 136
134 137
134 138
134 139
134 140
134 142
134 143
134 144
134 145
134 146
134 147
134 149
134 150
134 151
134 152
134 154
134 156
134 157
134 158
134 161
135 136
135 137
135 138
135 142
135 143
135 145
135 148
135 150
135 154
135 157
135 158
135 159
136 138
136 139
136 142
136 143
136 146
136 149
136 150
136 151
136 152
136 153
136 155
136 157
137 139
137 141
137 142
137 143
137 144
137 146
137 147
137 148
137 150
137 151
137 152
137 153
137 156
137 157
137 158
137 159
137 160
137 161
138 139
138 140
138 141
138 142
138 143
138 146
138 147
138 148
138 149
138 150
138 151
138 152
138 153
138 154
138 155
138 156
138 158
138 159
138 160
138 161
139 142
139 145
139 147
139 148
139 150
139 151
139 152
139 153
139 154
139 157
139 158
140 152
140 153
140 161
141 142
141 143
141 145
141 146
141 147
141 149
141 151
141 152
141 153
141 154
141 156
141 158
141 159
141 160
141 161
142 143
142 145
142 147
142 149
142 150
142 151
142 152
142 153
142 154
142 156
142 157
142 158
142 160
142 161
143 145
143 146
143 147
143 148
143 151
143 152
143 153
143 154
143 157
143 158
143 160
143 161
144 147
144 149
145 146
145 147
145 149
145 150
145 151
145 152
145 157
145 158
145 159
146 147
146 149
146 150
146 151
146 152
146 154
146 155
146 156
146 157
146 158
146 160
146 161
147 148
147 149
147 150
147 151
147 152
147 153
147 155
147 157
147 158
147 160
147 161
148 151
148 152
148 154
148 157
148 159
149 153
149 154
149 159
149 160
150 151
150 152
150 153
150 154
150 155
150 157
150 158
150 159
150 161
151 152
151 153
151 154
151 155
151 157
151 158
151 160
151 161
152 153
152 154
152 155
152 157
152 158
152 159
152 160
152 161
153 154
153 155
153 156
153 157
153 161
154 155
154 156
154 157
154 158
154 159
154 161
155 159
156 159
157 158
157 160
158 159
158 160
158 161
159 161
160 161
