0 1
0 6
0 8
0 10
0 12
0 13
0 14
0 15
0 19
0 21
0 22
0 23
0 25
0 26
0 32
0 33
0 34
0 36
0 38
0 39
0 42
0 45
0 46
0 47
0 49
0 50
0 51
0 52
0 53
0 54
0 57
0 61
0 62
0 63
0 65
0 66
0 67
0 68
0 69
0 70
0 71
0 72
0 74
0 75
0 76
0 77
0 79
0 87
0 88
0 89
0 102
0 105
0 106
0 108
0 109
0 112
0 113
0 117
0 118
0 120
0 127
0 128
0 129
0 134
0 135
0 137
0 139
0 142
0 143
0 146
0 147
0 149
0 152
0 153
0 156
0 158
0 161
1 2
1 3
1 4
1 5
1 7
1 9
1 10
1 11
1 14
1 18
1 19
1 20
1 22
1 25
1 26
1 30
1 32
1 34
1 35
1 36
1 38
1 39
1 40
1 45
1 50
1 52
1 54
1 59
1 63
1 64
1 65
1 66
1 67
1 68
1 69
1 70
1 71
1 72
1 75
1 77
1 79
1 80
1 81
1 82
1 83
1 88
1 89
1 90
1 92
1 93
1 94
1 97
1 98
1 99
1 101
1 103
1 105
1 106
1 107
1 108
1 112
1 113
1 114
1 115
1 116
1 117
1 118
1 122
1 123
1 128
1 133
1 134
1 135
1 137
1 138
1 142
1 145
1 146
1 147
1 154
1 157
1 159
1 160
2 3
2 6
2 7
2 9
2 11
2 13
2 14
2 19
2 25
2 26
2 30
2 31
2 38
2 40
2 41
2 42
2 43
2 44
2 49
2 51
2 57
2 58
2 59
2 64
2 65
2 66
2 67
2 68
2 70
2 72
2 73
2 77
2 79
2 89
2 93
2 94
2 97
2 99
2 102
2 103
2 104
2 106
2 107
2 111
2 112
2 114
2 116
2 117
2 118
2 125
2 127
2 129
2 130
2 131
2 133
2 134
2 136
2 137
2 138
2 142
2 149
2 150
2 151
2 152
2 154
2 155
2 157
2 159
2 161
3 7
3 9
3 10
3 14
3 15
3 19
3 20
3 21
3 24
3 26
3 28
3 31
3 32
3 37
3 38
3 39
3 40
3 49
3 51
3 56
3 57
3 58
3 62
3 64
3 66
3 67
3 72
3 73
3 74
3 84
3 85
3 88
3 89
3 93
3 94
3 97
3 99
3 101
3 102
3 105
3 108
3 113
3 118
3 119
3 127
3 130
3 131
3 133
3 134
3 137
3 138
3 145
3 147
3 152
3 153
3 154
3 157
3 158
3 160
4 6
4 7
4 8
4 9
4 10
4 11
4 12
4 14
4 15
4 16
4 18
4 19
4 20
4 21
4 22
4 23
4 24
4 25
4 26
4 29
4 31
4 33
4 34
4 35
4 38
4 39
4 40
4 42
4 43
4 44
4 45
4 46
4 49
4 50
4 51
4 54
4 59
4 61
4 62
4 63
4 64
4 65
4 67
4 69
4 70
4 71
4 72
4 73
4 74
4 76
4 77
4 78
4 79
4 80
4 81
4 84
4 85
4 86
4 88
4 89
4 91
4 93
4 94
4 97
4 98
4 99
4 100
4 101
4 102
4 103
4 105
4 106
4 107
4 108
4 112
4 113
4 114
4 115
4 117
4 118
4 119
4 123
4 125
4 126
4 127
4 129
4 130
4 131
4 133
4 134
4 135
4 137
4 138
4 139
4 140
4 141
4 142
4 143
4 144
4 145
4 146
4 147
4 148
4 149
4 151
4 153
4 156
4 157
4 158
4 159
4 160
5 6
5 11
5 17
5 21
5 26
5 30
5 32
5 37
5 52
5 54
5 55
5 56
5 61
5 67
5 70
5 72
5 73
5 76
5 84
5 93
5 94
5 101
5 102
5 107
5 108
5 109
5 117
5 122
5 131
5 134
5 138
5 139
5 140
5 146
5 150
5 151
5 154
5 158
5 161
6 7
6 8
6 9
6 10
6 12
6 13
6 14
6 15
6 16
6 18
6 19
6 21
6 22
6 23
6 24
6 25
6 26
6 28
6 29
6 30
6 31
6 32
6 34
6 35
6 38
6 39
6 40
6 42
6 43
6 45
6 46
6 49
6 50
6 53
6 55
6 56
6 57
6 58
6 59
6 62
6 63
6 64
6 65
6 66
6 67
6 68
6 69
6 70
6 71
6 72
6 73
6 74
6 75
6 76
6 77
6 79
6 80
6 81
6 84
6 85
6 86
6 88
6 89
6 91
6 92
6 93
6 94
6 96
6 97
6 98
6 99
6 100
6 101
6 102
6 103
6 105
6 106
6 107
6 108
6 109
6 110
6 112
6 113
6 114
6 117
6 118
6 120
6 124
6 125
6 127
6 128
6 129
6 130
6 131
6 133
6 134
6 135
6 137
6 138
6 140
6 141
6 142
6 143
6 146
6 147
6 148
6 149
6 150
6 151
6 152
6 153
6 157
6 158
6 160
6 161
7 9
7 10
7 11
7 12
7 13
7 14
7 15
7 18
7 19
7 20
7 21
7 23
7 24
7 26
7 29
7 31
7 32
7 34
7 35
7 36
7 37
7 38
7 39
7 40
7 41
7 42
7 44
7 45
7 47
7 48
7 49
7 51
7 52
7 53
7 54
7 55
7 56
7 57
7 58
7 59
7 61
7 62
7 63
7 64
7 65
7 66
7 67
7 68
7 69
7 70
7 71
7 72
7 73
7 74
7 76
7 77
7 79
7 80
7 84
7 86
7 87
7 88
7 89
7 91
7 92
7 93
7 94
7 95
7 96
7 97
7 98
7 99
7 101
7 102
7 104
7 105
7 106
7 107
7 108
7 109
7 111
7 112
7 114
7 115
7 117
7 118
7 125
7 126
7 127
7 129
7 131
7 133
7 134
7 135
7 136
7 138
7 139
7 140
7 141
7 142
7 143
7 144
7 145
7 146
7 147
7 148
7 149
7 150
7 151
7 152
7 153
7 154
7 157
7 158
7 159
7 161
8 10
8 16
8 19
8 21
8 30
8 31
8 35
8 36
8 37
8 38
8 43
8 49
8 51
8 55
8 58
8 61
8 64
8 65
8 66
8 68
8 71
8 74
8 79
8 80
8 89
8 90
8 97
8 98
8 100
8 101
8 102
8 106
8 107
8 108
8 114
8 116
8 118
8 120
8 123
8 125
8 127
8 129
8 135
8 137
8 138
8 142
8 147
8 151
8 153
8 154
8 155
8 157
8 158
9 10
9 12
9 13
9 18
9 19
9 20
9 21
9 26
9 30
9 31
9 32
9 34
9 36
9 37
9 38
9 40
9 42
9 44
9 45
9 46
9 47
9 49
9 51
9 52
9 54
9 56
9 58
9 61
9 62
9 63
9 64
9 65
9 66
9 67
9 69
9 70
9 71
9 72
9 73
9 74
9 75
9 77
9 79
9 82
9 83
9 86
9 88
9 89
9 93
9 94
9 95
9 96
9 97
9 99
9 100
9 101
9 102
9 103
9 105
9 106
9 107
9 108
9 109
9 111
9 112
9 113
9 114
9 115
9 116
9 118
9 120
9 123
9 125
9 126
9 129
9 130
9 131
9 133
9 134
9 135
9 137
9 138
9 139
9 142
9 145
9 146
9 147
9 149
9 150
9 152
9 153
9 154
9 157
9 158
9 160
10 11
10 12
10 13
10 21
10 24
10 26
10 30
10 31
10 33
10 36
10 37
10 40
10 42
10 43
10 44
10 49
10 50
10 51
10 53
10 54
10 55
10 56
10 57
10 59
10 61
10 63
10 64
10 65
10 66
10 67
10 68
10 69
10 70
10 75
10 77
10 78
10 80
10 81
10 82
10 83
10 84
10 85
10 86
10 87
10 88
10 89
10 91
10 93
10 94
10 97
10 98
10 99
10 100
10 101
10 102
10 103
10 106
10 107
10 108
10 109
10 111
10 113
10 114
10 115
10 116
10 117
10 121
10 125
10 126
10 129
10 131
10 133
10 135
10 137
10 138
10 139
10 142
10 144
10 145
10 146
10 147
10 149
10 150
10 151
10 152
10 153
10 154
10 157
10 158
10 159
10 161
11 13
11 15
11 16
11 18
11 19
11 20
11 22
11 24
11 26
11 28
11 29
11 31
11 35
11 36
11 37
11 38
11 40
11 42
11 44
11 45
11 46
11 49
11 50
11 52
11 54
11 55
11 58
11 59
11 61
11 62
11 63
11 64
11 65
11 66
11 67
11 68
11 69
11 70
11 71
11 72
11 73
11 74
11 75
11 77
11 79
11 82
11 83
11 84
11 85
11 86
11 88
11 89
11 90
11 91
11 93
11 94
11 96
11 97
11 98
11 99
11 100
11 103
11 105
11 106
11 108
11 109
11 110
11 111
11 113
11 114
11 115
11 116
11 117
11 118
11 123
11 124
11 125
11 127
11 128
11 129
11 130
11 131
11 133
11 134
11 136
11 137
11 139
11 142
11 144
11 145
11 146
11 149
11 150
11 151
11 152
11 154
11 155
11 157
11 158
11 161
12 14
12 19
12 23
12 25
12 26
12 29
12 30
12 32
12 35
12 38
12 40
12 44
12 45
12 48
12 49
12 51
12 53
12 55
12 58
12 59
12 61
12 63
12 64
12 66
12 68
12 69
12 70
12 72
12 73
12 74
12 79
12 80
12 81
12 86
12 91
12 93
12 97
12 101
12 103
12 106
12 107
12 108
12 109
12 113
12 114
12 126
12 127
12 128
12 134
12 135
12 137
12 138
12 146
12 147
12 149
12 150
12 151
12 152
12 153
12 154
12 158
12 160
13 14
13 18
13 19
13 21
13 25
13 30
13 31
13 32
13 34
13 36
13 37
13 43
13 44
13 45
13 46
13 50
13 54
13 56
13 58
13 60
13 63
13 64
13 65
13 67
13 68
13 69
13 70
13 71
13 72
13 79
13 81
13 91
13 92
13 93
13 99
13 101
13 105
13 106
13 107
13 108
13 109
13 113
13 114
13 118
13 121
13 129
13 130
13 131
13 133
13 134
13 137
13 138
13 139
13 145
13 149
13 150
13 151
13 152
13 154
13 157
13 158
13 161
14 15
14 18
14 19
14 20
14 21
14 22
14 25
14 26
14 28
14 29
14 30
14 31
14 32
14 33
14 34
14 35
14 36
14 38
14 39
14 40
14 42
14 43
14 44
14 45
14 48
14 49
14 50
14 51
14 52
14 54
14 55
14 56
14 57
14 58
14 59
14 60
14 61
14 62
14 64
14 65
14 67
14 68
14 69
14 70
14 71
14 72
14 74
14 75
14 77
14 79
14 81
14 84
14 87
14 88
14 89
14 91
14 92
14 93
14 97
14 98
14 99
14 100
14 101
14 102
14 103
14 104
14 105
14 106
14 107
14 108
14 109
14 110
14 111
14 113
14 114
14 115
14 117
14 118
14 120
14 121
14 124
14 125
14 127
14 129
14 130
14 131
14 132
14 134
14 135
14 136
14 137
14 138
14 139
14 141
14 142
14 143
14 145
14 146
14 147
14 148
14 149
14 150
14 151
14 152
14 153
14 154
14 158
14 159
14 161
15 18
15 19
15 26
15 30
15 34
15 35
15 36
15 37
15 38
15 40
15 43
15 44
15 49
15 50
15 51
15 54
15 58
15 59
15 60
15 63
15 64
15 65
15 68
15 71
15 73
15 74
15 79
15 82
15 87
15 89
15 93
15 99
15 102
15 105
15 106
15 107
15 110
15 111
15 112
15 113
15 114
15 115
15 118
15 121
15 123
15 125
15 129
15 131
15 133
15 134
15 135
15 139
15 142
15 148
15 149
15 150
15 153
15 154
15 159
16 17
16 18
16 19
16 21
16 24
16 26
16 31
16 38
16 39
16 40
16 43
16 44
16 45
16 49
16 51
16 54
16 56
16 61
16 64
16 65
16 66
16 67
16 70
16 71
16 74
16 84
16 85
16 88
16 92
16 97
16 106
16 111
16 113
16 114
16 117
16 120
16 121
16 125
16 131
16 134
16 136
16 137
16 138
16 139
16 145
16 146
16 147
16 151
16 152
16 154
16 159
17 21
17 26
17 30
17 36
17 42
17 59
17 69
17 74
17 94
17 98
17 102
17 115
17 117
17 134
17 137
17 138
17 142
17 151
17 160
18 19
18 25
18 26
18 30
18 32
18 36
18 39
18 40
18 43
18 46
18 48
18 52
18 62
18 63
18 64
18 66
18 68
18 69
18 70
18 71
18 72
18 73
18 74
18 76
18 77
18 86
18 87
18 91
18 94
18 97
18 98
18 101
18 102
18 104
18 106
18 107
18 108
18 111
18 112
18 113
18 114
18 116
18 117
18 119
18 125
18 130
18 133
18 134
18 137
18 138
18 142
18 143
18 145
18 146
18 147
18 150
18 152
18 153
18 154
18 157
18 158
18 161
19 21
19 22
19 23
19 24
19 25
19 26
19 30
19 32
19 33
19 34
19 36
19 37
19 38
19 39
19 40
19 42
19 43
19 44
19 45
19 46
19 47
19 48
19 49
19 50
19 51
19 53
19 54
19 55
19 56
19 57
19 58
19 59
19 61
19 62
19 63
19 64
19 65
19 68
19 69
19 70
19 72
19 73
19 74
19 75
19 76
19 77
19 79
19 81
19 84
19 85
19 86
19 87
19 88
19 89
19 90
19 91
19 92
19 93
19 94
19 95
19 97
19 98
19 99
19 101
19 102
19 103
19 104
19 105
19 106
19 107
19 108
19 110
19 111
19 112
19 113
19 114
19 115
19 116
19 117
19 119
19 122
19 124
19 125
19 126
19 127
19 128
19 129
19 130
19 131
19 133
19 135
19 137
19 138
19 139
19 141
19 142
19 143
19 145
19 146
19 147
19 148
19 149
19 150
19 151
19 154
19 155
19 156
19 157
19 158
19 159
19 160
19 161
20 21
20 31
20 34
20 44
20 45
20 51
20 54
20 56
20 63
20 65
20 68
20 70
20 72
20 73
20 79
20 89
20 90
20 94
20 99
20 100
20 101
20 102
20 103
20 106
20 108
20 112
20 113
20 114
20 116
20 117
20 121
20 131
20 133
20 134
20 135
20 142
20 143
20 147
20 150
20 154
20 155
21 22
21 23
21 25
21 26
21 28
21 30
21 31
21 33
21 34
21 35
21 36
21 37
21 38
21 39
21 40
21 41
21 42
21 43
21 44
21 45
21 46
21 50
21 51
21 53
21 54
21 56
21 57
21 59
21 60
21 64
21 65
21 66
21 67
21 68
21 69
21 70
21 71
21 72
21 73
21 74
21 75
21 77
21 79
21 80
21 82
21 83
21 84
21 87
21 88
21 89
21 90
21 93
21 94
21 96
21 98
21 101
21 102
21 103
21 104
21 106
21 107
21 108
21 111
21 112
21 113
21 114
21 115
21 116
21 117
21 118
21 121
21 125
21 126
21 127
21 129
21 130
21 131
21 133
21 134
21 135
21 136
21 137
21 138
21 139
21 140
21 142
21 143
21 144
21 145
21 146
21 147
21 148
21 150
21 151
21 152
21 153
21 154
21 155
21 156
21 157
21 158
21 161
22 26
22 31
22 35
22 38
22 40
22 42
22 46
22 48
22 49
22 56
22 58
22 64
22 65
22 66
22 67
22 68
22 69
22 70
22 71
22 72
22 75
22 79
22 80
22 84
22 86
22 87
22 88
22 89
22 94
22 95
22 97
22 99
22 101
22 102
22 103
22 106
22 107
22 108
22 109
22 111
22 112
22 114
22 115
22 116
22 117
22 120
22 129
22 131
22 133
22 134
22 135
22 137
22 138
22 142
22 146
22 148
22 150
22 151
22 152
22 157
22 159
22 160
22 161
23 25
23 31
23 34
23 36
23 40
23 45
23 46
23 49
23 51
23 58
23 59
23 63
23 64
23 65
23 67
23 70
23 73
23 74
23 76
23 80
23 87
23 94
23 101
23 104
23 109
23 117
23 118
23 125
23 133
23 134
23 136
23 137
23 141
23 147
23 148
24 25
24 26
24 30
24 31
24 32
24 34
24 36
24 37
24 38
24 40
24 42
24 43
24 45
24 46
24 48
24 49
24 51
24 53
24 63
24 64
24 67
24 69
24 70
24 71
24 72
24 74
24 75
24 77
24 79
24 82
24 85
24 87
24 89
24 92
24 93
24 94
24 97
24 101
24 105
24 106
24 107
24 108
24 109
24 114
24 115
24 116
24 117
24 118
24 124
24 125
24 127
24 128
24 129
24 130
24 131
24 133
24 134
24 136
24 137
24 138
24 142
24 145
24 146
24 148
24 150
24 152
24 155
25 26
25 30
25 31
25 32
25 35
25 37
25 38
25 39
25 40
25 41
25 43
25 45
25 46
25 49
25 50
25 51
25 53
25 54
25 55
25 56
25 57
25 58
25 61
25 64
25 65
25 66
25 67
25 68
25 70
25 71
25 73
25 74
25 79
25 81
25 83
25 84
25 87
25 89
25 90
25 92
25 93
25 96
25 98
25 99
25 102
25 106
25 109
25 112
25 113
25 114
25 115
25 117
25 118
25 120
25 121
25 123
25 130
25 131
25 133
25 134
25 135
25 138
25 139
25 141
25 142
25 145
25 146
25 147
25 149
25 150
25 151
25 152
25 153
25 154
25 155
25 157
25 158
25 159
25 161
26 27
26 28
26 29
26 30
26 31
26 32
26 34
26 35
26 36
26 37
26 38
26 39
26 40
26 41
26 43
26 44
26 45
26 49
26 50
26 51
26 52
26 53
26 54
26 55
26 56
26 57
26 58
26 59
26 60
26 62
26 64
26 65
26 66
26 67
26 68
26 69
26 70
26 71
26 72
26 73
26 74
26 75
26 76
26 78
26 79
26 80
26 82
26 83
26 84
26 86
26 87
26 88
26 89
26 90
26 92
26 93
26 94
26 95
26 100
26 101
26 103
26 104
26 106
26 107
26 108
26 109
26 111
26 112
26 113
26 114
26 115
26 116
26 117
26 118
26 123
26 124
26 125
26 126
26 128
26 129
26 130
26 131
26 132
26 133
26 134
26 135
26 136
26 137
26 138
26 139
26 140
26 141
26 142
26 144
26 145
26 146
26 147
26 148
26 149
26 150
26 151
26 152
26 153
26 154
26 155
26 156
26 158
26 159
26 160
27 30
27 32
27 35
27 38
27 40
27 46
27 49
27 54
27 63
27 69
27 70
27 71
27 75
27 94
27 97
27 101
27 105
27 106
27 107
27 109
27 110
27 113
27 117
27 118
27 126
27 130
27 142
27 146
27 150
27 154
27 157
28 30
28 31
28 37
28 38
28 40
28 43
28 45
28 47
28 50
28 51
28 54
28 56
28 58
28 65
28 66
28 67
28 68
28 69
28 71
28 72
28 74
28 80
28 98
28 101
28 106
28 108
28 111
28 112
28 113
28 114
28 115
28 116
28 125
28 126
28 130
28 131
28 133
28 134
28 138
28 142
28 146
28 154
28 155
28 160
29 31
29 34
29 39
29 40
29 45
29 50
29 53
29 54
29 56
29 64
29 65
29 69
29 70
29 72
29 73
29 74
29 75
29 79
29 83
29 92
29 94
29 98
29 99
29 101
29 102
29 106
29 108
29 116
29 125
29 126
29 127
29 130
29 132
29 133
29 134
29 135
29 138
29 143
29 147
29 154
29 157
29 158
29 159
30 32
30 35
30 36
30 37
30 38
30 39
30 41
30 42
30 44
30 45
30 46
30 55
30 56
30 57
30 58
30 59
30 61
30 63
30 64
30 65
30 66
30 67
30 68
30 69
30 70
30 71
30 72
30 73
30 74
30 75
30 76
30 79
30 81
30 82
30 84
30 85
30 87
30 88
30 89
30 92
30 93
30 94
30 95
30 96
30 97
30 99
30 100
30 101
30 102
30 105
30 106
30 107
30 108
30 109
30 111
30 112
30 114
30 115
30 117
30 118
30 125
30 129
30 130
30 131
30 132
30 133
30 135
30 136
30 137
30 138
30 139
30 141
30 142
30 143
30 147
30 149
30 150
30 152
30 154
30 155
30 157
30 158
30 159
30 160
30 161
31 35
31 36
31 37
31 38
31 39
31 40
31 42
31 43
31 44
31 45
31 49
31 51
31 52
31 53
31 54
31 55
31 56
31 58
31 59
31 61
31 64
31 65
31 67
31 68
31 69
31 70
31 71
31 72
31 73
31 74
31 75
31 76
31 77
31 79
31 80
31 83
31 84
31 85
31 86
31 87
31 88
31 89
31 90
31 91
31 93
31 94
31 95
31 96
31 97
31 98
31 99
31 101
31 102
31 103
31 105
31 106
31 108
31 109
31 110
31 112
31 113
31 114
31 115
31 116
31 117
31 118
31 119
31 120
31 121
31 123
31 124
31 125
31 126
31 127
31 128
31 129
31 130
31 131
31 133
31 134
31 135
31 136
31 137
31 138
31 139
31 142
31 143
31 145
31 147
31 148
31 150
31 152
31 153
31 154
31 155
31 156
31 157
31 158
31 161
32 34
32 35
32 37
32 38
32 40
32 42
32 43
32 44
32 46
32 49
32 50
32 51
32 53
32 54
32 58
32 59
32 61
32 62
32 63
32 64
32 65
32 67
32 68
32 70
32 71
32 72
32 73
32 74
32 75
32 77
32 80
32 83
32 84
32 86
32 87
32 88
32 89
32 92
32 93
32 94
32 96
32 97
32 98
32 99
32 100
32 101
32 102
32 105
32 106
32 107
32 108
32 111
32 112
32 113
32 114
32 115
32 116
32 117
32 118
32 119
32 123
32 125
32 126
32 127
32 128
32 129
32 130
32 131
32 134
32 135
32 137
32 138
32 139
32 141
32 142
32 145
32 146
32 147
32 148
32 149
32 150
32 151
32 153
32 154
32 155
32 157
32 158
32 159
32 160
32 161
33 36
33 38
33 39
33 40
33 45
33 46
33 60
33 61
33 64
33 65
33 70
33 71
33 72
33 74
33 75
33 84
33 86
33 88
33 91
33 94
33 96
33 99
33 101
33 111
33 125
33 134
33 135
33 137
33 141
33 142
33 147
33 149
33 151
33 155
34 39
34 40
34 44
34 48
34 49
34 51
34 56
34 57
34 58
34 63
34 64
34 67
34 69
34 70
34 71
34 75
34 80
34 83
34 84
34 87
34 89
34 92
34 93
34 95
34 97
34 98
34 99
34 101
34 102
34 103
34 106
34 108
34 109
34 113
34 116
34 117
34 118
34 126
34 129
34 131
34 134
34 135
34 137
34 139
34 142
34 147
34 150
34 151
34 159
35 36
35 37
35 38
35 39
35 40
35 41
35 42
35 44
35 45
35 49
35 50
35 52
35 53
35 54
35 55
35 56
35 57
35 58
35 59
35 60
35 61
35 63
35 64
35 65
35 66
35 67
35 68
35 69
35 70
35 73
35 74
35 75
35 76
35 78
35 79
35 81
35 84
35 87
35 91
35 92
35 94
35 96
35 97
35 99
35 101
35 103
35 104
35 106
35 107
35 108
35 111
35 113
35 114
35 115
35 116
35 117
35 118
35 122
35 125
35 127
35 128
35 129
35 130
35 131
35 133
35 137
35 138
35 140
35 141
35 142
35 143
35 146
35 147
35 148
35 152
35 153
35 154
35 155
35 157
35 159
35 161
36 37
36 38
36 40
36 44
36 49
36 50
36 51
36 54
36 55
36 56
36 58
36 63
36 64
36 65
36 67
36 68
36 70
36 71
36 72
36 73
36 75
36 77
36 82
36 83
36 84
36 85
36 86
36 89
36 93
36 94
36 97
36 99
36 101
36 102
36 103
36 106
36 108
36 109
36 110
36 111
36 113
36 114
36 115
36 116
36 117
36 120
36 122
36 123
36 130
36 131
36 132
36 133
36 134
36 135
36 137
36 138
36 139
36 140
36 142
36 143
36 145
36 147
36 149
36 150
36 151
36 152
36 153
36 154
36 158
36 159
37 40
37 44
37 45
37 46
37 48
37 49
37 50
37 51
37 52
37 55
37 56
37 58
37 64
37 65
37 67
37 68
37 69
37 70
37 71
37 72
37 74
37 76
37 77
37 79
37 80
37 86
37 89
37 93
37 96
37 97
37 98
37 99
37 100
37 101
37 102
37 104
37 106
37 107
37 108
37 109
37 113
37 115
37 116
37 117
37 125
37 126
37 129
37 130
37 131
37 133
37 134
37 136
37 137
37 138
37 139
37 140
37 142
37 146
37 151
37 152
37 153
37 154
37 155
37 157
37 158
37 160
38 39
38 40
38 42
38 43
38 44
38 45
38 46
38 47
38 49
38 50
38 51
38 52
38 53
38 54
38 55
38 56
38 57
38 58
38 63
38 64
38 65
38 66
38 67
38 68
38 69
38 70
38 71
38 72
38 73
38 74
38 76
38 77
38 79
38 80
38 82
38 83
38 85
38 86
38 87
38 88
38 89
38 91
38 92
38 94
38 96
38 97
38 98
38 99
38 101
38 102
38 103
38 105
38 106
38 108
38 109
38 110
38 111
38 113
38 114
38 117
38 118
38 120
38 124
38 125
38 127
38 128
38 129
38 130
38 131
38 132
38 134
38 135
38 136
38 137
38 138
38 139
38 140
38 141
38 142
38 143
38 144
38 145
38 147
38 149
38 150
38 151
38 152
38 153
38 154
38 157
38 158
38 159
38 160
38 161
39 40
39 42
39 43
39 45
39 48
39 49
39 50
39 51
39 53
39 55
39 56
39 63
39 64
39 65
39 66
39 67
39 68
39 69
39 73
39 74
39 79
39 80
39 86
39 90
39 92
39 99
39 101
39 102
39 106
39 107
39 108
39 109
39 112
39 113
39 114
39 125
39 128
39 130
39 131
39 133
39 137
39 138
39 140
39 142
39 150
39 151
39 153
39 157
39 158
39 159
40 43
40 44
40 45
40 47
40 49
40 50
40 51
40 52
40 53
40 54
40 55
40 59
40 61
40 63
40 64
40 65
40 67
40 69
40 70
40 71
40 72
40 73
40 74
40 75
40 76
40 77
40 78
40 79
40 80
40 81
40 82
40 84
40 85
40 86
40 87
40 89
40 92
40 93
40 94
40 95
40 96
40 97
40 98
40 100
40 101
40 103
40 105
40 107
40 109
40 110
40 111
40 112
40 113
40 114
40 115
40 117
40 118
40 121
40 123
40 125
40 127
40 128
40 129
40 130
40 131
40 132
40 133
40 134
40 135
40 137
40 138
40 139
40 142
40 143
40 146
40 147
40 149
40 150
40 152
40 153
40 154
40 155
40 157
40 158
40 159
40 160
40 161
41 44
41 46
41 48
41 55
41 58
41 59
41 63
41 65
41 66
41 70
41 71
41 72
41 75
41 76
41 80
41 84
41 90
41 91
41 94
41 96
41 102
41 104
41 105
41 106
41 107
41 114
41 117
41 118
41 131
41 133
41 134
41 135
41 141
41 142
41 144
41 148
41 150
41 151
41 155
41 161
42 44
42 45
42 49
42 50
42 51
42 54
42 55
42 56
42 58
42 61
42 64
42 66
42 68
42 70
42 71
42 72
42 73
42 74
42 75
42 77
42 79
42 89
42 91
42 94
42 98
42 102
42 103
42 105
42 107
42 108
42 109
42 111
42 113
42 114
42 116
42 117
42 125
42 128
42 129
42 131
42 133
42 141
42 142
42 149
42 150
42 151
42 152
42 154
42 157
42 158
42 159
42 161
43 44
43 45
43 46
43 49
43 51
43 52
43 53
43 54
43 56
43 58
43 59
43 62
43 63
43 64
43 66
43 67
43 68
43 69
43 70
43 71
43 72
43 74
43 75
43 76
43 77
43 79
43 80
43 82
43 84
43 85
43 86
43 87
43 88
43 89
43 94
43 97
43 99
43 102
43 103
43 106
43 107
43 109
43 110
43 112
43 115
43 116
43 117
43 118
43 120
43 125
43 126
43 130
43 131
43 133
43 134
43 135
43 137
43 139
43 142
43 150
43 152
43 157
43 161
44 45
44 46
44 48
44 49
44 50
44 52
44 55
44 56
44 57
44 59
44 60
44 62
44 63
44 64
44 65
44 66
44 67
44 68
44 69
44 70
44 71
44 72
44 73
44 74
44 77
44 89
44 90
44 91
44 92
44 93
44 94
44 95
44 98
44 101
44 102
44 103
44 104
44 106
44 108
44 109
44 111
44 112
44 113
44 114
44 116
44 117
44 118
44 122
44 126
44 127
44 129
44 130
44 131
44 133
44 135
44 137
44 138
44 139
44 142
44 145
44 147
44 149
44 150
44 151
44 152
44 153
44 154
44 156
44 157
44 158
44 161
45 46
45 49
45 50
45 51
45 52
45 54
45 55
45 56
45 58
45 59
45 60
45 61
45 63
45 64
45 65
45 67
45 68
45 69
45 70
45 72
45 74
45 75
45 77
45 79
45 80
45 81
45 83
45 84
45 85
45 86
45 87
45 88
45 89
45 91
45 92
45 93
45 94
45 97
45 98
45 99
45 101
45 102
45 103
45 106
45 108
45 109
45 112
45 113
45 114
45 115
45 117
45 118
45 120
45 129
45 131
45 133
45 134
45 136
45 137
45 138
45 139
45 141
45 142
45 143
45 147
45 151
45 152
45 153
45 154
45 158
45 161
46 48
46 49
46 51
46 52
46 54
46 55
46 63
46 64
46 66
46 69
46 71
46 72
46 74
46 76
46 77
46 82
46 84
46 94
46 97
46 101
46 102
46 103
46 104
46 106
46 109
46 111
46 112
46 113
46 116
46 117
46 118
46 119
46 125
46 128
46 129
46 130
46 131
46 133
46 134
46 135
46 139
46 141
46 142
46 143
46 147
46 149
46 150
46 151
46 153
46 154
46 156
46 157
46 158
46 161
47 51
47 54
47 55
47 67
47 72
47 76
47 79
47 83
47 89
47 97
47 105
47 106
47 108
47 109
47 113
47 114
47 116
47 117
47 127
47 137
47 139
47 147
47 150
47 151
47 152
48 49
48 51
48 55
48 56
48 63
48 65
48 66
48 67
48 69
48 73
48 75
48 77
48 79
48 83
48 86
48 88
48 89
48 94
48 98
48 101
48 109
48 112
48 118
48 129
48 133
48 134
48 138
48 141
48 143
48 146
48 149
48 150
48 153
48 161
49 51
49 52
49 54
49 56
49 58
49 59
49 60
49 61
49 62
49 63
49 65
49 66
49 67
49 68
49 69
49 70
49 71
49 72
49 73
49 74
49 75
49 76
49 78
49 79
49 80
49 83
49 84
49 85
49 86
49 87
49 89
49 90
49 91
49 92
49 93
49 95
49 97
49 98
49 99
49 100
49 101
49 102
49 106
49 108
49 109
49 110
49 111
49 112
49 113
49 114
49 115
49 116
49 117
49 118
49 121
49 122
49 124
49 125
49 126
49 127
49 128
49 129
49 130
49 131
49 133
49 134
49 136
49 137
49 138
49 139
49 142
49 144
49 145
49 146
49 147
49 149
49 151
49 152
49 154
49 155
49 157
49 158
49 159
49 160
50 51
50 55
50 56
50 59
50 63
50 65
50 66
50 67
50 69
50 71
50 72
50 73
50 75
50 82
50 86
50 89
50 92
50 93
50 94
50 95
50 96
50 101
50 102
50 103
50 105
50 106
50 108
50 109
50 110
50 111
50 112
50 113
50 114
50 115
50 117
50 118
50 125
50 127
50 129
50 130
50 131
50 135
50 138
50 142
50 146
50 147
50 152
50 154
50 156
50 157
51 54
51 55
51 56
51 57
51 58
51 59
51 60
51 61
51 64
51 65
51 66
51 67
51 68
51 69
51 70
51 71
51 72
51 73
51 74
51 77
51 80
51 81
51 82
51 83
51 84
51 85
51 87
51 88
51 90
51 91
51 94
51 97
51 98
51 101
51 102
51 103
51 105
51 106
51 108
51 109
51 110
51 111
51 112
51 113
51 114
51 115
51 116
51 117
51 118
51 120
51 122
51 124
51 125
51 126
51 127
51 128
51 129
51 132
51 134
51 135
51 137
51 138
51 139
51 142
51 143
51 145
51 146
51 147
51 148
51 149
51 150
51 151
51 152
51 153
51 154
51 156
51 157
51 160
51 161
52 53
52 54
52 56
52 57
52 62
52 63
52 65
52 67
52 69
52 70
52 71
52 74
52 77
52 83
52 84
52 85
52 86
52 87
52 89
52 90
52 93
52 94
52 95
52 96
52 101
52 102
52 106
52 108
52 109
52 111
52 112
52 114
52 115
52 116
52 117
52 126
52 130
52 131
52 132
52 133
52 135
52 137
52 138
52 139
52 142
52 143
52 145
52 146
52 150
52 151
52 152
52 153
52 154
52 155
52 157
52 158
52 160
53 54
53 56
53 58
53 59
53 64
53 65
53 66
53 67
53 69
53 70
53 72
53 73
53 74
53 76
53 77
53 81
53 83
53 86
53 88
53 89
53 90
53 93
53 97
53 100
53 106
53 107
53 108
53 111
53 114
53 115
53 121
53 126
53 129
53 131
53 133
53 134
53 136
53 138
53 139
53 140
53 143
53 147
53 149
53 150
53 151
53 156
53 159
54 55
54 57
54 58
54 59
54 63
54 65
54 66
54 67
54 68
54 69
54 70
54 71
54 72
54 73
54 75
54 77
54 79
54 80
54 83
54 84
54 85
54 86
54 87
54 88
54 89
54 90
54 93
54 94
54 96
54 97
54 98
54 101
54 102
54 104
54 105
54 106
54 107
54 108
54 109
54 111
54 112
54 113
54 114
54 115
54 116
54 117
54 118
54 119
54 120
54 121
54 122
54 125
54 126
54 127
54 129
54 131
54 133
54 134
54 135
54 136
54 137
54 138
54 141
54 142
54 143
54 146
54 149
54 150
54 151
54 153
54 154
54 155
54 157
54 158
54 161
55 56
55 61
55 63
55 65
55 66
55 67
55 68
55 70
55 71
55 72
55 73
55 74
55 75
55 76
55 77
55 79
55 80
55 83
55 84
55 86
55 87
55 89
55 91
55 92
55 93
55 94
55 97
55 101
55 102
55 103
55 105
55 106
55 107
55 108
55 109
55 110
55 112
55 114
55 115
55 116
55 117
55 118
55 119
55 126
55 128
55 129
55 130
55 131
55 133
55 134
55 135
55 136
55 137
55 138
55 140
55 142
55 145
55 149
55 150
55 151
55 152
55 153
55 154
55 155
55 157
55 158
56 57
56 58
56 59
56 61
56 62
56 63
56 64
56 65
56 66
56 67
56 68
56 69
56 70
56 73
56 75
56 76
56 77
56 79
56 80
56 81
56 82
56 83
56 84
56 85
56 86
56 87
56 88
56 89
56 90
56 91
56 92
56 93
56 95
56 96
56 97
56 98
56 101
56 102
56 103
56 104
56 105
56 106
56 107
56 108
56 109
56 110
56 111
56 113
56 114
56 116
56 117
56 118
56 119
56 122
56 125
56 126
56 127
56 128
56 129
56 131
56 132
56 133
56 134
56 137
56 138
56 139
56 141
56 143
56 145
56 147
56 148
56 149
56 151
56 152
56 153
56 154
56 157
56 158
56 159
56 161
57 61
57 65
57 67
57 68
57 69
57 70
57 74
57 75
57 79
57 80
57 85
57 88
57 89
57 94
57 95
57 97
57 101
57 102
57 104
57 106
57 113
57 114
57 115
57 118
57 125
57 129
57 131
57 134
57 136
57 139
57 141
57 142
57 145
57 146
57 149
57 156
57 157
57 159
57 161
58 61
58 63
58 64
58 65
58 68
58 69
58 70
58 72
58 73
58 74
58 77
58 79
58 82
58 83
58 84
58 85
58 89
58 91
58 92
58 94
58 95
58 98
58 99
58 101
58 102
58 103
58 104
58 106
58 109
58 110
58 111
58 112
58 113
58 114
58 116
58 117
58 118
58 127
58 129
58 130
58 131
58 133
58 134
58 136
58 137
58 142
58 147
58 149
58 150
58 152
58 154
58 157
58 158
58 159
58 160
58 161
59 61
59 62
59 64
59 65
59 66
59 67
59 70
59 72
59 73
59 74
59 77
59 79
59 82
59 83
59 84
59 86
59 89
59 94
59 100
59 101
59 102
59 103
59 104
59 105
59 107
59 108
59 111
59 112
59 113
59 114
59 116
59 117
59 121
59 124
59 125
59 129
59 133
59 138
59 139
59 142
59 143
59 145
59 146
59 147
59 152
59 154
59 157
59 158
59 159
59 161
60 64
60 65
60 66
60 70
60 74
60 78
60 79
60 82
60 85
60 89
60 93
60 101
60 102
60 117
60 118
60 124
60 133
60 139
60 142
60 151
60 152
61 63
61 64
61 65
61 67
61 68
61 70
61 71
61 76
61 79
61 80
61 83
61 85
61 89
61 91
61 93
61 94
61 100
61 101
61 102
61 106
61 108
61 109
61 112
61 113
61 115
61 117
61 122
61 125
61 126
61 127
61 130
61 131
61 133
61 134
61 135
61 137
61 138
61 143
61 145
61 147
61 151
61 152
61 154
61 157
61 158
61 161
62 65
62 67
62 68
62 70
62 71
62 72
62 80
62 81
62 82
62 86
62 87
62 89
62 91
62 94
62 96
62 97
62 102
62 106
62 108
62 111
62 113
62 114
62 115
62 116
62 117
62 118
62 119
62 121
62 126
62 128
62 131
62 133
62 134
62 136
62 137
62 139
62 142
62 146
62 150
62 154
62 158
62 161
63 64
63 65
63 67
63 68
63 69
63 71
63 73
63 74
63 75
63 76
63 77
63 78
63 79
63 83
63 85
63 86
63 89
63 90
63 91
63 92
63 95
63 100
63 101
63 102
63 105
63 106
63 108
63 109
63 111
63 112
63 113
63 114
63 115
63 118
63 119
63 123
63 125
63 126
63 127
63 129
63 130
63 133
63 136
63 137
63 138
63 139
63 140
63 141
63 142
63 146
63 148
63 149
63 151
63 152
63 154
63 155
63 156
63 157
63 161
64 65
64 66
64 67
64 68
64 69
64 70
64 71
64 72
64 73
64 74
64 79
64 80
64 81
64 82
64 85
64 86
64 87
64 88
64 89
64 91
64 92
64 93
64 94
64 96
64 97
64 98
64 101
64 102
64 106
64 107
64 108
64 110
64 111
64 113
64 114
64 115
64 116
64 117
64 118
64 120
64 122
64 123
64 125
64 126
64 128
64 129
64 130
64 131
64 132
64 133
64 134
64 136
64 137
64 139
64 140
64 141
64 145
64 146
64 147
64 149
64 150
64 151
64 152
64 153
64 154
64 155
64 156
64 157
64 158
64 159
64 160
64 161
65 66
65 67
65 68
65 69
65 70
65 71
65 72
65 74
65 75
65 76
65 77
65 79
65 82
65 83
65 84
65 85
65 86
65 87
65 89
65 91
65 92
65 93
65 94
65 97
65 98
65 99
65 100
65 101
65 102
65 103
65 104
65 105
65 107
65 108
65 109
65 112
65 113
65 114
65 115
65 117
65 118
65 119
65 124
65 126
65 127
65 129
65 130
65 131
65 133
65 134
65 137
65 138
65 139
65 140
65 142
65 146
65 147
65 148
65 149
65 150
65 151
65 152
65 154
65 155
65 157
65 158
65 161
66 67
66 68
66 69
66 70
66 71
66 72
66 73
66 74
66 75
66 77
66 79
66 80
66 81
66 82
66 84
66 86
66 87
66 89
66 90
66 92
66 93
66 94
66 98
66 100
66 101
66 102
66 103
66 106
66 108
66 109
66 112
66 113
66 114
66 115
66 116
66 117
66 118
66 120
66 121
66 126
66 128
66 130
66 131
66 134
66 137
66 138
66 140
66 141
66 142
66 145
66 146
66 147
66 149
66 150
66 151
66 152
66 153
66 154
66 155
66 157
66 158
66 160
66 161
67 68
67 69
67 70
67 72
67 73
67 74
67 76
67 77
67 79
67 80
67 82
67 83
67 84
67 85
67 86
67 87
67 89
67 90
67 92
67 93
67 94
67 99
67 100
67 101
67 102
67 103
67 105
67 106
67 107
67 108
67 109
67 112
67 113
67 114
67 115
67 116
67 117
67 118
67 119
67 121
67 122
67 123
67 125
67 129
67 130
67 131
67 133
67 134
67 135
67 136
67 137
67 138
67 140
67 141
67 142
67 143
67 145
67 146
67 147
67 150
67 151
67 152
67 153
67 154
67 156
67 157
67 158
67 159
67 161
68 69
68 71
68 72
68 73
68 74
68 75
68 76
68 77
68 79
68 80
68 82
68 83
68 84
68 85
68 86
68 87
68 89
68 91
68 92
68 93
68 94
68 96
68 97
68 98
68 99
68 101
68 102
68 103
68 104
68 106
68 108
68 110
68 111
68 112
68 113
68 114
68 115
68 117
68 118
68 119
68 121
68 125
68 126
68 127
68 128
68 129
68 130
68 133
68 134
68 135
68 136
68 137
68 138
68 139
68 140
68 141
68 142
68 143
68 144
68 146
68 147
68 149
68 150
68 151
68 152
68 153
68 155
68 157
68 160
68 161
69 70
69 71
69 72
69 73
69 74
69 75
69 76
69 77
69 79
69 80
69 82
69 84
69 85
69 87
69 88
69 89
69 93
69 94
69 97
69 98
69 101
69 102
69 103
69 105
69 106
69 107
69 108
69 109
69 111
69 112
69 113
69 114
69 117
69 118
69 122
69 123
69 126
69 128
69 129
69 131
69 132
69 133
69 134
69 135
69 137
69 138
69 139
69 140
69 141
69 142
69 143
69 146
69 147
69 149
69 150
69 151
69 152
69 153
69 154
69 156
69 158
69 160
70 71
70 72
70 73
70 75
70 77
70 78
70 79
70 82
70 83
70 84
70 85
70 86
70 87
70 88
70 89
70 91
70 93
70 94
70 95
70 97
70 101
70 102
70 104
70 105
70 106
70 107
70 108
70 109
70 110
70 112
70 114
70 115
70 116
70 117
70 119
70 124
70 125
70 126
70 127
70 128
70 129
70 130
70 131
70 133
70 134
70 135
70 137
70 138
70 140
70 141
70 142
70 144
70 145
70 146
70 147
70 149
70 150
70 151
70 152
70 153
70 154
70 155
70 157
70 158
70 160
71 72
71 73
71 74
71 76
71 77
71 79
71 82
71 83
71 84
71 85
71 87
71 88
71 89
71 91
71 92
71 93
71 94
71 97
71 100
71 101
71 102
71 103
71 104
71 105
71 106
71 107
71 108
71 109
71 110
71 111
71 112
71 114
71 115
71 116
71 117
71 118
71 120
71 123
71 125
71 126
71 127
71 128
71 129
71 130
71 131
71 133
71 134
71 135
71 136
71 137
71 138
71 139
71 140
71 141
71 142
71 145
71 146
71 147
71 150
71 151
71 152
71 154
71 157
71 160
71 161
72 73
72 74
72 75
72 76
72 77
72 78
72 79
72 80
72 84
72 85
72 86
72 87
72 88
72 89
72 90
72 92
72 93
72 95
72 96
72 97
72 98
72 99
72 100
72 101
72 102
72 103
72 104
72 105
72 106
72 108
72 109
72 111
72 112
72 113
72 114
72 115
72 116
72 117
72 118
72 121
72 124
72 125
72 127
72 129
72 130
72 131
72 133
72 134
72 135
72 136
72 137
72 138
72 139
72 140
72 141
72 142
72 143
72 145
72 146
72 147
72 148
72 149
72 150
72 151
72 152
72 153
72 154
72 156
72 157
72 158
72 159
72 160
72 161
73 74
73 75
73 77
73 79
73 80
73 83
73 85
73 88
73 89
73 91
73 94
73 95
73 97
73 99
73 101
73 103
73 105
73 106
73 107
73 108
73 109
73 112
73 113
73 115
73 118
73 119
73 120
73 125
73 128
73 129
73 131
73 133
73 135
73 136
73 137
73 139
73 140
73 141
73 142
73 143
73 146
73 147
73 150
73 151
73 152
73 153
73 154
73 155
73 156
73 157
73 158
73 159
73 161
74 75
74 76
74 77
74 79
74 80
74 82
74 83
74 84
74 86
74 87
74 88
74 89
74 91
74 92
74 93
74 94
74 95
74 96
74 97
74 99
74 100
74 101
74 102
74 103
74 104
74 105
74 106
74 108
74 109
74 112
74 114
74 115
74 116
74 117
74 118
74 120
74 121
74 124
74 125
74 127
74 128
74 129
74 130
74 133
74 134
74 135
74 136
74 137
74 138
74 139
74 140
74 141
74 142
74 143
74 144
74 145
74 147
74 149
74 150
74 151
74 152
74 153
74 154
74 157
74 158
74 159
74 160
75 76
75 79
75 83
75 84
75 87
75 89
75 90
75 91
75 93
75 95
75 97
75 98
75 99
75 101
75 103
75 105
75 106
75 107
75 108
75 110
75 111
75 112
75 113
75 114
75 116
75 118
75 120
75 122
75 125
75 128
75 130
75 131
75 134
75 135
75 136
75 137
75 138
75 139
75 141
75 142
75 146
75 147
75 148
75 149
75 150
75 151
75 153
75 154
75 157
75 158
75 159
75 161
76 77
76 80
76 85
76 89
76 92
76 93
76 94
76 98
76 99
76 102
76 103
76 105
76 106
76 107
76 108
76 109
76 112
76 115
76 116
76 118
76 119
76 125
76 126
76 127
76 129
76 130
76 131
76 132
76 133
76 134
76 135
76 136
76 137
76 139
76 141
76 142
76 143
76 149
76 152
76 153
76 157
76 158
77 78
77 81
77 83
77 84
77 85
77 86
77 88
77 89
77 93
77 94
77 97
77 102
77 104
77 105
77 106
77 107
77 108
77 109
77 110
77 112
77 114
77 115
77 116
77 117
77 118
77 119
77 121
77 122
77 125
77 128
77 131
77 133
77 134
77 138
77 139
77 141
77 142
77 143
77 147
77 148
77 149
77 150
77 151
77 152
77 154
77 157
77 158
77 159
77 160
78 79
78 114
78 126
78 130
78 139
78 151
78 157
79 80
79 82
79 83
79 84
79 85
79 87
79 88
79 89
79 92
79 93
79 94
79 95
79 97
79 98
79 100
79 101
79 102
79 103
79 104
79 105
79 106
79 107
79 108
79 111
79 112
79 113
79 114
79 115
79 116
79 117
79 118
79 120
79 122
79 125
79 126
79 127
79 129
79 130
79 131
79 133
79 134
79 135
79 137
79 138
79 139
79 140
79 141
79 142
79 144
79 145
79 146
79 147
79 148
79 150
79 152
79 153
79 154
79 157
79 158
79 159
79 161
80 88
80 89
80 91
80 94
80 95
80 97
80 99
80 100
80 102
80 104
80 105
80 106
80 109
80 110
80 111
80 112
80 113
80 114
80 115
80 116
80 117
80 121
80 123
80 124
80 125
80 126
80 128
80 129
80 131
80 133
80 135
80 137
80 138
80 141
80 146
80 147
80 150
80 151
80 153
80 154
80 158
80 160
80 161
81 89
81 91
81 97
81 101
81 102
81 105
81 106
81 109
81 113
81 115
81 116
81 117
81 118
81 121
81 124
81 125
81 127
81 128
81 131
81 133
81 136
81 138
81 142
81 154
81 159
82 83
82 84
82 86
82 94
82 95
82 97
82 98
82 101
82 102
82 108
82 109
82 113
82 114
82 115
82 126
82 129
82 130
82 131
82 133
82 135
82 137
82 139
82 142
82 149
82 150
82 151
82 154
82 158
82 159
83 84
83 85
83 86
83 88
83 93
83 95
83 96
83 97
83 98
83 100
83 102
83 104
83 106
83 107
83 110
83 113
83 114
83 115
83 118
83 124
83 125
83 126
83 127
83 129
83 130
83 133
83 135
83 136
83 137
83 140
83 142
83 146
83 149
83 151
83 152
83 153
83 154
83 160
83 161
84 86
84 87
84 88
84 89
84 91
84 92
84 94
84 95
84 101
84 102
84 104
84 106
84 109
84 110
84 111
84 112
84 113
84 114
84 117
84 125
84 127
84 129
84 130
84 131
84 133
84 134
84 135
84 137
84 138
84 141
84 142
84 145
84 146
84 147
84 148
84 149
84 150
84 152
84 154
84 155
84 157
84 158
84 160
84 161
85 86
85 87
85 89
85 90
85 94
85 99
85 102
85 103
85 105
85 106
85 107
85 108
85 113
85 115
85 118
85 125
85 128
85 130
85 133
85 134
85 135
85 137
85 139
85 141
85 142
85 150
85 151
85 158
85 161
86 88
86 91
86 93
86 94
86 95
86 102
86 103
86 104
86 106
86 107
86 108
86 113
86 114
86 115
86 117
86 118
86 121
86 126
86 130
86 131
86 133
86 134
86 136
86 137
86 138
86 139
86 141
86 142
86 146
86 151
86 152
86 155
86 157
86 158
86 159
87 89
87 92
87 93
87 94
87 97
87 100
87 101
87 102
87 103
87 105
87 106
87 107
87 108
87 109
87 112
87 114
87 117
87 118
87 119
87 126
87 127
87 129
87 130
87 133
87 135
87 137
87 138
87 139
87 140
87 141
87 142
87 143
87 146
87 147
87 150
87 151
87 152
87 153
87 154
87 156
87 157
87 159
87 161
88 89
88 91
88 92
88 94
88 97
88 99
88 102
88 103
88 105
88 107
88 108
88 109
88 112
88 113
88 114
88 115
88 116
88 117
88 118
88 129
88 130
88 137
88 138
88 142
88 143
88 144
88 147
88 148
88 151
88 154
88 161
89 90
89 91
89 93
89 94
89 95
89 97
89 98
89 101
89 102
89 103
89 104
89 105
89 106
89 107
89 108
89 109
89 112
89 113
89 114
89 115
89 117
89 119
89 121
89 124
89 125
89 128
89 129
89 130
89 131
89 132
89 133
89 134
89 135
89 136
89 137
89 138
89 139
89 140
89 141
89 142
89 143
89 144
89 145
89 146
89 147
89 149
89 150
89 151
89 152
89 153
89 154
89 155
89 157
89 158
89 159
89 161
90 93
90 97
90 99
90 101
90 103
90 105
90 107
90 109
90 113
90 114
90 115
90 117
90 118
90 133
90 134
90 136
90 137
90 145
90 146
90 147
90 154
90 157
90 158
90 159
90 160
90 161
91 93
91 94
91 95
91 97
91 98
91 101
91 105
91 106
91 108
91 110
91 112
91 113
91 114
91 117
91 118
91 125
91 128
91 129
91 133
91 134
91 137
91 138
91 142
91 146
91 148
91 149
91 152
91 157
91 160
91 161
92 93
92 94
92 97
92 98
92 99
92 101
92 103
92 105
92 106
92 109
92 110
92 114
92 115
92 117
92 118
92 120
92 122
92 124
92 126
92 127
92 131
92 133
92 135
92 136
92 137
92 138
92 139
92 140
92 142
92 145
92 152
92 153
92 154
92 157
93 94
93 95
93 100
93 101
93 102
93 104
93 106
93 109
93 111
93 112
93 113
93 114
93 116
93 118
93 125
93 126
93 128
93 129
93 130
93 133
93 134
93 136
93 137
93 138
93 141
93 142
93 146
93 147
93 149
93 151
93 152
93 153
93 154
93 155
93 158
93 160
94 96
94 97
94 98
94 99
94 100
94 101
94 102
94 103
94 105
94 106
94 107
94 108
94 109
94 110
94 111
94 112
94 113
94 114
94 115
94 116
94 117
94 118
94 120
94 122
94 123
94 124
94 125
94 127
94 129
94 131
94 132
94 133
94 134
94 135
94 137
94 138
94 139
94 140
94 142
94 143
94 145
94 146
94 147
94 149
94 150
94 151
94 152
94 153
94 154
94 155
94 157
94 158
94 159
94 161
95 99
95 101
95 102
95 105
95 108
95 109
95 110
95 114
95 115
95 129
95 130
95 131
95 133
95 134
95 137
95 138
95 141
95 142
95 146
95 149
95 150
95 154
95 155
95 157
95 160
96 101
96 106
96 107
96 108
96 113
96 115
96 117
96 129
96 131
96 133
96 138
96 139
96 142
96 145
96 147
96 150
96 151
96 157
96 161
97 98
97 100
97 101
97 102
97 103
97 104
97 105
97 106
97 107
97 108
97 109
97 110
97 111
97 114
97 115
97 117
97 128
97 129
97 130
97 131
97 132
97 134
97 137
97 138
97 140
97 142
97 143
97 145
97 146
97 147
97 148
97 149
97 150
97 151
97 152
97 154
97 156
97 159
97 160
97 161
98 100
98 101
98 105
98 106
98 110
98 111
98 113
98 115
98 117
98 122
98 126
98 129
98 131
98 133
98 134
98 135
98 136
98 137
98 141
98 146
98 147
98 149
98 152
98 153
98 155
98 156
98 157
98 159
98 160
99 100
99 101
99 102
99 103
99 106
99 108
99 109
99 112
99 114
99 115
99 118
99 121
99 125
99 128
99 130
99 133
99 134
99 135
99 137
99 138
99 139
99 142
99 143
99 150
99 151
99 152
99 153
99 154
99 155
99 157
99 158
99 160
99 161
100 101
100 103
100 108
100 109
100 112
100 115
100 116
100 117
100 118
100 125
100 127
100 129
100 131
100 133
100 134
100 137
100 138
100 139
100 141
100 142
100 145
100 146
100 147
100 150
100 153
100 154
100 155
100 156
100 157
101 102
101 103
101 104
101 105
101 106
101 108
101 109
101 110
101 111
101 112
101 113
101 114
101 115
101 116
101 120
101 121
101 122
101 124
101 125
101 126
101 128
101 129
101 130
101 131
101 133
101 134
101 135
101 138
101 139
101 140
101 141
101 142
101 143
101 145
101 146
101 147
101 148
101 150
101 151
101 152
101 153
101 154
101 155
101 156
101 157
101 158
101 159
101 160
102 103
102 104
102 105
102 106
102 108
102 109
102 111
102 112
102 114
102 115
102 116
102 118
102 119
102 120
102 121
102 122
102 125
102 126
102 128
102 129
102 130
102 131
102 132
102 133
102 136
102 137
102 138
102 139
102 142
102 143
102 145
102 147
102 148
102 149
102 151
102 153
102 154
102 157
102 158
102 159
102 161
103 104
103 106
103 108
103 109
103 110
103 113
103 114
103 115
103 117
103 125
103 126
103 128
103 129
103 131
103 134
103 137
103 138
103 139
103 140
103 142
103 145
103 146
103 151
103 152
103 153
103 154
103 155
103 157
103 158
103 159
103 161
104 110
104 111
104 112
104 113
104 115
104 117
104 118
104 122
104 125
104 127
104 129
104 131
104 133
104 137
104 142
104 145
104 146
104 147
104 150
104 151
104 154
104 158
105 106
105 107
105 108
105 109
105 110
105 112
105 113
105 114
105 115
105 117
105 118
105 119
105 125
105 126
105 129
105 130
105 131
105 133
105 134
105 137
105 138
105 141
105 142
105 148
105 150
105 151
105 152
105 153
105 158
105 160
105 161
106 107
106 108
106 109
106 111
106 112
106 113
106 114
106 116
106 117
106 118
106 121
106 122
106 124
106 125
106 126
106 127
106 129
106 130
106 131
106 133
106 134
106 135
106 136
106 137
106 139
106 140
106 141
106 142
106 143
106 145
106 146
106 147
106 148
106 149
106 150
106 151
106 152
106 153
106 154
106 158
106 161
107 111
107 113
107 114
107 115
107 118
107 119
107 120
107 125
107 128
107 129
107 131
107 133
107 134
107 137
107 138
107 139
107 141
107 142
107 146
107 147
107 151
107 153
107 154
107 157
107 158
107 160
107 161
108 109
108 110
108 111
108 112
108 113
108 114
108 115
108 117
108 118
108 120
108 121
108 122
108 125
108 126
108 127
108 128
108 129
108 131
108 133
108 134
108 135
108 136
108 137
108 138
108 139
108 140
108 142
108 143
108 144
108 145
108 147
108 150
108 151
108 152
108 153
108 154
108 155
108 156
108 157
108 158
108 159
108 160
108 161
109 110
109 112
109 113
109 115
109 118
109 121
109 125
109 126
109 128
109 129
109 131
109 132
109 133
109 134
109 137
109 138
109 141
109 142
109 143
109 145
109 147
109 149
109 150
109 151
109 154
109 155
109 157
109 158
109 159
109 161
110 113
110 114
110 115
110 118
110 124
110 126
110 128
110 133
110 137
110 140
110 141
110 142
110 143
110 145
110 146
110 150
110 151
110 159
110 161
111 113
111 114
111 115
111 116
111 118
111 119
111 126
111 129
111 133
111 137
111 138
111 139
111 141
111 147
111 150
111 151
111 152
111 153
111 157
111 158
112 114
112 115
112 116
112 117
112 118
112 125
112 126
112 127
112 128
112 129
112 131
112 133
112 134
112 137
112 138
112 139
112 141
112 143
112 145
112 147
112 149
112 150
112 151
112 152
112 153
112 154
112 155
112 156
112 157
112 158
112 160
112 161
113 114
113 115
113 118
113 119
113 122
113 125
113 127
113 128
113 129
113 130
113 131
113 133
113 134
113 136
113 137
113 138
113 142
113 145
113 146
113 147
113 148
113 149
113 150
113 151
113 152
113 153
113 154
113 155
113 157
113 158
113 159
113 160
114 115
114 117
114 118
114 119
114 122
114 124
114 128
114 129
114 130
114 131
114 133
114 134
114 135
114 136
114 138
114 139
114 141
114 142
114 143
114 145
114 146
114 147
114 149
114 150
114 151
114 152
114 154
114 156
114 157
114 158
114 159
114 161
115 117
115 118
115 120
115 124
115 125
115 126
115 127
115 128
115 129
115 131
115 133
115 135
115 136
115 137
115 138
115 139
115 140
115 142
115 143
115 145
115 146
115 147
115 148
115 150
115 151
115 152
115 153
115 154
115 157
115 158
115 159
115 160
116 117
116 118
116 121
116 125
116 127
116 128
116 129
116 130
116 131
116 134
116 135
116 138
116 139
116 141
116 146
116 148
116 149
116 151
116 152
116 153
116 154
116 155
116 157
116 158
116 161
117 118
117 119
117 120
117 121
117 122
117 125
117 126
117 127
117 128
117 129
117 130
117 131
117 133
117 134
117 135
117 136
117 137
117 138
117 142
117 145
117 147
117 148
117 150
117 151
117 153
117 154
117 155
117 157
117 158
117 160
117 161
118 119
118 120
118 126
118 127
118 129
118 130
118 131
118 133
118 134
118 136
118 137
118 138
118 139
118 141
118 142
118 145
118 146
118 147
118 150
118 151
118 152
118 153
118 154
118 155
118 157
118 158
119 124
119 131
119 134
119 145
119 146
119 149
119 151
119 154
119 155
119 157
119 158
119 161
120 125
120 128
120 131
120 135
120 138
120 141
120 145
120 147
120 151
120 154
120 157
120 158
121 122
121 129
121 131
121 133
121 134
121 136
121 138
121 142
121 147
121 150
121 151
121 157
121 158
122 129
122 130
122 131
122 134
122 139
122 141
122 142
122 147
122 150
122 154
122 161
123 129
123 130
123 133
123 147
123 154
123 159
123 161
124 126
124 134
124 147
124 151
124 152
124 154
124 161
125 126
125 127
125 128
125 129
125 131
125 133
125 134
125 135
125 136
125 138
125 139
125 140
125 141
125 143
125 144
125 145
125 148
125 149
125 150
125 151
125 152
125 153
125 154
125 157
125 158
125 159
125 160
125 161
126 131
126 133
126 134
126 135
126 136
126 137
126 138
126 139
126 141
126 142
126 147
126 149
126 150
126 151
126 152
126 153
126 158
126 161
127 129
127 134
127 135
127 137
127 139
127 142
127 143
127 144
127 149
127 152
127 154
127 159
128 129
128 137
128 138
128 142
128 149
128 151
128 152
128 153
128 154
128 156
128 158
128 159
128 160
129 130
129 133
129 134
129 136
129 137
129 138
129 141
129 142
129 144
129 146
129 147
129 149
129 150
129 152
129 153
129 156
129 157
129 158
129 160
130 131
130 133
130 134
130 136
130 137
130 138
130 140
130 145
130 146
130 147
130 149
130 150
130 151
130 152
130 154
130 155
130 157
130 158
130 159
131 132
131 133
131 134
131 135
131 137
131 138
131 139
131 140
131 142
131 143
131 145
131 146
131 147
131 148
131 149
131 151
131 153
131 154
131 155
131 157
131 158
131 159
131 160
131 161
132 138
132 141
132 146
132 147
132 154
132 158
132 159
133 134
133 136
133 137
133 138
133 139
133 141
133 142
133 143
133 144
133 145
133 146
133 147
133 148
133 149
133 150
133 151
133 152
133 153
133 154
133 158
133 159
133 160
133 161
134 136
134 137
134 138
134 142
134 143
134 145
134 146
134 148
134 149
134 150
134 151
134 152
134 153
134 154
134 157
134 158
134 161
135 136
135 137
135 138
135 139
135 140
135 141
135 142
135 144
135 146
135 147
135 150
135 152
135 154
135 161
136 137
136 142
136 147
136 150
136 151
136 152
136 153
136 158
137 138
137 139
137 142
137 143
137 145
137 146
137 147
137 149
137 150
137 151
137 152
137 153
137 154
137 156
137 157
137 159
137 161
138 139
138 141
138 142
138 143
138 144
138 145
138 146
138 147
138 148
138 150
138 151
138 152
138 154
138 155
138 157
138 158
138 159
138 160
139 140
139 141
139 142
139 143
139 145
139 147
139 150
139 151
139 152
139 153
139 154
139 156
139 157
139 158
139 159
139 160
140 142
140 145
140 146
140 147
140 151
140 152
140 154
140 157
140 158
141 142
141 147
141 149
141 151
141 152
141 153
141 154
141 158
141 160
142 143
142 144
142 145
142 146
142 147
142 148
142 149
142 150
142 151
142 152
142 153
142 154
142 155
142 156
142 157
142 158
142 159
142 160
142 161
143 145
143 146
143 150
143 152
143 154
143 155
143 157
143 159
143 161
144 145
144 146
144 151
144 152
144 157
145 146
145 149
145 150
145 151
145 152
145 153
145 154
145 158
145 160
145 161
146 147
146 152
146 156
146 157
146 161
147 150
147 151
147 152
147 154
147 157
147 158
147 159
147 160
147 161
148 150
148 151
148 152
148 154
148 158
149 151
149 155
149 157
149 158
150 151
150 152
150 153
150 154
150 156
150 157
150 158
150 160
151 152
151 154
151 157
151 158
151 159
151 160
151 161
152 153
152 154
152 155
152 156
152 157
152 158
152 159
152 160
152 161
153 154
153 157
153 158
153 160
154 155
154 157
154 158
154 159
155 157
155 159
156 158
156 159
157 158
157 160
157 161
158 159
158 160
159 160
159 161
